0 0 0.20034391875000002 0.010524045312499999 0.1955248734375 0.0106991875 0.1925177984375 0.010160312500000001 0.189909946875 0 0.1881471453125 0 0.20034391875000002
0 0 0.11301422812499999 0.0298054640625 0.106328659375 0.029817985937500003 0.10611367187500001 0.013739234375000001 0.10361638437500001 0 0.09051840625 0 0.11301422812499999
0 0 0.029534178124999998 0.023573528125 0.0252189921875 0.0243249828125 0.0123170203125 0.0236944390625 0.0022545859375000003 0 0.0015651484375 0 0.029534178124999998
0 0.1453125 0.0042281625 0.131111678125 0.0038149609374999996 0.1292785265625 0.013547476562499999 0.12901594375 0.0541112703125 0.1421138453125 0.059146934375 0.1453125 0.0042281625
0 0.11805526250000001 0.086148196875 0.11643762499999999 0.09589423281250001 0.1232057328125 0.10588426875000001 0.13018673281249998 0.102692225 0.13147824218749998 0.08051787656250001 0.12381875625000001 0.080295009375 0.11805526250000001 0.086148196875
0 0.110154578125 0.084592865625 0.0884157578125 0.09108552812500001 0.08646964375 0.1004788515625 0.1014664625 0.10721517968750001 0.14622025156250001 0.10746739062499999 0.1776251703125 0.0943822984375 0.177685775 0.09334177187500001 0.14762538593750002 0.0856831546875 0.110154578125 0.084592865625
0 0.14563731093750001 0.18422963125 0.10548237187500001 0.1830612421875 0.0827412453125 0.19076504375 0.07952058749999999 0.19802129375 0.09166305625 0.20572456562500002 0.139149090625 0.2071062671875 0.1564583328125 0.198159965625 0.15956605625 0.1894648890625 0.15960799375 0.188744871875 0.14563731093750001 0.18422963125
0 0.160509853125 0.3076232921875 0.1607087484375 0.3042083921875 0.15662224687499998 0.29915779531250003 0.138114271875 0.2935710921875 0.1360877109375 0.293512125 0.0838133921875 0.30018925625000004 0.07367054687499999 0.3061940984375 0.070266734375 0.3165950015625 0.07281582187499999 0.32086915 0.08939244375 0.3245014640625 0.132688534375 0.3257612515625 0.1557064703125 0.31488106562499996 0.160509853125 0.3076232921875
0 0.100307321875 0.42948745 0.09746653749999999 0.44949587500000004 0.097104728125 0.45570790937499994 0.104716409375 0.47998028281250005 0.126810334375 0.479224134375 0.13578404375 0.4333177484375 0.1353145171875 0.4053237875 0.12823030156249998 0.38273341875 0.122935528125 0.38077772187500003 0.119617509375 0.380681178125 0.100307321875 0.42948745
0 0.0724985765625 0.5264340671875 0.057209970312500004 0.5316132484375 0.060606242187500006 0.545361996875 0.074267465625 0.5510094718749999 0.0896305921875 0.5514564921875 0.1431916328125 0.544615003125 0.1354833140625 0.5328407765625001 0.11993048125000001 0.5278141953125 0.0724985765625 0.5264340671875
0 0.098152490625 0.6899559109375 0.1059206109375 0.680560775 0.10805349375 0.6439406078125 0.109212475 0.605174865625 0.1043781140625 0.5980391234375 0.0929290609375 0.596306978125 0.0897751328125 0.6144024015625 0.07419600625 0.647525453125 0.0886898203125 0.6871196 0.0971756140625 0.6899274859375 0.098152490625 0.6899559109375
0 0.09471483593749999 0.71176795625 0.089138990625 0.711605715625 0.078914878125 0.7218063375 0.08083935 0.7428475578125 0.07211895 0.7663770750000001 0.08515781875 0.8129239593750001 0.10818545937499999 0.776037584375 0.1090071796875 0.7619292046874999 0.09827087500000001 0.7139754484374999 0.09471483593749999 0.71176795625
0 0.1190367890625 0.8315804390625001 0.11490461249999999 0.8168291609375 0.10419613125 0.809083009375 0.1023474625 0.8090292187499999 0.088527196875 0.83704688125 0.0870537046875 0.8803734703125 0.0809898875 0.9123743765624999 0.088968903125 0.9196016171875 0.0932523953125 0.9001400421874999 0.11156944687499999 0.8740917296875 0.11887248749999998 0.8344013859375 0.1190367890625 0.8315804390625001
0 0.1656230453125 0.97226466875 0.1597741421875 0.9580652453124999 0.0871966515625 0.9447562484375001 0.0748510515625 0.9443970281249999 0.05375099531250001 0.952880296875 0.048523171875 0.9705780890625 0.0538045046875 0.9759817328124999 0.1146465015625 0.9882519984375 0.15089829999999999 0.9903568125 0.15727856406250001 0.9768925312500001 0.1655747640625 0.9730936359375001 0.1656230453125 0.97226466875
0 0.313916978125 1 0.3154101484375 0.9802845109374999 0.3172912953125 0.9479864875 0.3166766078125 0.9306593078125 0.310396571875 0.9122893828124999 0.3040168984375 0.904110634375 0.29438370625 0.9038303375 0.28983893906249997 0.9046961421875 0.2770698125 0.9616842109375 0.2771326125 0.9966614125 0.278539609375 1 0.2953754875 1 0.29591918906250003 0.9986070625 0.3065640625 0.9961187656250001 0.3080187015625 1 0.313916978125 1
0 0.336367165625 0.8623194109375 0.33640515625 0.8616671421875 0.315715425 0.8458596953124999 0.29995913125 0.8398214984375001 0.29158791562499997 0.8395779203125 0.23325213906250003 0.844510253125 0.22450594062499998 0.8505557312500001 0.2254141734375 0.8589821140625 0.25395011093750003 0.8734623515625 0.28641531875 0.8754258171875 0.287482040625 0.8754568562499999 0.31461649375 0.8647276203125 0.336367165625 0.8623194109375
0 0.327624840625 0.7397154578125 0.30475070937500004 0.7288354125 0.295169115625 0.728556615625 0.27066752968749996 0.732808196875 0.2471687203125 0.7279244734375 0.23095086718750002 0.7421525046874999 0.2396895234375 0.7602566796875 0.305637240625 0.7569255890625 0.3273969609375 0.7476063453124999 0.327785378125 0.74093746875 0.327624840625 0.7397154578125
0 0.2992774625 0.6647913078125 0.2968834640625 0.6157561265625 0.2870034375 0.5968465890625 0.28450945625 0.5967740218750001 0.27786212187500003 0.5998134984375 0.26510226718749996 0.63861464375 0.2561285578125 0.6845210265625 0.263814446875 0.6900807375 0.2652429515625 0.6901223015625 0.2812044453125 0.6866496765625001 0.2871776453125 0.67423234375 0.2992774625 0.6647913078125
0 0.2817465875 0.5262619703125 0.253250221875 0.5296803671875 0.2362790515625 0.5384519390625 0.236232546875 0.5392503843750001 0.2409170546875 0.5492714046875 0.2630192171875 0.5541144874999999 0.3021253625 0.5552523609375 0.32951639843749997 0.5413494375 0.3318966671875 0.5359866171875 0.3320151515625 0.5339523140625 0.294508765625 0.5266333125 0.2817465875 0.5262619703125
0 0.2900016828125 0.393464590625 0.27216761875 0.41244848593750005 0.27174234531249997 0.45580557656250004 0.2772181984375 0.46995505625 0.286408125 0.47441950000000005 0.303050025 0.440068159375 0.30419990937499997 0.42032539375000005 0.298845171875 0.393721909375 0.2900016828125 0.393464590625
0 0.299312084375 0.25913276875 0.29600845 0.25903664375 0.28641666250000003 0.2608639359375 0.28043419062499997 0.29146819218750003 0.2780751703125 0.3319709859375 0.2849966953125 0.357354653125 0.29969029375 0.3214078046875 0.3015573984375 0.304460259375 0.30317988281249997 0.276603275 0.299312084375 0.25913276875
0 0.31056704687500003 0.17664310625 0.301637384375 0.148167925 0.2919593859375 0.15208336875 0.2834830234375 0.1714229390625 0.2816028046875 0.22173276875 0.2947322921875 0.248696084375 0.3061185453125 0.21545103124999998 0.3097722546875 0.19028916875 0.31056704687500003 0.17664310625
0 0.2983789140625 0.0479782578125 0.29650483437499997 0.047756109375 0.282686846875 0.047354046875 0.2802873515625 0.10621047343750001 0.28542855 0.144133471875 0.29244069375000004 0.149933565625 0.301070475 0.145987621875 0.3099535640625 0.11966480937499999 0.314089103125 0.08929919375 0.31474966718749997 0.07795775 0.2983789140625 0.0479782578125
0 0.48342244843750004 1 0.48716878750000003 0.9931057609374999 0.4935579875 0.9555182656250001 0.49896176875 0.9528774671875 0.5004883999999999 0.9467023781250001 0.501277025 0.9331622015625 0.4887421703125 0.9120086765625001 0.47366424374999994 0.9074817203125001 0.4732022578125 0.9074682781250001 0.4568796296875 0.9362638390625 0.45443926562500003 0.9781632828125 0.45826288281250005 1 0.48342244843750004 1
0 0.732680078125 0.964135628125 0.732717159375 0.9634989453125 0.719740309375 0.9550337765625001 0.6922347109375 0.946883484375 0.6816109921875 0.937124415625 0.6800900921874999 0.9369653187500001 0.6645414625 0.9365129 0.64638953125 0.9413495484375 0.6169988703125 0.9415443609375 0.61310664375 0.960331009375 0.626584709375 0.9691231359374999 0.6764977296875 0.9768754218750001 0.693623815625 0.971073775 0.7245332296875 0.9688231640625 0.732680078125 0.964135628125
0 0.9006356171875 1 0.9062551265625001 0.99561530625 0.9086440421875001 0.979549515625 0.9121714000000001 0.9189871249999999 0.9123467625 0.9090536281249999 0.9099581578124999 0.8982645046875 0.8914099203125 0.89772480625 0.8912197125000001 0.911236921875 0.871763821875 0.9568383078125 0.87941745625 0.9696521406249999 0.8764262203125 0.9849542687499999 0.881513159375 1 0.9006356171875 1
0 0.9119275515625 0.8624467703124999 0.9103284609375001 0.8358189578124999 0.9150501296875 0.8158161453125 0.9153758765625 0.8102232765625 0.9098682109375 0.789638071875 0.9117887671875 0.77310593125 0.9006281609375 0.7727811906250001 0.8916510499999999 0.7779158875000001 0.88575919375 0.788936571875 0.8787285015625 0.819510328125 0.8767762109374999 0.85302988125 0.8852725296875 0.8850250421875 0.8889514515625001 0.8851320875 0.8969991890625 0.8843966390625001 0.9119275515625 0.8624467703124999
0 0.4893957015625 0.8312472078124999 0.47982519687499997 0.830968734375 0.46071797812500004 0.8326653374999999 0.42476389843750006 0.8494690874999999 0.4270687796875 0.857936109375 0.45445227499999996 0.8681828375 0.49507717187500005 0.8672649109374999 0.5294716671875 0.8521671734374999 0.5295502859375001 0.8508173546875 0.4893957015625 0.8312472078124999
0 0.511512353125 0.7526243578125 0.5309853265625 0.7455610015625 0.531062384375 0.7442379640625 0.5150993234375 0.7390787999999999 0.5148124843749999 0.720861253125 0.5028179171875 0.720512246875 0.4601491765625 0.7217299984375 0.4358566953125 0.730473109375 0.42267634374999996 0.74058954375 0.422126878125 0.75002350625 0.4521815671875 0.7624479484375 0.46608699375 0.7639025484374999 0.484792884375 0.7549968828125 0.511512353125 0.7526243578125
0 0.7176699 0.8389540671875 0.7230121046875 0.8345302203125 0.7231862640625 0.8315400328125 0.71293803125 0.8241164609375 0.6895613265625 0.817136303125 0.6405014125 0.8090364187500001 0.6340052015625 0.8088473984375 0.6097081828124999 0.819012790625 0.603694228125 0.8261877640625 0.6059380578125 0.835703003125 0.6221483671875 0.8456246249999999 0.6495318625000001 0.8558713515624999 0.6648949921875 0.8563183734375001 0.6907672765624999 0.844471246875 0.7176699 0.8389540671875
0 0.668048240625 0.7033211968749999 0.6682154859375 0.700449721875 0.6599637140625 0.68826973125 0.652297240625 0.6857329515624999 0.6504935140625 0.68568046875 0.6311552078125 0.73219996875 0.6274318625 0.7600719296875 0.6319315703124999 0.7909811875 0.642862834375 0.795018796875 0.644466175 0.79506545 0.6600893125 0.758224134375 0.660708675 0.7295623484375 0.668048240625 0.7033211968749999
0 0.67053005625 0.6116283250000001 0.667313328125 0.5947465484375 0.653546215625 0.571513490625 0.6528701578125 0.5714938187499999 0.650704534375 0.591465253125 0.6350440609375 0.6259849515625 0.6359923875 0.6637859515625 0.650332784375 0.6879864671875 0.6567034375 0.6867728203125 0.6683367390625 0.6714953343750001 0.669716925 0.647798453125 0.67053005625 0.6116283250000001
0 0.48293420625000005 0.6232718562499999 0.4529028390625 0.62045554375 0.43072272656250005 0.6198101687500001 0.4128575953125 0.625432815625 0.4122470765625 0.6359149953125 0.429976140625 0.64378081875 0.482865609375 0.648469728125 0.5247093671874999 0.6383346296875 0.5247224875 0.6381093765625 0.4989613609375 0.6363381328125 0.48293420625000005 0.6232718562499999
0 0.44944862343749997 0.5331389468750001 0.4478630953125 0.5192767796875 0.43610720625 0.486757375 0.42482084374999995 0.48223192968750006 0.41683255468749997 0.4931916125 0.41390411718750003 0.5434709421874999 0.4391241484375 0.5791801453125001 0.44897451562499996 0.5412790515625 0.44944862343749997 0.5331389468750001
0 0.6601142703125 0.5040866265624999 0.6494879453125 0.47020107187500004 0.6440891 0.46793855000000006 0.6419845453125 0.4678773140625 0.6363399109375 0.479611609375 0.6305922015625 0.524212846875 0.6372696906249999 0.5537864546875 0.6449233249999999 0.5666002875 0.6510684890625 0.533202734375 0.6660470421875 0.5227000453125 0.666643615625 0.5124572546875 0.6601142703125 0.5040866265624999
0 0.9141483484374999 0.508828496875 0.9027423984375 0.47546459218750003 0.9012062125 0.47541989375 0.8969362171874999 0.47856291406249996 0.8807876718750001 0.521462503125 0.8835163250000001 0.5467241671874999 0.8915674156250001 0.570741684375 0.9041460328125 0.5711076859374999 0.9092337046875001 0.5558665578124999 0.9132023625000001 0.525070446875 0.9141483484374999 0.508828496875
0 0.9411367453124999 0.6296709453125 0.9604601171875 0.62735293125 0.960506753125 0.6265522328124999 0.9114818890624999 0.6103216125 0.8880609749999999 0.6096401328125001 0.8524838906250001 0.6144914765625 0.83936459375 0.6235596937500001 0.8372963765625 0.6350494546875 0.8504691828125001 0.649082671875 0.858849071875 0.6493265015625 0.8790737140625 0.6383650390625 0.9025725234375 0.6432487625000001 0.9411367453124999 0.6296709453125
0 0.9012311703125 0.7227629171875 0.915120940625 0.707110165625 0.9154245968750001 0.70189658125 0.8956088484375 0.6615096375 0.8930750375000001 0.6614359109375 0.8815868859375 0.6634326984375 0.8711767765625 0.6799179750000001 0.8722970671875 0.6967387515625 0.8659984859375 0.7147426765625 0.8780890296875 0.7234885640625001 0.8868629546875001 0.7531231734375 0.8973358609375 0.7716151 0.9012311703125 0.7227629171875
0 0.6700348265625 0.39669668593749996 0.6549510125 0.3962577921875 0.626225359375 0.3968575 0.596102078125 0.4096309296875 0.5983459078125 0.41914616718750003 0.6300414515625 0.42741837499999996 0.706918146875 0.428605265625 0.7097984703125 0.4164582859375 0.7100162906249999 0.4127184546875 0.6700348265625 0.39669668593749996
0 0.481707615625 0.4084335515625 0.45761316875 0.407732475 0.4400481328125 0.4141037703125 0.419220515625 0.41139775937499995 0.4033689734375 0.4193364828125 0.41222973281249997 0.4353442203125 0.46815670625 0.4359215359375 0.4996421296875 0.42378121406249997 0.499733871875 0.422206040625 0.481707615625 0.4084335515625
0 0.46191293906249997 0.2570738359375 0.4557657046875 0.255859365625 0.45334537968750005 0.255788940625 0.4444906890625 0.2677590203125 0.43511025 0.32064864531250004 0.4322724328125 0.3513444015625 0.44025145 0.3585716421875 0.4654993 0.3397200703125 0.469200809375 0.3014972296875 0.47024135468750006 0.283631746875 0.46191293906249997 0.2570738359375
0 0.45698605625 0.1541602546875 0.450221803125 0.15396343437499999 0.4434690234375 0.157263478125 0.42940764062500003 0.21841099375 0.4403593484375 0.24670995312500002 0.45455560000000006 0.23732991874999998 0.466389471875 0.21540325781249997 0.46737217031249995 0.19853096718750002 0.46330382031250006 0.1592396265625 0.45698605625 0.1541602546875
0 0.47936231874999996 0.073285728125 0.4794399625 0.07195263125 0.4659889171875 0.0448618515625 0.4638366546875 0.044799228125 0.4567515453125 0.0491445734375 0.4518265640625 0.061592404687500005 0.43988943750000004 0.0682401453125 0.43722358437500003 0.07795568124999999 0.45082259843749994 0.13291295625 0.4644494328125 0.13330945624999999 0.4717962328125 0.11533603125 0.47936231874999996 0.073285728125
0 0.6557217078125 0.0895112125 0.62420368125 0.0898065484375 0.6138776796875 0.09895604062499999 0.618792703125 0.110648990625 0.6748417796874999 0.10912987031250002 0.7066732890625 0.09389985468749999 0.7067184015625 0.0931252890625 0.6870076671875001 0.09042154062499999 0.6557217078125 0.0895112125
0 0.6656427921875 0.18029755625 0.6596591375 0.153796846875 0.6467390734375 0.15342091093750002 0.643157053125 0.15691774687499999 0.6387108687499999 0.179172615625 0.631689453125 0.1915594484375 0.626583234375 0.243174425 0.6444029390625 0.243692925 0.6597380296875001 0.21475981718749998 0.66544071875 0.1837670171875 0.6656427921875 0.18029755625
0 0.6744087828125 0.340319203125 0.6811511 0.34399104375 0.682031940625 0.3288675734375 0.6810420203125 0.29854176093749996 0.6732442390625 0.252147375 0.6698656671875 0.2511330015625 0.6616066953125 0.250892690625 0.6560660265625 0.258642615625 0.6462160609375001 0.28353828124999997 0.6383904625000001 0.29170466875 0.6501556234375 0.30603715 0.6585228203125 0.34265499843749997 0.6654536203125 0.3498517390625 0.6648842015625 0.359628275 0.6744087828125 0.340319203125
0 0.9061447609375 0.40043648750000005 0.8560335703125 0.41167677031250005 0.8474052171875 0.4186263765625 0.8473863046875 0.4189510796875 0.857727934375 0.43062597187499996 0.89494901875 0.44010895000000005 0.914502090625 0.44067788593749996 0.9610876890625001 0.428470065625 0.9611091593750001 0.42810143125 0.94293100625 0.40895525624999995 0.9136416781250001 0.40065462500000004 0.9061447609375 0.40043648750000005
0 0.9032458453125001 0.23782786250000001 0.8881455171875 0.28075795000000003 0.8856330796874999 0.305867115625 0.8952019124999999 0.35790909375 0.9076991859374999 0.35967174375 0.9156449296875 0.3487704328125 0.9191523171875 0.2885509171875 0.9032458453125001 0.23782786250000001
0 0.9492636203125 0.18380578281249998 0.9538080203125 0.1748768890625 0.9477740328125 0.17470131875 0.9035405437499999 0.1761754109375 0.8608474296875 0.1885830953125 0.8561080203125 0.19789514375 0.8751726796874999 0.20684982343749997 0.9252078031250001 0.212505675 0.9619286499999999 0.199050903125 0.9619656328125 0.1984159265625 0.9492636203125 0.18380578281249998
0 0.9370084890625 0.035089903125 0.9258699796875 0.0347658046875 0.914038278125 0.0617608765625 0.90668220625 0.09792122656249999 0.9227123109375001 0.129165984375 0.937947509375 0.1380033734375 0.9494494625 0.11771220468750002 0.949623596875 0.11472241875 0.9490361999999999 0.0557841390625 0.9370084890625 0.035089903125