0 0.9874391265625 0.0380541921875 0.968234015625 0.0481026546875 0.9419550890625 0.050911403125 0.941952575 0.051343387500000004 0.960979034375 0.0566768296875 0.99048920625 0.07715482812499999 0.9996182046875 0.077261053125 0.999830025 0.04085218125 0.9904239296874999 0.0380889234375 0.9874391265625 0.0380541921875
0 0.9858513656250001 0.175545025 0.9945950109374999 0.146799440625 0.9746443062499999 0.14656729375 0.9741448937499999 0.1583253171875 0.9740613375 0.17268744062500002 0.981536890625 0.175494821875 0.9858513656250001 0.175545025
0 0.9631340671874999 0.287799584375 0.9687207203125 0.29410373125 0.9702536593750001 0.29412156875 0.9925057421875 0.2622029984375 0.994917315625 0.2535849421875 0.961351134375 0.2531943640625 0.9610800968750001 0.2552603640625 0.9609894000000001 0.270849834375 0.9631340671874999 0.287799584375
0 0.964807675 0.3684510859375 0.9432284781250001 0.3692127640625 0.9432151265625001 0.37150768749999996 0.9474599421875001 0.377990146875 0.9733020968749999 0.3945257109375 0.9948844484375 0.40018846718749995 0.997739275 0.4002216859375 0.9979470703125 0.36450469375 0.97637283125 0.3620917125 0.964807675 0.3684510859375
0 0.9756423312500001 0.5473264078125 0.980778334375 0.5324988984375 0.9745614687499999 0.48487290625 0.9500443687500001 0.5406061640625001 0.9500070062500001 0.5470281140625 0.9756423312500001 0.5473264078125
0 0.9656558609375001 0.6495825296875 0.974389728125 0.6566942359375 0.9770992078124999 0.6567257640624999 0.9917975484375001 0.6210663203125 0.9907739796874999 0.6109672734375 0.9612238203125001 0.6106234265625 0.954101846875 0.648952175 0.954090825 0.650846871875 0.9656558609375001 0.6495825296875
0 0.93478645 0.7459176109375 0.93455368125 0.78592698125 0.9680732703125001 0.7863170171875 0.968630384375 0.7855352578125 0.9708787187500001 0.7711512218750001 0.966708990625 0.743723328125 0.949644465625 0.700294171875 0.93478645 0.7459176109375
0 0.8148717624999999 0.7380620546875 0.78172425625 0.7387586734375 0.7716692828125 0.73323005 0.7660566234374999 0.740486496875 0.7660449890625001 0.7424861203125 0.7672268843750001 0.753742521875 0.78157314375 0.7647326984375 0.7959697718750001 0.7670648671875 0.8406635453125 0.763255628125 0.84075169375 0.7481041125 0.8148717624999999 0.7380620546875
0 0.7995644859375 0.6213457109375 0.7992355328125 0.6778877734375001 0.8011426546875 0.6874930453125 0.8024114375 0.687507809375 0.829843553125 0.6446753984375 0.8247340859375001 0.592739234375 0.8204386156249999 0.5869251734375001 0.8041797 0.59105904375 0.799708184375 0.615504346875 0.7995644859375 0.6213457109375
0 0.7642980781250001 0.505576565625 0.7977317375 0.5238092953125 0.8149976171875 0.5283395015625 0.84576840625 0.5301891296875 0.8605536015625 0.5303611703125 0.8697841421874999 0.5235653765625 0.858326025 0.5115264828125 0.8050874609375 0.497919103125 0.7892373171875 0.49773466875 0.7643030859375 0.50471565 0.7642980781250001 0.505576565625
0 0.850944415625 0.33961145312499996 0.8491302609375 0.33959034374999997 0.838912778125 0.3419415390625 0.8256323578125 0.392222696875 0.8114457296875001 0.4122318984375 0.810101884375 0.421655475 0.810061190625 0.42864991249999995 0.8156573734375 0.4324551796875 0.8222179437499999 0.42100336250000003 0.8406497453125 0.41545375625 0.8493831999999999 0.4025862015625 0.8593078859375 0.3709992515625 0.850944415625 0.33961145312499996
0 0.815489384375 0.3013899875 0.81652130625 0.3146947 0.8196529390625 0.31893346875 0.833860596875 0.319098790625 0.8447939625 0.2919673640625 0.8494415203125 0.23726269531250002 0.8387028421875 0.2227275421875 0.8211772453125 0.25854910625 0.815591559375 0.283827765625 0.815489384375 0.3013899875
0 0.8277417578125 0.1505908640625 0.7866680171875 0.15216911875 0.786657921875 0.1539043265625 0.8275402749999999 0.1852228984375 0.8568722671875 0.1881076703125 0.8702968468750001 0.1882638796875 0.8894999296874999 0.18594386406250002 0.898183240625 0.1795509578125 0.8867503078125001 0.163183059375 0.86229870625 0.15532226875 0.8406785765624999 0.1561530203125 0.8277417578125 0.1505908640625
0 0.7947261671875 0.1100362734375 0.8230874046875 0.0646443078125 0.82765951875 0.0229079375 0.8241754625000001 0.00959015 0.8072223921875 0.0093928828125 0.795043428125 0.055503812500000006 0.7947261671875 0.1100362734375
0 0.5981129859375 0.0627427046875 0.601183528125 0.0885046828125 0.6075848203125 0.104430384375 0.6230093812499999 0.11975698593749999 0.6241535093749999 0.1197703 0.632235496875 0.10654185468749999 0.6322458906249999 0.10475543437499998 0.6251607140625 0.0599632875 0.62859189375 0.028300778125 0.6243215703125 0.01816395 0.607064234375 0.0078760046875 0.598115196875 0.062362703124999995 0.5981129859375 0.0627427046875
0 0.6163941421875 0.24000065625000003 0.6170293265625 0.24000804687500002 0.6318731984375 0.20399553125 0.6419571625 0.145031059375 0.62483395625 0.11168835937499999 0.6086431078125 0.1328924078125 0.6085538406250001 0.14823595 0.6163941421875 0.24000065625000003
0 0.6019576765625 0.282357875 0.5961750984374999 0.2855375609375 0.5961058390625 0.297442321875 0.5686905390625 0.3036172625 0.61692226875 0.3212623015625 0.6398954203125 0.32152961874999997 0.678175440625 0.30922053125 0.69120040625 0.299631171875 0.6854933859375001 0.28982384687499996 0.672543975 0.28642619375 0.60482063125 0.2856381609375 0.6019576765625 0.282357875
0 0.6177867625 0.441355346875 0.621747096875 0.45759736718750005 0.633861665625 0.4699069578125 0.6350498296875 0.4699207828125 0.6445162843750001 0.4506572109375 0.64679815 0.4305094875 0.63417160625 0.36839871562500004 0.6210253156250001 0.39562512031249997 0.6178151078125 0.43648323749999995 0.6177867625 0.441355346875
0 0.636307221875 0.4775435578125 0.637448153125 0.46746969531250004 0.622047528125 0.5147592859375 0.6220462390625 0.51498093125 0.6325239546875 0.5697247984375 0.6389839281249999 0.5755640468750001 0.6488164015625 0.559827240625 0.6469201546875001 0.5136925437500001 0.6502255890625 0.50364386875 0.636307221875 0.4775435578125
0 0.6197714234375 0.637399328125 0.6219628703125 0.6612078875 0.6283641640625001 0.6771335890625 0.6310925234375 0.680826515625 0.63705764375 0.6808959265625 0.6434989125 0.6801917390625001 0.644690846875 0.6515401 0.6447020765625 0.64960994375 0.639530378125 0.6181817109375001 0.6429280265624999 0.5922828921875001 0.6386660859375 0.5807051421875 0.631056796875 0.586380678125 0.619844603125 0.62482099375 0.6197714234375 0.637399328125
0 0.6113994984375 0.7334654609375 0.6112605140625 0.7573547609375 0.616493090625 0.7751775703125 0.6327738796875 0.8027293312499999 0.6356210421874999 0.8027624609374999 0.643423621875 0.79710623125 0.6373325015625 0.72786640625 0.6255702515625 0.7032322062499999 0.6168954765625 0.7060133046875 0.6125077906249999 0.7160493875 0.6113994984375 0.7334654609375
0 0.412847015625 0.750920328125 0.4470808578125 0.7661912703125 0.46364797500000005 0.7663840453125 0.509475046875 0.755796409375 0.5181898390625 0.743992246875 0.5124765203125 0.735267171875 0.47213699687500005 0.7337154546875 0.41285259375 0.7499614171875 0.412847015625 0.750920328125
0 0.4921664 0.63167563125 0.44169004999999995 0.63866455625 0.4290776015625 0.6470106609374999 0.42906773906250006 0.6487059328125 0.46803830937499996 0.6586153328125001 0.479796225 0.6587521484375001 0.509318946875 0.6556863546875 0.5440018203125 0.6387727375 0.5368538765624999 0.62894864375 0.5196005890625 0.6222539375 0.499427678125 0.6220192046874999 0.4921664 0.63167563125
0 0.46669605625 0.467575325 0.4601941671875 0.46894068750000006 0.443979625 0.502872659375 0.44375335624999995 0.54176479375 0.4520483640625 0.5668352453125001 0.4573975984375 0.57098559375 0.46969351562500006 0.5711286703125 0.47368500156250004 0.5685280296874999 0.473777215625 0.5526778859375 0.4663230109375 0.5316963625 0.46656192812499997 0.49063008124999996 0.47097476250000003 0.47627123125 0.46669605625 0.467575325
0 0.4334911078125 0.42557178125000006 0.4334288734375 0.436268884375 0.44637378281249995 0.46763010781250003 0.45523680312500003 0.4756414984375 0.457545784375 0.475668365625 0.464746903125 0.47216695781249995 0.46304346875 0.39289105156250004 0.4577663421875 0.36977333125 0.454410609375 0.3884675390625 0.4435377984375 0.39698714218750003 0.4334911078125 0.42557178125000006
0 0.42791834375000004 0.30909206718750004 0.45316184843749996 0.3693601609375 0.453560553125 0.3693648 0.45901386874999994 0.34125670937499997 0.45496988906249997 0.29221498281249997 0.4453637578125 0.2690468890625 0.42914675625000004 0.26597614687500004 0.428063246875 0.28418525625 0.42791834375000004 0.30909206718750004
0 0.43583410625 0.15601669375 0.4249529140625 0.16597721875 0.41418908437499996 0.15576483125 0.4088532765625 0.14273356718750002 0.4005169046875 0.1843952609375 0.40034252812500004 0.2143680703125 0.4007158546875 0.2391872015625 0.414200284375 0.25483658125 0.4193817203125 0.254896871875 0.42444993125 0.25243255000000003 0.4310105015625 0.24098073125 0.42370300156249996 0.1947830703125 0.42703358593749996 0.1804116265625 0.4346512578125 0.17329516875 0.43583410625 0.15601669375
0 0.4066116125 0.061790512500000006 0.4026688328125 0.08309915 0.40258987656249995 0.096670646875 0.41698143906249996 0.139726240625 0.424735021875 0.145576759375 0.428315825 0.145618425 0.433206821875 0.1413560609375 0.43451541718750003 0.10246375468749999 0.42505179687499994 0.054799984375 0.42841591250000005 0.034664853125 0.418700803125 0.030228746875 0.4066116125 0.061790512500000006
0 0.1744941859375 0.088978271875 0.1744694640625 0.09322771875 0.2324698359375 0.11677525312499999 0.2796047765625 0.11732371718750001 0.28165614375 0.11690789374999999 0.290024465625 0.10660480624999999 0.2900597484375 0.1005402046875 0.2746089421875 0.0897677828125 0.25010696875 0.0905650015625 0.2271088796875 0.080556475 0.21266817656249998 0.0858000640625 0.1752042 0.08536413125 0.1744941859375 0.088978271875
0 0.0383593359375 0.037948890624999995 0.0384122125 0.037776835937499996 0.0360010109375 0.000418909375 0.0140625 0.00016363125 0.01384433125 0.03766363125 0.0383593359375 0.037948890624999995
0 0 0.1388962765625 0.023489290625 0.14559565937500002 0.029232978124999996 0.14566249375 0.062353473437499994 0.143178803125 0.0782539875 0.1347052296875 0.07400048125 0.12275016718750001 0.055312567187499995 0.11495644218750001 0 0.11053431250000001 0 0.1388962765625
0 0.027153095312499997 0.193166034375 0.01283051875 0.21192333593749998 0.012786876562499999 0.21942472031250002 0.012924554687500001 0.22037984531250002 0.022589365625 0.23346148437499997 0.0332358328125 0.26384678125 0.03814149375 0.2660867984375 0.045565435937499996 0.26617318437500004 0.0505853828125 0.25828458125 0.059436199999999995 0.2252441171875 0.060585515624999996 0.2137293328125 0.0489048875 0.1919781203125 0.02746003125 0.1917285859375 0.027153095312499997 0.193166034375
0 0.268807659375 0.1541931140625 0.260097253125 0.153036659375 0.256637896875 0.15299640625 0.225266125 0.1969170546875 0.22371285468750002 0.22385954218749998 0.22361213906250002 0.24117105625000002 0.2302917625 0.2632624421875 0.2476329265625 0.259141165625 0.2531531625 0.24047214218750002 0.2534130375 0.1958035546875 0.26871544531249997 0.170043259375 0.268807659375 0.1541931140625
0 0.2058845078125 0.3338118546875 0.20588174375 0.33428703125000003 0.22830384375 0.3345479359375 0.2502551125 0.3482478578125 0.2622861875 0.348387853125 0.308989190625 0.33656911875 0.31625046874999996 0.32691269218749996 0.3018916171875 0.31808701875 0.24570194843749998 0.3163508671875 0.21972127343749998 0.3236248234375 0.2058845078125 0.3338118546875
0 0.255417609375 0.48581723749999994 0.26901679375 0.47626586875 0.2778676125 0.4432254015625 0.285136034375 0.4096764125 0.28515579375 0.40628010625 0.27281682812499997 0.38120278124999996 0.27163397968749997 0.39848125625 0.2541083875 0.4343028203125 0.25061014375 0.47749270624999995 0.254702021875 0.4858089109375 0.255417609375 0.48581723749999994
0 0.20945971718749998 0.5250528140624999 0.21298295312499999 0.531332396875 0.2316771640625 0.5380438703125 0.24170065468750002 0.5489837468750001 0.26183578750000003 0.5557119875 0.28102868281250004 0.556432509375 0.30517763593749997 0.5567135078125001 0.3233842046875 0.5501024890624999 0.3233887078125 0.549328509375 0.3166852765625 0.540115353125 0.2706324328125 0.5298385609375 0.24612416406249998 0.5317180296874999 0.22455440625 0.5238907734375 0.2094675 0.5237152203125001 0.20945971718749998 0.5250528140624999
0 0.043394376562499996 0.38959377812499996 0.050109604687499996 0.376750090625 0.05431422500000001 0.3333859671875 0.0543453203125 0.3280411875 0.049404590625 0.3118959984375 0.039681096875 0.3089008171875 0.030947640625 0.321768371875 0.022895584375 0.3620091765625 0.0227365 0.3893534015625 0.043394376562499996 0.38959377812499996
0 0.0306992828125 0.423801784375 0.027035710937500002 0.4561492828125 0.02695634375 0.469791371875 0.029256559375 0.48574884375 0.030850475 0.4894545859375 0.0459435984375 0.489630209375 0.0532253609375 0.458648371875 0.05340978750000001 0.4269480828125 0.045961012499999995 0.4052497 0.0459355046875 0.40524940468750004 0.036211132812500005 0.4065736828125 0.0306992828125 0.423801784375
0 0 0.5812893484375 0.004681928125 0.581343828125 0.0643288640625 0.578056959375 0.07155866093749999 0.5738117875000001 0.071615328125 0.564071528125 0.061572946875 0.556378403125 0 0.5460178531250001 0 0.5812893484375
0 0.0367384984375 0.7082879078125 0.0386595203125 0.7083102609374999 0.052161884375 0.703342025 0.052173090624999995 0.701415690625 0.0426856359375 0.6282042265625 0.0216418640625 0.6279593609375 0.02145310625 0.6293981828125 0.025471937500000003 0.682762678125 0.0307742140625 0.70155763125 0.0367384984375 0.7082879078125
0 0.0494017765625 0.716621759375 0.029569170312499997 0.7769138156250001 0.024965393750000002 0.8120064375 0.024951423437500002 0.8144079453125 0.0476879109375 0.8146725078125 0.05647455312500001 0.8031652421875 0.0653337546875 0.7686838546875 0.065526565625 0.7355426453125 0.06019075625 0.7225113796875 0.0494017765625 0.716621759375
0 0.004292128125 0.8737804671875 0.02169986875 0.9034386390625 0.0795023859375 0.9041112328124999 0.0955778765625 0.9005879437500001 0.0979378671875 0.8927922328125 0.0979520546875 0.89035378125 0.08561734843749999 0.87882555625 0.0510918828125 0.8686828953125 0.033948853125 0.864516025 0.031178451562499997 0.8644837875 0.004301135937500001 0.8722323281250001 0.004292128125 0.8737804671875
0 0.2542729453125 0.611397753125 0.2682551796875 0.695037721875 0.28017670625 0.6922944015625 0.28584052656250003 0.6986856265625 0.286633415625 0.6986948515625 0.2869720015625 0.6404967609375001 0.281678109375 0.620260884375 0.2656203875 0.5898126218749999 0.258044628125 0.5897244703125 0.2543541046875 0.5974475875 0.2542729453125 0.611397753125
0 0.26612768125 0.7224547015625 0.2660454 0.7365976078124999 0.2730206328125 0.7824797421875 0.2813863046875 0.7923901421874999 0.2817862296875 0.792394796875 0.2903618 0.778358465625 0.293843278125 0.7380504234374999 0.2908647828125 0.6919031343750001 0.2843209765625 0.7004731093750001 0.27352361406250003 0.6960244109375 0.26612768125 0.7224547015625
0 0.252774703125 0.8731808078125001 0.2657241140625 0.8765784609375 0.2902323828125 0.8746989921875 0.30900215000000003 0.8684234515625 0.3148099140625 0.8609147609375001 0.30912178125 0.84786068125 0.3005077296875 0.8423488265625 0.2846638828125 0.8410821421874999 0.2485904578125 0.849320984375 0.2326836453125 0.8588768109375 0.23839696250000003 0.8676018859375001 0.252774703125 0.8731808078125001
0 0.44041057656250004 0.8496860046875 0.4293927125 0.8614368734375001 0.4293740828125 0.8646390953124999 0.4359807703125 0.8680339734375 0.4673800328125 0.871122059375 0.47511561249999995 0.8712120703125 0.5152881578125 0.8592158796874999 0.5239903578125 0.8495762203125 0.5197179640625 0.8408679109375001 0.48370120468750005 0.83936649375 0.45341035625000004 0.8444256484375 0.44041057656250004 0.8496860046875
0 0.6188773015625 0.7910859765625 0.61852389375 0.8518314390624999 0.6208202140625 0.8744880875 0.62616440625 0.8860784296875 0.637401703125 0.8949769203125 0.6398931453125 0.8950059109374999 0.6434636578124999 0.8891617640625 0.6459886296875 0.8272272953125 0.635350546875 0.7954010765625 0.6289073375 0.786679984375 0.6191754625 0.7851257234375 0.6188773015625 0.7910859765625
0 0.78977028125 0.8330043671875 0.783956221875 0.8415953109375 0.7482946109374999 0.8390366703125001 0.748290921875 0.8396709703124999 0.756496846875 0.8553460093749999 0.7809106734375 0.86970030625 0.8051805265624999 0.8750527234375 0.8154588015625001 0.8751723218749999 0.8341996078125 0.8746496734375 0.8400199640625001 0.8649764828125001 0.8328657234374999 0.8562346421875 0.8041228359374999 0.8429122937500001 0.79840951875 0.83418721875 0.78977028125 0.8330043671875
0 0.7888630796875 1 0.7977410375 0.956467821875 0.7958699421875 0.9060103578125001 0.790508984375 0.897301859375 0.7807771078125 0.8957476 0.7753323203125 0.9014483234374999 0.7664237640625 0.9459695546875 0.76616755625 0.9900078890625 0.7758485515625 1 0.7888630796875 1
0 0.6465353828125 1 0.650751065625 0.9528226390625001 0.6507600953125 0.9512706124999999 0.6455965078125 0.9242919437499999 0.6305875046875 0.8996199624999999 0.6175753421875 0.9037916109375 0.615352159375 0.9138528812500001 0.613300925 0.943816334375 0.613270534375 0.9490400156250001 0.6247403312500001 0.9744849500000001 0.6181848249999999 1 0.6465353828125 1
0 0.48486669843749997 1 0.48951620625 0.9819033953125 0.4886686796875 0.9415449796875001 0.4748173765625 0.9039172921875 0.466150984375 0.90525746875 0.463484653125 0.9104906187499999 0.462963903125 1 0.48486669843749997 1
0 0.255386325 0.9510100250000001 0.22361677656249998 0.9625459203125001 0.21780271718750002 0.9711368640625 0.217788353125 0.9736057484374999 0.25883614062500004 0.982765653125 0.26983710156249996 0.9828936609375001 0.31574764843750003 0.9787705000000001 0.32587817812500003 0.9713121109375 0.32448762656249996 0.9626373359375 0.3072406359375 0.954860378125 0.2813355171875 0.9491473218750001 0.255386325 0.9510100250000001
0 0.0512938359375 1 0.0515797296875 0.950858990625 0.045130234375 0.9432185890625 0.0353815921875 0.9445461734375 0.0299284203125 0.9516878203125 0.028608931250000004 0.9915029000000001 0.028559496875 1 0.0512938359375 1
0 0.950184290625 0.8291857203124999 0.944926578125 0.8831014921874999 0.9448938625000001 0.8887247578125 0.94949841875 0.893920678125 0.953672871875 0.8939692515625 0.96390985 0.8884272421875 0.9738093875 0.8611630578125 0.9772070359375 0.8352642375 0.97336123125 0.8265733687499999 0.9519326593749999 0.8263240250000001 0.950184290625 0.8291857203124999
0 0.90081883125 0.9440837640625 0.9008091328125 0.9457508296875 0.9153097984375 0.9638710765624999 0.9475215390624999 0.9689027515624999 0.9566543765625 0.969009021875 0.9944700531249999 0.962153203125 0.9946118500000001 0.937780415625 0.9586885765625001 0.9384000515625001 0.90081883125 0.9440837640625