0 0.941649190625 0 0.9109375 0.0093524828125 0.9109375 0.039735193749999995 0.9190861296874999 0.0395455328125 0.9433026171875 0.038225121875000004 0.9732171468749999 0.0172297078125 0.9931601671875001 0.01142365 0.966094640625 0.008848478125 0.9488272625 0 0.941649190625 0
0 0.851179103125 0 0.8203125 0.009881951562500001 0.8203125 0.0128319875 0.8229079640625001 0.019909104687500002 0.8734753375000001 0.018732135937499998 0.8734753375000001 0 0.851179103125 0
0 0.7466291265625 0 0.736587428125 0.00297236875 0.7046875 0.0255593625 0.7046875 0.0269279875 0.710946403125 0.0324153234375 0.71878314375 0.0332701359375 0.75250623125 0.0324852234375 0.7693509609375 0.0299875671875 0.7693509609375 0 0.7466291265625 0
0 0.6255472937500001 0.043252725 0.6369769421875 0.042986696875 0.6700075671875 0.038914835937499996 0.6728565703125 0.037780151562499996 0.6728565703125 0.00689436875 0.668583065625 0.0058283359375 0.64579104375 0.0063588265625 0.624423521875 0.012198042187499999 0.598782496875 0.0288204828125 0.59375 0.036486360937500004 0.59375 0.037515820312499996 0.6158765140625 0.0380380015625 0.6255472937500001 0.043252725
0 0.484375 0 0.484375 0.0205055875 0.5077306187499999 0.0741199390625 0.5081020546875 0.07411129375 0.514423078125 0.027610004687500002 0.5049969921875 0 0.484375 0
0 0.37208125000000003 0.044464712499999996 0.3836994234375 0.044194296875 0.4183003921875 0.029415481249999997 0.4097533828125 0.0189306546875 0.41117788437499997 0.0071453625 0.3484375 0.0198580125 0.3484375 0.041883906250000005 0.351348825 0.042725934375 0.37208125000000003 0.044464712499999996
0 0.279971659375 0.0653585875 0.29927142500000004 0.0649093796875 0.30361912343749997 0.06415603125 0.32498664375 0.048701431249999996 0.3292601484375 0.04005495625 0.3278356484375 0.0347462328125 0.31074162968749997 0.029802218749999998 0.2665820859375 0.03083004375 0.2203125 0.046629123437499996 0.2203125 0.04715983125 0.26230858281249997 0.06298079375 0.279971659375 0.0653585875
0 0.262974090625 0.2448474234375 0.26832265781250003 0.24531722031249997 0.2768842625 0.245117946875 0.2832732359375 0.240101453125 0.27793135625 0.23025427656250003 0.27899973125 0.197465878125 0.269384346875 0.1720486515625 0.25442708281250004 0.17239678593750002 0.2515625 0.2020641453125 0.2515625 0.22601581875 0.2522903296875 0.230851078125 0.262974090625 0.2448474234375
0 0.36912081875 0.2101586171875 0.3871527203125 0.20973892031250002 0.4287504453125 0.182604409375 0.41308092968750004 0.17976399375000002 0.3561008734375 0.182158596875 0.3318843484375 0.186995746875 0.328125 0.20118080312500003 0.328125 0.20349450624999998 0.33330885 0.20726173593750002 0.36912081875 0.2101586171875
0 0.48029216874999997 0.20600857499999997 0.5013599531249999 0.2044988078125 0.5184539703125 0.19982743593750002 0.5526420046875 0.180869309375 0.5270009796874999 0.1739874765625 0.5113314640625 0.1743521890625 0.4586249109375 0.188399459375 0.4484375 0.1991423421875 0.4484375 0.2012951609375 0.45571061874999996 0.20658071718749998 0.48029216874999997 0.20600857499999997
0 0.619945246875 0.200630265625 0.6381076390625 0.2059055359375 0.64400958125 0.21626051093749998 0.6458733984375 0.2162171296875 0.6509281515625001 0.21272964375 0.6487913984375 0.1971098609375 0.634902509375 0.17749010781250002 0.6220819984375 0.12793095937500001 0.610329859375 0.1253554890625 0.603125 0.151941009375 0.603125 0.1612366203125 0.6113982359375 0.1880086859375 0.619945246875 0.200630265625
0 0.7456020296875 0.22014592031250002 0.7465711796875001 0.2201233625 0.7566639953125 0.2064313625 0.7523904906250001 0.152399775 0.7417067312500001 0.12558291562499999 0.7288862171875 0.1244568140625 0.7246127140625 0.1302542875 0.7234375 0.144384203125 0.7234375 0.1604098484375 0.7288862171875 0.185710375 0.7456020296875 0.22014592031250002
0 0.8557091359375001 0.21602064843750002 0.8565424671875 0.21600125312500001 0.8586271375000001 0.1742593546875 0.8532852562500001 0.16156317656250002 0.8543536328125001 0.1401707875 0.846875 0.11612833125 0.830849359375 0.1051053203125 0.824439103125 0.11380152968749999 0.821875 0.1332344328125 0.821875 0.1454851328125 0.824439103125 0.175055090625 0.8557091359375001 0.21602064843750002
0 1 0.1746500734375 0.9846198359375 0.17088836406250002 0.943309296875 0.17612338125 0.8968919812499999 0.2056871078125 0.9151665015624999 0.2052617625 0.9518563046875 0.20370222500000001 1 0.19020186249999999 1 0.1746500734375
0 0.996875 0.38830795937499996 0.987475515625 0.37241332968749996 0.97750400625 0.368371915625 0.946164975 0.3723064671875 0.900580928125 0.3658888171875 0.8863359140625 0.37476738125 0.9020054296875 0.3904283109375 0.9176749453124999 0.396473853125 0.9375111374999999 0.3984916859375 0.9479114687499999 0.398249615625 0.996875 0.38937889375 0.996875 0.38830795937499996
0 0.8039719562500001 0.3922248453125 0.857536503125 0.3821595625 0.8945735406249999 0.3663402515625 0.789160434375 0.359178384375 0.7671875 0.3761695109375 0.7671875 0.37721117656250003 0.797604684375 0.3923730453125 0.8039719562500001 0.3922248453125
0 0.672825409375 0.38848867343750004 0.6765607703125001 0.3905028734375 0.6795047375000001 0.3904343515625 0.68137241875 0.388289740625 0.748323984375 0.386731425 0.7611444984375 0.383227896875 0.766842503125 0.3734798890625 0.754021990625 0.36416290625 0.7155604515625 0.3522375953125 0.69419293125 0.35273492968750003 0.646875 0.3705367140625 0.646875 0.37119439062500004 0.672825409375 0.37673653749999997 0.672825409375 0.38848867343750004
0 0.6035723828124999 0.3408239375 0.593956996875 0.3211047171875 0.5811364859375 0.33422363125 0.57686298125 0.351417115625 0.580068109375 0.3955020609375 0.5928264171875 0.4221393125 0.5929161078125 0.422137225 0.6057091359375 0.3607172234375 0.6035723828124999 0.3408239375
0 0.491055690625 0.4213830515625 0.49014423125000006 0.41289732187499995 0.5040331203124999 0.38693302812499997 0.5008279921875001 0.37703611875 0.50296474375 0.331402340625 0.49334935937499996 0.315956625 0.486939103125 0.32180383125 0.4765625 0.3746201375 0.4765625 0.37714175625 0.49074660937500003 0.42139024531249997 0.491055690625 0.4213830515625
0 0.3328125 0.3823787375 0.3328125 0.3831074015625 0.343776709375 0.3869637859375 0.3694177359375 0.38316185625 0.399424859375 0.3875782828125 0.4071135953125 0.3873993265625 0.43067129687500005 0.3860096671875 0.4320957984375 0.3742243765625 0.42782229374999997 0.37111871406249997 0.412152778125 0.3650731703125 0.38362119687499996 0.36294611718750003 0.37793398906250003 0.3630784890625 0.3380787046875 0.375344271875 0.3328125 0.3823787375
0 0.2125 0.37707724531250003 0.2400240390625 0.3929510390625 0.2605235015625 0.39862374843750004 0.26590545468750004 0.39849848125 0.2984285984375 0.3958651609375 0.30840010625000003 0.39135956875 0.3112491109375 0.3827462484375 0.2870325859375 0.3715577578125 0.2191550859375 0.366774109375 0.2186218953125 0.36678651875 0.2125 0.37519356406250004 0.2125 0.37707724531250003
0 0.2551593640625 0.5253667453124999 0.215273325 0.5273634781250001 0.20957531875000002 0.536043109375 0.21812232968749998 0.5475963125 0.2650601875 0.55789315625 0.2787898671875 0.55757359375 0.3149884265625 0.5410682234374999 0.2551593640625 0.5253667453124999
0 0.37011069218750003 0.5382605781249999 0.3910793578125 0.5377725265625 0.428467771875 0.5278567187500001 0.41422275624999993 0.5185728890625 0.36436520781250004 0.51225470625 0.35724269999999997 0.5028050984375 0.33729967968749996 0.5032692765625 0.3202056625 0.510077403125 0.3140625 0.51851365625 0.3140625 0.5203254421875 0.347271190625 0.536156846875 0.37011069218750003 0.5382605781249999
0 0.4765625 0.5208780515625 0.4765625 0.56398266875 0.49145967031250004 0.5954165609375 0.49576656406249997 0.5962734046875 0.4981036328125 0.596219009375 0.5021434296875 0.5880453875 0.4978699265625 0.573899840625 0.4978699265625 0.53330155 0.5053485578125 0.5124722109375 0.5053485578125 0.49680269531250004 0.5010750546875 0.4940531609375 0.494133946875 0.49318640468749997 0.490939671875 0.49326075156250004 0.48398103593749997 0.49872453125 0.4765625 0.5208780515625
0 0.5905916140625 0.587157496875 0.5936804015625 0.6049319359374999 0.5939542859375 0.6049255609374999 0.5991386234375 0.5826850578125 0.601275375 0.504287746875 0.592728365625 0.5002131750000001 0.58311298125 0.5089839859375 0.56875 0.5435158625 0.56875 0.5466596453125 0.579907853125 0.5788591546874999 0.5905916140625 0.587157496875
0 0.6634548609375 0.5689195609375 0.6990228953125001 0.5712300609375001 0.7179420375000001 0.5707897140625 0.7403779375 0.5660607828125 0.677699875 0.540810228125 0.6390625 0.54377938125 0.6390625 0.5508700125 0.6406628375000001 0.5598346656250001 0.6634548609375 0.5689195609375
0 0.797326834375 0.6361295124999999 0.802190171875 0.6243443078124999 0.8128739312500001 0.61412413125 0.8234375 0.623737590625 0.8234375 0.621926696875 0.8224893156249999 0.606777821875 0.815010684375 0.5998293828125 0.8118055562500001 0.58565896875 0.8192841874999999 0.5399008546874999 0.8128739312500001 0.5286540453125 0.8043269234375 0.5245794734375 0.7893696578125 0.5420216250000001 0.7890625 0.5567723640625 0.7890625 0.5972437828125 0.7966260000000001 0.6361458234375 0.797326834375 0.6361295124999999
0 0.8810229703125 0.5856616078125 0.9196200390625 0.59265810625 0.96707275 0.5915536312499999 0.9721910625 0.5856763984375 0.9650685546875 0.5762267921875 0.91806000625 0.5612952875 0.888145478125 0.5673334359375 0.8578125 0.5794143109375 0.8578125 0.5820552015625 0.86107995 0.589330915625 0.8810229703125 0.5856616078125
0 0.9082725999999999 0.8179222203125001 0.9158587078125 0.8177456515625 0.9162793796875001 0.8176557328125 0.9162793796875001 0.7806186953124999 0.9216212593750001 0.766249346875 0.912005875 0.7436811265625 0.9130742515625 0.7194397343750001 0.902390490625 0.7040188859375001 0.8970486109375001 0.7041432203125 0.88636485 0.712938896875 0.884375 0.7222711734375 0.884375 0.728049359375 0.8852964734375 0.7599723093749999 0.9082725999999999 0.8179222203125001
0 1 0.944212721875 0.9843702296875 0.9445765078124999 0.9675814640624999 0.9567194109375 0.9718549671875 0.9694404546875001 0.9958815765625 0.9705705984374999 1 0.9704747421875 1 0.944212721875
0 0.8905727953125 0.9631881765625 0.9033933078124999 0.9593932734375 0.9033933078124999 0.9289931171875001 0.8606582656249999 0.9329015390625001 0.8421397468749999 0.9408111953124999 0.8390625 0.949345246875 0.8390625 0.953287459375 0.8535357578125 0.9608450953125001 0.8905727953125 0.9631881765625
0 0.7620756171874999 0.9744499937500001 0.7941395124999999 0.9653392046875 0.8026865203125 0.9597983890625 0.8026865203125 0.9544565078125 0.7998375171875 0.9481125625000001 0.7699229875 0.9381250703124999 0.757102475 0.9288080859375001 0.7499799671875 0.9279054890625 0.7421875 0.9339312109375 0.7421875 0.971913346875 0.7476866703125 0.9747849000000001 0.7620756171874999 0.9744499937500001
0 0.8050153359375001 0.803138059375 0.816252671875 0.8028765078125 0.8176482359374999 0.8026748671874999 0.8176482359374999 0.7870053515625 0.8026909718749999 0.7617124609375 0.8026909718749999 0.717552915625 0.797349090625 0.6991587296875 0.7802550734375 0.69528309375 0.7734375 0.717517725 0.7734375 0.7324387734375 0.77491319375 0.76093449375 0.8050153359375001 0.803138059375
0 0.6700053421875001 0.7906554531250001 0.670880075 0.7906350921875 0.680689103125 0.7773280828125 0.688167734375 0.7515129890625001 0.687099359375 0.6959823 0.67855235 0.6819362203125 0.668936965625 0.6892825265625 0.6578125 0.7315672109375 0.6578125 0.749304765625 0.6700053421875001 0.769029740625 0.6700053421875001 0.7906554531250001
0 0.575848025 0.7668565171874999 0.576886490625 0.7834478171875 0.577155671875 0.7834415531250001 0.5890625 0.7593507625 0.5890625 0.7547904484375 0.58225828125 0.7225477703125 0.5737112718749999 0.689983171875 0.5598223828125 0.6803349296875 0.55625 0.6875628453125 0.55625 0.6983133578125 0.5587540078125001 0.7316418484375 0.575848025 0.7668565171874999
0 0.47080884999999995 0.745857153125 0.5163928953125 0.7351807859374999 0.523515403125 0.7253996218750001 0.5035723828124999 0.718385171875 0.4622618421875 0.7204150593749999 0.442318821875 0.7272894937500001 0.43234731093749995 0.73820534375 0.41382879375000003 0.745046625 0.4109375 0.7501736828125 0.4109375 0.7513728234375 0.4287097421875 0.7509591703125 0.44659232656250003 0.7442840453125 0.47080884999999995 0.745857153125
0 0.661264690625 0.93059580625 0.6527176828125001 0.917974225 0.6431022984375 0.92104703125 0.6377604171875 0.9382653796874999 0.6420231984375 0.9850567437500001 0.6698117 0.984409959375 0.6698117 0.9745564171875 0.661264690625 0.93059580625
0 0.5497789 0.9637662546874999 0.5728587968750001 0.96075621875 0.5899528140625 0.95501646875 0.5913773140624999 0.9453679296875 0.5700097921875 0.93838663125 0.5386707625 0.9391160546874999 0.5203125 0.9437338234375 0.5203125 0.9643537125 0.52096836875 0.9644368265625 0.5497789 0.9637662546874999
0 0.471021040625 0.9598056484375 0.471021040625 0.9501902640625 0.463898534375 0.9460825390625001 0.4109375 0.9437844859375 0.4109375 0.9748103234375 0.421833 0.974556728125 0.46104953125000003 0.9675163703124999 0.471021040625 0.9598056484375
0 0.36650109999999997 0.9727195921874999 0.37196084375 0.9582606953124999 0.3648383359375 0.9520162171875001 0.3463198171875 0.947105359375 0.30625 0.9447890890625 0.30625 0.9666206578125 0.3616441734375 0.9728326390625 0.36650109999999997 0.9727195921874999
0 0.283954328125 0.9474974578124999 0.278256321875 0.936946321875 0.265435809375 0.9319028406250001 0.2326722765625 0.9326654203125001 0.2 0.9415939484375 0.2 0.9716979453125001 0.22412526718749998 0.9681207671875001 0.283954328125 0.9474974578124999
0 0.110456734375 0.9708665906249999 0.1237379796875 0.9674925640625001 0.157926015625 0.9570814437499999 0.1703125 0.9454388671875 0.1703125 0.9435761687499999 0.167897525 0.9354818328125001 0.14937900625 0.931639353125 0.0952479515625 0.9328992671874999 0.08125 0.956644725 0.08125 0.9655641484374999 0.10119078906250001 0.9710822578125 0.110456734375 0.9708665906249999
0 0.35556653437499997 0.749536596875 0.41709945781249996 0.7481044031249999 0.41130252812499996 0.7430220921874999 0.41415153125000004 0.7312036421875 0.3215589390625 0.7173331187499999 0.3109375 0.722559134375 0.3109375 0.7308157984375 0.34007745625 0.7457482484375 0.35556653437499997 0.749536596875
0 0.27345085468749997 0.7665208671875 0.279724225 0.774739346875 0.27987394375 0.7747358609375 0.2828125 0.7328746671874999 0.2828125 0.7261082921875001 0.2798611109375 0.689448590625 0.27131410312500004 0.675402509375 0.26276709375 0.685572953125 0.2546875 0.7369317734374999 0.2546875 0.7416059140625 0.26276709375 0.7710430390624999 0.27345085468749997 0.7665208671875
0 0.1366096859375 0.74930435 0.1438746375 0.7497762812500001 0.1668091171875 0.749242475 0.1736467234375 0.7473739265625 0.1878917375 0.741700490625 0.19358974375 0.7330208578125 0.177920228125 0.7237701859375 0.1423076921875 0.71605206875 0.1266381765625 0.71748515625 0.11809116718749998 0.7230259703125 0.1140625 0.7321842421875 0.1140625 0.7381312578125 0.11809116718749998 0.743325115625 0.1366096859375 0.74930435
0 0.1501724984375 0.5808796968750001 0.151064109375 0.58085894375 0.1643429484375 0.568292484375 0.1696848296875 0.5553476390625 0.175 0.5254589703125 0.175 0.5244190859375 0.1739583328125 0.48972110625000004 0.165411325 0.4856465375 0.155795940625 0.4944173453125 0.14375 0.5335124171875 0.14375 0.5449588671875001 0.14618055624999998 0.5729887234375 0.1501724984375 0.5808796968750001
0 0.18586405 0.4125810171875 0.190137553125 0.3725955125 0.1880008 0.32421219687499997 0.1783854171875 0.3258604984375 0.17197515937500002 0.3345567078125 0.1612914 0.36614440625 0.16342815156249998 0.42734823281249995 0.16723691093749998 0.43360751718749996 0.16869753437499999 0.433573521875 0.1805221703125 0.42410136249999997 0.18586405 0.4125810171875
0 0.154233440625 0.20890572500000001 0.1257434125 0.22238934999999999 0.11875 0.23094421875 0.11875 0.23131698125 0.1243189109375 0.2405849 0.131198065625 0.24069633124999998 0.1552092203125 0.240137465625 0.1770254625 0.2350846359375 0.2012419875 0.2206321015625 0.209375 0.205193403125 0.209375 0.2044420015625 0.1741764609375 0.2073731703125 0.168641678125 0.19919982187500002 0.16651976562499998 0.19924920937499999 0.1599314453125 0.20022609375 0.154233440625 0.20890572500000001
0 0.018583065625 0.2489531578125 0.068440615625 0.2499294625 0.1225716703125 0.2379857875 0.099779646875 0.2160803796875 0.05846910625 0.21917864687500002 0.014309562500000001 0.2287534796875 0.009375 0.23349448593750002 0.009375 0.23936345781249999 0.0100360578125 0.2438102109375 0.018583065625 0.2489531578125
0 0.056006271875 0.4330714390625 0.0791399578125 0.43016031093749996 0.0727297 0.40466848593750004 0.0844818375 0.3787539265625 0.08234508593749999 0.3446156265625 0.0802083328125 0.3346938484375 0.0673878203125 0.3307187453125 0.05243055625 0.3552834046875 0.0484375 0.375607825 0.0484375 0.39862776875 0.051322485937499995 0.43318045625 0.056006271875 0.4330714390625
0 0.05092051875 0.5910023125 0.058847490625 0.5815696781249999 0.0695312484375 0.585594515625 0.0695312484375 0.4901529203125 0.0652577453125 0.481705378125 0.0567107359375 0.4804798109375 0.04375 0.5153434375 0.04375 0.5656906640625 0.0501196359375 0.5910209531249999 0.05092051875 0.5910023125
0 0 0.7418636484375 0.0005275109375 0.7426426375 0.0318665421875 0.7536653515625 0.053981926562500004 0.75499355625 0.0589178234375 0.754878671875 0.08314859375 0.7492666203125 0.1002426109375 0.7413901187499999 0.1015625 0.7334400546875 0.1015625 0.7327339296875001 0.09169560156249999 0.7255634125 0.0389890484375 0.7214482906249999 0 0.730580021875 0 0.7418636484375
0 0 0.9746479156250001 0.050257989062499994 0.972107478125 0.0573804953125 0.96659981875 0.058804996875 0.9569512765624999 0.0488334875 0.9486363578124999 0.036012975 0.9467980078125 0 0.9485675890625 0 0.9746479156250001
0 0.1930956203125 0.0508920453125 0.2 0.038303459375 0.2 0.037714517187500005 0.1930956203125 0.0316612765625 0.1346910609375 0.0383625375 0.120446046875 0.047241103125 0.1190215453125 0.055821265625000005 0.138123715625 0.063972634375 0.1485443296875 0.0637300921875 0.1660300921875 0.0611373859375 0.1930956203125 0.0508920453125
0 0.07597489375000001 0.11657434687499998 0.08238514999999999 0.0580205875 0.083453525 0.0209586828125 0.080248396875 0.012486275 0.07597489375000001 0.006887734375 0.061017628125 0.0143583765625 0.053125 0.0554668203125 0.053125 0.076344075 0.0567441234375 0.10135243125 0.07597489375000001 0.11657434687499998