0 0.0686895484375 0 0.08255339218749999 0.0393568453125 0.08554297968749999 0.0392001671875 0.10995932187499999 0.027208065625 0.11539538593750001 0.001831675 0.11544868281250001 0 0.0686895484375 0
0 0.20998138906250002 0 0.21630432187499998 0.0136258484375 0.2169650359375 0.013591221875 0.22282168281249998 0.009454428125 0.223096778125 0 0.20998138906250002 0
0 0.31748042656250003 0 0.316014746875 0.004416212500000001 0.3496220953125 0.02040559375 0.35824639375 0.0199536140625 0.358826984375 0 0.31748042656250003 0
0 0.42970831406250004 0 0.4294098359375 0.0102580484375 0.43631673906249996 0.009896071874999999 0.46414584843749995 0 0.42970831406250004 0
0 0.9374043171875 0.11500937343749999 0.9374142953125 0.11466647187500001 0.9333395156250001 0.10625369062500001 0.9096006437499999 0.1074977921875 0.9093420046875 0.11638668125 0.9158642328125 0.122054378125 0.9293199624999999 0.12134919375 0.9374043171875 0.11500937343749999
0 0.9321491312499999 0.1347651484375 0.933073253125 0.10300513124999999 0.92521493125 0.0775847609375 0.9167205125000001 0.0767661 0.9151627453125 0.0768477390625 0.908414121875 0.092600440625 0.90804896875 0.1051499140625 0.90784620625 0.1407145328125 0.922054665625 0.1732138234375 0.9226171421875 0.1731843453125 0.9321491312499999 0.1347651484375
0 0.7838837937500001 0.1352116484375 0.83923374375 0.13231088124999998 0.85479105 0.1229111546875 0.857889403125 0.11325424531249999 0.857904909375 0.11272131562500001 0.8389231953125 0.10821092031249999 0.8003151953125001 0.1113436984375 0.776317684375 0.1214766890625 0.7731767984375 0.129278859375 0.7731722265625 0.12943597499999998 0.7838837937500001 0.1352116484375
0 0.6762374171875 0.1508666109375 0.68776890625 0.17396494375 0.696536715625 0.1787922484375 0.6983335921875 0.178698078125 0.704435575 0.1730914796875 0.7100565234375 0.1538718015625 0.710199121875 0.14897100937500002 0.7033471171875 0.09611483750000001 0.69698264375 0.086078465625 0.6859578749999999 0.0836934171875 0.6814270890625 0.0868936984375 0.6775757078125 0.10487254531250001 0.6762374171875 0.1508666109375
0 0.5653304 0.16587566874999998 0.5781947703125 0.16627287968749999 0.5950744375 0.165388253125 0.61795563125 0.15572663125 0.6184253515625 0.13958338125 0.6181644234375 0.132043084375 0.569396978125 0.127942378125 0.539658728125 0.1317197265625 0.515661215625 0.14185271875 0.5124352156249999 0.15089711875 0.5653304 0.16587566874999998
0 0.445765990625 0.1872542328125 0.4568528484375 0.17877770625 0.461727153125 0.1631756984375 0.46326713125 0.11025006875000001 0.4581592953125 0.09574988281249999 0.4435853390625 0.100957921875 0.43759807500000003 0.116085871875 0.4371231984375 0.132406346875 0.44424374218749996 0.1873340109375 0.445765990625 0.1872542328125
0 0.34326637656250003 0.16298378125 0.34671141875 0.162803234375 0.3870743859375 0.14365356093749998 0.38915869999999997 0.13715720625 0.3892868375 0.13275338750000001 0.37872192031249996 0.125231209375 0.3000222453125 0.1315745171875 0.29244219843749997 0.1375188546875 0.2906028875 0.14981883437500002 0.3098260625 0.1510302234375 0.34326637656250003 0.16298378125
0 0.1982231703125 0.1789732859375 0.2072996984375 0.17947019687500002 0.209064184375 0.179377725 0.263925359375 0.1611075625 0.26856394687499996 0.1531629046875 0.2685668046875 0.1530646875 0.25560522343750003 0.14157409999999998 0.23325304062500002 0.1460737796875 0.20825679843749997 0.139617859375 0.15919459062500002 0.1587010609375 0.1591846828125 0.15904156875 0.1982231703125 0.1789732859375
0 0.086809809375 0.233605640625 0.09475241250000001 0.23997265625000003 0.09532567656249999 0.2399426140625 0.09918341562500001 0.2194218765625 0.117781434375 0.190300271875 0.12347605937499999 0.153058990625 0.12377474531249999 0.142793784375 0.11955143125 0.1294694109375 0.1064771234375 0.12126610468750001 0.09223720625000001 0.15312214531249999 0.0920100265625 0.19905798125000002 0.08687001250000001 0.23153659843750002 0.086809809375 0.233605640625
0 0 0.21217595625 0.06725438125 0.208651303125 0.0673153125 0.206557234375 0.0627036765625 0.1965162 0 0.1902236734375 0 0.21217595625
0 0 0.4165513265625 0.057691621875 0.41352783593750003 0.06768756406250001 0.408234815625 0.067714628125 0.4073046984375 0.0453363109375 0.40108620781250004 0.0426922515625 0.390130609375 0.0607227171875 0.38141975625 0 0.3835456265625 0 0.4165513265625
0 0.10428483749999999 0.4081023234375 0.10687866406249999 0.43123157812499996 0.10724780468749999 0.4312122328125 0.12428483593749999 0.4070541671875 0.130628059375 0.3898204609375 0.13090508750000002 0.3802996359375 0.1257207953125 0.31957530625 0.1193131515625 0.3110226140625 0.1103810921875 0.312972140625 0.0950300640625 0.3448864109375 0.09288285625 0.3805529515625 0.10428483749999999 0.4081023234375
0 0.1887977484375 0.375454509375 0.21530272031250003 0.3740654421875 0.259745790625 0.3682091203125 0.2829347203125 0.356302290625 0.2830778625 0.35138281562499996 0.2825505953125 0.348153884375 0.25471631562499997 0.3374090328125 0.221881384375 0.3457863390625 0.196788153125 0.34266375312499997 0.1800150578125 0.3590746296875 0.1887977484375 0.375454509375
0 0.30627103437500003 0.35688094375 0.31519434999999996 0.36727022656249997 0.3289469921875 0.36654948125 0.3683915921875 0.3602818421875 0.3892900171875 0.34711513437499997 0.389306934375 0.3465337421875 0.3853263390625 0.3383154109375 0.34410661249999996 0.329381478125 0.29533916875 0.32528077187500004 0.289145809375 0.3344806859375 0.29307956874999996 0.35202519374999997 0.30627103437500003 0.35688094375
0 0.4464778265625 0.38581014062499996 0.453388103125 0.3881099109375 0.454227403125 0.388065925 0.46271515937499996 0.3436911296875 0.46290885 0.33703444843749997 0.45885221249999997 0.3036836890625 0.4493702609375 0.2864036125 0.4380864671875 0.292920640625 0.432951290625 0.3168924359375 0.43174251249999995 0.3584354625 0.4464778265625 0.38581014062499996
0 0.55095174375 0.3720759953125 0.5572705921875001 0.3717448390625 0.5601176796875 0.371123428125 0.5779792578125 0.350034859375 0.57829958125 0.3390260796875 0.577615915625 0.30354261875 0.5713809546874999 0.2890552078125 0.5615104671875 0.28512824531250003 0.5448756453125 0.3230354671875 0.54328965625 0.3394141703125 0.55095174375 0.3720759953125
0 0.691153215625 0.3678485828125 0.704937453125 0.3303986125 0.7073530875 0.3004006203125 0.70780469375 0.2848799515625 0.7024356875 0.2638659578125 0.6890160125 0.2675320875 0.684022165625 0.2979660921875 0.6826708890625001 0.344406434375 0.6899373718749999 0.3679123015625 0.691153215625 0.3678485828125
0 0.8143910890624999 0.32394714375 0.83577238125 0.32282659687500004 0.8630473999999999 0.3113096734375 0.8631733078125 0.3069824734375 0.8605562203125 0.3008382515625 0.84001101875 0.2941490625 0.786566225 0.2980594015625 0.75792369375 0.31509232656249997 0.7932410328125 0.3232261765625 0.8143910890624999 0.32394714375
0 0.9263541578125001 0.3149591734375 0.9655044343749999 0.305360346875 0.9710816609374999 0.298038015625 0.9711357828124999 0.29617796875 0.9674730640625 0.2886159234375 0.9395094640625 0.282315515625 0.8965797468750001 0.2812371171875 0.86335685625 0.30294775625 0.8615453593750001 0.3183556578125 0.9263541578125001 0.3149591734375
0 0 0.646474896875 0.0058379984375 0.6423512765625 0.014090653125 0.625623184375 0.019700706249999998 0.5853309140625 0.025342603125 0.5820724015625001 0.028772739062500004 0.5660599937499999 0.0288454546875 0.5635609140625 0.013261218750000001 0.5397444640625 0 0.5368755921874999 0 0.646474896875
0 0 0.819061596875 0.0182218109375 0.8181066328125001 0.0368179125 0.81161804375 0.0680075140625 0.808874046875 0.0704796984375 0.7948351812500001 0.07067199843750001 0.788226221875 0.05697865625 0.7806072109375 0.0037729203124999998 0.7767406984375 0.0037558624999999997 0.7767415921875 0 0.7783275125 0 0.819061596875
0 0.128920246875 0.9677218171874999 0.130048296875 0.9798662828125 0.1491159828125 0.9906602515625 0.15840297187500002 0.990173540625 0.1593882234375 0.9563126578125001 0.128920246875 0.9677218171874999
0 0.10301220156249999 0.5999268828125001 0.1401527390625 0.5960680125 0.1766678890625 0.5769200609375 0.1766968984375 0.575923065625 0.13089853125 0.5577234171875001 0.1026116296875 0.562534121875 0.0649700328125 0.58336691875 0.06767875 0.5921002953125 0.09615966406250001 0.6002860078125 0.10301220156249999 0.5999268828125001
0 0.1763696828125 0.579685665625 0.2073660265625 0.589777578125 0.226590265625 0.588770078125 0.24303827031249997 0.5795199625 0.271325171875 0.574709259375 0.292455496875 0.5652719328125 0.292482853125 0.5643317796875 0.2747128203125 0.5601092999999999 0.27381108125 0.54018705625 0.21585059062499998 0.5465528890625 0.19033706875 0.5578747468749999 0.17666065312499998 0.569685665625 0.1763696828125 0.579685665625
0 0.08206829843749999 0.7728821546875 0.0744559203125 0.7799376031249999 0.0875503953125 0.788126684375 0.11257896875 0.79347149375 0.15450504062499998 0.7969232749999999 0.174910421875 0.7958538734375 0.19727802187500001 0.7845949359375 0.2020082140625 0.7783846750000001 0.20219592187500002 0.771933575 0.20076265937499999 0.766661646875 0.18324947656249999 0.7575947234375 0.15386685625000002 0.74914985 0.13754638125000002 0.7500051703125 0.110452190625 0.7647381171875 0.08206829843749999 0.7728821546875
0 0.2908903515625 0.7555182140625 0.29506068281250003 0.7438262859375 0.2951207453125 0.741762071875 0.25609029375 0.729606590625 0.22564253281250002 0.73231170625 0.197486246875 0.7275856796875 0.1947995109375 0.7277264859375 0.18177699687499999 0.7379388515625 0.1785186671875 0.7480943640625 0.22844649062500003 0.7632284265625 0.2516340546875 0.7637508468750001 0.26042908593749997 0.76328991875 0.2908903515625 0.7555182140625
0 0.3134887359375 0.7458965953125001 0.346677075 0.7572097359375001 0.366689303125 0.7561609390624999 0.39031676875 0.7529643765625 0.4154352453125 0.7353880187499999 0.415521915625 0.7324093734375 0.41473457343750003 0.7283869421875 0.3972860484375 0.717097796875 0.3349068484375 0.722585784375 0.3169733734375 0.7279633046875 0.29126587187499997 0.7459518296875001 0.3134887359375 0.7458965953125001
0 0.3083537328125 0.5579812000000001 0.3344292484375 0.5581566 0.3712037953125 0.5562293265625 0.408519528125 0.5441237906249999 0.40852843906249997 0.54381755 0.381345 0.5441711390624999 0.3639288078125 0.53177088125 0.3120970125 0.5311590203125001 0.2896155109375 0.54010314375 0.289292209375 0.5512142546875001 0.3083537328125 0.5579812000000001
0 0.4717351234375 0.50800979375 0.50628004375 0.491776953125 0.510184571875 0.48165917187499996 0.5102672453125 0.47881782656249994 0.49944358749999995 0.47216573593750005 0.4460311234375 0.4749649640625 0.40809855468749995 0.5057977609375001 0.44766158437500003 0.51165929375 0.45782744375 0.5111265234375 0.4717351234375 0.50800979375
0 0.420457090625 0.733929684375 0.43364855625 0.7387854328125 0.475580509375 0.739533371875 0.4823841265625 0.739176809375 0.512445221875 0.729108790625 0.52508525 0.7202046203125 0.5251071765625 0.719451071875 0.490577990625 0.7169418015625 0.47916117343750003 0.7020082984375 0.4702914265625 0.701363725 0.45964703125 0.7107969078124999 0.4236507609375 0.72599639375 0.420457090625 0.733929684375
0 0.473944625 0.9689563515625 0.4866643640625 0.9682897390624999 0.487558709375 0.9375531078125 0.4738557265625 0.9405372468750001 0.44834220468749997 0.9518591046875 0.44795424375000004 0.9651924375000001 0.46414539843749997 0.9687815640625 0.473944625 0.9689563515625
0 0.335140965625 0.9777908609375 0.3627762421875 0.9717726437499999 0.376098684375 0.961325071875 0.37651212031250003 0.9471162062499999 0.36384313437500004 0.9351059765624999 0.35494105625 0.9355725140625 0.33381391250000003 0.948883325 0.332337840625 0.94869964375 0.33148579843750003 0.9779824203124999 0.335140965625 0.9777908609375
0 0.2510427109375 0.9456813343749999 0.2405246640625 0.9640095656250001 0.2422288375 0.9816972578125001 0.2409319640625 0.9858483796874999 0.288037940625 0.9833796609375 0.265573496875 0.9419569734375 0.2510427109375 0.9456813343749999
0 0.5887260484375 0.7289233140625 0.6141859921874999 0.7263216828125 0.6439166203125 0.7111846984375 0.644119896875 0.7041985421875 0.6430871625 0.70039986875 0.6091888437499999 0.6944104859375 0.5275541406250001 0.699798196875 0.52410183125 0.7166203765625 0.5670088578125 0.7300614624999999 0.5887260484375 0.7289233140625
0 0.531715584375 0.51817503125 0.5942493140625 0.514897778125 0.6250877578125 0.5004066296875 0.6251430250000001 0.4985072453125 0.6035424140625001 0.48418119531250003 0.5842545796875 0.485192028125 0.561740746875 0.49524726250000006 0.5395502109375 0.4941913859375 0.5229710953125 0.5039355953125 0.531715584375 0.51817503125
0 0.684519621875 0.542929375 0.68610726875 0.5428461703125 0.711443878125 0.5214312453125001 0.712145715625 0.5110129515625 0.71366849375 0.458678496875 0.7051020578125 0.43436 0.6962563390625001 0.43334216718749996 0.6869789140625 0.44716112968750005 0.6786717624999999 0.5038903375 0.676610896875 0.5365895171874999 0.684519621875 0.542929375
0 0.8034183453124999 0.493014871875 0.8527496250000001 0.48249129375 0.859907290625 0.47284596093750003 0.859957034375 0.4711364109375 0.854847575 0.4613024265625 0.7898889765625 0.45361259218749994 0.759827425 0.4685010546875 0.7697928921875 0.48240120312499996 0.7956378671875 0.4934226296875 0.8034183453124999 0.493014871875
0 0.9196964 0.515003109375 0.9218687062500001 0.5148892640625 0.9293197265625001 0.5096262984375 0.9341527062500001 0.49604025937499996 0.94659078125 0.48798132031249997 0.948641871875 0.47944826406249996 0.94873799375 0.4761447671875 0.9330210781250001 0.42054729531249996 0.9185766328125 0.421304296875 0.9113487484375 0.44094151562499995 0.90479959375 0.484912471875 0.9047182890625001 0.4877067390625 0.9196964 0.515003109375
0 0.9629751343749999 0.6838767781249999 0.9631430249999999 0.6781067359375 0.95957313125 0.6704851078125 0.9509809640625001 0.6709354046875 0.8999145171875 0.6764708703125 0.865272609375 0.69603704375 0.8913275484375 0.6974634671875 0.9103355078125 0.696467303125 0.95426105 0.692482775 0.9629751343749999 0.6838767781249999
0 0.790269946875 0.730841784375 0.809489396875 0.7298345359375 0.8244555078125 0.698720496875 0.8292937984375 0.667079403125 0.8294683359375 0.6610809390625 0.8219537421875 0.632187840625 0.8108426312500001 0.6327701484375 0.8051143953125001 0.6389960203125 0.8010903296875 0.6629095859375 0.794035128125 0.6766120875 0.790269946875 0.730841784375
0 0.651005934375 0.719229603125 0.6406201765625 0.719773896875 0.66113305 0.727574196875 0.656635675 0.7362851421875 0.660849234375 0.73606431875 0.705514115625 0.72968595 0.7547988390625 0.7160088796874999 0.7562491859375 0.7110431546875 0.7564609890625 0.7037639812500001 0.7478977234374999 0.698619884375 0.7214501328125 0.6911306078125 0.7127743640624999 0.6838193687499999 0.6975496078125001 0.6979302671875 0.658650640625 0.7110630437500001 0.651005934375 0.719229603125
0 0.5943859359375 0.965764525 0.5944165124999999 0.964713659375 0.5858529703124999 0.9275120125 0.57833421875 0.9190175515625001 0.5657666296875 0.9315275281250001 0.5567833328125 0.96773519375 0.5943859359375 0.965764525
0 0.7117234546875 0.9005297328124999 0.69843329375 0.8997448234375 0.69031015 0.9120218765624999 0.6883535421875 0.9533726296875 0.688090471875 0.9624137953125 0.722465471875 0.960612278125 0.722734171875 0.9513776359375001 0.7117234546875 0.9005297328124999
0 0.8106035765625 0.9446167984375 0.8348055625 0.9453640796875 0.84305075625 0.9449319671874999 0.844087234375 0.9093105515625 0.8397633890625 0.9098060953125 0.7948327125 0.9265832296875001 0.7902530999999999 0.9364660484374999 0.7902412375 0.9368737421875 0.8106035765625 0.9446167984375
0 0.9505877999999999 0.93404641875 0.936790915625 0.9125482281249999 0.9256798046875 0.9131305359375 0.9137052796875 0.9433864359375 0.9124563671875 0.9506552781250001 0.9505904718749999 0.948656753125 0.9508331312499999 0.940317103125 0.9505877999999999 0.93404641875