0 0.04320184375 0.0273509109375 0.04315905625 0.026300834375 0.0247750703125 0.0156338765625 0.0167527234375 0.0150048609375 0.000573003125 0.0140625 0.0017190093749999999 0.0421875 0.011815990625 0.042775582812500004 0.04320184375 0.0273509109375
0 0.016305484375000002 0.14124095 0.039131467187500005 0.13827662031250001 0.0483738640625 0.1160258953125 0.048302675 0.11427878124999999 0.010460829687500001 0.0981586546875 0.0040237921875 0.09875095 0.0056918828125 0.13968879218750002 0.009290037499999999 0.140832346875 0.016305484375000002 0.14124095
0 0.014381534375 0.2424503609375 0.031743384375 0.2434615734375 0.0308042828125 0.22041438124999999 0.025928437500000002 0.216967059375 0.014381534375 0.2424503609375
0 0.0517303953125 0.3514230484375 0.05114408593749999 0.3370339890625 0.04989689375 0.3230687234375 0.0186992578125 0.32125166875 0.0191961703125 0.333446790625 0.0365685328125 0.36532836875 0.03740461875 0.365377065625 0.0497121859375 0.3622600984375 0.0517303953125 0.3514230484375
0 0.0537764125 0.439891403125 0.024578109375 0.429381525 0.017826 0.42955036562500004 0.0189146953125 0.4562688671875 0.0384581625 0.45740714374999997 0.0541035015625 0.44791874218750005 0.0537764125 0.439891403125
0 0.0317237328125 0.5739242953125 0.0592360359375 0.5602470671875001 0.0630832578125 0.5535312796875 0.0629783953125 0.5509577484375 0.047817371875 0.54541691875 0.043504378125 0.5390949640625 0.022098096875 0.5423261593750001 0.0232911265625 0.57160519375 0.0278298609375 0.573697503125 0.0317237328125 0.5739242953125
0 0.0653454609375 0.6473051984375 0.033029925 0.6454230328125 0.0393749203125 0.684994721875 0.042404399999999995 0.6898969671875 0.04623974375 0.6901203515625001 0.0664759390625 0.6750491109375 0.0653454609375 0.6473051984375
0 0.067340965625 0.7727893828125 0.0639009921875 0.753868121875 0.0587747875 0.75221775625 0.04573546875 0.7798460578124999 0.045317334375000004 0.8007408453125 0.0664622015625 0.8019723937500001 0.068055421875 0.7903233875 0.067340965625 0.7727893828125
0 0.079361234375 0.8382549609375 0.05488802499999999 0.8368295578125 0.0520594890625 0.8501827953125 0.0527772515625 0.86779796875 0.0676385859375 0.8848851171875 0.07018655625 0.9003931984375001 0.0705155515625 0.900412359375 0.08010605781249999 0.8565342109375 0.079361234375 0.8382549609375
0 0.0822729359375 0.9479686984375 0.0761282765625 0.9339583265625 0.0537054796875 0.9299487531249999 0.04877975 0.9580496140625 0.050809840625000005 0.983439390625 0.0805195125 0.9851697828124999 0.08327917968750001 0.9726637124999999 0.0822729359375 0.9479686984375
0 0.21660198125000002 1 0.24919877031249998 0.9895400390625 0.248947503125 0.9833735000000001 0.2419904671875 0.96513915625 0.2026124203125 0.9608220609375 0.16352365625 0.9636043593749999 0.155600203125 0.96820183125 0.158888784375 0.9825584546874999 0.1848819953125 0.9901431374999999 0.2002502578125 1 0.21660198125000002 1
0 0.1818011453125 0.8870741765625001 0.1832018328125 0.8966183421875 0.188548409375 0.902610615625 0.19579252187500001 0.9030325359375 0.1949155890625 0.8815110703125001 0.188514046875 0.8780025734375 0.1818011453125 0.8870741765625001
0 0.1871017546875 0.8739957125 0.18785435781249998 0.9172970749999999 0.194546890625 0.9325566468750001 0.20361946562500002 0.931733265625 0.2101035546875 0.9099510343749999 0.2087774734375 0.8774066625 0.20003064843749999 0.843657384375 0.1871017546875 0.8739957125
0 0.19814687656250002 0.8077905796874999 0.196555790625 0.7687425125 0.19197951875000002 0.754583440625 0.1829621546875 0.756761834375 0.1744969171875 0.7724903640624999 0.17637414375 0.8185608249999999 0.182666325 0.8290048078125001 0.18936980781249999 0.829395240625 0.19095941562500002 0.8288729046875 0.19814687656250002 0.8077905796874999
0 0.1537711546875 0.6873530999999999 0.20160447812500001 0.697610525 0.207902534375 0.69797734375 0.224355834375 0.6944995640625 0.22916427343749998 0.6891357218749999 0.2291206890625 0.6880660609375 0.223735953125 0.6792865828125 0.20160115781250001 0.6668676671875 0.1595957375 0.6644211296875 0.1434595515625 0.6665166796875 0.14109772812500002 0.6701353953125 0.1411393109375 0.6711559390625 0.14403810625 0.6807154625 0.1537711546875 0.6873530999999999
0 0.2379650125 0.5608218968750001 0.2379108703125 0.5594931515625 0.2132325265625 0.548980503125 0.188924934375 0.5495883312500001 0.1408056515625 0.562974371875 0.1438462828125 0.571245803125 0.16585710468749998 0.5806221218750001 0.18082895000000002 0.582608684375 0.199698565625 0.5837077140625 0.23750752031250003 0.580748115625 0.2379650125 0.5608218968750001
0 0.17842645937499998 0.49985278906249997 0.1823838875 0.5000832828124999 0.18665685625 0.487549775 0.18472470624999998 0.44013141562499997 0.17994136562500002 0.4253316734375 0.1684539046875 0.41655181875 0.1624550859375 0.46742818281250004 0.1630706984375 0.48253639843749996 0.16866885 0.4963204078125 0.17842645937499998 0.49985278906249997
0 0.183922253125 0.382182315625 0.1815185453125 0.323191109375 0.1746562484375 0.3141170859375 0.1656388859375 0.3162954796875 0.15095765625 0.3532907328125 0.16546734375 0.3865789734375 0.1679479359375 0.4025973921875 0.1795610921875 0.40327378124999996 0.184109409375 0.39712733437500003 0.183922253125 0.382182315625
0 0.21881972656249998 0.2439849046875 0.2187771234375 0.24293933281250002 0.1746266953125 0.22558765468750003 0.15188074375 0.23134539843750002 0.13143156250000002 0.2271189921875 0.11969102031250001 0.23756489374999998 0.1240453390625 0.244901046875 0.17162372812499999 0.2609614265625 0.182934159375 0.261620184375 0.184203165625 0.2615581359375 0.21881972656249998 0.2439849046875
0 0.195899371875 0.17880048125 0.1931938734375 0.1628511734375 0.1924964828125 0.120904825 0.179166634375 0.0917406953125 0.1673275234375 0.09916193125 0.16286386875 0.1137717296875 0.1695912390625 0.1547174859375 0.1868674578125 0.1814078703125 0.19051459375 0.199710021875 0.1916517828125 0.1997762546875 0.1965921890625 0.195803453125 0.195899371875 0.17880048125
0 0.24508912500000002 0.047061298437499996 0.24504413125000002 0.0459570875 0.23718296093750002 0.041663903125 0.231225675 0.028163637499999998 0.19603664999999998 0.027125903125 0.13682930625 0.0337953859375 0.13161588125 0.0385507 0.136383453125 0.0560288390625 0.1586082203125 0.066913175 0.163287175 0.0671856921875 0.2392818328125 0.059998403125 0.24508912500000002 0.047061298437499996
0 0.3531099578125 0.05845350312499999 0.353149425 0.059422131249999996 0.356490271875 0.1169292703125 0.36292711093749996 0.1010826 0.37317952656250003 0.10438333125000002 0.3806468578125 0.12505041562500002 0.3817832734375 0.125116603125 0.391379890625 0.10409158437499999 0.3917003734375 0.087398365625 0.39074835 0.0640340328125 0.3822647890625 0.0222643890625 0.36020609062500003 0.020979615625 0.35424692812499997 0.0370425421875 0.3531099578125 0.05845350312499999
0 0.372067253125 0.179399459375 0.37062575 0.1440224125 0.3564074640625 0.11505542656250001 0.3482386609375 0.1132278484375 0.34248474375 0.1210035078125 0.3379251296875 0.1829206390625 0.34472808593750004 0.20089023749999999 0.3598147734375 0.22204096875 0.3609599109375 0.222107665625 0.36298366406250004 0.2019535046875 0.372067253125 0.179399459375
0 0.36698500312500004 0.24594956406250001 0.3666912203125 0.23873960625 0.34962568437499997 0.228584925 0.336034240625 0.24266308906249998 0.3410296484375 0.26593460156250004 0.33615913124999997 0.2953904765625 0.34836435625 0.3217855078125 0.35318076875000004 0.32297604999999996 0.3557080734375 0.3231232484375 0.3647775484375 0.3024645015625 0.36698500312500004 0.24594956406250001
0 0.3535157484375 0.3311257859375 0.34646459375 0.327261253125 0.3449064859375 0.32717050312499996 0.334853309375 0.3449085984375 0.3317147546875 0.392038721875 0.3432574296875 0.4021735890625 0.3488253375 0.4146640640625 0.3652181546875 0.41967422968749996 0.3723234671875 0.41522033125 0.37205906718750004 0.40873148125 0.3652036875 0.3696568703125 0.3535157484375 0.3311257859375
0 0.350370978125 0.425692659375 0.350333828125 0.4256904953125 0.34187654218749997 0.441404253125 0.3381858625 0.4749842390625 0.34705205625 0.518758165625 0.354041021875 0.51646163125 0.3661602140625 0.49349621718750003 0.364289734375 0.4475913546875 0.36070461875 0.43168648125000003 0.350370978125 0.425692659375
0 0.3536120921875 0.536241940625 0.344649940625 0.53977535 0.339116875 0.5529710640625 0.338800065625 0.59485834375 0.3558002234375 0.6147736562499999 0.363969025 0.616601234375 0.3700627734375 0.5892718875 0.369391184375 0.5727898984375 0.36919118906250004 0.570944265625 0.3536120921875 0.536241940625
0 0.4010007203125 0.698200121875 0.4009511703125 0.6969840859375 0.3780479046875 0.68815091875 0.3387525125 0.685862221875 0.3091075171875 0.6881827656249999 0.30689339375 0.700195309375 0.3253381890625 0.7063759843749999 0.34750886875 0.7076672796875 0.36803430625 0.70780353125 0.4010007203125 0.698200121875
0 0.3711897796875 0.8082080609375 0.36861795625 0.787873196875 0.35823931249999996 0.7550560109375 0.3580470796875 0.7550448140625 0.34501532031250004 0.7797395140625001 0.345988775 0.8284609296875001 0.35386114375 0.8478446109375 0.362114403125 0.8519268015625 0.363306303125 0.8519962218750001 0.3719418921875 0.8266662328125 0.3711897796875 0.8082080609375
0 0.374166565625 0.9195191046875 0.374160875 0.9193794671875001 0.3695317640625 0.8800313859375001 0.3613833328125 0.8538726359375 0.35310410625 0.8493350328125 0.3462255640625 0.8543415937500001 0.3406169125 0.8905134671875 0.3411100125 0.91161849375 0.3426209703125 0.948700053125 0.3571346234375 0.9482510218750001 0.374166565625 0.9195191046875
0 0.405529509375 1 0.38322074375000004 0.9874066578124999 0.357268859375 0.9808361734375 0.32881357499999997 0.9791788421875 0.3113637 0.9822096703125001 0.3077119140625 0.9921148953125 0.3249987265625 1 0.405529509375 1
0 0.5704367890625 0.1127781796875 0.5701457015625 0.10563438437499999 0.5677089953125 0.094824271875 0.5625275765625 0.09181889374999999 0.556980040625 0.054997246875 0.5492733109375 0.0396786046875 0.5409388703125 0.0337859890625 0.5292654 0.0452722671875 0.52507780625 0.06665712968750001 0.526734184375 0.1073075375 0.5409366796875 0.134386234375 0.550018915625 0.1349152140625 0.5571397734375 0.133410821875 0.5704367890625 0.1127781796875
0 0.75162629375 0.13299615625 0.756883296875 0.11302537500000001 0.7553169734375 0.09941616875 0.7457474828125 0.08804442812499999 0.7375438390625 0.060530665625 0.7288781234374999 0.0465079671875 0.7241384046875 0.054342696875 0.7223104859375 0.083975784375 0.71688784375 0.0998815234375 0.7249606890625 0.149016434375 0.7324455359375001 0.1611282734375 0.7459895140625 0.1619171203125 0.7517715578125 0.1613923703125 0.75162629375 0.13299615625
0 1 0.11689383125 0.99047590625 0.11370239687499999 0.9402577546875 0.10875394062499999 0.9065063921875 0.109823521875 0.897475878125 0.12042726562499999 0.89653411875 0.1304903328125 0.917189925 0.13978773125 0.9320124234374999 0.138627459375 0.9438115578125 0.14693948125 0.9458158921875001 0.1470562203125 0.9885923890624999 0.1338285328125 1 0.1349931171875 1 0.11689383125
0 0.96958350625 0.2681564109375 0.9691379515625 0.2572217390625 0.9656845281249999 0.2411336859375 0.9675221078125 0.21756609999999998 0.9674240812500001 0.2151603265625 0.9536101 0.1931175078125 0.9423987 0.19111272031249998 0.9335266015625001 0.2216873296875 0.9348517031249999 0.25420765312500004 0.9411373734374999 0.28431330312499997 0.94665006875 0.2954487640625 0.9565024703124999 0.3019990328125 0.966118784375 0.30255911874999997 0.9644639453125 0.2856719203125 0.96958350625 0.2681564109375
0 0.563830125 0.1801719671875 0.5634363390625 0.170507784375 0.55368919375 0.14418535 0.545465178125 0.1410027625 0.5296041140625001 0.1738739046875 0.52761055625 0.1994419515625 0.5479017328125 0.2423485375 0.5493205125 0.242431171875 0.5634940015625001 0.21099450625 0.563830125 0.1801719671875
0 0.5567918453125 0.30304111875 0.5650366499999999 0.2862931921875 0.5649249265625 0.28355131093749997 0.563635546875 0.2723483703125 0.551264684375 0.2418882984375 0.5421368953125 0.2413566640625 0.53249181875 0.2529610828125 0.52430264375 0.2754646796875 0.5234133390625 0.3281329984375 0.5417241296875 0.3305512765625 0.5474674046875 0.348321084375 0.5475624953125 0.3483266234375 0.5547982890625 0.328609165625 0.5567918453125 0.30304111875
0 0.7379643546875 0.2510427109375 0.7482118015625 0.229329953125 0.7473994515625 0.20939342968750002 0.7383015359375 0.1848242578125 0.72851119375 0.1680324640625 0.7192729796874999 0.1647908015625 0.712394440625 0.16979736406249998 0.702232078125 0.193537834375 0.7114847609375 0.246796853125 0.7185085671875 0.27018650625 0.7268003109375 0.2823852375 0.727506165625 0.2824263484375 0.7329282 0.27643354531250003 0.7379643546875 0.2510427109375
0 0.7267154437500001 0.35211489218750003 0.7264642125 0.3459492328125 0.7204863859375 0.32264755156249997 0.7203687265625 0.29492884375 0.7057732 0.2577786703125 0.7051059265624999 0.25773980625 0.6936886546875 0.26093176093750003 0.6888181390625 0.2903876359375 0.6919507874999999 0.3176060484375 0.7098205375 0.3640122453125 0.7120421218749999 0.3641416375 0.7190725609374999 0.3624432390625 0.7267154437500001 0.35211489218750003
0 0.7135311390625 0.36129310625 0.6992567703125 0.38344228281250003 0.6958625265625 0.3994661640625 0.6961530546875 0.4562585921875 0.70797179375 0.473168528125 0.7141121984375001 0.4748779640625 0.7283865671875 0.4527287875 0.7296281953125 0.42359891562499996 0.72926650625 0.4147224515625 0.7153735265625001 0.38167737968750004 0.7135311390625 0.36129310625
0 0.5619243484374999 0.39890848437500004 0.5867912109375 0.399377971875 0.586780490625 0.399114846875 0.54652329375 0.385869971875 0.49515675625 0.3859135890625 0.4778308578125 0.3919870140625 0.4782441109375 0.40212900156250003 0.4959136671875 0.40922888593750006 0.5146257578125 0.410318740625 0.546160090625 0.41013182343750004 0.5619243484374999 0.39890848437500004
0 0.49356209843750004 0.4521195546875 0.48164740312500004 0.48251695000000006 0.4793225703125 0.49995491562499994 0.48909253750000004 0.541077884375 0.5133464703125 0.5096894796875 0.511269971875 0.45872857656250005 0.504552646875 0.4487042875 0.49356209843750004 0.4521195546875
0 0.7076046734375 0.5104458296875001 0.7022227765625 0.47768922031249994 0.6946060968750001 0.48941178125 0.6876519703125 0.517394503125 0.6924613703125 0.560932146875 0.6980292765625 0.5734226203125 0.7050182421875 0.571126084375 0.715863528125 0.5393146062499999 0.72308834375 0.5308879140625 0.72289095 0.5260435078125 0.72224515625 0.5221129203125 0.7076046734375 0.5104458296875001
0 0.9394780609375 0.58782516875 0.9521970953125001 0.5885659671875 0.96009446875 0.566864234375 0.9631574390625 0.542710271875 0.9482612640625 0.4999369359375 0.9430246328124999 0.49557654375000004 0.9303598421875 0.5297144953124999 0.9304345265625 0.53154736875 0.935070775 0.57351755625 0.9394780609375 0.58782516875
0 1 0.444682425 0.9918244406250001 0.4429927125 0.9546605187500001 0.426663075 0.9317905890624999 0.4293782234375 0.9123658203125 0.417117146875 0.9042357390625 0.416643625 0.8912228328125 0.4290390015625 0.8930324281249999 0.44027410937499994 0.905599478125 0.450112184375 0.9347304171875 0.4566101359375 0.9656580984375 0.45841146874999994 1 0.4501660046875 1 0.444682425
0 0.9673333890625001 0.3659565515625 0.9541616765625 0.34967162812499997 0.9512150374999999 0.3021870828125 0.9407766140625 0.31915248281249997 0.931794090625 0.347017065625 0.9199549796875001 0.3544383015625 0.9257437375 0.3723488296875 0.924377890625 0.388490853125 0.9341682312499999 0.40528264687500004 0.9411187062499999 0.4071008734375 0.9481287187499999 0.4075091609375 0.9675392140625 0.37100788125 0.9673333890625001 0.3659565515625
0 0.7627059109375 0.623296346875 0.7611736328125 0.616223365625 0.6866065609375 0.6108685359375 0.6557305265625 0.6161527546875 0.6533924296875 0.6251227015625 0.68238494375 0.63996461875 0.7120436812500001 0.6431654640625 0.72461823125 0.6438978484375 0.7630621390625 0.632038825 0.7627059109375 0.623296346875
0 0.5248931859375 0.563533240625 0.5122837312499999 0.5551499734374999 0.5110621265625 0.555078821875 0.50384225 0.56896078125 0.5066988359375 0.589404125 0.49941343437499996 0.609256765625 0.5001311984375 0.6268719421875 0.5158323828125 0.6488841671875 0.516431078125 0.6489190375 0.5272479203125 0.6213225437500001 0.5248931859375 0.563533240625
0 0.528690278125 0.733231553125 0.5281580890625001 0.72609963125 0.51997481875 0.67425469375 0.5113643156250001 0.661587009375 0.5033059375 0.662469459375 0.49426820156250006 0.688979028125 0.4984498890625 0.7419426953125 0.5215776937500001 0.7614518046875001 0.5234343109374999 0.761559940625 0.5296411953125 0.7565687062500001 0.528690278125 0.733231553125
0 0.5255675890625 0.8096172218750001 0.52534865 0.8042440687499999 0.5128328515625 0.7791980328125 0.499261778125 0.768945021875 0.48819564531250004 0.79533645 0.5007669859375 0.855547746875 0.5093042796875 0.8604996359375001 0.5123772984375 0.86067861875 0.51998155 0.8553150734375 0.5255675890625 0.8096172218750001
0 0.5310230671875 0.9052487578124999 0.530903921875 0.90477495625 0.519471675 0.897350115625 0.514917965625 0.8849187125 0.506583525 0.8790260953125 0.49247479531250005 0.905240309375 0.499257378125 0.94754108125 0.5051623296875001 0.9631386546874999 0.5198641796875 0.963994940625 0.5316463687499999 0.9205456640625 0.5310230671875 0.9052487578124999
0 0.5286487171875 1 0.5272191671875001 0.964916334375 0.518678296875 0.9741671843749999 0.5052728625 0.9679792140625001 0.5061425374999999 1 0.5286487171875 1
0 0.7125861515625 1 0.7117171234375 0.9786725328125 0.7062317984375001 0.98011668125 0.6958485890625 0.9984370968749999 0.6933552875 1 0.7125861515625 1
0 0.7553082578125 0.939066346875 0.724956309375 0.9218599218750001 0.6706317921875 0.915660503125 0.6656663171874999 0.926501009375 0.6755233421875 0.9361812421875 0.7024009343750001 0.9387742843750001 0.73774773125 0.9408329999999999 0.755345184375 0.9399725703125 0.7553082578125 0.939066346875
0 0.707077471875 0.81610201875 0.7031514734375001 0.794244590625 0.6978596296874999 0.788529184375 0.6877176406250001 0.78793848125 0.680763515625 0.8159212046875 0.6861454124999999 0.8486778109375 0.6996861859375 0.8762644953125 0.716938009375 0.8772693 0.7162698484375001 0.8608714578125 0.7136595765625 0.8286515640625 0.707077471875 0.81610201875
0 0.752138175 0.7338522640625 0.7164945671875 0.7216583437499999 0.7024485265625 0.70869875 0.694607725 0.7153246171875 0.670548084375 0.7220176390625 0.6613109421875001 0.7275503890625 0.664434221875 0.73785021875 0.7095629234375 0.7505965828125001 0.7544436734375 0.75725775625 0.7500480281249999 0.748907403125 0.767555925 0.7423242296875 0.767535853125 0.74183161875 0.7592025203125 0.7413462578125001 0.752138175 0.7338522640625
0 1 0.6360512968750001 0.9622352125000001 0.6228749078125 0.9432650234375 0.6217700203125001 0.9070102609375 0.62775275625 0.896624734375 0.6382775796875 0.90504409375 0.6458504953124999 0.9570718359375 0.6620340578125 0.9892615609375 0.6558145625 1 0.6457098593749999 1 0.6360512968750001
0 0.9627904859375 0.7517871046875 0.962026396875 0.7424837109375 0.9481444203124999 0.699769446875 0.930972721875 0.750137621875 0.9342506359374999 0.8057522484374999 0.9407720218750001 0.8154841390625001 0.95392928125 0.8162504625 0.963511603125 0.769484603125 0.9627904859375 0.7517871046875
0 0.9706482859375001 0.8681203656250001 0.9657537078124999 0.8284283312499999 0.9568671421875001 0.8089855796875 0.9479049906249999 0.8125189859375 0.936376784375 0.8524014781249999 0.9353218390625001 0.9010047546875001 0.944283990625 0.897471346875 0.9588010140625001 0.911620509375 0.9591127343749999 0.9116386640625 0.971104434375 0.8793150265625 0.9706482859375001 0.8681203656250001
0 0.98640530625 1 0.98898320625 0.9959197859375 0.9905994093749999 0.93694559375 0.9905803437499999 0.9364776906250001 0.979640471875 0.9156195640625 0.9647587671875 0.9228635875 0.9487320640625001 0.9516696921875001 0.9552385843750001 0.9871953953125001 0.9604389671875 1 0.98640530625 1