0 0.9542841984375 0.962448371875 0.9541236890624999 0.963798040625 0.9770193125000001 0.9635316250000001 0.9804997796875 0.954056525 0.9793015 0.9217232640624999 0.9599449265625 0.8936446968749999 0.9547988765625 0.8748873843749999 0.9547788 0.8748876171875001 0.9519033218749999 0.9004772671874999 0.9429018015624999 0.9175820531250001 0.9429333874999999 0.9230111515624999 0.9542841984375 0.962448371875
0 0.9619825953125 0.8487971921874999 0.9889809125 0.8484830390625 0.9703790609375 0.78720016875 0.9688583234375001 0.7872178640625 0.9593528390625 0.7907949109375 0.95938716875 0.796695528125 0.9614820640625 0.8461074171874999 0.9619825953125 0.8487971921874999
0 1 0.69778696875 0.9936127859375 0.697861290625 0.977510478125 0.699256125 0.9627091875 0.7034690328125001 0.9324036906250001 0.724644678125 0.9324089484375 0.7255484578125 0.938609096875 0.7310240375 0.9615377765625001 0.73378774375 0.9938592843749999 0.7293709734375 1 0.7268279890625 1 0.69778696875
0 0.95231399375 0.6607209265625 0.9745362156249999 0.6604623484375 0.978490371875 0.6455905375000001 0.9783649203125 0.62402719375 0.9731968046875 0.603870328125 0.95790415625 0.579787871875 0.9504454328125 0.5749177328124999 0.9497741703125 0.5749255421874999 0.9489073359375 0.5960661625 0.9429094546875 0.606918353125 0.94718508125 0.64730260625 0.95231399375 0.6607209265625
0 0.9685561187499999 0.49058782343749996 0.9541716421875 0.44897339843750006 0.94864358125 0.44836763125 0.9427180296875 0.44843658125 0.940202203125 0.4535605578125 0.9403802515624999 0.484164428125 0.9627542578125 0.5351327375 0.9685561187499999 0.49058782343749996
0 0.9486487671875 0.3571729375 0.9460418359375 0.3829517421875 0.9460606468750001 0.3861848015625 0.9601283921875 0.42038596562499997 0.9701823578125 0.41218217656249995 0.9805958609375001 0.41332329375 0.9805734749999999 0.40947551249999997 0.969829525 0.3515352765625 0.9652245578124999 0.34348010625000003 0.9527858406249999 0.34362484375 0.9486487671875 0.3571729375
0 0.922653759375 0.29316599375 0.9247523687499999 0.306619575 0.9390113937500001 0.3266706578125 0.947115725 0.33061975625 0.9521583890624999 0.32921327968749997 0.956583134375 0.314723115625 0.956320065625 0.269505503125 0.9428662015624999 0.2281074421875 0.9419914953124999 0.2281176203125 0.9265451890625 0.2675125109375 0.922653759375 0.29316599375
0 0.7835249453124999 0.3063621359375 0.7956539984375001 0.3075688015625 0.8026933421875 0.30209569062499997 0.7975879515625001 0.2927204984375 0.7984177156250001 0.26171144062499996 0.7898374796875001 0.2392637265625 0.7748885859375 0.23943767343750003 0.7719462046875 0.271846678125 0.77201984375 0.2845040015625 0.773345528125 0.29300258437500004 0.7835249453124999 0.3063621359375
0 0.7825564875000001 0.392483815625 0.818772215625 0.3913837 0.8416597609375 0.38707670156249996 0.8456147390625001 0.3718781390625 0.840200396875 0.3679004640625 0.799694065625 0.364157496875 0.790327659375 0.3642664859375 0.7507553484375 0.38969544375 0.7507588890625 0.3903041390625 0.7632463484375 0.392708509375 0.7825564875000001 0.392483815625
0 0.8499940421875 0.484997721875 0.84051894375 0.47803678906249997 0.7987517203125 0.48054313437499996 0.7826027203125 0.48477172187499995 0.7514072546875 0.5017485796875001 0.7514122921874999 0.50261444375 0.7746575046874999 0.5091082390625 0.789482303125 0.5089357359375 0.8392770125 0.4962342890625 0.8499940421875 0.484997721875
0 0.7740295296874999 0.629939696875 0.7740474078124999 0.6330126109374999 0.7766218890625 0.636808671875 0.7914349328125 0.63461596875 0.8102264625 0.62126510625 0.8573257546875 0.608595025 0.8599565312499999 0.5974525500000001 0.832695975 0.5903513234375 0.8281018250000001 0.59040478125 0.800663215625 0.5991526578124999 0.7885808484375 0.6073746046874999 0.7832899140625 0.62460905 0.7740295296874999 0.629939696875
0 0.820930884375 0.765798325 0.8309534859375001 0.7522037 0.826615134375 0.7010377765625 0.81636515 0.67554884375 0.8107246375000001 0.6749876953125 0.8036999281250001 0.675069434375 0.80022705625 0.6797800281249999 0.7983479874999999 0.7040622937500001 0.8045732484375 0.7322936609374999 0.820930884375 0.765798325
0 0.8148704890625 0.7624453765625 0.8141266953124999 0.76245403125 0.8083698359374999 0.770262615625 0.806198096875 0.787464296875 0.806282503125 0.8019725093750001 0.8087069874999999 0.8282140984374999 0.8392452421875 0.8682927578124999 0.8408359296875 0.8322414124999999 0.8408072531249999 0.8273124375 0.83590915 0.815767371875 0.836801640625 0.7955399843750001 0.8295976390625001 0.7727112078125 0.8148704890625 0.7624453765625
0 0.8103423046874999 0.951682428125 0.80607451875 0.9126458828124999 0.7801198984375 0.871017909375 0.7804233640625 0.923179153125 0.7922545750000001 0.9680664984374999 0.8042944750000001 0.9703950078125001 0.8054610046875 0.970381434375 0.8103423046874999 0.951682428125
0 0.5760761234375 0.9930961187499999 0.66822571875 0.9920238609375 0.6514831796875 0.9811068140625 0.624268446875 0.9771776171875001 0.58111439375 0.9776797609375001 0.5713803046875 0.9826713046875 0.5713858 0.9836156453125 0.5760408640625 0.9870355125 0.5760761234375 0.9930961187499999
0 0.5776374875 0.9255544406249999 0.6072694546874999 0.9221791328125001 0.6485101421875 0.9284547609375 0.6509618875000001 0.9284262328124999 0.6638673515625 0.9205103859375001 0.6489544046875 0.9055313734375 0.6340943484375 0.8996432703125 0.6158870484375 0.8975822499999999 0.6050211562500001 0.8977086859375 0.5599921921875 0.905344703125 0.5600067921874999 0.9078543375000001 0.5681800203125 0.921623809375 0.5776374875 0.9255544406249999
0 0.63723161875 0.8387315921875 0.6278192375 0.7835813109374999 0.6136611890625 0.7491606015625 0.6134349390625 0.749163234375 0.60497639375 0.8483877156249999 0.6049773968750001 0.8485602109375 0.6212503390624999 0.86991695625 0.63723161875 0.8387315921875
0 0.6230083015625001 0.74815185625 0.63202864375 0.73591669375 0.6439381562500001 0.6993875125 0.6438205453125 0.679171878125 0.6273923453125 0.6335378328125 0.6214807125 0.659214821875 0.6103696015625 0.6593441125 0.6085831921875 0.66257633125 0.6086022125 0.6658457624999999 0.6104166453125 0.6674303687500001 0.6107851609375 0.730772684375 0.6138860312500001 0.742866803125 0.6230083015625001 0.74815185625
0 0.63021441875 0.6295031828125001 0.641998478125 0.57141065625 0.6398685078125 0.5525662390625 0.63119523125 0.5348795828124999 0.6295932984375 0.5348982234374999 0.6186171828125 0.5460745203124999 0.6146708656250001 0.562294040625 0.61794423125 0.60403775625 0.63021441875 0.6295031828125001
0 0.6189412234375 0.46972323437499997 0.6220264109375 0.47912193593749997 0.6202571140625001 0.522272128125 0.6294342703125 0.5369911421875 0.6354635140625 0.531529784375 0.6450318421875 0.4814284125 0.6450202828125 0.4794414609375 0.6310444140625 0.4364371734375 0.6309284765625 0.4364385234375 0.6319314031250001 0.44531167656250004 0.6189412234375 0.46972323437499997
0 0.616379159375 0.391054778125 0.626579740625 0.4260996625 0.633681809375 0.4314082234375 0.6376594890625 0.4205795375 0.6344880515625 0.3963560390625 0.6393660624999999 0.366647675 0.6381913031249999 0.338357540625 0.634497971875 0.3379528234375 0.6264030078125 0.33804701718749997 0.624065571875 0.34121750781250004 0.6180912140625 0.356112828125 0.6162899796875 0.3757260171875 0.616379159375 0.391054778125
0 0.6232021953125 0.2864077828125 0.6582308734375 0.2839798484375 0.6676413296875 0.279829671875 0.6702897343750001 0.27171749843750004 0.647314040625 0.26087298125 0.5844428796875001 0.2557171625 0.5824610765625 0.255740221875 0.5765737546875 0.26381463437499997 0.5765814171875 0.26513186875 0.602951303125 0.2805824078125 0.6232021953125 0.2864077828125
0 0.47191207031250004 0.3226411703125 0.487744375 0.265849340625 0.4865147328125 0.22812524375 0.48037055625 0.22411343125 0.47661315000000004 0.224157153125 0.4673384953125 0.23104398124999997 0.45785875468750004 0.271212384375 0.45797384374999994 0.29099465625 0.47191207031250004 0.3226411703125
0 0.4963598703125 0.38421285156249996 0.5031513046875 0.3932253484375 0.522019228125 0.39300579999999996 0.5381564765625 0.386757009375 0.54484213125 0.3775876921875 0.5124030937499999 0.36180244375 0.49404931406249997 0.35990096718750003 0.469386240625 0.3601879484375 0.43654839843750004 0.3685210609375 0.4365533609375 0.3693739359375 0.4491489234375 0.3776910140625 0.4963598703125 0.38421285156249996
0 0.416981915625 0.496986975 0.424430646875 0.500611621875 0.43788422968749996 0.496414396875 0.47629393125 0.4959674609375 0.49587684843749996 0.5028107765625001 0.5107016453125001 0.502638275 0.51337355625 0.49856650937499997 0.5146683765625 0.4894599171875 0.509236403125 0.48245193906250006 0.48351874375000004 0.4740937234375 0.46833358281250004 0.47427041875000003 0.4498902 0.4750611390625 0.41763333437499994 0.490589021875 0.41696275624999996 0.49369362499999997 0.416981915625 0.496986975
0 0.406572334375 0.587855775 0.42770958906249995 0.5925541265625001 0.50184533125 0.5937118171875 0.5058414453125 0.5855839625 0.49770230312499997 0.5765871453125 0.46524664531250004 0.5633748671875 0.46232245625 0.5634088937499999 0.4316469359375 0.5743252609375 0.42361945 0.5845203640625 0.4065712578125 0.58767056875 0.406572334375 0.587855775
0 0.500563084375 0.6889588796874999 0.49777951875 0.673838728125 0.4761632859375 0.6649987296875 0.4386451046875 0.66212856875 0.42640516718750004 0.66227099375 0.4039061359375 0.66675340625 0.40390797031250003 0.6670684890625 0.4628389890625 0.6914181765625 0.500563084375 0.6889588796874999
0 0.3961170828125 0.79467150625 0.3867418875 0.804882290625 0.4029085171875 0.8036840046875 0.409605925 0.7965348890625 0.42306538437499996 0.793347765625 0.4662332046875 0.7999166468750001 0.476979615625 0.7937305859375 0.48097573125000004 0.78560273125 0.4647209515625 0.7716495015625 0.443491996875 0.7714545734375 0.4132632703125 0.7718063171875 0.37487365625 0.779687134375 0.37487510468749996 0.779936253125 0.3866243546875 0.7846802703125 0.3961170828125 0.79467150625
0 0.413312453125 0.9406161828125 0.4193096625 0.945853740625 0.4283613671875 0.9390094156250001 0.44325413906250005 0.8943587171875 0.4380389765625 0.8661155984375 0.4270154578125 0.8372757390625001 0.42522267031250005 0.8372966 0.4176879828125 0.8407442015625 0.42082805624999997 0.859576865625 0.41306883125000005 0.8987413999999999 0.413312453125 0.9406161828125
0 0.4370678296875 0.9949819515625 0.4464428296875 0.9948728640625 0.44644136874999996 0.9946217328125 0.4437014421875 0.96496594375 0.43681554531250005 0.9516178875 0.4370678296875 0.9949819515625
0 0.21488173437500002 0.9440908609375 0.215135221875 0.9876618296874999 0.21909883125000001 0.9975182515625001 0.23721312968750002 0.997307471875 0.23685067656249997 0.9350069281250001 0.23193857968749998 0.9301767984374999 0.2211275234375 0.9303025968749999 0.21488173437500002 0.9440908609375
0 0.2008436046875 0.8934227874999999 0.2358840359375 0.8930150546875 0.2493905078125 0.897908740625 0.2709009609375 0.8885669187499999 0.2938178890625 0.889310425 0.308583921875 0.879036915625 0.3085545390625 0.873986409375 0.3004095203125 0.863979490625 0.29203382968749997 0.862285478125 0.28302627343750003 0.8623902906250001 0.25592925 0.863486896875 0.2004800421875 0.8859523671874999 0.20051375624999998 0.8917472234374999 0.2008436046875 0.8934227874999999
0 0.0850405171875 0.9637017125 0.080926871875 0.9516275484375001 0.0452653859375 0.9495376015625 0.03603254375 0.949645034375 0.0055801453125 0.9591455171875 0.0056996546875 0.9796875 0.00955818125 0.9796426015625 0.044673892187499994 0.9752832843749999 0.0649071546875 0.97807835625 0.0850405171875 0.9637017125
0 0.0888180109375 0.865871209375 0.10629709062499999 0.858596634375 0.110275575 0.8474384796875001 0.0954037640625 0.8395301734375 0.077808328125 0.8382139203125 0.054816242187499996 0.83848145625 0.0159418296875 0.8495463203125 0.006584621875 0.8632113312499999 0.0066382515625 0.8724294499999999 0.0888180109375 0.865871209375
0 0.061641625 0.7886550875 0.07763074375 0.7588174328124999 0.0765579171875 0.7480475156249999 0.068296771875 0.7171442406249999 0.063199221875 0.70911675625 0.0581487171875 0.7091755234375 0.05210379375 0.7119414609375 0.0421674375 0.740360884375 0.033147096875 0.752596046875 0.032530328125 0.7568842171875 0.032547485937499995 0.7598336265625 0.0464273828125 0.77804971875 0.053303126562500004 0.8103169171875001 0.056379870312500004 0.810281115625 0.061641625 0.7886550875
0 0.281332059375 0.830117171875 0.2882694734375 0.8071238468749999 0.286021890625 0.768063796875 0.2576801140625 0.7283011234375001 0.2464417875 0.7284318937500001 0.2465366 0.7447286875 0.2597514234375 0.7670216796875 0.25999448593749996 0.8088006546875001 0.2651469203125 0.8262621031249999 0.281332059375 0.830117171875
0 0.27901235625 0.6923888234375 0.279137809375 0.7139521656250001 0.2891604109375 0.700357540625 0.296089984375 0.67601650625 0.2947740953125 0.6234676125 0.2879751859375 0.61231578125 0.283596671875 0.6123667296875 0.27756317343750003 0.6169288796875 0.266359675 0.6603674453124999 0.2664277234375 0.672063815625 0.27901235625 0.6923888234375
0 0.29008287187500004 0.6013025796875 0.2911870609375 0.61746333125 0.3031671421875 0.5930635296875 0.29590041562499997 0.5594530828125001 0.28763927031250003 0.52854980625 0.2758657296875 0.520262946875 0.2739539546875 0.5202851921875 0.2718204046875 0.5246305921875 0.2719433 0.5457545484375 0.2737252375 0.5677979140625 0.29008287187500004 0.6013025796875
0 0.2943121578125 0.5216615578125 0.3012730953125 0.5027113578125 0.3000356140625 0.463639553125 0.29386523593749997 0.4448421515625 0.28370934375 0.43552572500000003 0.27754680625 0.41807603125000004 0.27311272343750004 0.41560039375 0.271186215625 0.41562281093750003 0.2712757 0.431003853125 0.2777271421875 0.4490733359375 0.275840234375 0.47200789375 0.2851820453125 0.5150287953125 0.2943121578125 0.5216615578125
0 0.0460016828125 0.6579924625 0.06836848125 0.70086180625 0.07251521250000001 0.7008135546875 0.0722094234375 0.6482529078125 0.06388555312500001 0.6065679609375 0.056899590624999996 0.5962533203125 0.0498954375 0.5963348203125001 0.04665895 0.597333809375 0.0426173328125 0.6105692984375 0.04269439375 0.6238149671875 0.0460016828125 0.6579924625
0 0.055420107812499994 0.6097928890625 0.06937334375000001 0.577283325 0.0722860359375 0.55703243125 0.06802609062500001 0.5193435953125001 0.062881496875 0.5032298578125001 0.057464034374999994 0.5024904046875001 0.05359520156249999 0.5025354234375 0.048328678125 0.5179097859375 0.048565409375 0.558600446875 0.054253190625 0.582850465625 0.055420107812499994 0.6097928890625
0 0.07105250156250001 0.470506953125 0.0605751375 0.4059344625 0.053449543749999995 0.396582775 0.0443586359375 0.3966885578125 0.040357435937500005 0.4034741171875 0.03704213125 0.458040875 0.037081707812499996 0.464843553125 0.04482908125 0.4775510921875 0.04684063125 0.4977446875 0.0564463015625 0.497632915625 0.07105250156250001 0.470506953125
0 0.029519290625 0.335616753125 0.009949623437500001 0.338290971875 0.005114834375 0.3419869953125 0.0051381562499999995 0.34599584375000003 0.005982890625 0.35146933125 0.0987756734375 0.3629377875 0.1033135421875 0.362884984375 0.1082909140625 0.3495670171875 0.108288584375 0.34916644531249996 0.10162908749999999 0.3432852 0.08407948750000001 0.3384385609375 0.0414012296875 0.33547849531249996 0.029519290625 0.335616753125
0 0.0649250109375 0.28995223281250004 0.0790395203125 0.3084762359375 0.08026011093749999 0.3084620328125 0.0953221296875 0.30577213125 0.090036403125 0.26539963125 0.071888934375 0.2101152765625 0.0694481296875 0.21014367812499998 0.0614556265625 0.2145157953125 0.057557331249999996 0.224056675 0.057778540625 0.2620793203125 0.0649250109375 0.28995223281250004
0 0.0785047640625 0.1803979015625 0.0896864421875 0.1923979921875 0.09876167031250001 0.18959679062499998 0.1027001453125 0.1720295609375 0.102402196875 0.12081662343749999 0.07335596718750001 0.1038410125 0.07294625 0.10384578124999999 0.066364309375 0.12631294843750002 0.066422615625 0.13633478593749998 0.0692256765625 0.14815867031250002 0.0785047640625 0.1803979015625
0 0.3408661125 0.38244713125 0.3408249765625 0.3753764234375 0.3124349390625 0.3605542328125 0.294512028125 0.3559723703125 0.23959078281249999 0.3566114375 0.239596109375 0.3575271578125 0.245055371875 0.3623484328125 0.24242459843750003 0.3734909078125 0.3301138234375 0.3876230921875 0.3408661125 0.38244713125
0 0.29234576093750003 0.243601596875 0.2845629015625 0.294908565625 0.29281620468749997 0.32446413125 0.30289369375 0.32030346875000004 0.308516215625 0.32768251406250004 0.3090427390625 0.3276763859375 0.31178074375 0.28515725625 0.3085309 0.24745666718749998 0.300371684375 0.23407360625 0.29234576093750003 0.243601596875
0 0.27703669531249997 0.197347828125 0.282134246875 0.2053753140625 0.294286821875 0.21062510625000003 0.30132616562500003 0.2051519953125 0.30728484218749996 0.18756125937499998 0.3091717515625 0.1646267 0.30607088125000004 0.15253258125 0.30094196875 0.139114259375 0.29325784375 0.13409694375 0.29265701875 0.1341039359375 0.28382513593750003 0.1487480328125 0.2760771625 0.181948521875 0.2760925359375 0.18459105625 0.27703669531249997 0.197347828125
0 0.46684759062500003 0.2047275203125 0.46726846718750004 0.2164805328125 0.47537279843749997 0.22042963124999998 0.48441666406249995 0.21223759531250003 0.4963104921875 0.1730129953125 0.49307633125 0.1380078234375 0.489924375 0.131808521875 0.48699607812499995 0.1318425953125 0.47592813749999996 0.1422507609375 0.47094819687499995 0.154438909375 0.46669853437500003 0.1791067375 0.46684759062500003 0.2047275203125
0 0.6153495015625 0.2140713984375 0.6161698421875 0.23422991718750003 0.6202494515625 0.24092144843750002 0.632315778125 0.23134644375 0.6373035578125 0.220506003125 0.6411244203125 0.18272313906249998 0.6388857515625 0.13788822812499998 0.6323394171875 0.1379644015625 0.6297545640625 0.13837803437500001 0.6237410031249999 0.1465348109375 0.61510718125 0.1724202671875 0.6153495015625 0.2140713984375
0 0.7775907281250001 0.21107649843749998 0.7927892859375001 0.21898644687500002 0.7905730656250001 0.1853172328125 0.7986225109375 0.1798323671875 0.7975653671875 0.17175786875000001 0.78945319375 0.1664610609375 0.77717516875 0.139647928125 0.7712331265625 0.134785621875 0.7660176843750001 0.134846309375 0.7602313453125 0.1383570046875 0.760415971875 0.17009170625 0.764326121875 0.18831824375 0.7775907281250001 0.21107649843749998
0 0.7618765984375 0.1325262078125 0.7669584671874999 0.137858275 0.776041534375 0.136404784375 0.7810449968750001 0.12825976249999999 0.782790771875 0.0810664453125 0.7724134390625 0.0300773 0.7722876640624999 0.030078764062500003 0.7519109875 0.05115458125 0.7519831875 0.0635647 0.7535527281250001 0.0908412609375 0.7618765984375 0.1325262078125
0 0.721728909375 0 0.74493956875 0.0144631453125 0.7934512109375 0.012888490624999999 0.8068812875000001 0.0046508625 0.8029376312500001 0 0.721728909375 0
0 0.6141040703125 0 0.61433516875 0.039722456249999996 0.6163313859375 0.0407613703125 0.6223763109375 0.0379954296875 0.625320365625 0.023135371874999998 0.6256086296875 0 0.6141040703125 0
0 0.61168375 0.121160503125 0.61360869375 0.1298900640625 0.625753428125 0.13379214687500002 0.63976155 0.1107165453125 0.6446630796874999 0.085051309375 0.6404547765624999 0.0378632015625 0.6278407984375 0.038009978124999996 0.614093465625 0.039581815625 0.6202952046875 0.063770053125 0.6114640828125 0.0834030765625 0.61168375 0.121160503125
0 0.4694072828125 0.0599683734375 0.46919076562499995 0.070306653125 0.4693672578125 0.10064323593749999 0.476885709375 0.1299669609375 0.48491163125 0.12043896875 0.4945057609375 0.12415890624999999 0.4939755015625 0.0330151671875 0.4904233859375 0.026028825 0.48752291249999996 0.0255792734375 0.48201582031249995 0.025643353125 0.4694072828125 0.0599683734375
0 0.49905529218750005 0 0.49696773906249997 0.0101589296875 0.4969916515625 0.0142689328125 0.50171976875 0.0351123890625 0.5078038968749999 0.039084993750000005 0.5075765078125001 0 0.49905529218750005 0
0 0.279367334375 0.0298063421875 0.274606934375 0.0797303359375 0.2839487484375 0.1227512390625 0.2940105546875 0.11589515937499999 0.3049491703125 0.0861162734375 0.3066443 0.0642109453125 0.306624959375 0.060886453125 0.30163660000000003 0.0376340140625 0.294485721875 0.021575040625 0.28535753124999996 0.02168125625 0.279367334375 0.0298063421875
0 0.060410509375 0 0.053220935937500005 0.0158717671875 0.053332793749999996 0.0350985421875 0.0551838421875 0.0910507453125 0.060273551562500007 0.09773052343750001 0.0693723015625 0.09897245 0.0773982234375 0.089444459375 0.079347859375 0.0772915703125 0.0781103765625 0.038219765625 0.0610083859375 0 0.060410509375 0
0 0.9385710843749999 0.20138914218749998 0.9507315000000001 0.20798664531250002 0.9567529 0.20117757812499998 0.9513809265625 0.1459802828125 0.94333499375 0.132783034375 0.934451784375 0.13288640000000002 0.9274900593750001 0.14865230000000001 0.9275702640624999 0.1624383765625 0.9293312015625 0.17588845625 0.9385710843749999 0.20138914218749998
0 0.932802234375 0.09742339375 0.9678485421874999 0.09802576406249999 0.9759171671875 0.09490136875 0.9812844953125 0.0907982359375 0.9744636796874999 0.07673523125000001 0.9309302562499999 0.068860540625 0.9223175453125 0.0689607578125 0.8922299312499999 0.07365143125 0.8787110140625 0.0905092484375 0.8787204093750001 0.09212426093750001 0.932802234375 0.09742339375
0 0.9003271937499999 0 0.9045117703125 0.003791046875 0.9247744156250001 0.011636625000000001 0.9692429328125 0.0101090171875 0.9786416359375 0.0039386375 0.97729975 0 0.9003271937499999 0
0 0.751613378125 0 0.751783890625 0.0293084671875 0.757452265625 0.049002659375 0.7575510296875 0.049001509375 0.7745047828125 0.02329981875 0.7743692281250001 0 0.751613378125 0