0 0.924328415625 0.9355787546875 0.9162807562499999 0.9230991078124999 0.9088935593749999 0.8955894015625001 0.893457603125 0.893290925 0.888230384375 0.9022862484375 0.8845834890625 0.9388693203124999 0.885195171875 0.9598915 0.8856169749999999 0.9650994859375001 0.9235831609374999 0.9635524828124999 0.9250196828125 0.9593360640625 0.924328415625 0.9355787546875
0 0.9111715515625001 0.8608109515625 0.9149030484375 0.8606589046875 0.9208730265625 0.857382996875 0.9201923937500001 0.8339911843750001 0.9114204640624999 0.8343486140625 0.9052222125 0.8417266515625 0.9055748781249999 0.853846940625 0.9111715515625001 0.8608109515625
0 0.8919233265625 0.8685433625 0.900566815625 0.8920681234375 0.9036949609375 0.8924026484375001 0.910857978125 0.8921107781250001 0.9165887875 0.8767780640625 0.9141310328125 0.8300391171875001 0.8978882734375 0.7972137499999999 0.8977673359375 0.7972186781249999 0.8908930734375 0.8331358312500001 0.8919233265625 0.8685433625
0 0.8679876734375 0.74485131875 0.8681654296874999 0.7509604328124999 0.8809537093750001 0.754101909375 0.9242797296875 0.752336509375 0.9467655921875 0.742884953125 0.9494662359375001 0.7350903734374999 0.936085009375 0.7279510765625 0.8863774062499999 0.72997650625 0.8691206890625001 0.7405597859374999 0.8679876734375 0.74485131875
0 0.886306203125 0.5781868984375 0.8852370609375001 0.584987978125 0.88698408125 0.6450291781249999 0.8975879640625 0.6640867796875 0.9059246906249999 0.6686093843750001 0.908713034375 0.6684957671875 0.9140353343750001 0.6634165999999999 0.9189222375 0.642725371875 0.90853380625 0.58752724375 0.90165708125 0.5775613984375 0.8906070890625 0.5750842078125 0.886306203125 0.5781868984375
0 0.8706176171875001 0.512656790625 0.871740009375 0.5234060046875 0.881192571875 0.5464403890625 0.8846938578125 0.547454978125 0.8905874984375 0.5472148296875 0.9060620171875 0.49566049999999995 0.9074892890624999 0.469255353125 0.89685515625 0.443341671875 0.8738713812500001 0.44574190937499997 0.869785171875 0.48404750781250006 0.8706176171875001 0.512656790625
0 0.8834122843750001 0.3609845375 0.8848720625000001 0.411153884375 0.890633446875 0.4251934609375 0.8949063374999999 0.42501935468749996 0.9052365359375001 0.4213873921875 0.910293596875 0.40654411562500004 0.9098256625 0.3904622453125 0.89943723125 0.33526411718750004 0.8876310640625 0.3445275125 0.8834122843750001 0.3609845375
0 0.8467274609375 0.27624203125 0.86579711875 0.2776605859375 0.900650996875 0.2902509609375 0.90189965625 0.29020008124999996 0.9417247953125001 0.27127339687499996 0.9443616296874999 0.26128583125 0.9324104859375 0.25299047343750003 0.854988915625 0.2583407453125 0.8478384968749999 0.26412105937499997 0.8467274609375 0.27624203125
0 0.8660529218749999 0.1407251046875 0.8661999109374999 0.1457767921875 0.8826915546875 0.1978763328125 0.8896899203125 0.20152949687500002 0.8908960609375001 0.20148035000000003 0.9021731609374999 0.1883001875 0.8982455921874999 0.1665043984375 0.9051978593750001 0.1413378484375 0.8873466875 0.0937624125 0.86656543125 0.13412966875000001 0.8660529218749999 0.1407251046875
0 0.8715215593750001 0 0.8709500718750001 0.004370475 0.8542144609375001 0.0328631109375 0.8500923171875 0.0760644828125 0.8501271984375001 0.0772633234375 0.8559585828125 0.09280463125 0.8664236171875 0.09923025937499999 0.8701418999999999 0.0990787515625 0.8816362812499999 0.06980251875 0.8792210624999999 0.024525559375 0.8816932890625001 0 0.8715215593750001 0
0 0.642377934375 0.0570925703125 0.6197006375 0.0612224921875 0.6197158921875 0.0617467515625 0.6429522171875 0.0768294125 0.657270184375 0.081158615625 0.6767520578124999 0.080364790625 0.7291776234375 0.07221820625 0.737758125 0.0652818296875 0.7360409 0.0565694703125 0.7049243859375001 0.0435660859375 0.6698047609375 0.043899309375 0.642377934375 0.0570925703125
0 0.6709506171874999 0.1398727625 0.67843243125 0.20836281875 0.6894274625000001 0.23002614999999998 0.6968998875 0.229721671875 0.6977108734375 0.22953310781249997 0.7089640265625 0.201263865625 0.701449209375 0.16936819375 0.705112003125 0.144335678125 0.689293190625 0.12887930625 0.6709506171874999 0.1398727625
0 0.650845021875 0.271372609375 0.6511045796875 0.28029303125 0.6541903546875 0.291236684375 0.6675077734375 0.296182996875 0.67749123125 0.3071657875 0.6844688953125 0.30688146875 0.7291027109375 0.30025994218749996 0.74921959375 0.28736453906250004 0.74457839375 0.2787713234375 0.703323675 0.26947441250000004 0.6548866328125 0.2648613234375 0.650845021875 0.271372609375
0 0.6910154359375 0.41538404843750004 0.7058423953124999 0.44029788124999997 0.7106442125 0.44191357656249997 0.7137533687500001 0.4417868875 0.7199170890625 0.3958127296875 0.71337114375 0.359486415625 0.7029922484375 0.34234466406249997 0.69219749375 0.348639403125 0.6895613046875 0.3654088453125 0.6910154359375 0.41538404843750004
0 0.702950234375 0.5435349171875 0.712946275 0.5475187734375 0.7272336625 0.5103435671875001 0.72778365 0.4962328484375 0.7277098703125 0.49369719375 0.7181118828125 0.460948715625 0.709382490625 0.46276813125 0.6929903000000001 0.48325576875 0.6933560078125 0.49582429531249994 0.6959458921875 0.52918310625 0.702950234375 0.5435349171875
0 0.7093226078125 0.6682176234375 0.716328471875 0.68728530625 0.7171356109375 0.6872524171875 0.72881085625 0.6499091984375001 0.7297701937500001 0.60742218125 0.7225106140625 0.5842984390625 0.7094377984375 0.587758559375 0.7075079 0.60585013125 0.7093226078125 0.6682176234375
0 0.7082264765625 0.7380726390625 0.7101426656250001 0.77641728125 0.7257622687499999 0.8026629953125 0.7265356515625 0.8026314812500001 0.7351492656249999 0.7680797328125 0.7373327125 0.729934 0.7243354390625 0.698261721875 0.7145946359375001 0.7030497953125 0.707788675 0.7230263734375 0.7082264765625 0.7380726390625
0 0.7228991234375 0.80515820625 0.7160319375 0.8332487343749999 0.71484126875 0.8578816937499999 0.71542606875 0.8779799515625 0.73464881875 0.907139959375 0.751138728125 0.9079317671875 0.7482130375 0.8451109499999999 0.73938903125 0.8059500156249999 0.731543434375 0.8004148125 0.7228991234375 0.80515820625
0 0.7310564671875001 0.8970219875 0.7202191765625 0.9018547390625 0.7180072421875 0.9129258312499999 0.719407909375 0.9610636250000001 0.72185273125 0.97177236875 0.746375903125 0.970773125 0.7451567781249999 0.9288745078125 0.7310564671875001 0.8970219875
0 0.2565538140625 0 0.258114028125 0.0536211125 0.2589246 0.053588084375 0.265696996875 0.0242618296875 0.27522510312500004 0.012163815625000001 0.27578175625 0 0.2565538140625 0
0 0.0322857 0 0.029930573437500003 0.0071442203125000004 0.0299520421875 0.0078820671875 0.0389256390625 0.020429190625 0.03720059375 0.03660041875 0.0463420375 0.057557103124999995 0.051286753124999994 0.0573556203125 0.0575329875 0.056264042187499995 0.0618106703125 0.0523639015625 0.0602870359375 0 0.0322857 0
0 0.036614639062499996 0.1433250296875 0.0330395984375 0.1677578109375 0.03306624375 0.1686735046875 0.038265782812499996 0.18303438593750002 0.06773102656249999 0.1818337703125 0.07107380156250001 0.15802186406250002 0.07005285312500001 0.12293414531249999 0.05810953125 0.08975520000000001 0.0460906671875 0.091708653125 0.0325169140625 0.1156812875 0.036614639062499996 0.1433250296875
0 0.45453472812499995 0.0837490796875 0.45630515000000005 0.10560834687500001 0.4742868265625 0.14023825 0.475424021875 0.14019191250000002 0.49438456718749996 0.0938106765625 0.49028684218749996 0.0661669359375 0.4705830046875 0.0303767640625 0.4618961546875 0.0336581703125 0.453847084375 0.060116284374999995 0.45453472812499995 0.0837490796875
0 0.48408700156249995 0.13983892343749998 0.4793056796875 0.15849036249999998 0.4599031453125 0.16072299375000001 0.46005124531249997 0.165812890625 0.4645598921875 0.2176400734375 0.475151484375 0.24209176718749997 0.48575455468750006 0.253968709375 0.49666635625 0.2535240875 0.507493209375 0.2217455625 0.5081643046875 0.207081 0.4977428703125 0.1884772609375 0.49364514374999996 0.1608335171875 0.484480175 0.139822903125 0.48408700156249995 0.13983892343749998
0 0.273688940625 0.0562935796875 0.26433099531250004 0.07423954687499999 0.256348721875 0.10047809062499999 0.2569802765625 0.1221832078125 0.2697049046875 0.1457429390625 0.27709210156249997 0.17325264375 0.2829456515625 0.17932185625 0.2845274921875 0.17925739999999998 0.29227282187500003 0.166779190625 0.298128596875 0.14165731718750002 0.3041449953125 0.08432702343750001 0.2913178796875 0.0585026984375 0.283472284375 0.0529674953125 0.273688940625 0.0562935796875
0 0.288984215625 0.254347690625 0.299221253125 0.2670857609375 0.30705963281250004 0.26907173281249996 0.309375971875 0.2689773484375 0.32527226875 0.2191851703125 0.32637118906249996 0.1951719296875 0.3261604421875 0.1879290234375 0.3190996453125 0.157960375 0.30581413125 0.154110553125 0.29270831249999996 0.194165059375 0.29467686406250004 0.22409114218749998 0.2889818671875 0.2542669671875 0.288984215625 0.254347690625
0 0.274524578125 0.3162576625 0.2506108640625 0.3333871609375 0.25062060937499997 0.3337221015625 0.2721110765625 0.333920665625 0.306374296875 0.34575293125 0.321545228125 0.34513476249999997 0.34845351562500004 0.34178786250000004 0.372828746875 0.32432777968750004 0.3711753296875 0.317808403125 0.3532805203125 0.30646185937500003 0.2919408203125 0.3111568390625 0.274524578125 0.3162576625
0 0.48959938437500006 0.32110360937500004 0.490487903125 0.35164000781250004 0.496672578125 0.36772156875 0.5082987578125 0.3672478375 0.5150924546875 0.3488208671875 0.5167654265625 0.293131275 0.5034278390625 0.24976309218749998 0.5031395984375 0.2775855484375 0.49049217812499996 0.2956655515625 0.48959938437500006 0.32110360937500004
0 0.5313470140625001 0.41179384375000005 0.534517065625 0.4273630875 0.5497498609375 0.460407996875 0.560034346875 0.46369398281249996 0.562368675 0.463598865625 0.5692740046875 0.452293840625 0.5677425828125 0.3996622609375 0.5383255765625 0.3644599859375 0.5381375296875001 0.3644676484375 0.5311664875 0.40558953124999997 0.5313470140625001 0.41179384375000005
0 0.3225243703125 0.4268894625 0.307513809375 0.43921086875000004 0.3070265828125 0.444317153125 0.307149659375 0.44854702187499995 0.31574226250000004 0.4579039671875 0.3299211046875 0.4924555421875 0.3365902984375 0.49469956562500006 0.337840984375 0.49464860312500003 0.3427812234375 0.4816854828125 0.34470943125 0.43476782031249994 0.335044171875 0.40442349375 0.32607375312500003 0.391880815625 0.3258639734375 0.39188936406249997 0.3225243703125 0.4268894625
0 0.0497124046875 0.4221151703125 0.04794755625 0.46505785624999996 0.048082965625 0.469711571875 0.0639720921875 0.50580790625 0.0649997015625 0.505766034375 0.06959593593749999 0.50180966875 0.08253160000000001 0.455907209375 0.0773799234375 0.429770134375 0.0668973609375 0.40557014999999996 0.053568103125 0.40611327499999994 0.0497124046875 0.4221151703125
0 0.10323503125 0.32200216406250004 0.0944631015625 0.32235959375 0.0743462171875 0.335254996875 0.049364796875 0.3318817453125 0.011697398437500001 0.348250225 0.0120094296875 0.3589740015625 0.0445377921875 0.36720775156249996 0.065005628125 0.36637375156249996 0.104287884375 0.35818637343750004 0.1171586375 0.3477818109375 0.118269675 0.3356608359375 0.10323503125 0.32200216406250004
0 0.039159107812499996 0.24036215312500003 0.034229665625 0.2595913921875 0.0476427984375 0.26782718125 0.059501040625 0.29808215 0.064586228125 0.305545759375 0.0720284671875 0.3052425109375 0.071723065625 0.2653822625 0.0865209296875 0.245750915625 0.05998290625 0.20145688593750002 0.045813599999999996 0.204961684375 0.036455651562500004 0.2229076515625 0.039159107812499996 0.24036215312500003
0 0.3228931390625 0.6125841203125 0.3336444375 0.6121460390625 0.348169528125 0.567989053125 0.34816650312499997 0.5678850890625 0.3447045640625 0.524205984375 0.3295568484375 0.4940850515625 0.3197735046875 0.49741113593749997 0.3141009609375 0.5261578375 0.316590709375 0.6117249375 0.3228931390625 0.6125841203125
0 0.532472634375 0.54307125625 0.53091774375 0.5650904375 0.5398426140625 0.58027881875 0.541022765625 0.58023073125 0.5563072 0.569910784375 0.553509128125 0.5114759296875 0.5382763328125 0.4784310203125 0.5230132578125 0.5017243625 0.5236262328125 0.522790959375 0.532472634375 0.54307125625
0 0.49730152031249997 0.639572175 0.4973923734375 0.6426945796875 0.5172641812500001 0.6655503546875 0.5611454796875 0.6654501828125 0.575683115625 0.66485781875 0.6032662546875 0.653263709375 0.60447300625 0.6444322062500001 0.5910598734375 0.6361964203125 0.535312890625 0.6318811890625 0.5031172421875 0.6320952703125 0.49730152031249997 0.639572175
0 0.5428661531250001 0.75391768125 0.5524361046874999 0.8036236062500001 0.5608412375 0.8093830109375 0.5647605046875 0.8092233140625 0.5733119765625 0.8042366984375 0.58240515 0.7394624296875 0.5683964640625 0.7107588046875 0.5544398546875 0.7215735453125001 0.5427076937499999 0.7484717703125 0.5428661531250001 0.75391768125
0 0.5181654515624999 0.8727491734375 0.523801365625 0.8806294593749999 0.5370868796875 0.88447928125 0.5447477703125 0.8962428265625 0.5513125734375001 0.897375015625 0.5576059765625 0.8971185796875 0.61155256875 0.8781516640625 0.6111378078125 0.8638972781250001 0.59194053125 0.8580927578124999 0.5464593718749999 0.8544570171875 0.51813858125 0.8718257218750001 0.5181654515624999 0.8727491734375
0 0.6217119265625 0.9742884406250001 0.6221135484375 0.97134920625 0.5955106171875 0.9625530734375 0.516210953125 0.9668673546875001 0.5162878531249999 0.9695102125 0.52026979375 0.9784218906250001 0.6217119265625 0.9742884406250001
0 0.4014156640625 0.9720261875 0.34430240625 0.9710599999999999 0.338709690625 0.9800702156250001 0.326525259375 0.9878807281249999 0.41772525156249996 0.9841646140625 0.4192147609375 0.980083259375 0.4014156640625 0.9720261875
0 0.3526945875 0.9273690140624999 0.35392532656250003 0.927318865625 0.364714996875 0.9215667140624999 0.3645669046875 0.9164770875 0.359998703125 0.8630747390625 0.3414764359375 0.8301638640625001 0.33937648125000003 0.857188021875 0.33979451875 0.8715550593750001 0.3429323140625 0.9179278421875001 0.3526945875 0.9273690140624999
0 0.34114378125 0.7594659421875 0.3388093015625 0.7839320296875 0.33925875781250003 0.79937885 0.3472110234375 0.8243451859375 0.3590812734375 0.8238615109375 0.363721234375 0.81855856875 0.3663300765625 0.7950327203125 0.37252616875 0.7816067531249999 0.3731451890625 0.7274238296875 0.3545048375 0.728183365625 0.34114378125 0.7594659421875
0 0.323790246875 0.6189513484375 0.3234924703125 0.60871743125 0.31531609375 0.6295426953125001 0.3064165453125 0.625514159375 0.312206315625 0.673581059375 0.32457503125 0.7213798875 0.33289705625 0.723245521875 0.3360680671875 0.7231163125 0.34190619375 0.7133550890625 0.3499124125 0.68668186875 0.3573326140625 0.6775971890625 0.34374932343750003 0.6635134500000001 0.3316783828125 0.6259485406249999 0.323790246875 0.6189513484375
0 0.0177437734375 0.556050621875 0.018119396875 0.5689599656250001 0.0286263671875 0.5783987296875 0.057066396875 0.5843069171875 0.0705968265625 0.5837555953125 0.11911011875 0.5692228421875 0.127658715625 0.561189975 0.11561185781250001 0.54960514375 0.0758829375 0.5424416437499999 0.0554151015625 0.54327564375 0.0177437734375 0.556050621875
0 0.08902255625 0.70775505625 0.14273326718749998 0.6923930171875 0.1438124015625 0.6791755515625 0.1318931625 0.671976684375 0.0719197375 0.6733226234374999 0.020223949999999997 0.695052084375 0.02028763125 0.6972406453125 0.0626748625 0.7077308515625 0.08902255625 0.70775505625
0 0.063146615625 0.7723623671875 0.066467678125 0.808527359375 0.08199825 0.8518061859375001 0.0903803453125 0.8551468171875 0.0922771796875 0.8550695265625 0.1001706671875 0.834964778125 0.10302520781249999 0.7821544859375 0.0865683046875 0.7447682906249999 0.0716428234375 0.7600136734375 0.06268340781250001 0.75644295625 0.063146615625 0.7723623671875
0 0.053785815625 0.9323214875 0.07244440156250001 0.962253621875 0.09490533749999999 0.9613384093749999 0.1003914609375 0.9494508328125001 0.0941337578125 0.8853020640624999 0.0792412796875 0.8639530609375001 0.068276365625 0.864399846875 0.058162245312500006 0.8940863984374999 0.053785815625 0.9323214875