0 0.96286886875 0.1014055953125 0.9670776359375 0.12803028125 0.967318371875 0.12804430312499998 0.9717060984374999 0.10902590937500001 0.99078631875 0.08029366875 0.9906916203125 0.07034030937499999 0.9544558656250001 0.068229815625 0.9513724921875 0.0808403171875 0.96286886875 0.1014055953125
0 1 0.1931588734375 0.978368221875 0.1911106125 0.9746921625 0.202254371875 0.9747087421874999 0.202661271875 1 0.2115353125 1 0.1931588734375
0 1 0.2932920953125 0.9727235046875 0.2917034203125 0.9723034390624999 0.2966528765625 0.9728113234375 0.3091172609375 0.9759552296875 0.3274196671875 0.9809807781250001 0.3330417765625 0.9838023625 0.3332061140625 1 0.3090589953125 1 0.2932920953125
0 1 0.39097214375 0.9693903031250001 0.38918933125 0.968039803125 0.41184860624999997 0.9749144140625001 0.42361797343749996 0.9767855046875 0.44503044062499997 0.9790096875 0.44515998437500004 0.985226325 0.441272021875 1 0.41690607343749997 1 0.39097214375
0 1 0.5370179359375 0.955739778125 0.540494875 0.95574116875 0.5405289859375 1 0.561819278125 1 0.5370179359375
0 1 0.6442758140625 0.9891394453125001 0.643643259375 0.9834275281249999 0.6844240312500001 0.9834314859375001 0.68452115625 0.9951078609374999 0.6837822609375 1 0.6878483625 1 0.6442758140625
0 1 0.732973734375 0.970634146875 0.73126336875 0.9687559328124999 0.7339962171875001 0.9672855406249999 0.7473372031250001 0.9673480296875001 0.748870775 0.9725759593750001 0.775431209375 0.9910895249999999 0.8184148 0.9916138390624999 0.8184453375 1 0.7887780249999999 1 0.732973734375
0 0.8245875515625001 0.7631480390625 0.8269909390624999 0.7959737984374999 0.822055365625 0.8056341781249999 0.8281517234375 0.8104835453125 0.84045474375 0.8112001140625 0.84252864375 0.8110899734375 0.8526319640625 0.7974672171875 0.8541882781249999 0.7833466546875 0.848115409375 0.7389382062500001 0.8331581437500001 0.7380670453125 0.8245875515625001 0.7631480390625
0 0.8279766937499999 0.6413133515625 0.8287130578124999 0.6747526125000001 0.8297585734374999 0.7004114078125 0.8330736890624999 0.7140873765625 0.8590521015625001 0.6715457015624999 0.8516206390625 0.6199525234375 0.8471149578125001 0.6140056140625 0.8312634484375 0.61734573125 0.8279766937499999 0.6413133515625
0 0.825287159375 0.552419553125 0.825948209375 0.5686428703125 0.834291734375 0.594169096875 0.8345298484375 0.5941829656250001 0.8511572578125 0.5613331703125 0.8547342328124999 0.54448805625 0.8550716234375001 0.5004529640625 0.8471866828125 0.49004587187500004 0.8358988984375 0.5007574 0.825287159375 0.552419553125
0 0.854249209375 0.3739497421875 0.8434602343750001 0.42306058125 0.8303839640625 0.44219466562500004 0.8291229203125001 0.45527843125 0.8292332046875 0.4579849796875 0.8344721375 0.4616823 0.8358080250000001 0.46176010625 0.8414159874999999 0.4513639328125 0.85934620625 0.446723765625 0.8673708171875001 0.434401059375 0.8757092359374999 0.4036220609375 0.8658852578125 0.3717852234375 0.854249209375 0.3739497421875
0 0.7960915703125 0.2949743625 0.79611745 0.2956095140625 0.83190003125 0.31449978437500004 0.8563549500000001 0.321106771875 0.8766095640625 0.3222864703125 0.8876297187500001 0.3220090328125 0.8931535921875 0.3180673984375 0.8912066953125001 0.30516391875000004 0.8637058390625001 0.29290377031250003 0.8094006515625001 0.285477490625 0.7960915703125 0.2949743625
0 0.8349810953125001 0.1836874328125 0.7931016703125 0.1833415 0.793126775 0.183957596875 0.8363741515625 0.2178754671875 0.8631658140624999 0.22174078437500003 0.8802657796875 0.22273674375 0.8976277125 0.22144308124999998 0.9059135218750001 0.21553063125 0.893864515625 0.198841246875 0.8693432609375 0.18995216406249998 0.8480192734375 0.1897760234375 0.8349810953125001 0.1836874328125
0 0.807389725 0.1033214625 0.8359752484375 0.107924103125 0.8537810828125 0.108961175 0.8685997515625001 0.10582070156250001 0.865184821875 0.0917658765625 0.8148048749999999 0.0760414921875 0.76049998125 0.0718375625 0.7605313015624999 0.0726062375 0.807389725 0.1033214625
0 0.60207714375 0.0476672859375 0.6112520265625 0.0928925265625 0.609323865625 0.1240448796875 0.614003678125 0.1342652953125 0.6299297562499999 0.144245865625 0.631609084375 0.144343675 0.637845340625 0.09159916875 0.6335954203124999 0.0657714671875 0.6265466796875 0.0497285953125 0.6124366171875 0.0356703703125 0.6085394421875 0.0354433859375 0.6020363140625 0.046665259375000004 0.60207714375 0.0476672859375
0 0.6653236359375 0.2180117484375 0.667457925 0.21813605625000002 0.6990238796875 0.20318757656250003 0.6755353296875 0.184766075 0.5719509687500001 0.1881942875 0.5719800625 0.1889083203125 0.6081605203125 0.20535627031249998 0.6653236359375 0.2180117484375
0 0.6491082687499999 0.292426678125 0.6415951765625 0.2649877953125 0.6268467609374999 0.3112578265625 0.6278174109375 0.335079275 0.6417330140625 0.3730010015625 0.6512336640624999 0.3855406171875 0.653197640625 0.38565500625000004 0.6612540046875 0.38124357343750004 0.6639367375 0.36860973750000003 0.6612086703125 0.301658171875 0.664297709375 0.29899584687499997 0.6608604062500001 0.2931111625 0.6491082687499999 0.292426678125
0 0.63947805625 0.42997454062499996 0.6543463703125 0.4901609640625 0.6548875546875 0.49019248437499996 0.66626218125 0.464644184375 0.6674434140625001 0.4276947546875 0.667072578125 0.4185937828125 0.662697915625 0.4033283984375 0.649716375 0.3901286203125 0.6492017421875 0.390098646875 0.6405522375 0.40914416249999996 0.63935775625 0.42702216406250004 0.63947805625 0.42997454062499996
0 0.6493289718749999 0.5569668546875 0.6494683453125 0.560387328125 0.6636601296875 0.5855232703125 0.663123675 0.5935524437499999 0.66352294375 0.5935756984375 0.6760398750000001 0.5492951671874999 0.6631504421875001 0.49454185624999997 0.6565080109375 0.48847049531250003 0.647531109375 0.503579978125 0.65152526875 0.549288475 0.6493289718749999 0.5569668546875
0 0.613777996875 0.6408707312499999 0.6188873578125 0.6475188125 0.6562603828125 0.66018075 0.6733220281250001 0.661174478125 0.693309696875 0.6603801453125 0.7087180156249999 0.654882534375 0.7124444703124999 0.6522234734375 0.7122869359374999 0.6483572875 0.710957553125 0.6400912046875 0.6809994921875 0.63728050625 0.6498781265625 0.6407970953125 0.6241065 0.6360985484375 0.6137196874999999 0.6394396953125 0.613777996875 0.6408707312499999
0 0.641529321875 0.7587856734375 0.6145175140625 0.7737862359375 0.6145811812499999 0.775348734375 0.6201490703125 0.7827808515625 0.636221215625 0.7837169484375 0.689364996875 0.7818227546875 0.7131026578124999 0.7714810703125 0.709905390625 0.7627681265625 0.6997597484375 0.757913846875 0.662635646875 0.753619934375 0.641529321875 0.7587856734375
0 0.48729116406250006 0.71186728125 0.48909710312500004 0.75618819375 0.507033646875 0.812044840625 0.5074381984375 0.8120684031250001 0.5217339812499999 0.776513684375 0.5212696296875 0.7651176734375 0.507543996875 0.7160001406250001 0.49567362968750006 0.7069441421875 0.49520649531250005 0.7069169359374999 0.48729116406250006 0.71186728125
0 0.5086611750000001 0.593828840625 0.4998323046875 0.6370940187499999 0.49986713125 0.6379487187499999 0.5055594265625001 0.6746520671875 0.5233748984375 0.7085575578125 0.525672575 0.7086913828125 0.5333716640625 0.7032732390625 0.5390853921875001 0.6865525765625 0.5382727765624999 0.6666095578125 0.528367171875 0.6589270171875 0.518857 0.6086338875 0.5086611750000001 0.593828840625
0 0.49828593125 0.52475761875 0.457687640625 0.5223930375 0.44326849375000005 0.5172898546875 0.4358528296875 0.5206339046874999 0.436051903125 0.5255195046875001 0.4365813171875 0.5275587765624999 0.47142234531250005 0.54557564375 0.5022307625 0.5483292875 0.5059661171875 0.548546846875 0.53375214375 0.5406792171875 0.5391454203125 0.53353245625 0.5373291234375001 0.523834103125 0.5343059859375 0.5193946640625 0.5186364703125 0.5184820171875 0.49828593125 0.52475761875
0 0.42100302031250003 0.4239819171875 0.43846191093750003 0.4279922328125 0.4474442484375 0.43917379843750004 0.4796096171875 0.45192545468749995 0.484095696875 0.4521867390625 0.5171142203125 0.44003409062500004 0.52526943125 0.43091651249999996 0.520647665625 0.42212060156250003 0.442387153125 0.4196941265625 0.4209833984375 0.423500353125 0.42100302031250003 0.4239819171875
0 0.4128719875 0.339198546875 0.4128969203125 0.339810434375 0.4405998453125 0.346566628125 0.48885876093749997 0.3451140265625 0.5112589859375001 0.3368261265625 0.5134549953125 0.320966421875 0.47348188750000003 0.31650657187500003 0.4128719875 0.339198546875
0 0.4122353203125 0.20335763281250002 0.40480808125 0.19546416093750002 0.38767053125 0.193400171875 0.39807737187500003 0.20466470625 0.388541190625 0.2147676921875 0.3768004140625 0.219048540625 0.37682221875 0.21958367499999998 0.4192291375 0.2301778375 0.4316545984375 0.2309015375 0.47168466875000004 0.23240033593749998 0.48816922500000004 0.218438684375 0.48354745781249997 0.20964277187499997 0.471890246875 0.2025687734375 0.4266109328125 0.2073924390625 0.4122353203125 0.20335763281250002
0 0.40949740781250005 0.0651029578125 0.4106247515625 0.09276996562499999 0.42134415625 0.136991121875 0.4189516453125 0.156747465625 0.42645694062499995 0.1604531765625 0.42907446250000003 0.1606056296875 0.43921633125000004 0.1309264546875 0.4433392890625 0.101323053125 0.4253981953125 0.05338111875 0.415492590625 0.045698579687500004 0.40931450937499997 0.051023229687500005 0.40949740781250005 0.0651029578125
0 0.23745925156249997 0.087599915625 0.223431903125 0.09211211875 0.1863948671875 0.0899549578125 0.1861184234375 0.09178076874999999 0.186365096875 0.0978345734375 0.24606188125 0.124339540625 0.2692372578125 0.126355503125 0.2849957828125 0.1272733328125 0.29302689531250004 0.1260091015625 0.301138575 0.11582314687499999 0.300920909375 0.110481265625 0.28481606406250004 0.0988848609375 0.260643071875 0.098542784375 0.23745925156249997 0.087599915625
0 0.0406802265625 0.042897940625 0.0433594296875 0.0327442 0.0399953640625 0.0023294640625000002 0.0203125 0.0011830687499999998 0.0219678421875 0.041808068749999996 0.0406802265625 0.042897940625
0 0.03493336875 0.1040963390625 0.0338711765625 0.1426593703125 0.034937368749999996 0.16882559531250002 0.0590231984375 0.170228434375 0.0671351984375 0.13581541875 0.0624209265625 0.0985917046875 0.053235434375 0.08242438125 0.041657429687500004 0.08601340156250001 0.03493336875 0.1040963390625
0 0.041206998437499996 0.2486891421875 0.0413672609375 0.2486984765625 0.048313499999999995 0.24805719062499998 0.060742215625 0.23918851718749998 0.090221415625 0.23024707812499998 0.0928092203125 0.22400275781249998 0.09259155625 0.21866087812499999 0.08382688125 0.2128211921875 0.050715084375 0.2023659234375 0.039275540625 0.20063380468749997 0.008794084375 0.215822284375 0.00935605625 0.2296140484375 0.0206820421875 0.2325919140625 0.041206998437499996 0.2486891421875
0 0.2534327453125 0.18251075781249998 0.25523210937499996 0.2266703015625 0.24242517968750002 0.24947184843749998 0.24312655312499998 0.266684784375 0.2550362546875 0.2673784453125 0.2829518421875 0.22686367187499998 0.28340531874999997 0.1856775828125 0.2749399375 0.1610254765625 0.258020053125 0.16430336875 0.2534327453125 0.18251075781249998
0 0.267391071875 0.326601859375 0.26790790468750003 0.33928581874999997 0.28182095 0.385536990625 0.2909464890625 0.39261453125 0.2920402375 0.3926782359375 0.2996931234375 0.37947232343750004 0.29849778437499996 0.32397899375 0.289974359375 0.29790238750000003 0.278710159375 0.283035115625 0.27963886250000003 0.3058271390625 0.267391071875 0.326601859375
0 0.28025630625 0.437763090625 0.279294665625 0.4657149953125 0.27998164062500003 0.48257456875000004 0.2832590046875 0.4888118796875 0.2838024953125 0.48884353437500006 0.29689685 0.4799447921875 0.30410884375 0.44767906562500004 0.3101363765625 0.4125021109375 0.2962710734375 0.38611437656250003 0.295899225 0.4031461671875 0.28025630625 0.437763090625
0 0.2840037875 0.5812851 0.2916068734375 0.59997230625 0.293254009375 0.6000682421875 0.30132901875 0.5943855499999999 0.30908699687499996 0.5493615359375 0.305963496875 0.5250205593749999 0.31209553749999996 0.505596215625 0.3114068875 0.48869552499999996 0.304628484375 0.4922570265625 0.2989728 0.510402190625 0.288695346875 0.5197514421875 0.2830977078125 0.5393211078125 0.28356144375 0.5704292265625 0.2840037875 0.5812851
0 0.0441432640625 0.3564989453125 0.0447382515625 0.37110098593749996 0.0496142640625 0.3851556390625 0.0537121265625 0.3865911625 0.06037806875 0.38697940937499997 0.06737035 0.3762419671875 0.07411799375 0.33258023125 0.0727829828125 0.29981669843750003 0.0567011109375 0.2988800359375 0.0459339078125 0.32099085 0.0441432640625 0.3564989453125
0 0.0571261484375 0.39409101562500004 0.057153898437499996 0.4026193546875 0.05183856875 0.43058880781250003 0.053412909375 0.4692258609375 0.0601147078125 0.48672674687499995 0.06959654531250001 0.48727900156250004 0.070193878125 0.487224971875 0.0748392296875 0.47044208281250005 0.077487503125 0.43080494687500004 0.073411715625 0.409250746875 0.0665990828125 0.3946427515625 0.0571261484375 0.39409101562500004
0 0.078380765625 0.514583190625 0.0528712328125 0.5130974296875 0.046309185937500004 0.524420975 0.0467520734375 0.5352902187499999 0.0525868046875 0.5898213828125 0.05715052968749999 0.5971927953125 0.0667659140625 0.5977528265625 0.0738382390625 0.588216896875 0.0817358859375 0.5204630875 0.078380765625 0.514583190625
0 0.06093524375 0.6780329640625 0.0670316953125 0.6968626125 0.0721052125 0.7025383859375001 0.0782014640625 0.7028934515625 0.0884572609375 0.6995316296875 0.0736514921875 0.61482316875 0.0554742609375 0.613764465625 0.054901171875 0.6205169296874999 0.0553769515625 0.632193409375 0.06093524375 0.6780329640625
0 0.03528105625 0.751092659375 0.054028314062500006 0.76579568125 0.0839777640625 0.77493430625 0.12400624687499999 0.7772657 0.1339309921875 0.773647003125 0.13919366718749998 0.7632951140625 0.0785810140625 0.7405796984374999 0.035628307812499996 0.732748784375 0.03479926875 0.7392687390625 0.03528105625 0.751092659375
0 0.0850463703125 0.872112384375 0.082779225 0.883882965625 0.08325412812500001 0.8955379078125001 0.091029034375 0.91875384375 0.092223559375 0.9188234171874999 0.12146366093750001 0.9026558640625 0.119257990625 0.8485248109375 0.11422991406250001 0.8297573890625 0.104498440625 0.8263483546874999 0.09326870000000001 0.8384843828124999 0.0850463703125 0.872112384375
0 0.2948979140625 0.6703384859375 0.3110942046875 0.6993112 0.32039941875 0.699853165625 0.324498640625 0.6905371015624999 0.30470013906250004 0.5970111218749999 0.29306409218749996 0.5991756406250001 0.287601340625 0.5930644296875001 0.2901076640625 0.6545740015625 0.2948979140625 0.6703384859375
0 0.3553150328125 0.7339219390625 0.31529839375 0.7283937140625001 0.269844946875 0.7289438734375 0.2786531546875 0.7358519375 0.2748149796875 0.7462867921874999 0.306502275 0.75665909375 0.36028506562499996 0.7512648578125 0.3699083109375 0.743298625 0.3553150328125 0.7339219390625
0 0.3197962203125 0.817797703125 0.3072078828125 0.8227489968749999 0.3022142671875 0.8309848765625001 0.30211664531250004 0.8345290375 0.3027503375 0.8500809515625001 0.3117824828125 0.882702509375 0.32136926875 0.8978762140625 0.3235239265625 0.898001709375 0.3303511828125 0.8937318578125 0.335112625 0.879797971875 0.33779535781250003 0.8671641375 0.33467185625 0.8428231609375001 0.327507028125 0.8239312875 0.3197962203125 0.817797703125
0 0.503059109375 0.85508425625 0.5096199140625 0.8853099156249999 0.515484190625 0.8984415562500001 0.529342540625 0.9115480703125 0.5301213796875001 0.9115934328125 0.533820715625 0.9037729000000001 0.5355167 0.8669225421875 0.5210129109375 0.8248652890624999 0.5110492640625 0.8157582484375 0.5026763859375001 0.8195339468749999 0.503059109375 0.85508425625
0 0.6382004968749999 0.8441721265625001 0.62702215 0.8488502640625001 0.6180497109374999 0.8604725515625 0.6180883609375 0.861421115625 0.624869675 0.8657783468750001 0.6666579921875 0.869664446875 0.6881804125000001 0.870917984375 0.7171140046875 0.862624240625 0.7253998140625 0.8567117921875 0.72643251875 0.847179375 0.6788221562500001 0.8423146750000001 0.67754010625 0.8422400046874999 0.6382004968749999 0.8441721265625001
0 0.827804240625 0.8563144359375 0.8224544968749999 0.8645295718750001 0.7867548953125 0.860318625 0.7959549015625 0.8768420750000001 0.8207373515624999 0.892141415625 0.8459818953125 0.8988143765625001 0.8498049203125 0.8990370421874999 0.8736180375 0.8994847265624999 0.878924246875 0.8902012109375 0.871453475 0.881239365625 0.84244105 0.8667594968750001 0.8363947812499999 0.85788061875 0.827804240625 0.8563144359375
0 0.8375048125 1 0.840246103125 0.9822620328125 0.840699578125 0.9410759437499999 0.8177799078125 0.917436090625 0.817267 0.9174062171875 0.809437990625 0.9668184015625 0.8102853937500001 0.98761519375 0.8113182359375 1 0.8375048125 1
0 0.6955519125 1 0.6960565015625 0.9768882515625 0.6957316546875 0.9689159203125 0.6834121875 0.9435726296875 0.6887776531250001 0.9183049578125001 0.667704696875 0.9149303734374999 0.6608541171875 0.914531371875 0.659219684375 0.952724296875 0.659927046875 0.97008419375 0.6651445828125 0.9922478874999999 0.67007129375 1 0.6955519125 1
0 0.5364545140625 1 0.5387956984375 0.988974625 0.5361020890625 0.9490263593750001 0.5207040578125001 0.9111803875 0.51221509375 0.91210708125 0.508289853125 0.9204051859375 0.51153309375 1 0.5364545140625 1
0 0.3353522625 1 0.3391280125 0.9777432156250001 0.3387333875 0.9680584078125 0.3364101953125 0.9492442249999999 0.32338109375 0.917220709375 0.3124071109375 0.9094759453125001 0.30529383593750004 0.9507583859375 0.3057694390625 0.9624305078125 0.3110766671875 1 0.3353522625 1
0 0.0826788125 0.989971921875 0.1223466859375 0.9922823125000001 0.1297878015625 0.9914700062499999 0.13941104843750002 0.9835037734375 0.13759475000000002 0.9738054187499999 0.1302545765625 0.9680487 0.0638302578125 0.9623746578124999 0.051124353125 0.9616346234375 0.039380296875 0.9664617218749999 0.039594764062499996 0.9717251031249999 0.07570028125 0.9893856078125 0.0826788125 0.989971921875
0 1 0.8786942578125 0.97098049375 0.8743659718749999 0.9648846484375 0.8796925281249999 0.9649720671875001 0.8818379593750001 0.9717640875000001 0.8935967421875001 0.9992214109375 0.9047885140625 1 0.9049304625 1 0.8786942578125
0 1 1 1 0.953297090625 0.9959145515625 0.9356118718750001 0.9721050296874999 0.934225125 0.97468255 0.9713243890625 0.9789709015625 1 1 1