0 0.961113834375 1 0.9613416359375 0.9934766359375 0.9352999671875001 0.9928705093750001 0.9352969359375001 0.9929573140624999 0.938809896875 1 0.961113834375 1
0 0.943120234375 0.899226328125 0.942778434375 0.8992183734375001 0.92745978125 0.9362619921875 0.96808478125 0.9372075484375 0.9687152953125 0.9191519921875001 0.9674438015625 0.9107822921875 0.943120234375 0.899226328125
0 0.9553710000000001 0.8086969749999999 0.9601189421875 0.8120508578125 0.9614954296875 0.812082896875 0.9711903734374999 0.7935433093750001 0.9559291296874999 0.7931881 0.9558883437500001 0.7938821593750001 0.9553710000000001 0.8086969749999999
0 0.9580314890625001 0.7051446578125 0.976117884375 0.7046817515625 0.97725106875 0.6722315703125 0.9730844015625 0.672134590625 0.9408231078125 0.6879279328125001 0.9407888078125 0.688910159375 0.944251728125 0.701696390625 0.9580314890625001 0.7051446578125
0 0.95997015 0.5712268171875 0.951898315625 0.59467801875 0.9517393406249999 0.599230490625 0.9798643406249999 0.59988510625 0.9801693374999999 0.59115113125 0.968213196875 0.5714186765625 0.95997015 0.5712268171875
0 0.9502325453125 0.4537174234375 0.9645187875 0.4820556390625 0.973699784375 0.48782939843750006 0.9794901296875 0.4712839578125 0.984464409375 0.4681563609375 0.9847295484374999 0.4605637671875 0.9836823953125 0.45449597812500003 0.9502325453125 0.4537174234375
0 0.956960615625 0.3427370578125 0.9512000328125 0.3459911453125 0.9511142906250001 0.3484465015625 0.96844209375 0.3721946640625 0.9877997328125 0.3726452171875 0.98892356875 0.3404627578125 0.9819964953125 0.3403015296875 0.956960615625 0.3427370578125
0 0.9762000937499999 0.2322664875 0.9512451437499999 0.235235834375 0.950263415625 0.238470834375 0.9501861171874999 0.2406843796875 0.9783317828125 0.2556740359375 0.9918446921875 0.2568127015625 0.9926352015625 0.2341754953125 0.98404545 0.232449090625 0.9762000937499999 0.2322664875
0 0.9521615796875 0.1443096171875 0.9661629015625 0.161315715625 0.9676016671875001 0.1773344078125 0.9678666515625001 0.177340575 0.9830489281249999 0.12556828125 0.9831944328125 0.12140161406250001 0.9543749874999999 0.12073083281250001 0.95279209375 0.12625406249999999 0.9521615796875 0.1443096171875
0 0.95774635625 0.06399232656250001 0.9634628453125 0.079415575 0.9834300562499999 0.0823128484375 0.9863690406250001 0.082381253125 0.9935510328125 0.05370554843749999 0.9934688265625 0.035633403125000004 0.9605967765625 0.0348682984375 0.957335203125 0.0459125265625 0.95774635625 0.06399232656250001
0 0.819521528125 0.041743446875 0.8230698765625 0.0794491859375 0.8279872046874999 0.08790374375 0.842667540625 0.0854653953125 0.8498390609375001 0.059221978125 0.8597596968750001 0.0438151828125 0.8602325828125 0.030273517187499998 0.8567491328125 0.0199410578125 0.8209979640625 0.0191089390625 0.8198497187499999 0.03234530625 0.819521528125 0.041743446875
0 0.833587328125 0.1315372984375 0.8429703875 0.13898812968750002 0.8527289859374999 0.13817275 0.8598916859375001 0.132084384375 0.860146315625 0.1247927171875 0.8374032609375 0.124263365625 0.8335956640625 0.1312985859375 0.833587328125 0.1315372984375
0 0.8280549921875 0.110840615625 0.826743946875 0.14838401406249999 0.8326702828125001 0.1801882953125 0.8483691406249999 0.1485832828125 0.850962840625 0.10416308437499999 0.8457335531249999 0.090054315625 0.8364118250000001 0.08983735000000001 0.8358228515624999 0.08991051875 0.8280549921875 0.110840615625
0 0.8036111859374999 0.228672959375 0.8050661078125 0.23427775 0.8214053937499999 0.24404067187499998 0.8686276156250001 0.24513978125000002 0.8813822468750001 0.23813905468750002 0.8788590984375 0.2307827359375 0.856927884375 0.2219321734375 0.8479092265625001 0.221461634375 0.8181175312500001 0.22076822499999998 0.803755553125 0.224538840625 0.8036111859374999 0.228672959375
0 0.8415891234374999 0.3010668015625 0.8411008421874999 0.3010554359375 0.8318308703125 0.30622599375 0.8205233640625 0.326518225 0.8187993718750001 0.3758869046875 0.8206359734375 0.387976478125 0.8247056374999999 0.3908512375 0.83521930625 0.388315909375 0.8418088140625001 0.3787391578125 0.8517731796874999 0.32725083593750004 0.8518342109375 0.325503153125 0.8474558703125 0.3065896703125 0.8415891234374999 0.3010668015625
0 0.8236408203125001 0.41636802812499996 0.8152104843749999 0.41895184687500003 0.8061011328125 0.44098010781249997 0.8030477796875 0.4687093953125 0.8076972437500001 0.5146881984375 0.8295237421874999 0.516586234375 0.8397717625000001 0.491804440625 0.8385614484374999 0.46675595000000003 0.8236408203125001 0.41636802812499996
0 0.8170941859375 0.60383909375 0.8205579546875 0.614113178125 0.83395411875 0.6185950296875 0.84078613125 0.6020738328124999 0.842289665625 0.5590182765625 0.837711846875 0.5408414968749999 0.8285220656250001 0.533764390625 0.82625998125 0.5337117390625 0.8180642078125 0.5760613125 0.8170941859375 0.60383909375
0 0.8354736218750001 0.662155328125 0.8304789687499999 0.6620390765625 0.7992732265625 0.6738229140625001 0.7817550046874999 0.67543003125 0.7815774984375 0.6805131578125 0.7821336734375001 0.6869766609375 0.7888962390625001 0.6923466265625 0.8624345968749999 0.6961432796875 0.8735694781250001 0.688257809375 0.873606990625 0.6871835890625 0.8713863203125 0.6786289046875 0.8354736218750001 0.662155328125
0 0.815508334375 0.7789733796875 0.8088118953125001 0.77881751875 0.803932603125 0.7792252078125 0.76650149375 0.7987698734374999 0.7664770359374999 0.7994702375 0.810992784375 0.8158775015625 0.8348585249999999 0.809135390625 0.8555827296875 0.8127452906249999 0.86803494375 0.801965653125 0.8680753609374999 0.8008082484375001 0.8645708296875 0.7941892515625 0.815508334375 0.7789733796875
0 0.7835236421875 0.8486854656249999 0.7865747843750001 0.8807268781250001 0.7840295828125 0.9237581890625 0.7955110609375 0.9532157953124999 0.8083020671875 0.945173403125 0.8140439140625 0.93001685 0.8102906109375001 0.8882289578125 0.794545465625 0.8614521500000001 0.7921759171875 0.84254488125 0.79134909375 0.8425256359375 0.7835236421875 0.8486854515625 0.7835236421875 0.8486854656249999
0 0.8035024359375 1 0.7960624859375 0.9448885234375 0.791283203125 0.9394778421875 0.7899322984375 0.9394463984374999 0.7731943203125 0.9429662453125 0.7639203421875 0.9622453906249999 0.763358740625 0.9783275578125 0.7658988703125 1 0.8035024359375 1
0 0.6130686296875 1 0.6138102187500001 0.9942491140625 0.614854096875 0.9345026484375 0.60698041875 0.9509995968749999 0.596660753125 0.947979371875 0.590145103125 0.92558743125 0.577862253125 0.9489318499999999 0.5760769953125 0.9677134531249999 0.5753187171875 0.9894277015625 0.5766848515625 1 0.6130686296875 1
0 0.6192346078125001 0.8260094671875 0.6189416375000001 0.8260026484375 0.6151015734375 0.84780605 0.6028155078124999 0.8737303484375 0.6027115234375 0.8767080640625 0.6025993609375 0.907285821875 0.6151225046875 0.9367676749999999 0.6234073375 0.9383505234375 0.62994834375 0.9301626609375001 0.6389042328125 0.870236284375 0.63908081875 0.8651795296874999 0.6338515734375 0.8482424609375 0.6192346078125001 0.8260094671875
0 0.6707885859375 0.78811515 0.681129196875 0.7706331046875 0.66636068125 0.755694175 0.6426040671875 0.7593112875 0.612266765625 0.7523501 0.5854777421875 0.763194225 0.5846559828125 0.766823890625 0.5845173 0.77079525 0.6056926859375 0.781387459375 0.6707885859375 0.78811515
0 0.6203138796875 0.6861061296875001 0.6201595578125 0.6905253234375001 0.6308572171875 0.700135875 0.635629040625 0.7127571015624999 0.6521502031249999 0.7173116875 0.660677540625 0.71195009375 0.6560280765625001 0.6659712890625 0.6469694390625 0.62683995 0.640146246875 0.62320609375 0.6383481343749999 0.6231642421875 0.6266442609375 0.6416570703125 0.6203138796875 0.6861061296875001
0 0.6330400515625 0.5480666109375 0.6316820203125 0.5869555 0.6350726703125 0.609274703125 0.6452953359375 0.6150727093749999 0.6552523484375 0.598624246875 0.6616732062499999 0.56402325 0.656056884375 0.5203675984375 0.653393721875 0.5203056125 0.6485449078125 0.5220171546875 0.6330400515625 0.5480666109375
0 0.6374712796875001 0.46346553593750006 0.6375983187500001 0.46729104687499995 0.650969125 0.5023527 0.660489628125 0.49840424062500005 0.6672246390625001 0.48466082187500004 0.6708115046875001 0.4416537546875 0.6548238546875 0.421821390625 0.6461282015625 0.42161899687500004 0.63797599375 0.44901241562500005 0.6374712796875001 0.46346553593750006
0 0.6137098609375 0.3378543265625 0.6136830843750001 0.338621109375 0.6372767390625 0.347133903125 0.6775545171874999 0.348071378125 0.7082555765625 0.34461590000000003 0.7114698640625 0.332180553125 0.6903827312499999 0.32569529375 0.68442206875 0.32555655781250004 0.6491153671875 0.32655918125 0.6137098609375 0.3378543265625
0 0.6176822125 0.22410107343750002 0.6176468234375 0.225114471875 0.6423346249999999 0.23961212656250003 0.69229825 0.24181755625 0.711997325 0.23497846406249998 0.7164913734375 0.22570044375 0.6890773515624999 0.21463724062499998 0.6742625515625 0.21429242343750002 0.6501157125 0.2158154265625 0.6176822125 0.22410107343750002
0 0.6587815859374999 0.1219013265625 0.65992723125 0.14880168124999998 0.6662973765625 0.1753602859375 0.6744852078125 0.1797209140625 0.681970878125 0.17433507343750002 0.6905720750000001 0.1370047890625 0.6936265609375 0.0786951375 0.6780257859375001 0.078332025 0.6593097078125 0.10677788437499999 0.6587815859374999 0.1219013265625
0 0.6642768859375 0.086439 0.6842879140625 0.050764296875 0.6904177671875 0.0244966359375 0.6907118046875 0.0160764953125 0.6625 0.015419859375 0.6608155984375 0.0636548125 0.6642768859375 0.086439
0 0.4349517625 1 0.4372920859375 0.9913568749999999 0.43874711875 0.949690209375 0.42518230625 0.9201841109375 0.409411803125 0.9239871015625001 0.3938761484375 0.9459430125000001 0.39366867031249997 0.951884375 0.395505271875 0.9639739390625 0.40061660468750004 0.9668729421875 0.40313405468749997 1 0.4349517625 1
0 0.23345544375 1 0.2361123578125 0.9806799140625 0.2429443703125 0.9641587171875001 0.23844040937500002 0.914013246875 0.2305920875 0.8999303968750001 0.211745084375 0.9022717640625 0.20968489531249998 0.9314141859375 0.20290119843749999 0.9515273859375 0.2028001546875 0.9544209 0.20326403593750003 0.9660151828125001 0.212251028125 0.9773444984375 0.2173756390625 1 0.23345544375 1
0 0 0.965786246875 0.0080803 0.9905757265625 0.029587603125 0.9910763156250001 0.033151053125 0.943898653125 0.0312385796875 0.909103696875 0.020119754687499998 0.8991147765624999 0.012343634374999999 0.897891271875 0.0096005734375 0.8978274265625 0.0006907390625 0.9181228109375 0.0022405609375 0.9334490796875 0 0.936593084375 0 0.965786246875
0 0 0.838258184375 0.018258815625 0.8354781499999999 0.044538578125 0.8392173578125 0.067233684375 0.82619291875 0.0690227078125 0.8147669125 0.037442021874999995 0.80360673125 0.0041086875 0.8028308890625 0 0.803432025 0 0.838258184375
0 0.4079436515625 0.856566003125 0.40679466875000003 0.8894685515624999 0.413876640625 0.9130577578124999 0.422112971875 0.9160294921875 0.4410338328125 0.8817194374999999 0.445080353125 0.8554032828125001 0.42751758124999995 0.812164584375 0.42599145937499994 0.8121290625 0.40896152656250007 0.8448324843749999 0.4079436515625 0.856566003125
0 0.4173896734375 0.73782353125 0.4139059625 0.775388765625 0.41332552187499993 0.79201041875 0.4310746296875 0.7937427640625 0.4356524484375 0.8119195453125 0.4447132984375 0.791280171875 0.44875981875 0.76496401875 0.4587653328125 0.74712666875 0.45820867656250003 0.733213534375 0.44808305312499996 0.7031793515625 0.43776404218750004 0.7029391734375 0.427589190625 0.7144306265625 0.4173896734375 0.73782353125
0 0.220551865625 0.804322534375 0.22026054374999998 0.8126648937500001 0.22501779531250002 0.860532653125 0.23044327656250002 0.884289234375 0.23834010156250002 0.8969831953125 0.2448326078125 0.8901842203125 0.252004128125 0.863940803125 0.265377146875 0.8392317437499999 0.26591065937499997 0.8239539656250001 0.25750567968750004 0.7959579828125001 0.24871269218749997 0.779073109375 0.2461032546875 0.7782304890625 0.23674453281250002 0.7780126625 0.23194902343749998 0.7814629671875 0.220551865625 0.804322534375
0 0.249965365625 0.7232988453125 0.24963394062500002 0.732789578125 0.250468925 0.7536592859375 0.26548655625 0.8012694281250001 0.2749585578125 0.79870985625 0.28477006718750003 0.7864280609375001 0.2795143390625 0.75781036875 0.2815502765625 0.7293623921875 0.2697145515625 0.6927726984375 0.26562986718750004 0.6926776265625 0.2566726375 0.6954229328125 0.249965365625 0.7232988453125
0 0.3306836140625 0.63841730625 0.3076181390625 0.6222427515625 0.2702272671875 0.6182449296875 0.2350321578125 0.6309784281249999 0.21416244999999998 0.63153519375 0.23722792343750002 0.6477097484375001 0.2537490875 0.6522643359375 0.31200966874999997 0.65570539375 0.3290764703125 0.6446349796875 0.3306836140625 0.63841730625
0 0.4931001109375 0.6620053453125 0.5114102953125 0.6551339265625 0.5117740546875 0.6447172609375 0.4911953515625 0.6369406921875 0.4424751140625 0.63893425625 0.4253719375 0.6510463359374999 0.3994682234375 0.6514653578125 0.3994625046875 0.6516291468750001 0.44021320468749997 0.6639019296875001 0.4931001109375 0.6620053453125
0 0.500466203125 0.5057997953125 0.4858090125 0.537429053125 0.4826794171875 0.552414740625 0.4824833921875 0.5580281609375 0.4889318 0.5972725015625 0.5166835078124999 0.5638362625 0.5184805796874999 0.5123748781249999 0.5120700406250001 0.5018998234375001 0.500466203125 0.5057997953125
0 0.2380950640625 0.5258536078125 0.23805906718749997 0.5268844234375 0.24899629375000001 0.5346103359375001 0.2778719515625 0.54362253125 0.322425525 0.5415319875 0.3351074046875 0.5366145953125 0.3325842546875 0.529258275 0.299687434375 0.5159824328125 0.2917298421875 0.508760253125 0.281679 0.5085263171875 0.270266134375 0.5225952375 0.2380950640625 0.5258536078125
0 0.0402608921875 0.56615305625 0.056105253125 0.5303813749999999 0.0545322875 0.485864196875 0.050899132812500004 0.47048943593750003 0.0383991328125 0.47019849531249996 0.0281996140625 0.4935914046875 0.02431485625 0.5127874828125 0.0240087703125 0.521552615625 0.0351980625 0.5618651640625 0.0402608921875 0.56615305625
0 0 0.6270982187499999 0.0237127125 0.637006303125 0.047469326562500004 0.633389190625 0.0665136375 0.6453000984374999 0.07484697031250001 0.6454940578125 0.0892087453125 0.6322756609375 0.088219990625 0.6207849984375 0.076047371875 0.6111190578125 0.0418724453125 0.60458980625 0.0175437328125 0.6040235484375 0 0.6087601140625 0 0.6270982187499999
0 0 0.714374509375 0.0209035078125 0.722427009375 0.02880033125 0.7351209703125 0.047037765625 0.730332884375 0.0636316796875 0.7328041390625 0.08062573125 0.723817059375 0.08387639218750001 0.7103400468750001 0.0425752859375 0.685922203125 0.0409944515625 0.685885409375 0.0230926640625 0.6995426703125001 0 0.6995000578125 0 0.714374509375
0 0.276742653125 0.44908330625000004 0.2817423859375 0.4750804890625 0.291020384375 0.47807647343750004 0.3055805734375 0.44922499218749995 0.3091189390625 0.407606815625 0.295253709375 0.3649754328125 0.290575659375 0.36486655 0.279624846875 0.3665480390625 0.276742653125 0.44908330625000004
0 0.49853443750000004 0.4740450515625 0.497178621875 0.45316323125 0.5062394703125 0.43252385625 0.506869984375 0.4144683015625 0.4920210015625 0.3918824015625 0.47783359374999995 0.4224979015625 0.47582573124999994 0.479995528125 0.48966759375 0.4891288703125 0.49853443750000004 0.4740450515625
0 0.48513333750000004 0.30302158437500004 0.48461195156250003 0.317952128125 0.4847557953125 0.3586135046875 0.5080351125 0.3786155859375 0.516610953125 0.37186510156249997 0.516636309375 0.34128530156250003 0.5122293499999999 0.288362053125 0.5045518828125 0.27602070312500004 0.5022370703125 0.27596682499999997 0.49595069062499997 0.276863021875 0.48513333750000004 0.30302158437500004
0 0.49490390937499995 0.202351084375 0.5029794640625 0.26217080312499996 0.5132021250000001 0.267968809375 0.52281963125 0.2612425703125 0.5329475046875001 0.2100476421875 0.521369025 0.1833678125 0.5096992593749999 0.17449546093749999 0.5076196453125 0.17444705625 0.49497746875 0.2002445984375 0.49490390937499995 0.202351084375
0 0.49970567031249996 0.13699300625 0.50532515625 0.1551940328125 0.5188668234375 0.15550921874999998 0.5374250328125 0.1017304703125 0.53568120625 0.091959759375 0.524465378125 0.0847486203125 0.5207352203125 0.072151640625 0.5129774234375 0.06667163125 0.5124403140625 0.0666591296875 0.496000871875 0.093816225 0.49970567031249996 0.13699300625
0 0.512922996875 0.06449846249999999 0.5262706578125 0.070369203125 0.5290905125 0.01231471875 0.5140625 0.0119649375 0.5122020984375 0.0652398734375 0.512922996875 0.06449846249999999
0 0.332413615625 0.0474393953125 0.340940953125 0.0420778 0.3401641125 0.007917407812500001 0.325 0.007564459375000001 0.32309326875 0.0621661125 0.332413615625 0.0474393953125
0 0.30209103437499996 0.1262252546875 0.3019839265625 0.1292924078125 0.304031890625 0.1577195953125 0.3218140828125 0.1261630734375 0.326879125 0.07068025156249999 0.31631882031249997 0.06522189218749999 0.31526785 0.0651974296875 0.3059002890625 0.07436201718749999 0.30209103437499996 0.1262252546875
0 0.301119353125 0.19883108124999999 0.3035589984375 0.2259932125 0.3160821421875 0.2554750640625 0.3337904765625 0.2558872296875 0.33350168125 0.20444985 0.327688190625 0.1918043796875 0.32533920781250003 0.1695094234375 0.321735159375 0.1654292375 0.3094072203125 0.1651423015625 0.30143309375 0.1898467078125 0.301119353125 0.19883108124999999
0 0.27562275468749997 0.30700653125 0.271057053125 0.343214471875 0.270738765625 0.3523290609375 0.278334390625 0.3487701796875 0.28598870781249996 0.3684085828125 0.286328215625 0.3586863609375 0.29386238750000004 0.35191163125 0.30554008125 0.316042971875 0.31852509218749997 0.3024450234375 0.31152443281250003 0.29394197499999997 0.3040641171875 0.2687480140625 0.29899798125 0.26028999218750004 0.292896790625 0.2601479859375 0.2876399578125 0.26141565 0.27562275468749997 0.30700653125
0 0 0.425592096875 0.030577817187500002 0.4354397625 0.050022262500000005 0.4358923359375 0.08781326874999999 0.4284318265625 0.09932451406250001 0.41723210625 0.0912458109375 0.4097464796875 0.03894091875 0.3949763953125 0.0053165781250000006 0.4025338875 0 0.4073738640625 0 0.425592096875
0 0 0.2927730296875 0.0470593171875 0.3117642890625 0.10404013906250001 0.31204801875 0.115405878125 0.3050149640625 0.11445350000000001 0.2924826375 0.063501121875 0.2787865484375 0.0384647453125 0.279246334375 0 0.28941514687500003 0 0.2927730296875
0 0.0057468328125 0.1936763578125 0.0057292046875 0.1941811640625 0.0397172359375 0.2089058375 0.0472569125 0.209081325 0.09113423125 0.206453784375 0.110869684375 0.19857302500000001 0.1070303984375 0.18910104375 0.0658366171875 0.17458957656250002 0.024260881249999998 0.17101560625 0.0161590375 0.170827034375 0.0197850296875 0.17977279375 0.0057468328125 0.1936763578125
0 0.061300221875000005 0.032702178124999995 0.0463789640625 0.04017373125 0.027603606250000003 0.070317121875 0.0315509125 0.1065494578125 0.04099755625 0.1345696875 0.051414223437499997 0.1348121375 0.06568340781250001 0.11429398906249999 0.0714590609375 0.058364365625000005 0.0716611484375 0.0525773328125 0.0625371984375 0.03273096875 0.061300221875000005 0.032702178124999995