0 0.9997767859375 0.9568372171874999 0.9997767859375 0.91788345625 0.996250003125 0.9178424187499999 0.9826339281250001 0.9202351734375 0.971875 0.9443002921874999 0.971875 0.9460568484375 0.9997767859375 0.9568372171874999
0 1 0.6913235531249999 0.971875 0.6909962890625 0.971875 0.6924106765625 0.9848192296875 0.7173887953125 0.998737859375 0.7132650375 1 0.7076662015624999 1 0.6913235531249999
0 1 0.5819485531249999 0.999949503125 0.5819479656250001 0.98125 0.5938763796875 0.98125 0.6024168000000001 1 0.608383709375 1 0.5819485531249999
0 1 0.4871246125 0.9922954265625 0.4728998203125 0.9863243953125 0.4692894234375 0.9819807609375 0.46923888125 0.9773061343749999 0.484153975 0.971875 0.48771411875000004 0.971875 0.49266220625 1 0.4929894703125 1 0.4871246125
0 0.98984375 0.37612104999999996 0.9998437499999999 0.3762374109375 0.9998437499999999 0.34444673593749997 0.9919772359374999 0.3443552 0.9769866078125 0.3459928578125 0.9703125 0.349916803125 0.9703125 0.3508001 0.98984375 0.37612104999999996
0 0.995112896875 0.25890914062500003 0.9908302421874999 0.22885930625 0.990296425 0.22871064218749998 0.9848343249999999 0.228647084375 0.971875 0.25443344843750004 0.971875 0.26149588437500004 0.9946090562500001 0.26176041875 0.995112896875 0.25890914062500003
0 0.9999330359374999 0.16282524375000001 0.9999330359374999 0.13351027499999998 0.9853394874999999 0.1333404625 0.9685044640625 0.1478647015625 0.9515625 0.149783796875 0.9515625 0.14986039843750001 0.9999330359374999 0.16282524375000001
0 0.9994698234375001 0.07452301875 0.99983901875 0.0730987421875 0.9987683546874999 0.05451485625 0.992344371875 0.0387258203125 0.9743816984375 0.0363379578125 0.968644521875 0.036271199999999996 0.9625 0.0648946203125 0.9625 0.0689239625 0.9627038890625 0.0740952078125 0.9994698234375001 0.07452301875
0 0.8413463125 0.0850840953125 0.8659715796875 0.0767992109375 0.8681129078125001 0.035395553125 0.8648444484375 0.0100633765625 0.8372459750000001 0.0097422390625 0.83599299375 0.01502180625 0.8234375 0.0358164796875 0.8234375 0.0370847640625 0.8413463125 0.0850840953125
0 0.8562478953125 0.11809083125 0.85 0.126354609375 0.85 0.13821392187499998 0.8562478953125 0.1452336890625 0.8648132078125 0.1453333546875 0.8648132078125 0.1224762125 0.8562478953125 0.11809083125
0 0.8788392843749999 0.14700352187500001 0.8945535703124999 0.1407623921875 0.8931249984375 0.1311097953125 0.8684553562499999 0.1226053921875 0.8372723203125 0.1222425453125 0.8015625 0.129756875 0.8015625 0.13063497968749999 0.8331249984375001 0.1454009265625 0.8788392843749999 0.14700352187500001
0 0.84980728125 0.2762899203125 0.8573019265624999 0.27351998437499997 0.8658672375 0.250762509375 0.8669379015625 0.213632109375 0.8618626218750001 0.19596617968750002 0.858331534375 0.1959250921875 0.8519486078125 0.19774340937499998 0.84375 0.21223372343750002 0.84375 0.265828109375 0.84980728125 0.2762899203125
0 0.8359375 0.3745885640625 0.8407904734375 0.39277574843749996 0.8472144578125 0.398564784375 0.8568504328125 0.3929626234375 0.868627734375 0.370242521875 0.868627734375 0.3259568078125 0.8654157421875001 0.308776575 0.8626703750000001 0.306913078125 0.8572898656250001 0.3068504703125 0.85042645 0.308602159375 0.8440024656249999 0.318527409375 0.8359375 0.369548171875 0.8359375 0.3745885640625
0 0.825 0.4878550796875 0.8301229343750001 0.5255097203125 0.8511677859375 0.527091734375 0.8526411390625 0.527108878125 0.86224285 0.501597753125 0.8601015234375 0.475858553125 0.843371684375 0.42543851874999994 0.8393638578125 0.4253918828125 0.8344055890625001 0.42698812343750003 0.82584028125 0.4497456015625 0.825 0.4609475734375 0.825 0.4878550796875
0 0.8606762390625 0.6328385109375 0.8671002218750001 0.6157704046875 0.8671002218750001 0.571484690625 0.861746903125 0.55285096875 0.85013831875 0.5442672546875 0.8499502250000001 0.544265065625 0.8421875 0.5933737906250001 0.8421875 0.6161419968749999 0.8467576093750001 0.6283908390625 0.8606762390625 0.6328385109375
0 0.8101785703125 0.7032425250000001 0.8173214281250001 0.7086789578125 0.8930357125 0.7117013015625 0.9044642843749999 0.7032689750000001 0.9016071421875 0.6935997546875 0.8644313609375001 0.6772460703125 0.858627746875 0.6771785390625 0.8273214296875 0.6895233703125 0.809375 0.691383809375 0.809375 0.6966084546875 0.8101785703125 0.7032425250000001
0 0.8314691515625 0.8290999187500001 0.8528824281249999 0.8679205140624999 0.8689423843749999 0.8209645312499999 0.8614477375 0.796591609375 0.8646597296874999 0.7752004125 0.8536545859375 0.7630581703125 0.8514083078124999 0.7630320328125 0.84538778125 0.7664047359375 0.83125 0.8160946578124999 0.83125 0.8270504937500001 0.8314691515625 0.8290999187500001
0 0.8175365171875001 0.8684171890625001 0.8218191718750001 0.9013241640625 0.8207485078125 0.9455974218750001 0.8335964765625 0.975746921875 0.8464444421874999 0.9673249921875 0.8515625 0.9523608484375 0.8515625 0.949786840625 0.8464444421874999 0.9087535625 0.8293138203125 0.8814113734375001 0.8261018281249999 0.861374 0.8175365171875001 0.8684171890625001
0 0.64011160625 1 0.64011160625 0.9433858734375 0.6396197531250001 0.94338015 0.6326169593750001 0.951474425 0.6251223140625 0.9699586453125001 0.6234375 0.9879232218749999 0.6234375 1 0.64011160625 1
0 0.6164285703125 0.91061899375 0.6435714265625 0.9227121328125 0.6778571421875 0.92204041875 0.7078571421875 0.9084708718750001 0.7092857125 0.8999221828125 0.7007142843749999 0.8933984625000001 0.6382857171875 0.8855521265625 0.6339166640625 0.8855012875 0.6164285703125 0.8913470453125001 0.59375 0.90701764375 0.59375 0.9071682078125001 0.6164285703125 0.91061899375
0 0.6321875 0.8018773796875 0.6993303562500001 0.8080119765625 0.70933035625 0.789927053125 0.6936160703125 0.77475490625 0.6693303562499999 0.778754971875 0.6431971765625 0.7731092765625001 0.6354072625 0.7730186328124999 0.610758928125 0.7834267515625 0.609375 0.79067108125 0.609375 0.79092620625 0.6321875 0.8018773796875
0 0.6171875 0.700598715625 0.6215792421875 0.7072327296875 0.622449775 0.707242859375 0.6687946421875 0.7014668859375 0.7087946421875 0.6912256906249999 0.71308035625 0.6827102484375 0.6930803562500001 0.6707002265625001 0.6480334890624999 0.6653530515625 0.642630071875 0.665290178125 0.63308035625 0.6764260453125 0.6202232140625 0.6816297578125 0.6171875 0.6937286234375 0.6171875 0.700598715625
0 0.6471651796875 0.5960525984375 0.6871651796875 0.596518040625 0.710022321875 0.5925013515625001 0.7157366078125 0.5818612062499999 0.69859375 0.57202575625 0.6684263406250001 0.5671528453125 0.657808034375 0.5670292890625 0.61875 0.57297819375 0.61875 0.5773952015625 0.620022321875 0.58074746875 0.6471651796875 0.5960525984375
0 0.653125 0.492871796875 0.669891309375 0.5126415578125 0.6784566187500001 0.51416979375 0.68702193125 0.48141231875 0.6859512671875 0.465685575 0.6715696906249999 0.43125192031250004 0.6677063484375 0.4312069671875 0.6613259984375001 0.43397046250000004 0.6549020171875 0.44818142656250004 0.653125 0.4849119953125 0.653125 0.492871796875
0 0.6848184171875 0.3698043421875 0.6848184171875 0.3283757703125 0.6805357609375 0.2968973640625 0.6676877953125 0.2938907234375 0.6625 0.3122890265625 0.6625 0.3406041921875 0.663405140625 0.3581266046875 0.6762357953125 0.395368715625 0.6762697765625 0.3953691109375 0.6848184171875 0.3698043421875
0 0.6768770546875 0.2836757828125 0.68865435625 0.2523842515625 0.6854423656249999 0.2152040203125 0.6763846609375 0.1828704484375 0.674670140625 0.1828504984375 0.6609375 0.2075579984375 0.6609375 0.2623830390625 0.66724108125 0.27927794375000004 0.6768770546875 0.2836757828125
0 0.7288839281249999 0.1379664109375 0.7331696421875 0.12945096875 0.7274553578125 0.12188982968749999 0.688883928125 0.1139463640625 0.628125 0.11218037656249999 0.628125 0.1196968078125 0.6288839281249999 0.12823749375 0.6603125000000001 0.147875146875 0.701741071875 0.1451452203125 0.7288839281249999 0.1379664109375
0 0.67604208125 0.08711494374999999 0.6899607109375 0.0529911875 0.691942946875 0.008051484375 0.6662578859375 0.0077526125000000005 0.6625 0.026762440625 0.6625 0.07037595468749999 0.66533544375 0.08270464375 0.67604208125 0.08711494374999999
0 0.45670535624999997 1 0.45670535624999997 0.9396892484375 0.4488130109375 0.9395974125000001 0.44492805625000004 0.9405889343749999 0.4296875 0.963458215625 0.4296875 0.9690705796874999 0.43208008906249995 0.9818680046875 0.4374334078125 0.984787440625 0.43912030625 1 0.45670535624999997 1
0 0.29886374375 1 0.30546875 0.99611668125 0.30261160625 0.9768114875 0.27261160625 0.97539174375 0.2558258953125 0.970164303125 0.23651636874999998 0.9699396171875 0.22546875000000002 0.9791258421875 0.196897321875 0.9862880281249999 0.1828125 0.9945689968750001 0.1828125 0.994814915625 0.190962715625 1 0.29886374375 1
0 0.0494705796875 1 0.052115326562499995 0.9934141859375 0.049974000000000005 0.9776749828125 0.058539309375 0.9649175078125 0.04882394375 0.9380681187500001 0.0190529640625 0.9377217015625 0.01875 0.9451966281249999 0.01875 0.977273390625 0.0207917984375 1 0.0494705796875 1
0 0.030089285937499998 0.86394755 0.05723214375 0.8674753781250001 0.0800892859375 0.853822715625 0.08151785781250001 0.8420620375000001 0.051248215625 0.8318463265625 0.0094249953125 0.8313596703125 0.0015625 0.8326074218749999 0.0015625 0.8665076578124999 0.005803571875 0.8679476171875 0.030089285937499998 0.86394755
0 0.5042857140625 0.8901860156250001 0.468571428125 0.8715691578125 0.44142857187500006 0.86804133125 0.3957142859375 0.8878520109375 0.431428571875 0.9053982046875 0.4728571421875 0.9080215968750001 0.501428571875 0.89871808125 0.5042857140625 0.8901860156250001
0 0.434375 0.8038199859375 0.4461401609375 0.83535305625 0.4557761359375 0.83546518125 0.4664827734375 0.8227326234375001 0.4761187484375 0.7985590328125001 0.4793307390625 0.7428821234375 0.46005878906250003 0.7412293015625 0.45512211406249997 0.7240458249999999 0.45412772500000004 0.7240342546874999 0.4461401609375 0.7439244875 0.4429281703125 0.77102996875 0.434375 0.7874149828125 0.434375 0.8038199859375
0 0.2375 0.8793486265625001 0.2461382015625 0.9050620921875 0.255774175 0.9223170749999999 0.26541015 0.9252863421875 0.272904796875 0.9196592656250001 0.2846820984375 0.894082021875 0.2771874515625 0.8382805281250001 0.27076346875 0.8139200625 0.2625480421875 0.8014925234374999 0.26172581875 0.8014829562499999 0.255774175 0.8080313609375 0.24935019375 0.8350994671875 0.2375 0.858678890625 0.2375 0.8793486265625001
0 0.23140624999999998 0.78232495 0.2628348203125 0.7891146359375 0.29140625 0.7873057671875 0.339977678125 0.7707403265625 0.3371205359375 0.76107110625 0.3254977671875 0.752225009375 0.3200459453125 0.752161571875 0.29497767812500003 0.7573687390625 0.2656919640625 0.7559573046875 0.2271205359375 0.7694271140625 0.23140624999999998 0.78232495
0 0.2660643546875 0.6596826250000001 0.279982984375 0.69555886875 0.2810536484375 0.716999896875 0.2971136046875 0.692901059375 0.30139625937500003 0.6758080343749999 0.303125 0.6273888484375 0.303125 0.61522759375 0.29186635 0.598708671875 0.28428950625 0.5986205078125 0.2692763453125 0.6211485703124999 0.2660643546875 0.6596826250000001
0 0.46840055312500006 0.726851565625 0.479107190625 0.7269761484374999 0.4866018375 0.705634784375 0.4833898453125 0.655597409375 0.47054187968749994 0.6383050531250001 0.469493425 0.61171305 0.46931648593749997 0.6117109921874999 0.4578125 0.653439690625 0.4578125 0.6558754359375001 0.46090590468750003 0.708192928125 0.46840055312500006 0.726851565625
0 0.5530133921875 0.583815446875 0.5644419640625 0.5764537843750001 0.56015625 0.5646266125 0.5272991078125 0.55032565625 0.5157209843749999 0.54818845625 0.50267578125 0.5480366625 0.4671875 0.554716309375 0.4671875 0.5560060124999999 0.5015848218750001 0.5832170203125 0.5530133921875 0.583815446875
0 0.2794586453125 0.580656915625 0.2848119640625 0.5935763515625 0.2923066109375 0.590806415625 0.3051545765625 0.5566702015625 0.3137198875 0.5467698671875 0.3126492234375 0.5381859812500001 0.2976599296875 0.5265829937500001 0.29340585625000004 0.49247658593750004 0.29322484531250004 0.4924744796875 0.2848119640625 0.5050049234375 0.2765625 0.5338026828125 0.2765625 0.5394041625 0.2794586453125 0.580656915625
0 0.0588918625 0.5091852875 0.054609207812500005 0.49342116875 0.0417612421875 0.49327166875 0.0321252671875 0.5174452578125 0.028125 0.5414174609375 0.028125 0.5440114859375 0.040414276562500004 0.5832559953125 0.050573628125000006 0.5833742109375 0.0621038546875 0.55493695 0.0588918625 0.5091852875
0 0.053058035937500005 0.6559155 0.073058034375 0.667925521875 0.081629465625 0.668025259375 0.09591517968749999 0.6542728578125 0.0944866078125 0.6424789343749999 0.081629465625 0.632693353125 0.0505212125 0.6271503671875001 0.0188565421875 0.626781915625 0.0015625 0.631696975 0.0015625 0.6490249046875001 0.028772321875 0.6599155640625 0.053058035937500005 0.6559155
0 0.028906248437499997 0.7469788203125 0.037477678125000004 0.7599265234375 0.05604910625 0.754789303125 0.0731919625 0.7571301046875 0.0903348203125 0.74769360625 0.0931919625 0.733808221875 0.05120176562499999 0.7099707859375 0.047324778125 0.7099256734375 0.030334821875 0.7234408390625 0.0015625 0.7237221515625001 0.0015625 0.7369019921875 0.028906248437499997 0.7469788203125
0 0.3137197453125 0.4133195578125 0.3062250984375 0.3803752078125 0.2965891234375 0.37740593906250003 0.28267049375000003 0.40724398125 0.28125 0.43565763593750007 0.28125 0.4520723109375 0.2964177125 0.4940741328125 0.2992459953125 0.49410704218749996 0.31264908125 0.491878528125 0.3137197453125 0.4133195578125
0 0.5018367625 0.5027076125 0.5104020734375 0.48709299218749996 0.5082607453125 0.46563950312499996 0.51682605625 0.44431059843750004 0.51682605625 0.425739171875 0.501868715625 0.404277271875 0.50010133125 0.40425670625 0.48684746875 0.4353903375 0.4859375 0.48394607343749996 0.4859375 0.49262266875 0.5018367625 0.5027076125
0 0.47569196406250003 0.3201413734375 0.45625 0.343853325 0.45625 0.3452095796875 0.4628348203125 0.3531823453125 0.49426339218750004 0.3524773859375 0.5485491062500001 0.346685075 0.5609375 0.3385761921875 0.5609375 0.3354534234375 0.559977678125 0.3296874359375 0.5315000000000001 0.3186845625 0.5304921859375 0.3186728359375 0.47569196406250003 0.3201413734375
0 0.5187505265625 0.2756550734375 0.5283864984375 0.2686243390625 0.536951809375 0.21586686406250002 0.5241038453125 0.18857450625 0.51152348125 0.1793896140625 0.50975285 0.1793690109375 0.4984375 0.20440053125 0.4984375 0.21330670000000002 0.5080438890625001 0.2698162046875 0.5187505265625 0.2756550734375
0 0.471875 0.11584776249999999 0.471875 0.11952816875000001 0.4986607140625 0.134896059375 0.5429464281249999 0.13005804999999998 0.5615178578125 0.123850165625 0.5615178578125 0.1099315359375 0.5098134765625 0.0934322171875 0.5000457625 0.093318559375 0.49580357187499996 0.0941775890625 0.4886607140625 0.10587177656249999 0.47580357187500005 0.110004825 0.471875 0.11584776249999999
0 0.5275608765625 0.0628792078125 0.5275608765625 0.0061387265625 0.50625 0.005890751562499999 0.50625 0.048142590624999995 0.5147129109375 0.070824946875 0.523278221875 0.0694960421875 0.5275608765625 0.0628792078125
0 0.2981590140625 0.02790729375 0.3538733 0.025343598437499996 0.3710161578125 0.0169777625 0.36673044374999997 0.0062212562499999995 0.359027525 0.0041776640625 0.271875 0.0031635515625 0.271875 0.005465478125 0.272444728125 0.007265468749999999 0.2924447265625 0.01927549375 0.2981590140625 0.02790729375
0 0.3500446421875 0.1295499171875 0.3557589296875 0.1178391078125 0.34575892812500003 0.108086771875 0.32134040625 0.106864134375 0.27881026875 0.10636925156249999 0.2609375 0.1080748546875 0.2609375 0.10863595625 0.29290178437500003 0.125673009375 0.3500446421875 0.1295499171875
0 0.32151785781250003 0.2340041796875 0.334375 0.227729803125 0.35723214375 0.2247837796875 0.3629464265625 0.219496953125 0.3629464265625 0.20879031406249998 0.33600501718750003 0.200784771875 0.3259553609375 0.200667834375 0.2986607125 0.2037596265625 0.2703125 0.2165820421875 0.2703125 0.2354827625 0.32151785781250003 0.2340041796875
0 0.248258928125 0.31830464062499997 0.2554017859375 0.32588240156250003 0.2925446421875 0.3370212359375 0.3068303578125 0.3500354296875 0.3154017859375 0.342640521875 0.34111607187500004 0.334374425 0.351116071875 0.3280668 0.34825892812500003 0.3173269171875 0.301116071875 0.3060717234375 0.2556490046875 0.3014122453125 0.25404938593750004 0.3013936328125 0.258258928125 0.3098556890625 0.2390625 0.3178534875 0.2390625 0.3181976296875 0.248258928125 0.31830464062499997
0 0.036954678125 0.48023303281249996 0.0383312453125 0.48167762343750004 0.061709723437499996 0.48194965625 0.07014525625 0.45347638437500004 0.07014525625 0.4334763828125 0.061579945312499995 0.39480528593750003 0.0499596234375 0.3833938328125 0.0496694484375 0.38339045625 0.042307996875 0.3917238953125 0.0296875 0.44079975468750004 0.0296875 0.45105899843749997 0.036954678125 0.48023303281249996
0 0.0464473359375 0.36460296406250003 0.0488452015625 0.364630865625 0.0594582640625 0.3635742875 0.0723062296875 0.31086664375 0.071235565625 0.2851399015625 0.062188028125 0.25384862343750003 0.053478712500000004 0.25374728125 0.0390625 0.2920502265625 0.0390625 0.3504292671875 0.0391156515625 0.3533375796875 0.0464473359375 0.36460296406250003
0 0 0.2078957609375 0.0307681734375 0.22067052031249998 0.0338459953125 0.22070633437499998 0.0827232140625 0.217204878125 0.1027232140625 0.20887228750000003 0.0984375 0.19918644375 0.0555803578125 0.184769125 0.0095892703125 0.18136158125 0.004302825 0.1813000671875 0.0084375 0.190644553125 0 0.1993994265625 0 0.2078957609375
0 0 0.10078398749999999 0.021249999999999998 0.113337803125 0.05839285625 0.10841668125 0.0869642859375 0.0980425 0.0869642859375 0.0873358625 0.0655357140625 0.0731678890625 0.0118861625 0.06888830781250001 0.001422990625 0.06876655781249999 0 0.0694609875 0 0.10078398749999999