0 0.9619402203125 0.115944528125 0.9746294328125 0.078080915625 0.9746302046875 0.07806616875 0.9656455921875 0.0593877421875 0.9639781640624999 0.0341540328125 0.9580249953125 0.0526637234375 0.9376410609375 0.0802949796875 0.9359020656249999 0.10106412812500001 0.9352745 0.11303877968750001 0.9361125578125 0.115643996875 0.9619402203125 0.115944528125
0 0.9850607140625 0.1865689375 0.9908286390625 0.186636053125 0.992077734375 0.16280189375 0.9407259171875 0.1603183734375 0.9370218875 0.1691940125 0.9369032671875 0.1714574203125 0.9850607140625 0.1865689375
0 0.9363287390625 0.28739705937500004 0.9349521984375 0.298183396875 0.9344414406249999 0.3079292515625 0.96327134375 0.30826471718750004 0.9653751406250001 0.303659871875 0.9710273578124999 0.271875990625 0.9692209171874999 0.2492948046875 0.9636003859375 0.2426035265625 0.9635853687499999 0.24260335156249999 0.9410773734375001 0.27285455937499997 0.9363287390625 0.28739705937500004
0 0.9230178109375 0.40657524843750004 0.9239901968750001 0.41099552656249994 0.9499267515625001 0.41129732656250007 0.9529469234375 0.4042701328125 0.959016178125 0.3645286921875 0.9535961328125 0.35384907499999996 0.95371221875 0.332617325 0.945466065625 0.33782964843749996 0.9292747125 0.36152848125000003 0.9245658234375 0.3770374171875 0.9230178109375 0.40657524843750004
0 0.973890109375 0.507270690625 0.9731380375 0.4962990828125 0.9327547640624999 0.4818764546875 0.8890819796875 0.48729280468749997 0.8890699421875 0.487522478125 0.9378477859375 0.5096543046875001 0.9681481390625001 0.51000688125 0.973890109375 0.507270690625
0 0.9191628921874999 0.640766925 0.9352603953124999 0.6409542359375 0.9374799984375001 0.6373725890624999 0.9516334671875001 0.57649211875 0.9406077843749999 0.577690890625 0.9310646625000001 0.569617434375 0.9176292984375 0.5988915875 0.916362025 0.6230725828125 0.916841690625 0.631824165625 0.9191628921874999 0.640766925
0 0.8935605921875001 0.717436803125 0.9070344046875001 0.7563213078125 0.9078137171874999 0.756330375 0.9236495874999999 0.7138057156250001 0.925804284375 0.6726916562499999 0.92165828125 0.6567185890625 0.9167477093749999 0.6553343796875 0.9085710640625001 0.6592204421875001 0.8935842453125 0.6789520859375 0.89089715 0.69219150625 0.8935605921875001 0.717436803125
0 0.745661484375 0.731801946875 0.7414372296875 0.7389311078125 0.7412815234375 0.7419021671875 0.7468889484375001 0.7464139875 0.7589106453125 0.745226803125 0.769565865625 0.7320801 0.7722529625 0.7188406828125 0.7704235953125 0.6776802625 0.7564793734374999 0.6775180062499999 0.7462641156250001 0.70128638125 0.745661484375 0.731801946875
0 0.764771925 0.6546049515625 0.7673064093749999 0.6546344421875 0.7803136187499999 0.6513674046875 0.785479290625 0.62886734375 0.7892555609375 0.5758285359374999 0.78703208125 0.56120490625 0.7596042578125 0.6011107875 0.7592672671875 0.6075409328125 0.7614588234374999 0.649820940625 0.764771925 0.6546049515625
0 0.765298059375 0.522299021875 0.7700266171875 0.542097490625 0.7710177625 0.5421090234375 0.7889152953125 0.5116711953124999 0.7937334359375 0.4958024359375 0.7978801640625 0.4547115546875 0.7914402890625001 0.445412584375 0.7913236328125001 0.44541122812499995 0.7798823703125 0.45582920156249995 0.7664012796875 0.501248328125 0.765298059375 0.522299021875
0 0.7797430171874999 0.40085330468749997 0.77937930625 0.40277512968750007 0.7786552796875 0.416590375 0.7816899375 0.41872043124999997 0.783205909375 0.4187380703125 0.7892861390625 0.40892676093749997 0.8064964359375001 0.403818746875 0.8150901203125 0.3919751234375 0.825583403125 0.3629017125 0.8191444140625 0.333631275 0.8080492265625001 0.336156309375 0.7936643140624999 0.38243633125 0.7797430171874999 0.40085330468749997
0 0.760036715625 0.26470194999999996 0.7599931109375 0.2655339984375 0.791655878125 0.2815235 0.8191941421875001 0.287823678125 0.84317121875 0.2861094296875 0.8486850562500001 0.28218709531249997 0.8479851828125 0.27021947343749997 0.8233082328125001 0.25996609843749996 0.7731191515625 0.25539560156249996 0.760036715625 0.26470194999999996
0 0.80151896875 0.22129342031250002 0.8063478046875 0.2282661046875 0.8086046843749999 0.228292365625 0.8225743156249999 0.21888428593749998 0.830728034375 0.19641899375 0.8307746125 0.176513503125 0.83638025 0.1646351125 0.836473409375 0.1248241359375 0.804507740625 0.1642642421875 0.7997125265625 0.1987122328125 0.80151896875 0.22129342031250002
0 0.8132717125 0.0245616078125 0.7842702796875 0.06774026562499999 0.77827053125 0.10615544531250001 0.7819440156249999 0.1232308 0.7899023921875 0.1233234046875 0.7953647421875 0.12227917968749999 0.80974965625 0.0759991578125 0.8128230390625 0.03312280625 0.8132717125 0.0245616078125
0 0.6243675203125 0.018209343750000002 0.65627824375 0.013625571875 0.6655436921875 0.0077536453125 0.5823208796875 0.006785259375 0.5822686796875 0.007781275 0.5779071515624999 0.010883903125 0.577834425 0.0122715828125 0.5883235109375 0.017789934375 0.6243675203125 0.018209343750000002
0 0.5629656749999999 0.08715705625 0.562886475 0.08866826093749999 0.606756915625 0.09617706875000001 0.618875621875 0.09631808124999999 0.6360966 0.0943757265625 0.650998653125 0.0885693875 0.666370496875 0.0737989046875 0.6535254890625 0.0656764546875 0.6107197765625 0.07215472656250001 0.5816986546875 0.06882716562499999 0.572206040625 0.0727032015625 0.5629656749999999 0.08715705625
0 0.6234643531249999 0.2088941078125 0.63527825625 0.1546217578125 0.6209406468750001 0.1239323421875 0.6053717796875 0.1431416328125 0.6044817390625 0.16012460625 0.6077105578124999 0.24315273125 0.6077411984375 0.2431530890625 0.6234643531249999 0.2088941078125
0 0.598966909375 0.3250187375 0.5989104921874999 0.3260952453125 0.6012539 0.3307126796875 0.612210075 0.330840165625 0.6168137078125 0.3558272609375 0.6169794265624999 0.3558291890625 0.6351650203125 0.311201240625 0.636207615625 0.291307340625 0.6261320968749999 0.255359246875 0.617793509375 0.2433186 0.6085513406249999 0.2485193328125 0.6049377359375 0.2604209015625 0.6016709390625 0.3227551203125 0.598966909375 0.3250187375
0 0.610661025 0.45268974531249995 0.611800378125 0.4527030015625 0.62419568125 0.429299928125 0.6293384265624999 0.3882206375 0.6261884390625 0.372259159375 0.6148618031249999 0.3601837421875 0.604924571875 0.37864707656249996 0.60350996875 0.387494284375 0.6027406421875 0.40217393125 0.610661025 0.45268974531249995
0 0.608435296875 0.545938478125 0.6123634609375 0.54964363125 0.615232234375 0.5496770125 0.62386208125 0.536828503125 0.62409425 0.4943650078125 0.62756884375 0.48511595625000004 0.6158717499999999 0.4610926109375 0.617354309375 0.45182038281250003 0.6027777421875 0.49096338125 0.602164734375 0.502660259375 0.608435296875 0.545938478125
0 0.56415701875 0.6026356296875 0.60061283125 0.613608465625 0.6062921328125 0.6136745515625 0.6327049437500001 0.6114062437500001 0.647606996875 0.6055999046875 0.65164114375 0.6027301656249999 0.65168714375 0.6018524171874999 0.6509903031250001 0.591686546875 0.6246678546875 0.5904365796875 0.6228782609375 0.5904157546875 0.593752328125 0.595007015625 0.570036246875 0.591741184375 0.559781559375 0.5954004640624999 0.5597325609375 0.5963353953125 0.56415701875 0.6026356296875
0 0.594416053125 0.760500928125 0.5971274281250001 0.7605324765625 0.602860009375 0.7587224328125 0.6073306171875 0.7494849718750001 0.611129815625 0.7150253953125 0.6061963140625 0.6950619546875 0.5916501875 0.6683513234375 0.5823385125 0.674878315625 0.5849783046875 0.73860833125 0.594416053125 0.760500928125
0 0.4457000546875 0.7603339124999999 0.4621724234375 0.7265884375 0.46272847500000003 0.7159783578125001 0.45413551406249997 0.670758034375 0.4435963796875 0.6626729874999999 0.4353502265625 0.667885309375 0.43240803281250006 0.705009 0.44529268593750004 0.7603291734375001 0.4457000546875 0.7603339124999999
0 0.41633285000000003 0.617811265625 0.4163080203125 0.61828503125 0.452204575 0.6275161078125 0.46533457812499995 0.6276688890625 0.49108219843749995 0.6250097671875 0.5237476171875 0.6094438906249999 0.5175861125 0.600402584375 0.5019841859375 0.5942413 0.4834165453125 0.5940252453125 0.4763154546875 0.6029122265625 0.42953096406249996 0.609344203125 0.41633285000000003 0.617811265625
0 0.45483254375 0.45323308906250004 0.438224153125 0.4848894796875 0.435940996875 0.51215763125 0.43568033906250003 0.5171312828125 0.44313400312500006 0.5433376359375 0.44860303437500004 0.54773810625 0.4564409234375 0.5478293078124999 0.45886173750000003 0.5475018515625 0.46298481406249997 0.544895690625 0.46374938437499996 0.53030683125 0.457785115625 0.510994934375 0.459766046875 0.473196525 0.464445171875 0.459980284375 0.460878146875 0.45197636562500004 0.45483254375 0.45323308906250004
0 0.45007182500000004 0.4602018375 0.45225554062500006 0.460227246875 0.4589980359375 0.457022784375 0.4608288546875 0.384055309375 0.45696087500000004 0.36277720156250004 0.4530692453125 0.3799838109375 0.44269204687499997 0.3878254734375 0.43006772031249996 0.4195282265625 0.4422742859375 0.45284698125 0.45007182500000004 0.4602018375
0 0.459234871875 0.336176159375 0.459311103125 0.3347215796875 0.45772580781250005 0.2905725140625 0.44987376718750005 0.2692480484375 0.43507254062499995 0.2664216828125 0.4313430734375 0.3015666875 0.43122694843750004 0.3037824578125 0.45281153906249993 0.3617361875 0.453082259375 0.3617393375 0.459234871875 0.336176159375
0 0.41030996562500005 0.22886406093749997 0.40999420625000005 0.231608015625 0.4093442984375 0.24400897968750002 0.41892657812499995 0.23559966875 0.42840019218750003 0.2449993859375 0.432666409375 0.2567504375 0.43281431406250004 0.2567521578125 0.4428775375 0.21597233125 0.4443837515625 0.168215384375 0.4312736046875 0.152138009375 0.423096959375 0.156024071875 0.41656480937499996 0.16656461250000001 0.421312721875 0.209086059375 0.41762960937500004 0.2223138890625 0.41030996562500005 0.22886406093749997
0 0.429210621875 0.15055673281249998 0.43712231562500004 0.1567413046875 0.4384667875 0.15675694843750002 0.4440813546875 0.1520568375 0.446954040625 0.11625940781249999 0.44028360781250003 0.072388521875 0.44424474375 0.053855653125 0.43548911874999996 0.049772565625 0.42300380468750004 0.078822796875 0.4165640921875 0.1066163078125 0.429210621875 0.15055673281249998
0 0.47557881249999995 0.0086701109375 0.48015627656250004 0.005733503125 0.4218673328125 0.0050552484375 0.42185532812500004 0.0052843265624999995 0.4252331359375 0.007087659374999999 0.4545176515625 0.00997915 0.46308859375000005 0.010078882812499999 0.47557881249999995 0.0086701109375
0 0.2339137609375 0.038332348437500004 0.245194540625 0.01324930625 0.24599914374999998 0.002862459375 0.2296875 0.0026726562499999997 0.22638693906250001 0.0656511140625 0.2270038734375 0.0667429953125 0.22756160312499998 0.06674948593749999 0.2339137609375 0.038332348437500004
0 0.20792627812500003 0.0999919796875 0.2072416859375 0.1028072640625 0.20700788593750002 0.10726843281250001 0.260789165625 0.1295091703125 0.26649174531250003 0.1297405921875 0.2991363671875 0.130120446875 0.304607940625 0.129022425 0.3130874921875 0.11915486093750001 0.3133484875 0.11417478125 0.299281615625 0.10404486406249999 0.2766829984375 0.10477852968750001 0.25593263125 0.09556746875 0.242409034375 0.10039322343749998 0.20792627812500003 0.0999919796875
0 0.043978375 0.0786843765625 0.04482664375 0.078694246875 0.0596409796875 0.0591896953125 0.0576955265625 0.0392610265625 0.0640611484375 0.00074541875 0.043413460937499995 0.0005051609375 0.032798142187500004 0.030488234375 0.03228845 0.040213740625 0.032910490625 0.07480348125 0.043978375 0.0786843765625
0 0.0806158203125 0.15571988125 0.1020489171875 0.1541192953125 0.11705536875 0.1463209265625 0.11365077812499999 0.135318453125 0.0967747921875 0.1281457203125 0.009554828125000001 0.121151084375 0.024269371875 0.144244640625 0.0632977609375 0.1555183671875 0.0806158203125 0.15571988125
0 0.0611319875 0.20954441093749998 0.031119085937500002 0.2251411515625 0.0034942828125 0.23164969375000002 0.0034802703125 0.23191704999999999 0.0409461796875 0.24020485156250002 0.058269426562500004 0.25395738749999996 0.061477329687500006 0.25399471406249996 0.0654665328125 0.253446275 0.0778726625 0.2446210234375 0.1062461109375 0.2349849453125 0.1092118234375 0.2290397140625 0.10947281874999999 0.224059634375 0.1017762546875 0.2189869609375 0.07168986875 0.2106638859375 0.0611319875 0.20954441093749998
0 0.21979646874999997 0.191919109375 0.2197578671875 0.1921413390625 0.2191475015625 0.203787803125 0.2574963078125 0.23222272031250002 0.29585344999999996 0.23466229218749998 0.3187652609375 0.2279525328125 0.315621665625 0.21196998125 0.2986412796875 0.2067892796875 0.257527221875 0.20631087343750001 0.234385328125 0.1920888671875 0.21979646874999997 0.191919109375
0 0.24679575781250002 0.33024691875 0.2656535140625 0.34236042499999997 0.27935485312499997 0.3425198546875 0.32101411406249997 0.3321071515625 0.32811520625 0.3232201703125 0.31527019843750004 0.31509771875000003 0.26359825937500003 0.3134998375 0.2393601875 0.3201941640625 0.226643903125 0.32924004687499997 0.22660344999999998 0.330011959375 0.24679575781250002 0.33024691875
0 0.27017818125000004 0.41170491406250004 0.263133259375 0.43845802031250003 0.26266160781250003 0.4474576578125 0.2721694890625 0.4687920390625 0.2739995796875 0.45288850937499997 0.29167349374999996 0.4199174484375 0.2967467328125 0.3801644171875 0.293280871875 0.372387503125 0.2928531109375 0.372382525 0.2797449546875 0.381293653125 0.27017818125000004 0.41170491406250004
0 0.27683975312500003 0.4873571421875 0.26639305 0.49652506562500004 0.259443865625 0.515023165625 0.2584671390625 0.5274929046875 0.257011234375 0.5552732234375 0.2624311890625 0.57212188125 0.27174286406250003 0.5655948890625 0.2829312125 0.5232588781249999 0.28212078749999997 0.5006892796875 0.2901354953125 0.4808765078125 0.2909000640625 0.46628764843750004 0.2837194328125 0.4701853 0.27683975312500003 0.4873571421875
0 0 0.32911348125 0.045267528125 0.3535587484375 0.0828020953125 0.3574307375 0.0906147890625 0.357521646875 0.10500142500000001 0.353257190625 0.10812373593749999 0.3443239125 0.09660498749999999 0.3362168921875 0.0559085203125 0.327770359375 0 0.3271198046875 0 0.32911348125
0 0.045470992187499996 0.485199484375 0.0552174625 0.4853128953125 0.060856762499999995 0.46993262031249994 0.066787003125 0.4328437015625 0.06484155 0.41291503125 0.05256547968750001 0.3809225375 0.0501793359375 0.407436146875 0.04297130625 0.433021846875 0.0410222171875 0.47021269062500004 0.045470992187499996 0.485199484375
0 0.022802409375 0.5493752 0.02214735625 0.5618743671875001 0.037492534375 0.5929848921875001 0.0385282 0.59299694375 0.043215668750000005 0.58721341875 0.046319803124999996 0.5660164390625 0.0549829921875 0.55284655625 0.054126715625 0.4931185 0.05049018281249999 0.4864408421875 0.0415260390625 0.486336534375 0.034067384374999995 0.495539225 0.022802409375 0.5493752
0 0 0.648431365625 0.015586806249999998 0.6505777515625 0.024056209375000002 0.6506763015625 0.068177584375 0.6476205421875 0.085679959375 0.642841084375 0.09262445312499999 0.6369421515625 0.0881625125 0.6232800953125001 0.0855072546875 0.6232491984374999 0 0.6337739250000001 0 0.648431365625
0 0.048857746875000004 0.77447766875 0.0496647453125 0.774487059375 0.0703749734375 0.7193583078125 0.0774402421875 0.6796284578125 0.061643 0.6767905015625 0.0467256890625 0.6951958874999999 0.0388090453125 0.721269703125 0.036734096875 0.7608620828125 0.039845284375 0.7694316734375 0.048857746875000004 0.77447766875
0 0.046529453124999995 0.8776384640625 0.053795015625 0.8777230062499999 0.0637362734375 0.867586796875 0.07436856875 0.8358608671875001 0.079256215625 0.8186658453125 0.0726782140625 0.7920479281249999 0.0436160546875 0.808541253125 0.040793159375 0.8624053203125 0.043329409375 0.8766388234375 0.046529453124999995 0.8776384640625
0 0.2837589109375 0.6646423859375 0.28484655000000003 0.6646550421875 0.2876330609375 0.61148526875 0.2836260703125 0.59285968125 0.270145465625 0.5648343765625 0.263173353125 0.5647532484375 0.257637221875 0.5753053796875001 0.2680595484375 0.6616861218750001 0.27915473749999997 0.6591610890624999 0.2837589109375 0.6646423859375
0 0.2626579390625 0.7160197890625 0.2632479796875 0.7488301734375 0.2649628296875 0.748850128125 0.2696786890625 0.7430315734375 0.2794303296875 0.74712625 0.28892759687499997 0.71804125 0.28360070937500004 0.667550653125 0.2761191265625 0.6581741171875 0.2674559359375 0.6713439984375 0.26340171093750003 0.7018277640624999 0.2626579390625 0.7160197890625
0 0.26221106562499996 0.8488790906249999 0.2640465046875 0.848900446875 0.27509053125 0.8442355218750001 0.28048764843749996 0.8363359109375 0.2820422734375 0.8234639593749999 0.28215712656249997 0.8212724343750001 0.27601776562499997 0.7885094265625 0.26781819218749997 0.773816259375 0.259572040625 0.77902858125 0.253896896875 0.7922332328125 0.2502832921875 0.8041348015625 0.251093715625 0.8267044 0.25616622968749997 0.84401531875 0.26221106562499996 0.8488790906249999
0 0.45714777968750003 0.8527108374999999 0.45848426093750005 0.8527263890624999 0.46241913749999997 0.84565325 0.467146684375 0.81169136875 0.46717929687500004 0.81106908125 0.45727784375 0.772604646875 0.4487307359375 0.764542778125 0.44055409218749997 0.768428840625 0.4382343390625 0.7965550875 0.437927028125 0.8024189343750001 0.44134086562499997 0.82948315625 0.4456953859375 0.8414774453125 0.45714777968750003 0.8527108374999999
0 0.550750346875 0.8055509750000001 0.5891745953124999 0.8073435234374999 0.609605603125 0.8075812593749999 0.637374834375 0.79858595625 0.6456455890624999 0.7927024546875 0.6474416390625 0.78375374375 0.6024532 0.7812370093750001 0.5651091234375001 0.784788965625 0.5542380484375 0.7896455859375 0.5443278421875 0.8014897484375 0.550750346875 0.8055509750000001
0 0.72964331875 0.8496277984375 0.7303133859375001 0.8496355953125001 0.744959121875 0.84221251875 0.7590889375 0.8198167656249999 0.764951040625 0.79741264375 0.765416265625 0.7885356265625 0.765644734375 0.7707915078124999 0.7569586171875 0.765382159375 0.7486429578125 0.7719207421875 0.735300640625 0.7983068640625001 0.7270544859375 0.8035191875000001 0.7256414328125 0.8114651578125001 0.733331534375 0.8168629140625001 0.72964331875 0.8496277984375
0 0.714050090625 0.9333518453125 0.7305766499999999 0.9512630937500001 0.7323558421875 0.9512837968750001 0.7445812921875 0.9025019265625 0.7450219828125 0.8560596484375 0.7404589406250001 0.848044140625 0.731564303125 0.846613571875 0.7263061984375 0.8518606640625 0.7161833750000001 0.8928820046875 0.71615854375 0.8931201609375 0.714050090625 0.9333518453125
0 0.70127811875 0.9915719484375 0.7132144953124999 0.9917108406249999 0.7390272328124999 0.990578553125 0.757908065625 0.9848185125000001 0.7649569578125 0.9769275468749999 0.75211195 0.9688050953125 0.704418790625 0.9672535109375 0.67862098125 0.9828978984375001 0.6785441109375 0.9843646875 0.70127811875 0.9915719484375
0 0.58121078125 1 0.6184327109375001 0.9904055171874999 0.6201765625 0.9824528203125 0.6112581359375 0.97537268125 0.5568292796875001 0.9757359671874999 0.5420838234375001 0.9785542578124999 0.541168621875 0.9803889203124999 0.5407716234375 0.9879640890625 0.541509634375 0.9895104359375001 0.56916619375 1 0.58121078125 1
0 0.6060265234375 0.852063934375 0.5835982265624999 0.8494918625000001 0.5802225453125 0.8494525828124999 0.5737828296874999 0.89680908125 0.5774422890625 0.9220659687499999 0.590204903125 0.9447746421875 0.6023656140625 0.9409349390624999 0.6048441890625 0.9316743000000001 0.6085043734375 0.899867240625 0.5987993125 0.8758670734375 0.6060265234375 0.852063934375
0 0.448574390625 0.9557989640625 0.45050788593749996 0.9558214625 0.4596161671875 0.9258229281249999 0.4605663265625 0.8886760625000001 0.4494252875 0.8540426359375 0.44138765312499995 0.8552761796875 0.43796099218749995 0.8614357703125 0.4332302 0.9517046859375 0.4424983046875 0.9481839125 0.448574390625 0.9557989640625
0 0.46540406875 1 0.4667502953125 0.9743124765625 0.46003328125 0.9503470796875 0.451694696875 0.9383064328125 0.44344854375000003 0.9435187546874999 0.4390768203125 0.95947434375 0.4383763296875 0.9728405062500001 0.44270654531250003 1 0.46540406875 1
0 0.272792484375 1 0.2747920578125 0.9618458734375 0.2738578265625 0.9606553828125 0.2695976046875 0.9599701921875001 0.264408015625 0.95990980625 0.26224389062500003 0.9625799609374999 0.2602827890625 1 0.272792484375 1
0 0.210053040625 0.9143047031249999 0.20989786562499999 0.9172656124999999 0.24552498749999999 0.9252941187499999 0.2599641078125 0.9254621343749999 0.2994918546875 0.9219293578125001 0.3091410671875 0.9150652750000001 0.3082323984375 0.907081715625 0.292682671875 0.8999244140625 0.2690709890625 0.89466655 0.24509391093750002 0.8963808 0.21534200312500001 0.9069974609375 0.210053040625 0.9143047031249999
0 0.029762029687500004 0.9821946984375 0.030307423437499998 0.98220104375 0.0489576296875 0.9445378218749999 0.051969328125000006 0.9060878750000001 0.0506028546875 0.894128353125 0.0431212703125 0.8847518171875001 0.0340876203125 0.885973771875 0.028760009375 0.8925471234375 0.0229451296875 0.965468240625 0.029762029687500004 0.9821946984375
0 0.8895693781249999 0.8359821703125 0.8957401609375 0.851560509375 0.8967410875 0.8515721562499999 0.90383950625 0.8504827562499999 0.9125026937499999 0.837312875 0.9203325343750001 0.782994165625 0.914703971875 0.776293328125 0.9024042484375 0.7827855515625 0.8921194859374999 0.8078801828125 0.8905919828125001 0.8164697249999999 0.8895693781249999 0.8359821703125
0 0.880659059375 0.943430940625 0.8938792703124999 0.9500363859375 0.8944032703125 0.9500424828125 0.8985178406250001 0.9449658140625001 0.9019229265625001 0.9370430234375 0.902734075 0.902548675 0.8996077390625 0.848102478125 0.8809148828125 0.8624827234374999 0.8759045765625 0.8878949281249999 0.8750776171875 0.9036742484375001 0.880659059375 0.943430940625
0 0.9010255546874999 1 0.902534446875 0.9937307765625001 0.8999405093749999 0.9671592203125 0.8892394328125001 0.9431474640624999 0.8814103171875001 0.9404022265625 0.874947678125 0.9496165078125 0.8725897312500001 0.98097840625 0.8719031515625 0.9940791171875001 0.8739547875 1 0.9010255546874999 1
0 0.7310871234375 1 0.733264646875 0.99350244375 0.73201425625 0.960311175 0.727868253125 0.94433810625 0.719390653125 0.93494998125 0.7099169421875 0.952552096875 0.707430303125 1 0.7310871234375 1