0 0.025112059375000002 0.04695904375 0.037608775 0.0867430046875 0.063938503125 0.0873558359375 0.0626144703125 0.0494404609375 0.0427931953125 0.021221046875 0.036954503124999996 0.0018170781250000001 0.0347692328125 0.0279157421875 0.025112059375000002 0.04695904375
0 0.004692546875 0.133822703125 0.0055848671875 0.1593754515625 0.0090211453125 0.15945543125 0.06281447500000001 0.1445834109375 0.0628082921875 0.144406359375 0.058342921874999995 0.133107696875 0.004692546875 0.133822703125
0 0.027274028125 0.22470357500000002 0.024992559375 0.24804741875 0.0302791953125 0.2812014484375 0.0325555875 0.28646283281249996 0.063083578125 0.2871733796875 0.06069372656250001 0.2653938640625 0.056032395312500004 0.25014617031249997 0.033231875 0.21796079062499998 0.027274028125 0.22470357500000002
0 0.0892239421875 0.350379384375 0.0932029453125 0.344178690625 0.09313214375 0.3421512140625 0.072370340625 0.34069715 0.061134604687500003 0.334242325 0.019956590625 0.33741276875000004 0.011883190625 0.3402900625 0.012803367187500001 0.3666404484375 0.0206120546875 0.368930034375 0.0464621765625 0.369531703125 0.06497168125 0.36529818125 0.0892239421875 0.350379384375
0 0.060148715625 0.43877878125 0.04873698125 0.437136878125 0.0451916328125 0.4446712703125 0.0461539015625 0.47222702656250004 0.0710772375 0.5262276265625 0.071581765625 0.52623936875 0.076102634375 0.48181512968750007 0.060148715625 0.43877878125
0 0.07645982500000001 0.6247506703125 0.07644875625 0.6244337109375 0.0629419328125 0.56113369375 0.060473253125 0.5569473625 0.044116503125 0.5565666546875 0.04144011875 0.566138396875 0.03945985625 0.5934890953124999 0.0395264234375 0.5953953359375 0.054764175000000005 0.630450346875 0.05589606875000001 0.6304766921875 0.06510644374999999 0.623117165625 0.07645982500000001 0.6247506703125
0 0.097525090625 0.6717816937500001 0.0823407765625 0.6507839125 0.0740327421875 0.646511128125 0.07374811718749999 0.646504503125 0.068814825 0.647716509375 0.06422673749999999 0.6641252125 0.0657178453125 0.7068249375 0.08130059375000001 0.7512827 0.0822511828125 0.751304825 0.0968538828125 0.711678509375 0.0991435859375 0.6931275078125 0.0986023078125 0.6776273234375 0.097525090625 0.6717816937500001
0 0.249786634375 0.6997612359375001 0.23962331093749997 0.674751446875 0.2251605 0.6744148203125 0.22251937812499997 0.717018365625 0.22506649687500002 0.730840559375 0.23587807500000002 0.7448551109375 0.241828246875 0.7456516421875 0.2492412390625 0.7458241812499999 0.2538618953125 0.742317940625 0.253720446875 0.7382673734375 0.2498598828125 0.73141763125 0.249786634375 0.6997612359375001
0 0.2720455921875 0.5924141828125 0.272029678125 0.5919584999999999 0.2573205015625 0.5886312109375 0.2022601578125 0.5883818859375001 0.17898848125 0.5919691046875 0.175722821875 0.6059731937499999 0.17578166875 0.6076583734375001 0.18105132031249999 0.6116292640625 0.2252818703125 0.617245659375 0.23171193437499998 0.617395321875 0.2720455921875 0.5924141828125
0 0.2285347046875 0.5345761796875 0.2334531265625 0.5155494609375 0.2326423953125 0.49233315937500005 0.2196892 0.4455027625 0.2079407609375 0.4342189875 0.201269725 0.443385221875 0.20144995156249998 0.44854621562499997 0.2046032796875 0.4864403609375 0.20931271406250002 0.5030654671875 0.22691416250000002 0.5345384609375 0.2285347046875 0.5345761796875
0 0.22633433281249998 0.3695184375 0.23123069687500003 0.35208469062500003 0.241596775 0.3463830484375 0.2415646875 0.3454641921875 0.23768484843749998 0.3398482953125 0.2226054828125 0.3415617546875 0.20379071249999997 0.3545426734375 0.15601425 0.36581728281250003 0.15367651875 0.37701969062499996 0.15368015468750001 0.37712380625 0.181069225 0.38515455625 0.1870167234375 0.3852929859375 0.214226240625 0.3774943625 0.22633433281249998 0.3695184375
0 0.198117490625 0.20760124531250002 0.18567269687500002 0.20593529687499998 0.18173286718749998 0.2113487609375 0.18053255625 0.236094059375 0.1877410078125 0.265163946875 0.20540594375 0.29985335 0.205564778125 0.29985704687500003 0.21456072499999998 0.28749630625 0.2141703609375 0.27631776406249997 0.2093619734375 0.23401249062499999 0.198117490625 0.20760124531250002
0 0.185359028125 0.143192784375 0.1646617953125 0.1416788328125 0.14149834375 0.148365225 0.1310201890625 0.1636046171875 0.1395011015625 0.169995321875 0.153664634375 0.172189425 0.177232696875 0.172737978125 0.1987297515625 0.171373884375 0.23896981093749997 0.1413439359375 0.197575346875 0.1383160328125 0.185359028125 0.143192784375
0 0.209794725 0.034443175 0.162018259375 0.0457177828125 0.1597324171875 0.059083415625 0.1746711359375 0.06339225625 0.1907635734375 0.0637668125 0.21899714218750002 0.061495034375 0.26196759531249997 0.03557144375 0.26193556406249996 0.0346541984375 0.209794725 0.034443175
0 0.43238516093749996 0.051165515625000005 0.40219035625000005 0.053559378125 0.35786069375 0.0453020671875 0.344375190625 0.053245932812499994 0.3600678328125 0.06909445625 0.3754358015625 0.075645459375 0.3898060921875 0.07776695781250001 0.4085927015625 0.07820422187500001 0.45060536874999996 0.0725171390625 0.45048801875000005 0.06915669218750001 0.4421713328125 0.055522164062500004 0.43238516093749996 0.051165515625000005
0 0.37510079687500003 0.13877930624999998 0.3863704265625 0.1954695375 0.40114991250000004 0.22947030000000002 0.4022036671875 0.2294948265625 0.4075204296875 0.13525146562499998 0.40731064687499996 0.1292440921875 0.39052341562500004 0.10748358124999999 0.37510079687500003 0.13877930624999998
0 0.39041658125 0.23097309843749997 0.38513213749999997 0.25699963124999997 0.3737685 0.2567351390625 0.3708617296875 0.2621726453125 0.3740571015625 0.2649996 0.3763178125 0.3297378921875 0.3798498875 0.3422067203125 0.38919523749999996 0.34784553281249997 0.38939983125 0.3478502953125 0.3982044296875 0.33575247343750003 0.4086280609375 0.30109320624999997 0.4077531125 0.2760379734375 0.39041658125 0.23097309843749997
0 0.380941321875 0.3865164359375 0.3617297265625 0.3881337171875 0.34277065625 0.396982403125 0.355600253125 0.40966763593750005 0.36758413125 0.4129141890625 0.3882452984375 0.413395084375 0.41486497812499995 0.4120792546875 0.438664065625 0.40117963593750006 0.43861704687499997 0.399833184375 0.380941321875 0.3865164359375
0 0.38804150000000004 0.4461761703125 0.388038775 0.4461761078125 0.3894067015625 0.45582908125 0.376842753125 0.4803098875 0.3802786296875 0.4900238953125 0.37975171875 0.534052940625 0.38946946875 0.5492505875 0.3897613375 0.54925738125 0.3955842890625 0.5440554828125 0.4030295265625 0.4984344140625 0.40266117812499996 0.48788627812499996 0.38804150000000004 0.4461761703125
0 0.40870716093750004 0.5716050203124999 0.4076259875 0.5562858328125 0.3962142515625 0.55464393125 0.3932593796875 0.5587040296875 0.387590134375 0.573711275 0.385597265625 0.6053195812500001 0.39835580937500004 0.6455289765625001 0.4035437734375 0.6494968921875001 0.406343925 0.649562065625 0.4095270453125 0.6402838281250001 0.40556206718750004 0.6154183046874999 0.40928240000000005 0.5880777140625 0.40870716093750004 0.5716050203124999
0 0.3939973921875 0.7553437171875 0.3984663234375 0.7650817703125 0.4068269875 0.7680289484375 0.41737291875000004 0.7448774625000001 0.4206331078125 0.689580553125 0.4202335875 0.678139778125 0.41172443437500006 0.671802575 0.3961575125 0.69896606875 0.390680671875 0.7194829578124999 0.3939973921875 0.7553437171875
0 0.517954621875 0.7264214828125 0.565183403125 0.7388751421875 0.5762026875 0.73913161875 0.6107704968750001 0.72476184375 0.610752571875 0.7242485203125 0.5530457906249999 0.706593875 0.514514371875 0.7067292640625 0.50929333125 0.7148654875 0.517954621875 0.7264214828125
0 0.5246316421875 0.597897990625 0.5053478953125 0.59744915625 0.489035421875 0.6032627875000001 0.4824730453125 0.6124000109375001 0.5161081000000001 0.6296983671875 0.548188459375 0.634128775 0.553890940625 0.6342615015625 0.5944040453125 0.6253274171875 0.5803052640625 0.6157092984375 0.531843371875 0.607355809375 0.5246316421875 0.597897990625
0 0.57425405625 0.48768737343749996 0.557603784375 0.45426885156249996 0.5513573375 0.45274717343750004 0.5475137046875 0.4609154578125 0.552126940625 0.47478574218749997 0.553497796875 0.5140419406250001 0.5469638421874999 0.5338460796875 0.5474929453125 0.54899759375 0.5511333625 0.5514521265625 0.5633161796875 0.551735684375 0.568106003125 0.548101078125 0.575636909375 0.5234075515625001 0.5745411578125 0.4920293296875 0.57425405625 0.48768737343749996
0 0.571221784375 0.3866293 0.560602603125 0.378124390625 0.5568781265625 0.36014592031250003 0.5524824421875 0.3820642640625 0.5530618390625001 0.45777375156250005 0.5595216953125 0.4610960265625 0.5625146046875 0.46116568750000003 0.5704795234375 0.454050278125 0.5830176140625001 0.4218088 0.5828720984375 0.4176418 0.571221784375 0.3866293
0 0.5652660046875 0.26349542812500004 0.5567380890625 0.2853175953125 0.5542412640625 0.332053371875 0.5603494109375 0.359635340625 0.5604022375 0.3596365703125 0.5834897953125 0.301206984375 0.5830191671875 0.2877299515625 0.5806656718750001 0.26110127968749997 0.5652660046875 0.26349542812500004
0 0.5833190328125 0.1651495421875 0.5726517531249999 0.155267221875 0.5742620140625 0.171820190625 0.58173391875 0.1788755578125 0.5853140953125 0.1927217953125 0.5796218984375 0.23663061718749998 0.586205046875 0.2477941703125 0.594613809375 0.252118759375 0.6084994171875 0.2359264578125 0.607949309375 0.196895815625 0.607541734375 0.185224403125 0.59805218125 0.1435019109375 0.5980337953125 0.1435014828125 0.5933129109374999 0.155748115625 0.5833190328125 0.1651495421875
0 0.5362307000000001 0.0766010140625 0.530937509375 0.082671121875 0.5381492375 0.0921289390625 0.5841449109375 0.108682771875 0.6128901546875001 0.104190734375 0.6418214343749999 0.0938798671875 0.6417308796875 0.09128673125 0.6383394499999999 0.0841387125 0.6191639296875 0.08678905 0.5733847078125 0.0764335640625 0.5362307000000001 0.0766010140625
0 0.7827299296875 0.1117372109375 0.757982446875 0.053356985937500004 0.7507991421875 0.054566084375000004 0.7520497484375 0.09037875625 0.7473654625 0.1040326375 0.7574325859375 0.12628760781249998 0.7572172312500001 0.149679540625 0.7677622296875 0.16462548593749998 0.77377568125 0.16476545 0.7832841796875 0.15716771093749998 0.784338040625 0.1513215 0.78322948125 0.11957648750000001 0.7827299296875 0.1117372109375
0 0.978125 0.022766112499999998 0.9575146046875 0.0222864 0.956545490625 0.049624078125 0.9620273109375 0.06610587500000001 0.979652784375 0.0665161125 0.978125 0.022766112499999998
0 0.9636340390625 0.0981572828125 0.9398737078125 0.0976042546875 0.9469744390624999 0.166584071875 0.954831146875 0.1846587234375 0.9633476734374999 0.187912546875 0.9668874703125001 0.18799493750000001 0.9740744421875001 0.1740962875 0.975919159375 0.13843020625 0.9759157265624999 0.13833192656249998 0.9636340390625 0.0981572828125
0 0.97666656875 0.20527995468750002 0.9712126781249999 0.19689526875000002 0.9660473890624999 0.1967750453125 0.9599452421875 0.199385596875 0.9506247671875 0.2280707703125 0.94176015 0.2402510625 0.9409675921874999 0.24711407031250002 0.95610380625 0.26673444375 0.9600352109375001 0.2830704796875 0.9708577921874999 0.283322378125 0.9719844765625 0.278114396875 0.9874551953124999 0.24819608125 0.9860373359375 0.237152753125 0.97666656875 0.20527995468750002
0 0.7391971578125001 0.1594919796875 0.7327834578125 0.1827396453125 0.7362444796875 0.22273263906250002 0.766524409375 0.264515396875 0.7789335656249999 0.264804221875 0.7784077046875 0.2497455578125 0.7631520828125 0.22473521093749999 0.7616609750000001 0.1820354875 0.7558703828125 0.1640089265625 0.7391971578125001 0.1594919796875
0 0.745385878125 0.2995187953125 0.744616275 0.2774802265625 0.734766696875 0.291013884375 0.728401096875 0.3156389609375 0.7313100640625 0.36938201249999997 0.73954993125 0.38254103906250003 0.7411027453125001 0.38257718125 0.7491125484375 0.376677825 0.759425446875 0.33207371874999997 0.759039103125 0.32101028125000003 0.745385878125 0.2995187953125
0 0.736595203125 0.393194434375 0.73498494375 0.37664146249999997 0.723454053125 0.40114631562499997 0.7318879640625 0.4357498890625 0.7412587312500001 0.46762268906250004 0.753593228125 0.47654170156250003 0.755491625 0.4765858875 0.7580380296875 0.4711744015625 0.7575597828125 0.4574791953125 0.7543266359375 0.4280144109375 0.736595203125 0.393194434375
0 0.7525119453125 0.506169153125 0.7418446656250001 0.49628683437500004 0.735021015625 0.478236228125 0.7276453109375 0.47393568437500005 0.7281744140625 0.4890871984375 0.736127321875 0.5099166703125 0.734878909375 0.5332845578125001 0.7457156375 0.57757809375 0.7547320484375 0.5842930796875 0.7553817453125 0.5843082015625 0.7613783656249999 0.5668291 0.7606887296875 0.547080484375 0.759383696875 0.525597165625 0.7525119453125 0.506169153125
0 1 0.3394953015625 0.9738120468749999 0.3388857703125 0.9314009234375 0.3461563859375 0.9192928312499999 0.3541323125 0.922372328125 0.36349395156250003 0.9371600609374999 0.36840570625 0.9455949718750001 0.36860203125 0.984391875 0.365969690625 1 0.3581840234375 1 0.3394953015625
0 1 0.44155367968750003 0.995495084375 0.4395091625 0.9747256999999999 0.4359290953125 0.936302509375 0.43916365781250005 0.9199539578125 0.44394423125 0.9189012249999999 0.45320969218749996 0.9388252390625 0.460557034375 0.9716051562500001 0.4613199953125 1 0.45545269062499993 1 0.44155367968750003
0 0.9741780468749999 0.5164358171875 0.9648805265625 0.5162194140625 0.9609887968749999 0.5230102890625 0.9590210765625 0.58489758125 0.967766540625 0.5988640421875 0.9681370671874999 0.6017499765625 0.9893737 0.6022442640625 0.9934062171875 0.5944862468750001 0.99310580625 0.5858835890625 0.981746153125 0.526246003125 0.9741780468749999 0.5164358171875
0 0.9688812765625 0.6196397265625 0.9643412874999999 0.6374258390625 0.9619887671875 0.6882938484375 0.964606271875 0.7047089765625 0.9807898343750001 0.705085653125 0.9883906671875 0.6296907984375 0.9879873765625 0.6181420531249999 0.9748391218749999 0.6128969421875 0.9688812765625 0.6196397265625
0 1 0.7345883359375 0.9727838796875 0.7373690265625 0.91558199375 0.7546175671875 0.9214523874999999 0.76507638125 0.9316869796875 0.7695144328125 0.969524440625 0.770395109375 0.9984791468750001 0.7637725453125 1 0.762637578125 1 0.7345883359375
0 0.9648008078125001 0.831078515625 0.9530042703125 0.81841733125 0.9438029484375001 0.8209557484375001 0.9402960203124999 0.8387659062499999 0.9421238296875 0.8911075046875 0.9722078796875 0.9094070390625 0.9727853984375001 0.9094204796875 0.978656271875 0.8874275140625001 0.9782460171875 0.8756793546875 0.9752527343749999 0.8643527703125 0.9648008078125001 0.831078515625
0 0.7530748578125 0.5826997296875 0.7416150218750001 0.5796804171875001 0.7292456671875 0.668851428125 0.734328553125 0.6790532140625001 0.7424917 0.6792432125000001 0.7565129265625 0.6515942984375 0.7606061578125 0.634131534375 0.758592071875 0.5764556296875 0.7530748578125 0.5826997296875
0 0.7415602984375 0.6764582015625 0.731374021875 0.680349984375 0.7253955578125 0.672600375 0.724864146875 0.67258800625 0.723327109375 0.715946253125 0.7277730890624999 0.7545858812499999 0.7362274921874999 0.7680875234375 0.7368954734375001 0.7681030703125 0.7444463125 0.7591028296875 0.7507086421875 0.708365965625 0.750630478125 0.70612766875 0.7415602984375 0.6764582015625
0 0.7847293015625 0.8331423906250001 0.7701676109375 0.8240624515625001 0.7354437484374999 0.8149965 0.7203283093749999 0.8156769031250001 0.712244221875 0.820649834375 0.7071674812500001 0.8329182906250001 0.71292965 0.840277934375 0.7310524375 0.8468930546875001 0.73897968125 0.8477743109375 0.759967971875 0.84826281875 0.7668290343749999 0.846693546875 0.7804227625 0.841848853125 0.784795384375 0.8350347656249999 0.7847293015625 0.8331423906250001
0 0.5870509953124999 0.81830365 0.574473925 0.812849825 0.545367928125 0.8070112843749999 0.51096874375 0.8072428531250001 0.5071251125 0.8154111359374999 0.5157142515625 0.8249010140624999 0.552979603125 0.8372001921875001 0.5671009234375 0.83752886875 0.591796503125 0.8359618125000001 0.598920678125 0.8325051875 0.5988646296875 0.8309001828125 0.5870509953124999 0.81830365
0 0.3936505265625 0.769920028125 0.3908651015625 0.8083913421875 0.394566625 0.8552713875 0.40381604531250004 0.8541103781249999 0.40972579062500003 0.845990184375 0.41882044531249996 0.8165037984374999 0.4186019515625 0.8102469484375 0.41486373906249996 0.7566508625 0.41049100625 0.74966763125 0.3984310140625 0.75902096875 0.3936505265625 0.769920028125
0 0.25076766875 0.7747790234374999 0.2349832 0.766153890625 0.238251821875 0.800637240625 0.2301797578125 0.805954525 0.23150141875000002 0.8142430328125 0.23995828281249998 0.81994503125 0.25331698125 0.847781778125 0.260562146875 0.85381255 0.26350781562500003 0.8538811109375001 0.2701135046875 0.8500409093749999 0.2688699984375 0.8144315359375 0.2650151234375 0.79850758125 0.25076766875 0.7747790234374999
0 0.256828509375 0.8919306234375 0.214417384375 0.8992012390624999 0.20908811875 0.9042382906249999 0.21079020625 0.913567871875 0.2192350453125 0.9189255171875 0.24397932500000002 0.9205594703125 0.27258469375 0.92122526875 0.31759942343750003 0.9133341234374999 0.3175205546875 0.911075628125 0.29670126093750004 0.8907942359375 0.256828509375 0.8919306234375
0 0.3005477140625 1 0.3157932875 0.9957365078124999 0.3157758140625 0.9952361218749999 0.2881599546875 0.97738563125 0.238609253125 0.9772645437499999 0.22512374999999998 0.9852084109374999 0.2322994046875 0.9936331718750001 0.25097715625 1 0.3005477140625 1
0 0.426789503125 1 0.42562390156249996 0.9666215218750001 0.4187270140625 0.9576814062500001 0.4105106515625 0.958866459375 0.4078083046875 0.9701579625000001 0.4088504109375 1 0.426789503125 1
0 0.429512 0.9023947890624999 0.4043217859375 0.8904540796875 0.371336084375 0.8917507656250001 0.36176636093750003 0.8935924640625 0.3580670328125 0.9058929812500001 0.3819880625 0.9209008031250001 0.404617134375 0.9258595875 0.417068921875 0.9261494062500001 0.4569126078125 0.9237494875 0.4566132953125 0.9151783359375001 0.4540889375 0.8967735140625 0.429512 0.9023947890624999
0 0.5598126484375 0.8681644937499999 0.5518848859375 0.877614009375 0.5414100078125 0.87324133125 0.5446327234375 0.9655278328125 0.54905355625 0.9738884750000001 0.5527292640625 0.97458260625 0.5576274140625 0.9746966125000001 0.569545265625 0.9399581515625 0.5694413359375 0.92719065 0.5684441578125 0.8986351921875 0.5598126484375 0.8681644937499999
0 0.5497988078125 1 0.552683021875 0.9837886703125 0.5526447812499999 0.9826935921875 0.5467988984375001 0.9596967578125 0.5383420343750001 0.9539947578125 0.5353871609375 0.9580548562500001 0.5368519171874999 1 0.5497988078125 1
0 0.7458473718749999 0.88228121875 0.73915735625 0.8914735328125 0.7357717765625 0.9423174968750001 0.7466085031249999 0.986611034375 0.75669858125 0.979964428125 0.7670040109375 0.9499258906250001 0.7678804890625 0.9318566609375001 0.7675534671875 0.9224919999999999 0.7621732296875 0.9002669781250001 0.754364621875 0.883569740625 0.7477795171875 0.882326190625 0.7458473718749999 0.88228121875
0 0.9950772296875 1 0.9926965546875 0.9318264234375 0.9921910374999999 0.9236931234375 0.986785246875 0.9166858484375 0.977439625 0.915092034375 0.9695118640624999 0.9245415515625 0.9678786515625 0.9368901546874999 0.970306615625 0.976859103125 0.9811774859375 1 0.9950772296875 1
0 0.08425283125000001 0.772907571875 0.07664164531249999 0.7714702515625 0.0758920265625 0.7714528046875 0.06736425 0.79178255625 0.071329228125 0.8166480796875 0.081540653125 0.84303528125 0.09368025937499999 0.8499283312499999 0.09441244062500001 0.8499453718750001 0.09972609375 0.8439316515625 0.09954685937499999 0.83879908125 0.092998296875 0.7868740328125 0.08425283125000001 0.772907571875
0 0.0938694125 0.8860861765625 0.058020665625 0.8842195687500001 0.049864428125 0.887126384375 0.0444990875 0.891130378125 0.05189119062500001 0.905753484375 0.0977288953125 0.9155942250000001 0.10398846875000001 0.9157399171874999 0.13605753125 0.9118413515625001 0.14988814374999998 0.8944437140625 0.1498553859375 0.8935056296875 0.0938694125 0.8860861765625
0 0.1101985171875 1 0.11131521874999999 0.996969684375 0.11029474218749999 0.9677470484375 0.10926843281250001 0.9499346109375001 0.10310097968750001 0.9406989421875 0.10112525312500001 0.9406529562499999 0.094565121875 0.9427109343750001 0.08303423125 0.9672157859375 0.08417908125 1 0.1101985171875 1
0 0.284717571875 1 0.28338160625 0.9617429546875 0.2738551546875 0.943112059375 0.27325745625 0.9430981468749999 0.264680671875 0.95211966875 0.260092584375 0.9685283703125 0.2583555125 1 0.284717571875 1