0 0 0.0370088796875 0.01719373125 0.03286815 0.0176246125 0.02361694375 0.0165383203125 0.0091306484375 0.0011232359375000001 0.0031639046875 0 0.0031317437500000002 0 0.0370088796875
0 0.087622659375 0 0.0845903921875 0.0128551453125 0.092912484375 0.0179590609375 0.13409172187500001 0.02210693125 0.175620028125 0.0187601546875 0.1829494953125 0 0.087622659375 0
0 0.113909753125 0.0891678921875 0.11237333281249999 0.0991990453125 0.119402221875 0.108980971875 0.1277579984375 0.104657725 0.128809896875 0.0820730515625 0.12021944375 0.0823230078125 0.113909753125 0.0891678921875
0 0.127588834375 0.0524613125 0.11751049375 0.0902199734375 0.1161797578125 0.11879140156250001 0.1235474046875 0.1442564625 0.13311684375 0.1454046546875 0.1389466 0.132450265625 0.1412236484375 0.0835611359375 0.1283045171875 0.0524404890625 0.127588834375 0.0524613125
0 0.11547610781249999 0.15891976562500001 0.11400959375 0.1589624375 0.10620405937499999 0.1715724703125 0.103941809375 0.2201439 0.1127793421875 0.23700637812499997 0.12228224218749999 0.23958314375 0.1267867328125 0.2260173015625 0.12880539062500002 0.18267591875 0.1216591109375 0.16113632656250002 0.11547610781249999 0.15891976562500001
0 0.129594296875 0.333247946875 0.1239144453125 0.28240750625 0.1179562203125 0.272594425 0.1127707921875 0.2713460203125 0.1051324625 0.2715682734375 0.10296692656249999 0.27303056875 0.09895649375 0.2902668859375 0.096893853125 0.3345526015625 0.10760656718749999 0.35706705781250003 0.11697639374999999 0.362500965625 0.1236665234375 0.3565997609375 0.1293566 0.3383514109375 0.129594296875 0.333247946875
0 0.1381650953125 0.4172457890625 0.1383817578125 0.41259393906249997 0.130220996875 0.3879966 0.10767052031249999 0.39007938593749997 0.099050825 0.43740916093750004 0.0998614171875 0.4659182859375 0.1073621390625 0.4885262015625 0.115794375 0.49113411874999996 0.13532032031250002 0.43920709843749994 0.1381650953125 0.4172457890625
0 0.1079048390625 0.5086657421874999 0.10651043593750001 0.5087063140625 0.0956270859375 0.5166737312499999 0.08940878906250001 0.535400925 0.0873461484375 0.5796866390625001 0.092971690625 0.596642578125 0.1070899296875 0.591951871875 0.1118335671875 0.580569796875 0.1130412015625 0.554641390625 0.1079048390625 0.5086657421874999
0 0.0897481390625 0.6106189093750001 0.08651339999999999 0.6107130296875 0.07875833593750001 0.620667521875 0.0776033 0.6454666312499999 0.07665535625 0.697240953125 0.0816759921875 0.7042280453124999 0.09338675625000001 0.70531393125 0.0963930625 0.686680196875 0.11159528125 0.652689978125 0.11165809062500001 0.6513414171874999 0.096640984375 0.6124879421875 0.0897481390625 0.6106189093750001
0 0.0842124296875 0.760776315625 0.075800871875 0.78467156875 0.075747334375 0.7858210453125001 0.08945090156249999 0.8319556640625001 0.1126606703125 0.792761171875 0.112966171875 0.7907665781250001 0.1134802 0.7797301890624999 0.10166965937500001 0.7303090203125 0.094374625 0.7262413765625 0.081998490625 0.73944120625 0.0842124296875 0.760776315625
0 0.1422064875 0.8870878624999999 0.11586150312500001 0.87074701875 0.0761297171875 0.866917890625 0.0721761515625 0.8670329265625 0.0572900734375 0.8724512734375001 0.0481202421875 0.8855486421875 0.0775218375 0.897523696875 0.12185741875 0.89516445 0.15451509531250002 0.898491059375 0.16137341249999998 0.8905129781250001 0.161414409375 0.8896327890625001 0.1422064875 0.8870878624999999
0 0.0867299953125 0.96491355 0.0821072015625 0.965048059375 0.0585349265625 0.975903159375 0.0534014734375 0.9942291437499999 0.056326929687500006 0.9970058375 0.1653896546875 0.9938324359375 0.1723321375 0.990245146875 0.17246449218749998 0.9874034281249999 0.1670066203125 0.97488538125 0.0867299953125 0.96491355
0 0.3680828859375 0.975152759375 0.3681082375 0.974608446875 0.3462595796875 0.9679789578125 0.34390110625000003 0.95735545625 0.3613930328125 0.949362003125 0.34748685625000003 0.9495243875 0.2911364796875 0.951164015625 0.2770574515625 0.9528851296875 0.258136953125 0.96092015 0.24773801718750002 0.96977643125 0.24999675781250003 0.9825412625000001 0.3016613125 0.98959168125 0.32602639375 0.9888827296875 0.343933403125 0.987292475 0.3680828859375 0.975152759375
0 0.3070845859375 0.8777251406250001 0.30280084218750003 0.8144477625000001 0.2977484265625 0.8074164406250001 0.288417440625 0.8076879437500001 0.288144234375 0.8077410484374999 0.27282833125 0.8381460390625 0.27016078593750004 0.87246290625 0.2806738875 0.8992630796875 0.282821290625 0.9220267625 0.2999458359375 0.8987023234375 0.30694671093750003 0.8806853718750001 0.3070845859375 0.8777251406250001
0 0.3357297125 0.7432177171875 0.312565453125 0.7336473328124999 0.3016331 0.73396543125 0.27740761875 0.7395686515625 0.253321371875 0.7359926390625 0.2369089484375 0.7514391703125 0.2460612109375 0.769349484375 0.313453403125 0.762042509375 0.33639866406249996 0.7508706890625 0.33650560625 0.7485746234375 0.3357297125 0.7432177171875
0 0.308541715625 0.6119257421875 0.30896046875 0.602934934375 0.30405125 0.599702178125 0.29534068593749996 0.5999556296875 0.284419228125 0.6029705953125 0.2784670765625 0.6159835046875 0.26622401875 0.6263261890625 0.26924855000000003 0.6761704234375 0.2800943375 0.6958277390625 0.2888592578125 0.6912927984375 0.3014289265625 0.6509812687500001 0.308541715625 0.6119257421875
0 0.3387045375 0.5338524796875 0.2966625984375 0.5281395718749999 0.290445446875 0.5283204718750001 0.25775226562500003 0.534131653125 0.24016060781249998 0.5442664328125 0.2453762234375 0.554806803125 0.26803389843750003 0.5584243828125001 0.3080338984375 0.5572605015625001 0.33587489375 0.54148143125 0.33865527968750003 0.5349100734375 0.3387045375 0.5338524796875
0 0.30189631562499997 0.3946381171875 0.293155384375 0.3909279625 0.292312678125 0.3909524828125 0.27580723906250004 0.4267832109375 0.2740046703125 0.44252865 0.281039634375 0.475136565625 0.28967148125 0.47345877031250005 0.30651915937499996 0.4543385890625 0.307691290625 0.429172484375 0.307654928125 0.40873691093750003 0.30189631562499997 0.3946381171875
0 0.305510796875 0.27497633593750004 0.30077712343749996 0.2549529171875 0.2958672 0.25509578125 0.28755512968749997 0.25716465624999996 0.281808665625 0.288717840625 0.27987909843750003 0.33014641093749997 0.2871318765625 0.3552144328125 0.28740410625 0.3552065109375 0.3018246703125 0.318094778125 0.305018778125 0.285540165625 0.305510796875 0.27497633593750004
0 0.2746094515625 0.18081596093750002 0.246970146875 0.19178605625 0.24691833124999998 0.19289854374999998 0.25037555 0.20146859843749998 0.2700264796875 0.208381303125 0.32150491875 0.20581422031250002 0.34845298750000003 0.1905412234375 0.3484867734375 0.18981581875 0.315509 0.1813967875 0.295085646875 0.18022016406250002 0.2746094515625 0.18081596093750002
0 0.2976561671875 0.0400853625 0.2934587484375 0.0398330796875 0.2816320359375 0.0401772015625 0.279872328125 0.10052150625 0.2855704796875 0.1388748640625 0.29279898125 0.14437107656249998 0.3015639015625 0.13983613749999999 0.3103227484375 0.1124752078125 0.3122402734375 0.0969897109375 0.313603196875 0.067727215625 0.2976561671875 0.0400853625
0 0.2869058140625 0 0.2867828515625 0.00264005625 0.290871971875 0.0296271484375 0.297563578125 0.043581840625 0.2995934359375 0 0.2869058140625 0
0 0.54226306875 0.9527247609374999 0.5268978515625 0.9456873546875 0.4885258890625 0.9425270125 0.4859180828125 0.937256828125 0.471703928125 0.9349873625 0.468106015625 0.9350920515625001 0.44389110625 0.9513102421875 0.4388573875 0.9674949015625 0.46815924999999997 0.9816112828125 0.5110163937500001 0.9803642671875 0.534122871875 0.9743458734375 0.546573925 0.9621108671874999 0.5466856046874999 0.9597130281249999 0.54226306875 0.9527247609374999
0 0.7060314984375 0.88907369375 0.701565740625 0.8814875921875001 0.7005314578124999 0.8815176875 0.691846721875 0.8951929703125 0.6830213390625001 0.9239824703125 0.6728530687500001 0.9356914203125 0.6711170390625 0.9500082875 0.6765429703125 0.971249940625 0.6764589234375 0.9789618390625 0.7064468015625 0.9780892812499999 0.7108776781249999 0.9521573328124999 0.7117929859375 0.93250530625 0.7077796796875 0.92040880625 0.7060314984375 0.88907369375
0 0.92788335625 0.9162395625 0.9281154203125 0.878016434375 0.9055992843749999 0.8786715875000001 0.8872748828124999 0.923843025 0.8952413625 0.9364509421875 0.8923681296874999 0.952227534375 0.8996003218749999 0.9724690875 0.9070907109374999 0.972251140625 0.9107085625 0.9716667781250001 0.9229516234374999 0.96132409375 0.9272559156250001 0.9297109593749999 0.92788335625 0.9162395625
0 0.9127120890624999 0.7505132625 0.9094673999999999 0.750998509375 0.8944841828125 0.77426064375 0.8964319734374999 0.801310040625 0.891665309375 0.8228025703125 0.8914573890625 0.8272666953125001 0.8974482515625001 0.8483594390625001 0.8972993562499999 0.84979040625 0.92133781875 0.8490909578125001 0.9220735187500001 0.8476429171875 0.928890646875 0.8160585796875001 0.9304875296875 0.781772865625 0.9216009078124999 0.750254625 0.9127120890624999 0.7505132625
0 0.49218890000000004 0.7908361234375 0.4919126140625 0.7908441625 0.48345404218750004 0.7938648875000001 0.47248733125 0.82271669375 0.4726990921875 0.8640829609375 0.48816629375 0.899298796875 0.5094077828125 0.8555278015625 0.509962703125 0.8436134578125 0.5086902906249999 0.8259432015625 0.49218890000000004 0.7908361234375
0 0.5108872640625 0.756758675 0.5104344359375 0.7159410984375 0.5019295859375 0.6919357625 0.4923488296875 0.6800443140625 0.48190335624999997 0.6803482453125 0.46894469375 0.711441784375 0.4672086609375 0.7257586515625001 0.4759796578125 0.7440497015624999 0.47792745 0.7710991 0.485494709375 0.7922784468749999 0.49171300625000003 0.7735512515625 0.5101936828125 0.7716501671875 0.5108872640625 0.756758675
0 0.704037353125 0.83100555625 0.7049005078125 0.812473259375 0.693764715625 0.7882519171875 0.68860493125 0.7612959781249999 0.6836330875 0.7556183984375 0.6815779765625 0.755678196875 0.6733494921875 0.767446409375 0.6657943828125 0.7919190421875 0.6557048015625 0.8478514 0.6662844421874999 0.8732230015625 0.673512940625 0.8787192156250001 0.6832819890625 0.8755816921875 0.6937164046875 0.8581584578125 0.704037353125 0.83100555625
0 0.6844757515625 0.6814663453125 0.6757776343749999 0.6693613968750001 0.672793990625 0.668552365625 0.6654921453125 0.668764828125 0.6468818625 0.7158545125 0.6434098015624999 0.7444882453125 0.648369975 0.7757298984375 0.6610183296875001 0.779641775 0.6767334515625001 0.74066535625 0.6770267921875 0.7114107953125 0.6843765296875 0.6835966625000001 0.6844757515625 0.6814663453125
0 0.727033203125 0.6052917234375 0.70603308125 0.6048524859375 0.671405390625 0.592134028125 0.668869678125 0.5922078109375 0.6322460359375001 0.5963073421875 0.6072123171875 0.613073940625 0.6083416859375 0.61945635625 0.6249360078125 0.630734853125 0.685035740625 0.6268477031249999 0.7023780656249999 0.6220662406249999 0.7270206328125 0.6055616203125 0.727033203125 0.6052917234375
0 0.4934382890625 0.614506621875 0.468720803125 0.613635371875 0.43888236249999996 0.6145035828125 0.42181024999999994 0.6208676375 0.42131158125 0.631574275 0.43953394062499995 0.6385285484375001 0.49367005312499995 0.6401609875000001 0.535628875 0.6275708125 0.535649784375 0.6271218859375 0.5099827421875001 0.6268557828125 0.4934382890625 0.614506621875
0 0.4343239921875 0.4742017953125 0.43309581406250003 0.47423753125 0.4253223015625 0.48551646562500006 0.4229269765625 0.5369450375 0.44910081718750006 0.571849340625 0.45895811562500005 0.531616815625 0.459244971875 0.52545790625 0.4573152171875 0.5102650046874999 0.4449269328125 0.477812853125 0.4343239921875 0.4742017953125
0 0.6655558 0.44718866406249996 0.659850546875 0.48057897968749996 0.644328959375 0.49244369375 0.6429795515625 0.5003411718749999 0.6429420578125 0.5011461781250001 0.6509586281249999 0.5107970515625 0.6622097109375 0.544708928125 0.669571284375 0.5473479984375 0.6755234328124999 0.5343350906250001 0.6808646031250001 0.4885273453125 0.6736965640625 0.4587765703125 0.6663598109375 0.4471652703125 0.6655558 0.44718866406249996
0 0.9612155203125001 0.48248037187500004 0.9213858671875 0.47095241874999993 0.9102290890625 0.47127704843749996 0.891664321875 0.474881190625 0.8669298062499999 0.48522380624999994 0.8663314015625 0.49807177343750003 0.8818462203124999 0.501897190625 0.927410903125 0.5037790296875 0.9650017484375001 0.4878152203125 0.9650206484374999 0.48740943124999997 0.9612155203125001 0.48248037187500004
0 0.932443634375 0.617316321875 0.9341584859375001 0.5804977828125 0.9308219765624999 0.552821803125 0.9217848328124999 0.5402450390625 0.9164705515625 0.53975226875 0.90927748125 0.539961565625 0.8954900703125 0.55384985625 0.8950908500000001 0.5624212843749999 0.9059366359375 0.5820786 0.9005228578125 0.6064889265625 0.91371565625 0.6446242125 0.91460123125 0.65315825625 0.920332103125 0.6529915046875 0.932443634375 0.617316321875
0 0.9356237734375 0.6830456203125 0.9246326140625 0.6758078624999999 0.9153232499999999 0.64611939375 0.9060082140624999 0.630558875 0.90422610625 0.6306107296875 0.901011475 0.6779218015625 0.8851572031250001 0.6969293750000001 0.9077198296875 0.7404985671875 0.9217715328124999 0.7372364328125001 0.93220595 0.7198131984375 0.9308630625 0.702732646875 0.9353339640625 0.6892679578124999 0.9356237734375 0.6830456203125
0 0.6748203359375 0.331450790625 0.6670596609375 0.33167660312499997 0.6494678140625 0.37511894375 0.6496130390625 0.4179137796875 0.6621343953125 0.44750878906249997 0.6719034421875001 0.44437126875 0.6796822046875 0.4158633 0.68343084375 0.33537850625 0.6835172953125 0.332755778125 0.6748203359375 0.331450790625
0 0.4455735703125 0.38346191093750004 0.4446959921875 0.402303865625 0.45220235625000005 0.42331278437500003 0.449062978125 0.44480366250000003 0.4568963828125 0.46026872343749997 0.4734220984375 0.4498014265625 0.47501290625000003 0.392689721875 0.46292410000000006 0.361022078125 0.46202953437499994 0.36104810781249996 0.4455735703125 0.38346191093750004
0 0.46786232656250004 0.24262703124999999 0.46585052187500003 0.242347859375 0.45858634687500005 0.2425592265625 0.45019941250000006 0.2545540515625 0.44124703125 0.3090266859375 0.43871255781249996 0.340486409375 0.44694518437499997 0.3473800421875 0.4725019671875 0.3266635203125 0.47401503125 0.308844925 0.4759621015625 0.26704055000000004 0.46786232656250004 0.24262703124999999
0 0.46908106875 0.16579512031250002 0.4631498953125 0.1659676984375 0.4143456890625 0.1752264234375 0.4067540296875 0.18507023281249999 0.411969646875 0.195610603125 0.47432811875 0.204488284375 0.5029054390625001 0.1910868359375 0.5029552171875 0.1900180859375 0.494146221875 0.177181315625 0.46908106875 0.16579512031250002
0 0.483656409375 0.054255273437499994 0.469326959375 0.026913925 0.4677287 0.0269604296875 0.46009573125000003 0.0321146515625 0.45521424374999997 0.0450964078125 0.4431042578125 0.052581948437500005 0.440497171875 0.0626442546875 0.4550255265625 0.1178322375 0.46896252031249996 0.1174267125 0.47624045 0.09869675312500001 0.483656409375 0.054255273437499994
0 0.662489946875 0.024414220312500002 0.6579935546875 0.0537707421875 0.6575399484375 0.10942272187499999 0.666710165625 0.11914234374999999 0.678166740625 0.11338052968750001 0.67865525 0.1028920390625 0.67820309375 0.0560359765625 0.662951625 0.0244007875 0.662489946875 0.024414220312500002
0 0.63592206875 0.1562593953125 0.6102625046875 0.1642261421875 0.6097587515625 0.1750419171875 0.6151383125 0.180147921875 0.6378458546875 0.18269483749999998 0.65040379375 0.188744715625 0.70271561875 0.1893429625 0.7035721609375 0.17095264062499999 0.6746572125 0.1581010546875 0.6509965546875 0.155820771875 0.63592206875 0.1562593953125
0 0.6862640328125 0.31574635 0.6935439203125 0.3192589296875 0.694087990625 0.307577528125 0.6925427921875 0.2727645953125 0.68403186875 0.22593326875000003 0.6750754015625 0.223776978125 0.67315724375 0.223832790625 0.6665685625 0.2335745765625 0.6568055890625 0.2595380875 0.6489117234374999 0.2683275875 0.6610943218750001 0.2822394640625 0.6700710015625 0.319070790625 0.6772329671875 0.325995575 0.676767209375 0.335995575 0.6862640328125 0.31574635
0 0.87269374375 0.3767849296875 0.863773246875 0.384528978125 0.87465328125 0.39597374375 0.912825775 0.4034167390625 0.9328257750000001 0.40283479843750003 0.9805942734374999 0.38755169375 0.9805955828125 0.38752359375 0.9615145078125 0.36885444375 0.9348286703124999 0.3628948828125 0.92044405625 0.3633134328125 0.87269374375 0.3767849296875
0 0.923636884375 0.19781998750000002 0.9124049265625 0.1981468046875 0.9051955375 0.2086072265625 0.901396865625 0.2672098078125 0.91921108125 0.3209036109375 0.9341216859375001 0.2762440609375 0.9344700390625 0.272290259375 0.935657421875 0.2467966796875 0.9260039078125001 0.1980153171875 0.923636884375 0.19781998750000002
0 0.969419253125 0.13095179375 0.9573359171875 0.1313033828125 0.9182224703124999 0.134873925 0.8747170578125001 0.150039571875 0.8699825390625 0.159800246875 0.8895836062500001 0.16778361718749998 0.9408127078125 0.170569853125 0.9786537046875001 0.15449981562499998 0.9650661250000001 0.1399261921875 0.969419253125 0.13095179375
0 0.8915357625 0.0387647109375 0.89103709375 0.0494713515625 0.9191098515625 0.0593466453125 0.9560033750000001 0.0636192171875 0.9882796859375 0.0445034546875 0.9973078843750001 0.0287037625 0.9973374937499999 0.0280680546875 0.9772218984375 0.018377221875 0.972506475 0.0185144265625 0.9136126062500001 0.0242225734375 0.8915357625 0.0387647109375