0 1 1 1 0.9909293640625 0.9896542046875 0.972066675 0.9890855421875001 0.972050128125 0.9795878390625001 0.9901033890625 0.979560096875 1 1 1
0 1 0.8817887343749999 0.9711700499999999 0.8809498687499999 0.9696843234375001 0.886946034375 0.9698379140625001 0.89574520625 0.9743058609374999 0.91767721875 0.9987364812499999 0.9291642734375 1 0.9256664625000001 1 0.8817887343749999
0 1 0.7851059828125 0.9886302703125001 0.8092472890625 0.9886618781250001 0.8110580953125 1 0.8113880015625 1 0.7851059828125
0 1 0.666273246875 0.9938541640624999 0.666094421875 0.964522003125 0.6806669953125 0.964551096875 0.6823338 0.9683561453125 0.6941336515625001 0.9818861296874999 0.6975560984375 1 0.6971974453125 1 0.666273246875
0 1 0.56788574375 0.988100021875 0.5675394890625001 0.9705481593749999 0.5785547015625 0.97069280625 0.586841565625 0.9979286171874999 0.5959361875 1 0.595996459375 1 0.56788574375
0 1 0.459792090625 0.997607809375 0.44912644999999995 0.9700440499999999 0.44832442656250004 0.96685310625 0.45633539375 0.9668873703124999 0.4582983859375 0.9830918140625 0.48756099218750004 0.9922768203125001 0.493216346875 0.9970450328125 0.47719079375 1 0.47528325625 1 0.459792090625
0 0.965568021875 0.382712940625 0.9967146640625 0.383619215625 0.9977930687500001 0.38230356875 0.9920133078125 0.3403776390625 0.9886680953125 0.3348617625 0.9861858109374999 0.334789534375 0.9650122250000001 0.35087136406249997 0.965568021875 0.382712940625
0 0.9696360671875001 0.2757998359375 0.9747100968750001 0.2772945 0.9883574984375001 0.24940408593750002 0.9893791406249999 0.2258593421875 0.9893466921874999 0.22400035156250003 0.9689307015624999 0.22340630625000002 0.9651016515625 0.24738038437499998 0.9696360671875001 0.2757998359375
0 0.9544321453125001 0.1920894703125 0.9791069515625 0.192807434375 0.9831782390624999 0.17541457968750002 0.982872421875 0.1578943640625 0.968448715625 0.14131038437500001 0.966348546875 0.126505375 0.96580664375 0.12648960781250002 0.9541334453125 0.1749769765625 0.9544321453125001 0.1920894703125
0 0.95581043125 0.0996103 0.9840730953125 0.1004326609375 0.9895944640625001 0.07769390000000001 0.9882785453125 0.06014429375 0.9819591703125001 0.0451431515625 0.9611641609375001 0.042022378124999996 0.95965480625 0.0419784609375 0.95412330625 0.0699266734375 0.95581043125 0.0996103
0 0.7879822546875 0.050542275000000005 0.79467395 0.06903524062500001 0.8337927703125001 0.0721926578125 0.872788171875 0.0682793671875 0.88078626875 0.0634641484375 0.8778440109375 0.049244306249999995 0.8521317546875 0.042438628125 0.8329147515624999 0.0304821703125 0.8298007999999999 0.030391562500000004 0.7878850796875 0.0449751453125 0.7879822546875 0.050542275000000005
0 0.8521416703125 0.1447466125 0.8509668984375001 0.13528325937500002 0.845565453125 0.12923777187500002 0.8377648265625 0.129010796875 0.8381355296875 0.150248346875 0.8452356328124999 0.15397483750000002 0.8521416703125 0.1447466125
0 0.8257084000000001 0.1540593515625 0.83371665625 0.1877089265625 0.8473170109374999 0.15712309687499998 0.8475743328125 0.11402580312499999 0.8420981140625001 0.10102616718749999 0.8319886265624999 0.10073201093749999 0.8251519578125001 0.12218083906249999 0.8257084000000001 0.1540593515625
0 0.8083876515625 0.23539555 0.8099551765624999 0.24043152031249998 0.8262863671874999 0.249993003125 0.8721084687499999 0.251326290625 0.884114428125 0.24460850937499998 0.881295590625 0.23745937499999997 0.8595911984375 0.22875113906250003 0.8346671015625 0.2273081671875 0.8235253421875001 0.226983975 0.8083100062499999 0.23094728125000002 0.8083876515625 0.23539555
0 0.800891784375 0.3427782265625 0.800905421875 0.3435594734375 0.8061687921875 0.3523304046875 0.82792608125 0.36406894375 0.8697050562499999 0.3652845890625 0.8858246671875 0.3627248578125 0.8884495609374999 0.35876288125 0.885577828125 0.34858344375 0.8760380781249999 0.34224833593750004 0.8280943125 0.3333129546875 0.8226887406250001 0.33315566875 0.805904321875 0.3371788890625 0.800891784375 0.3427782265625
0 0.8213076812500001 0.4403402015625 0.820130203125 0.460775396875 0.82030536875 0.4708105921875 0.8265948765625 0.5118863375 0.8478305203125001 0.5138512546875 0.8564979921875 0.4898570140625 0.8540543515625 0.46553947031250004 0.8375207187499999 0.4179193828125 0.8330085671875 0.4177880921875 0.8290120984374999 0.4190119859375 0.8213076812500001 0.4403402015625
0 0.8462350890625 0.5306158062499999 0.84591511875 0.530606496875 0.8393417421875 0.5772325984375 0.83970376875 0.5979731015625 0.8443020640625001 0.60982523125 0.8575039500000001 0.614250440625 0.8631410953125 0.5986450765625 0.8623959781250001 0.5559573531249999 0.8571966859375 0.5388081328125 0.8462350890625 0.5306158062499999
0 0.8112638109375 0.6685808953125 0.8114723250000001 0.6805266734375001 0.8175032890624999 0.6851616968750001 0.8889671234375 0.689260259375 0.8996077437500001 0.6814931671875 0.89675364375 0.6723238281249999 0.860740546875 0.6559743859375 0.8566512515625 0.6558554 0.8266198859375 0.66725438125 0.8112638109375 0.6685808953125
0 0.8335852953125 0.7842666125 0.839508578125 0.80259538125 0.8368311421874999 0.8227228421874999 0.848153971875 0.8351755234375 0.8551541046875 0.8313381328125 0.86842511875 0.781884375 0.8672503484374999 0.7724210234375 0.8471701062499999 0.7367882609375 0.84598591875 0.7367538046875 0.833427428125 0.7752224265625001 0.8335852953125 0.7842666125
0 0.8016044875 0.8877524734375 0.7838961 0.8900878343749999 0.7839224406249999 0.891596875 0.789669053125 0.89851065625 0.82059583125 0.8953721828125 0.862392440625 0.8975979281249999 0.89048275 0.8863002156249999 0.8821849203125 0.8739437171875 0.872165278125 0.8702605921875 0.85403438125 0.8697330359375 0.82692885625 0.8723359296875 0.8016044875 0.8877524734375
0 0.8466740046875 1 0.8351504609375 0.931871590625 0.8214599421875001 0.9250066484374999 0.82076186875 0.9249863359375 0.8169921671875 0.9326902609375001 0.8050221828125 0.937288996875 0.8056481625 0.9731513328125001 0.8106653359375 1 0.8466740046875 1
0 0.6081980046875 0.9647376124999999 0.5885272953125 0.9706491937499999 0.5885525421875 0.972095615625 0.6098630796875 0.9829586453125 0.6435910640625 0.9859592046874999 0.698688446875 0.9784760828125 0.7011722875 0.9664332999999999 0.6915972734375 0.9580779921874999 0.6739536390625 0.9504974984375 0.6727724671875001 0.95035270625 0.59649455 0.9481332453125001 0.6107171078125 0.9547150312499999 0.6081980046875 0.9647376124999999
0 0.6101754078125 0.8688172468750001 0.6101825984375 0.8692291781250001 0.6313090921875 0.8728040421875001 0.6571095062500001 0.8846602234375001 0.6894368875 0.8845912671875 0.7175095671875 0.8722834531249999 0.718716225 0.8642418609375 0.7105241828125 0.85794596875 0.6538830812499999 0.8498538703125 0.6466148281249999 0.8496423859375 0.6309917281249999 0.8546222234374999 0.6101754078125 0.8688172468750001
0 0.65853225625 0.7491711734375001 0.6538143390625 0.7742569718750001 0.653927671875 0.7807498578125001 0.6645472578125 0.8045741921875 0.6716414921875 0.8061276375 0.6813661109375 0.7848582046875 0.685310971875 0.721662840625 0.670005296875 0.7128928140624999 0.666939759375 0.712803615625 0.6540919374999999 0.7261425578125 0.65853225625 0.7491711734375001
0 0.6528108703125 0.6272982500000001 0.6586311515625 0.6653095578125 0.66939084375 0.7033393171875 0.677542225 0.7076175703125 0.6883239953125 0.6890729453125 0.6925511484375 0.6420500890625 0.681275365625 0.6322928265625001 0.6760131421875 0.6200164921875 0.6608510578125 0.6158006546875 0.6593860625 0.6157580281249999 0.6526849421875001 0.620083840625 0.6528108703125 0.6272982500000001
0 0.6791436609375 0.5163837046875 0.6727779140625 0.518640175 0.6591600890625 0.5436941953125001 0.6598286421874999 0.5819956140625 0.6641589375 0.603251925 0.6743540453125 0.6089366703125 0.6831626609375 0.5930286828125 0.687555521875 0.5600056437500001 0.6875379781250001 0.5590006046875 0.6798473765625 0.5164041796875 0.6791436609375 0.5163837046875
0 0.6708683828125 0.42087882656250003 0.6653620703125 0.420718609375 0.65902645 0.44656794375000003 0.6593583875 0.4655845921875 0.6740347796874999 0.4995657734375 0.6830551171875 0.495787165625 0.6888804796875 0.482486421875 0.6901636796874999 0.44101659531250004 0.69015905625 0.440751721875 0.6736804703125 0.42142804843750004 0.6708683828125 0.42087882656250003
0 0.667039425 0.3688104109375 0.6693351437499999 0.38380337343750004 0.6815034046874999 0.38685148125 0.6871876218749999 0.365464484375 0.6844852140625 0.3263221453125 0.6718810296875 0.2912866578125 0.6716406046875 0.2912796625 0.665995271875 0.3089908875 0.667039425 0.3688104109375
0 0.627142703125 0.2304111296875 0.62715333125 0.23102004531250003 0.6522688859375 0.24548172968749998 0.7008040375 0.24790354531249997 0.7195485421875001 0.2413818375 0.7234329859375 0.23240857343750002 0.6968323859375001 0.22173587968750003 0.679649103125 0.22123589687499998 0.658601909375 0.22244547812499998 0.627142703125 0.2304111296875
0 0.66000918125 0.153187675 0.699039846875 0.1512945875 0.7245228953125 0.1449689515625 0.728424971875 0.1370057875 0.7229107171875 0.1297782234375 0.6863991578124999 0.1216487296875 0.6768885546875001 0.12120636250000001 0.6285198875 0.119798978125 0.6300422218749999 0.1341431421875 0.66000918125 0.153187675
0 0.661898665625 0.0742964640625 0.666460690625 0.0966902859375 0.6840308765625001 0.062178890625000004 0.6886344203125 0.0367193765625 0.688343084375 0.020028737499999998 0.66103378125 0.01923411875 0.66097561875 0.021415181250000002 0.661898665625 0.0742964640625
0 0.4815356140625 1 0.4871295921875 0.9944684 0.49180370937499995 0.9730520109375 0.491097978125 0.93262074375 0.476529253125 0.9040382453125 0.4759814390625 0.9040223046874999 0.46138161093749996 0.9075096484375 0.447247415625 0.9290393796874999 0.44732322656249995 0.933382665625 0.44994260468749997 0.9462405140625 0.4550401578125 0.949082884375 0.45971572031249996 0.9855885890625 0.46674328593750003 1 0.4815356140625 1
0 0.2677740140625 0.9198142859375 0.2619957 0.9358104468749999 0.26890318281250003 0.9845043125 0.277219234375 0.9982165296875 0.29535400312500004 0.99605015 0.29587009375 0.967777653125 0.3015778359375 0.947738365625 0.300332490625 0.9342318859375001 0.2910533859375 0.9231856953124999 0.2835121921875 0.8960257828125 0.276314265625 0.8841572265625001 0.27409600156249997 0.88409268125 0.27028678125 0.8902528640625 0.2677740140625 0.9198142859375
0 0.017588234375 0.9181591390625 0.0178803140625 0.934892371875 0.019034235937499998 0.9360080999999999 0.029868801562500002 0.9393521171874999 0.07976929375 0.94282325 0.113409121875 0.9407733046875 0.1226491390625 0.9299366921875001 0.12382053281250001 0.9198748984374999 0.10346385 0.9112058749999999 0.08867431406250001 0.9127947187500001 0.0772067328125 0.9049127984374999 0.07495814375 0.9048473703125 0.032211590624999994 0.919228525 0.017588234375 0.9181591390625
0 0.05334417500000001 0.819333209375 0.057611028125 0.8421666453125001 0.0628497265625 0.8530952703124999 0.0759778875 0.8615594078125 0.080162590625 0.8616811703125 0.08215926875 0.86039224375 0.0808433515625 0.8428426375000001 0.08753766874999999 0.8214850312499999 0.0830973515625 0.798456415625 0.085680690625 0.77293811875 0.0721729890625 0.7509926953125 0.06526830624999999 0.7499564890625 0.060880449999999996 0.749828815625 0.052595428124999996 0.7764375640625001 0.05334417500000001 0.819333209375
0 0.45653881093750004 0.8350523890625 0.45723168125 0.8747469203125 0.4649218828125 0.89663883125 0.4730497390625 0.8995693765624999 0.489633346875 0.8663763 0.4922166875 0.840858003125 0.4725243671875 0.7977256781250001 0.4720197453125 0.7977109953125 0.45669848125 0.8303953578125001 0.45653881093750004 0.8350523890625
0 0.4650836765625 0.7375788359375 0.45819692968750003 0.751105796875 0.4585427078125 0.7709153734374999 0.46917257343749996 0.798313909375 0.47826348281250003 0.7985784265625 0.488152775 0.7867429546875 0.4968437703125 0.7640964234375 0.4989566234375 0.71162395 0.48075128125 0.709747203125 0.47572984687500003 0.6931846171875 0.47497621562500003 0.6931626890625 0.467667015625 0.7120605390625 0.4650836765625 0.7375788359375
0 0.27303350000000004 0.7900419609375 0.273159371875 0.7972532125 0.280300378125 0.8444236734375 0.28676089843749997 0.8675110687500001 0.2950534265625 0.879875578125 0.30099641093749996 0.8733133796875 0.3066100546875 0.8478832562499999 0.3183078265625 0.8239771890625001 0.318049059375 0.8091523890625 0.30848766250000004 0.7819336921875 0.2991144625 0.76549666875 0.29596874687499997 0.76447771875 0.2876890359375 0.764236803125 0.28299989375 0.7677218296875 0.27303350000000004 0.7900419609375
0 0.2975708265625 0.719889503125 0.2626423015625 0.7315512281250001 0.262714896875 0.7357101796875 0.265666596875 0.744200884375 0.2954219796875 0.75112420625 0.3223408953125 0.7498882906250001 0.367880896875 0.7350599609375 0.36502679531250004 0.725890621875 0.3544560734375 0.7177666265625 0.346969096875 0.7175487781250001 0.325216490625 0.721703496875 0.2975708265625 0.719889503125
0 0.25917242812499997 0.6222323703125 0.25919349999999997 0.6234396140625 0.280652159375 0.63808595 0.296895190625 0.6425969265625 0.3433569078125 0.6456051796875 0.354056253125 0.6459164984375 0.36951278906249996 0.6356235906250001 0.370754709375 0.6296021984375 0.3475791875 0.6137840406249999 0.3185402296875 0.610525546875 0.3095695515625 0.6102645265625 0.2776746390625 0.6218459046875 0.25917242812499997 0.6222323703125
0 0.47790364687500003 0.62752138125 0.4818040203125 0.6785106484375001 0.48918054531250005 0.6962366 0.49928155468749996 0.6965305093749999 0.505999396875 0.6765206140625 0.502145740625 0.629262628125 0.48974223749999996 0.61273743125 0.48838845 0.588918615625 0.48781807656250004 0.58890201875 0.4778970421875 0.6271430453125 0.47790364687500003 0.62752138125
0 0.51456148125 0.5803648828125 0.521229915625 0.5904585328125 0.532270453125 0.58673870625 0.5448607062499999 0.556123484375 0.5475851921875 0.538691440625 0.53918598125 0.49981770000000003 0.5374405140625 0.4997669125 0.513686415625 0.5302324578125 0.51456148125 0.5803648828125
0 0.30555790625 0.5060815812499999 0.3060715328125 0.5355071859375 0.30778316562499997 0.5550594859375 0.3130453890625 0.567335821875 0.3200690484375 0.5648461390625 0.331625675 0.53285381875 0.3395418140625 0.5236549828125 0.33839056562500003 0.5155393390625 0.3240609578125 0.5043461953125 0.3196323703125 0.473127159375 0.318652125 0.4730986375 0.3115868796875 0.4837778703125 0.30555790625 0.5060815812499999
0 0.0856650796875 0.5577846578125001 0.09919486093749999 0.5231557 0.095411778125 0.47994084218750005 0.091112609375 0.46499848281249995 0.0789913953125 0.464645790625 0.0703004 0.48729232187499993 0.0667074453125 0.5112732515625 0.066711746875 0.5115196421875 0.0805440015625 0.553594578125 0.0856650796875 0.5577846578125001
0 0.07256043125 0.6736450546875 0.0817201109375 0.6727987703125 0.0905993015625 0.66093390625 0.09602475 0.6247221125 0.095695409375 0.6058541875000001 0.07964996875 0.5542003875 0.07697253281250001 0.5743278468749999 0.0634662734375 0.610304515625 0.0679065921875 0.6333331281250001 0.0581975546875 0.6500326546874999 0.0583912734375 0.6611307828124999 0.0704001078125 0.6735821953125 0.07256043125 0.6736450546875
0 0.0605183703125 0.7313632359375 0.0698915703125 0.7478002625 0.0810971359375 0.7504170609374999 0.0832872671875 0.7504807875 0.1055730015625 0.7097747796875 0.09112577031249999 0.691843090625 0.0892923171875 0.6446438875 0.078487021875 0.661840803125 0.06888002343750001 0.68984878125 0.057459526562499995 0.697221121875 0.057500401562500005 0.69956283125 0.062256279687500006 0.7152495140624999 0.0605183703125 0.7313632359375
0 0.2681124375 0.4186444296875 0.2707324015625 0.4321253125 0.344874021875 0.4352922 0.3757479078125 0.4291234234375 0.3782846421875 0.42011094218749995 0.3497535484375 0.40615612656250005 0.3323655984375 0.40478257500000003 0.306130184375 0.404019203125 0.26808010625 0.41679211406250005 0.2681124375 0.4186444296875
0 0.5019809875 0.4761186140625 0.5172971734375 0.4859934390625 0.5251192140625001 0.4714037703125 0.522746146875 0.4511293546875 0.5304740890625 0.4311488484375 0.5301682734375001 0.4136286328125 0.5155647578125 0.39293435625 0.5141189703125 0.3928922875 0.502050115625 0.42223965 0.5019809875 0.4761186140625
0 0.5034840171875 0.3036178328125 0.5040520859375001 0.314654303125 0.5110066171875001 0.3660435859375 0.51929914375 0.37840809375 0.5273564281249999 0.37729551250000004 0.5369869515625 0.35063524375 0.5340493000000001 0.298015815625 0.5128263515625 0.2804118140625 0.508274459375 0.2802793671875 0.5031496984375 0.284464684375 0.5034840171875 0.3036178328125
0 0.48189097968750005 0.2296648578125 0.48191609375000005 0.2311036203125 0.5082944656249999 0.24363506093749998 0.5674173437500001 0.23525948125 0.5726318625 0.225315328125 0.5657346390625 0.2160283484375 0.5194397578125 0.20720404375 0.514471840625 0.20705949218750003 0.4903334640625 0.21787275 0.48189097968750005 0.2296648578125
0 0.5306584109375 0.0943040359375 0.5264062875 0.08205709375 0.519924778125 0.0775965234375 0.5176231609374999 0.077529553125 0.503550353125 0.10294444375 0.5093301140625 0.1448703734375 0.5156965375 0.162566934375 0.52882785 0.1629490171875 0.543859828125 0.11158368593750001 0.543828721875 0.10980156875 0.54188714375 0.10136588124999998 0.5306584109375 0.0943040359375
0 0.4793845640625 0.0229324234375 0.474222934375 0.035906878125 0.5483645562499999 0.039073767187500004 0.57246463125 0.030688715625 0.5709758734375 0.02256869375 0.5615976015624999 0.016340821875 0.4703125 0.0136846953125 0.470326840625 0.01450628125 0.4793845640625 0.0229324234375
0 0.329025259375 0.0531687546875 0.3373883578125 0.0695763875 0.34741879375 0.0658271703125 0.3511811828125 0.050017265624999994 0.3504861375 0.0101981046875 0.3265625 0.0095019984375 0.3268087234375 0.023608145312500002 0.329025259375 0.0531687546875
0 0.28301231875 0.10914670468750001 0.3138327328125 0.1259598609375 0.367793984375 0.1305587359375 0.3729908734375 0.1196044828125 0.3633982296875 0.11023907343749999 0.33011486562500003 0.10799286562499999 0.30388720937499997 0.10722971875000001 0.28300732968750003 0.10886084843749999 0.28301231875 0.10914670468750001
0 0.32829525312499996 0.23029121562500002 0.33170194531249997 0.2519427296875 0.33684654687500004 0.2574805203125 0.34694755625 0.25777442968750003 0.354534353125 0.2297076703125 0.349929365625 0.19724509375 0.3373059609375 0.1706703625 0.319996675 0.1701667140625 0.32031710156250004 0.188523940625 0.3220229265625 0.217985490625 0.32829525312499996 0.23029121562500002
0 0.29996882187499996 0.30800592031249996 0.297904925 0.3360528296875 0.2981773953125 0.351662653125 0.30471495625 0.3485547515625 0.3131251046875 0.367657803125 0.312960434375 0.358223840625 0.31991351875 0.35169103281249997 0.329402896875 0.3169445109375 0.3412888640625 0.3038201125 0.3340770140625 0.2955281234375 0.325572765625 0.27103423437499996 0.319918296875 0.2623051125 0.316120971875 0.26219462031249996 0.309293528125 0.26382543593749996 0.29996882187499996 0.30800592031249996
0 0.06206263125 0.42411220937499994 0.06964833125 0.455986265625 0.0809476390625 0.4670912359375 0.0878772 0.45921071874999997 0.10011458749999999 0.4083798640625 0.0914691953125 0.375799721875 0.0731813078125 0.356636715625 0.0728948171875 0.3566283796875 0.061588975000000004 0.396976440625 0.06206263125 0.42411220937499994
0 0.07080133281249999 0.2984613921875 0.07236390781249999 0.342210846875 0.0796228078125 0.3531982546875 0.091720496875 0.35220323593749997 0.1029713078125 0.3026907015625 0.1015377671875 0.278402546875 0.0888613640625 0.23684156406249998 0.08848510781249999 0.2368306171875 0.07059026093750001 0.286369090625 0.07080133281249999 0.2984613921875
0 0.033100334375 0.19638496562500002 0.033111121874999996 0.1970029734375 0.0679700234375 0.2119799140625 0.11641701874999999 0.2093512265625 0.13514389375 0.20181941874999998 0.130942084375 0.19261086562500002 0.0902816078125 0.178303121875 0.0780125375 0.1771810515625 0.0427579984375 0.17615525 0.045913003125000004 0.18306965625 0.033100334375 0.19638496562500002
0 0.0481916484375 0.0767946359375 0.048236901562500004 0.07938722499999999 0.053563587499999996 0.1124899546875 0.0641350859375 0.1397380421875 0.074236096875 0.14003195156249998 0.0870145453125 0.12019840156249999 0.090019878125 0.061016771875 0.0800060703125 0.0413706 0.0779863125 0.0413118296875 0.06455563125 0.04815261875 0.0481916484375 0.0767946359375
0 0.0854329671875 0.0250222265625 0.0855515 0.00248929375 0.084375 0.0024550624999999998 0.08480904218749999 0.0273213171875 0.0854329671875 0.0250222265625