0 0 0.9870261328125001 0.011866498437500001 0.9864734421874999 0.012475667187500001 0.9655376718750001 0.0125904140625 0.95261029375 0.0032114328125 0.9345195281249999 0.002763290625 0.9345404 0 0.93952744375 0 0.9870261328125001
0 0 0.893256996875 0.0176568765625 0.8846822781249999 0.023411384375 0.85783578125 0.023435575 0.857004440625 0.0198079609375 0.8416839656249999 0 0.8426065359375 0 0.893256996875
0 0 0.672708421875 0.0207324125 0.67174279375 0.0234772390625 0.63643234375 0.0208289109375 0.6230239203125 0.0112957921875 0.620506115625 0.007158289062500001 0.620698821875 0 0.6340349093750001 0 0.672708421875
0 0 0.5657887140625 0.00083233125 0.5687496125 0.007931721875 0.568418953125 0.021510421874999998 0.547779540625 0.0222240609375 0.523253409375 0 0.5242885109375 0 0.5657887140625
0 0 0.455918396875 0.0012665796875 0.45917613125 0.0267570875 0.457988890625 0.0262297953125 0.45124756406250005 0.029392389062500003 0.43777450625 0.0297584484375 0.4251938828125 0.026043559375000004 0.4228395171875 0.021730490625 0.4078080953125 0.0197202046875 0.407901725 0.0121601921875 0.4126607265625 0 0.434403859375 0 0.455918396875
0 0.0012947343749999999 0.3299603203125 0.025083528124999997 0.347796821875 0.029337457812500002 0.3408328046875 0.03485015 0.303830328125 0.035024153125 0.2978502203125 0.031421359375 0.2934488140625 0.00231766875 0.294804340625 0.0012947343749999999 0.3299603203125
0 0.011337521875000001 0.21349322499999998 0.015720101562499998 0.2430590015625 0.035084275 0.2421571015625 0.035373757812500004 0.23220822812500003 0.0347035203125 0.211051759375 0.0220075015625 0.18466049843750001 0.016208365625000002 0.18493059843749998 0.011337521875000001 0.21349322499999998
0 0 0.13628659062499998 0.0175759171875 0.1354679796875 0.06827905625 0.1202369515625 0.068291934375 0.11979432500000001 0.0532489203125 0.11861411718749999 0.03824200625 0.105885240625 0.016747796875000002 0.10688634999999999 0 0.1118091125 0 0.13628659062499998
0 0 0.050715007812500004 0.0335257890625 0.05047394375000001 0.061154725 0.0433231234375 0.0613998234375 0.034899609375 0.06009733125 0.0208772734375 0.045369243749999996 0.0154862984375 0.0378128921875 0.015403043750000001 0.025525685937499997 0.0159753296875 0 0.023694318750000002 0 0.050715007812500004
0 0.15528354375 0 0.1542473078125 0.0006572921875 0.1283249890625 0.0079415890625 0.1258264515625 0.019401603125 0.12573398593750001 0.0225794140625 0.1331843484375 0.026958921875000003 0.172332190625 0.030199703124999998 0.21168660468749997 0.0263410953125 0.2198898125 0.0042655984374999996 0.2199425625 0.0024527109375000002 0.21253861875000002 0 0.15528354375 0
0 0.1472409890625 0.10171374375 0.1538389953125 0.1074833828125 0.16329458125000001 0.1080558046875 0.1718115640625 0.10142866875 0.17190336875 0.0982735609375 0.169608984375 0.0935251953125 0.14744922031250002 0.094557303125 0.1472409890625 0.10171374375
0 0.1792181578125 0.0895940296875 0.1660450375 0.059362775 0.1658562875 0.059371565625 0.156748078125 0.0960533 0.155959540625 0.1231535703125 0.1633634453125 0.1471659171875 0.17184987812500002 0.1480342109375 0.172491059375 0.148004346875 0.17867767968749998 0.1335899359375 0.1790374359375 0.12122590625 0.1792181578125 0.0895940296875
0 0.1589142 0.161119759375 0.1551103109375 0.16129692812500002 0.1483822609375 0.17260245937500002 0.147041746875 0.21867291875 0.1556964140625 0.23450794843749997 0.16474534999999998 0.2367928421875 0.16819365625 0.2257681328125 0.16948668281249998 0.1813296859375 0.1628570328125 0.1624560453125 0.1589142 0.161119759375
0 0.2018261890625 0.3033108875 0.20187529531249998 0.301623196875 0.197213946875 0.29643751875 0.1806029640625 0.2927421 0.17459264375 0.29302203437499996 0.1266647109375 0.30276187499999996 0.11700255625 0.30928884375 0.1139974265625 0.319557053125 0.11658941406250001 0.3234876265625 0.132761046875 0.32577289375 0.174766465625 0.32381645937500003 0.19677129375 0.3116505 0.2018261890625 0.3033108875
0 0.210876203125 0.41199587656250003 0.1727981953125 0.408573915625 0.1545192921875 0.40942526875 0.139178525 0.41128395156249997 0.117262228125 0.420407315625 0.11431611875 0.428647128125 0.16262444375000001 0.44260231875 0.186955665625 0.44349472343749996 0.2105156875 0.433687109375 0.2110232625 0.41624289531249997 0.210876203125 0.41199587656250003
0 0.1600477203125 0.55935265625 0.1607077375 0.536669328125 0.15479559375000002 0.4909900734375 0.1434028453125 0.49963976250000003 0.137819303125 0.5174911234375 0.13659707031249999 0.55949654375 0.142183525 0.575400359375 0.142452021875 0.575387853125 0.15551200468749998 0.5707941625 0.1600477203125 0.55935265625
0 0.15540119218749998 0.5883844890625001 0.146227228125 0.5876950796875 0.144250271875 0.587787159375 0.1417434859375 0.6052587328125 0.12761265625 0.6383931406250001 0.142735884375 0.6755777265625 0.1517848203125 0.6778626203125 0.160039871875 0.6668761265625001 0.160218878125 0.660724040625 0.1602750515625 0.594923371875 0.15540119218749998 0.5883844890625001
0 0.152661346875 0.702061625 0.1459905859375 0.6984932578125 0.145509659375 0.6985156578125 0.1341692078125 0.7110419734375 0.1366204015625 0.731225465625 0.1288507515625 0.75459135625 0.1427345578125 0.7985093890625 0.142815334375 0.7985056265625 0.163509940625 0.7621250484375001 0.16397879531249998 0.7460115484375 0.152661346875 0.702061625
0 0.17640490312499998 0.8015957546875001 0.176543228125 0.7968418374999999 0.1693489765625 0.791028271875 0.1691425578125 0.7910378859375 0.1655767875 0.8099966421874999 0.14860049687500002 0.8364976937499999 0.14234669687499998 0.8773842859375 0.1469839953125 0.892053246875 0.15891781875 0.899616484375 0.17191616875 0.87059435625 0.172124203125 0.8286361734375 0.17640490312499998 0.8015957546875001
0 0.2253150765625 0.9439755984374999 0.219559521875 0.931415615625 0.1432427125 0.9233163187500001 0.138815909375 0.9235225 0.11663751250000001 0.9341836359375 0.1120708 0.9516143484375 0.117343303125 0.9564328984375001 0.17666879687499998 0.9637980125000001 0.21186964062500002 0.9631713312500001 0.21767332499999997 0.9497343046875001 0.2252663234375 0.9456511421875 0.2253150765625 0.9439755984374999
0 0.3711311828125 0.8897416218749999 0.3609705078125 0.8679243921875001 0.360390490625 0.8679514062499999 0.35291503281250003 0.8892368765625 0.342694190625 0.8924192734374999 0.336067921875 0.876489771875 0.3333583671875 0.9348025921875 0.33475593593749997 0.9563883343749999 0.3413427765625 0.9736728484375 0.34885056406250003 0.9823968078125 0.35098449062500003 0.98229741875 0.36142961875 0.979503178125 0.37082060625 0.930573571875 0.3715828921875 0.90437548125 0.3711311828125 0.8897416218749999
0 0.341572853125 0.7915009625 0.3394099421875 0.772184878125 0.33752626406249997 0.7722726109375 0.323317275 0.7923512296874999 0.316719534375 0.810249828125 0.3220052890625 0.872249790625 0.3278539203125 0.8800964499999999 0.3360069375 0.8783635406249999 0.3497644640625 0.8498232218749999 0.350809990625 0.8138908046875001 0.341572853125 0.7915009625
0 0.3322110296875 0.6710953125 0.3294811453125 0.6712224578125 0.3141289171875 0.680238975 0.313999290625 0.684693925 0.31700156874999996 0.7438912125 0.32651272656249997 0.765099059375 0.33365154375 0.7634133859375 0.3452193890625 0.737892996875 0.345285696875 0.7356141328125 0.34033903906249996 0.70762164375 0.3450660921875 0.6843974671875 0.3322110296875 0.6710953125
0 0.3466076609375 0.6365543140625001 0.34307841093749997 0.5914336453125 0.3332333765625 0.57430398125 0.32972395468750004 0.5744674359374999 0.324242328125 0.577426 0.31299638750000003 0.61583875 0.305610109375 0.6608376203125 0.313565990625 0.665879778125 0.329911453125 0.66105894375 0.3353372859375 0.6486276375 0.34654166875 0.638822284375 0.3466076609375 0.6365543140625001
0 0.3736459171875 0.5117127109374999 0.334767103125 0.5071361015625 0.3277149875 0.5074645578125 0.29739208437500003 0.51339026875 0.28086633125 0.5232753875 0.2859912828125 0.53316493125 0.3075534609375 0.5362119546875 0.34549383906250003 0.534444853125 0.3716522390625 0.5190469656250001 0.3735708125 0.5142938703125 0.3736459171875 0.5117127109374999
0 0.3437880796875 0.4116958234375 0.3439133359375 0.40739104375 0.336922003125 0.3775239890625 0.3366740875 0.3775355359375 0.3287598109375 0.379217703125 0.3119806546875 0.398943684375 0.31278681875 0.44085463125 0.31847774375000004 0.45412134687499994 0.3270027109375 0.45756549375000005 0.327585246875 0.45753836249999996 0.34267170625 0.42322459375 0.3437880796875 0.4116958234375
0 0.3327705328125 0.2482056015625 0.332222234375 0.2482311390625 0.31932959843750003 0.28320675624999997 0.31615782187499997 0.322596621875 0.32159082968749997 0.3439096359375 0.32199588281249997 0.3438907703125 0.3338614234375 0.3407165453125 0.3370576515625 0.32124440625 0.338629928125 0.2672087890625 0.3327705328125 0.2482056015625
0 0.3185045578125 0.17709245625 0.3099905734375 0.1774890015625 0.28160211562500004 0.18930660625 0.281592109375 0.18965048906249998 0.2852688671875 0.19830030468749998 0.30344193124999996 0.2043205109375 0.314786015625 0.2037921515625 0.352842484375 0.201229959375 0.378437275 0.18616383281249999 0.37845070625 0.1857022109375 0.34674615000000003 0.1782189390625 0.3185045578125 0.17709245625
0 0.3217848 0.047257376562499995 0.3139362984375 0.07333329375 0.3105841796875 0.104914434375 0.3103276171875 0.11373188281249999 0.3271385109375 0.141730428125 0.3422622265625 0.1423747640625 0.3423456234375 0.13950860468749998 0.342993221875 0.084158540625 0.3369583546875 0.047903834374999996 0.3314393515625 0.043857498437499996 0.32776720312499996 0.04402853125 0.3217848 0.047257376562499995
0 0.2771868734375 0 0.28091445937500004 0.00984084375 0.2984115953125 0.013077198437500001 0.3268668796875 0.011751871875 0.3527596859375 0.0054817749999999995 0.3626125296875 0 0.2771868734375 0
0 0.573777325 0.9052420187499999 0.5590787484375 0.898836846875 0.5226114234375 0.8964840421875 0.5200489484374999 0.8915392703125 0.5127211765624999 0.8905037578125 0.5013094203125 0.8910352687499999 0.48039943125000006 0.9055398671875 0.47589173906250004 0.92094218125 0.5039338812499999 0.9338156375000001 0.5445842875 0.931922315625 0.5664120546875 0.9258415484375 0.5788567234374999 0.9132093187500001 0.5788641 0.912955771875 0.573777325 0.9052420187499999
0 0.7294514578125 0.9367557124999999 0.7353276937500001 0.8983375921875 0.735738321875 0.884225203125 0.731343946875 0.8717150625000001 0.7291687421875 0.8420464750000001 0.725075065625 0.835362125 0.7235521359375 0.83543305625 0.71582645 0.8480806125000001 0.707938521875 0.8755115421875 0.6984953171875 0.8867767843750001 0.69708685 0.9003741562500001 0.7025806390625 0.9204159375 0.7027668734375 0.9488239859375 0.7209435984375 0.9506837453125 0.7294514578125 0.9367557124999999
0 0.971258309375 0.8875851984375001 0.971841721875 0.8675346375 0.9676357984375 0.8679152218749999 0.92459796875 0.85415608125 0.9227151125 0.8542437765625 0.9109613109374999 0.862452284375 0.8961151828125 0.86111810625 0.8755538984375001 0.8701783578125 0.876613809375 0.880257234375 0.8857742921874999 0.8909716453125001 0.9195611015624999 0.8924364734375001 0.9697556234375 0.8880729781250001 0.971258309375 0.8875851984375001
0 0.9418193609375001 0.77317201875 0.9431040453125 0.729020321875 0.9355306203125 0.7038501671875 0.9236908328125001 0.7044016140625 0.9100410437500001 0.7264286421875 0.91233453125 0.7520321859375 0.907607478125 0.775256365625 0.9140760406249999 0.796605921875 0.9133713875 0.8047578062499999 0.9333628062500001 0.803826690625 0.9374026125 0.7955194703124999 0.9418193609375001 0.77317201875
0 0.5252820500000001 0.75260506875 0.5247039984375 0.7526319906250001 0.5170104171875 0.7555318828125 0.5070940921875 0.7830572859375 0.5079791109375 0.8222582046875001 0.5232206171875 0.8553777515625001 0.5427551328125 0.813268790625 0.5430467609375 0.8032462015625 0.5414585703125 0.7855162671875 0.5252820500000001 0.75260506875
0 0.5211690499999999 0.7541379015625 0.5302968390625 0.7537127671875 0.5422441859375 0.7235751625 0.5427048765625 0.7077422765625 0.5351136453125 0.6925954453125 0.5328201578125 0.6669918984375001 0.5252979718749999 0.6470445921875 0.519714428125 0.6648959546875 0.501419425 0.6671012359375 0.502924371875 0.7198050546875 0.51138190625 0.74241515 0.5211690499999999 0.7541379015625
0 0.7520381203125 0.762062840625 0.7291799515624999 0.7570505296875 0.6765409953125 0.752412459375 0.6518261390625 0.764704640625 0.6461995140625 0.7720564750000001 0.6486439484375001 0.7810580421875 0.6646385203125 0.7894285015625 0.6914732 0.797294075 0.7063783484374999 0.7965998562500001 0.7311227140625001 0.7832934765624999 0.7570450328125 0.7760091796874999 0.7639971609375 0.769608434375 0.7520381203125 0.762062840625
0 0.7037245671875 0.64379490625 0.6967988609375 0.63450321875 0.6893285687499999 0.632616940625 0.6875696437500001 0.6326988640625 0.670182234375 0.6790445796875 0.667365296875 0.7062393250000001 0.6725831 0.7357662 0.6846352046875 0.739264396875 0.6988843140625 0.7020649484375 0.6986783671875 0.6743344078125 0.703394571875 0.6551361015625 0.7037245671875 0.64379490625
0 0.7034796562500001 0.5451375984375 0.6893146484375 0.523390815625 0.6862326624999999 0.5235343609374999 0.6828123109375 0.5244493609374999 0.671183003125 0.5412291312499999 0.671555471875 0.5980452265625 0.67513914375 0.6141164406249999 0.6896818687499999 0.6364431140625 0.6912874718750001 0.6160706734375 0.7054577265625 0.5815812546875 0.7034796562500001 0.5451375984375
0 0.5225350640624999 0.5854856453124999 0.5026880828125 0.5851360921875 0.47008809218750003 0.5866544609375001 0.454666346875 0.5926979796875 0.4543712453125 0.6028399656250001 0.47177985 0.60911891875 0.523181834375 0.6097633046875 0.5630897953125 0.5970536265625 0.5630994609375 0.5967214000000001 0.5384411046875 0.596898703125 0.5225350640624999 0.5854856453124999
0 0.46644330156249997 0.45419170937500003 0.46178374531250005 0.45440873125000003 0.45530653593750003 0.46416696562500004 0.45388716875 0.512947453125 0.479270665625 0.545594628125 0.4876431296875 0.5086439687500001 0.487896525 0.499935340625 0.4860370140625 0.487092859375 0.4737592484375 0.4565416296875 0.46644330156249997 0.45419170937500003
0 0.7275069656250001 0.46996928125000004 0.696520171875 0.4675381984375 0.6860932046875 0.4538443015625 0.681928996875 0.453517596875 0.67740215 0.45372843749999997 0.668271459375 0.4617641328125 0.6353970125 0.47544917656249996 0.6324804125 0.48267479062499996 0.644527984375 0.4871777875 0.6877998875 0.4882008390625 0.716491253125 0.478761921875 0.7274743078125 0.47109167812499997 0.7275069656250001 0.46996928125000004
0 0.9646568390624999 0.453065028125 0.9244607984375 0.4422214953125 0.9203065859375 0.44241498124999995 0.8985267671875 0.44702966718750003 0.8752259453125 0.4572303390625 0.8748718234374999 0.46940072343750006 0.88965893125 0.4727633 0.9329308328125 0.47378635156250004 0.9681502046875 0.458135165625 0.9681703374999999 0.4574432671875 0.9646568390624999 0.453065028125
0 0.9428206328125001 0.57787996875 0.9438512234375 0.5424608328125 0.9402748109375001 0.5166015671874999 0.9315018640625 0.5048315796875 0.9272074953124999 0.504508865625 0.9195517656250001 0.5048654375 0.9068062515624999 0.5181603906250001 0.906569690625 0.526290471875 0.9171739000000001 0.5447410546875 0.9124468484375001 0.56796523125 0.9255811046875 0.6038892796875001 0.927378646875 0.61869050625 0.9297913718749999 0.6185781312499999 0.9428206328125001 0.57787996875
0 0.9306345109375 0.6501031484375 0.944335175 0.6330822484375 0.9444214984375 0.6301155296875 0.9238566109375 0.5920463546875 0.9175206593749999 0.59234145625 0.9099780656249999 0.5942317953125 0.90037715625 0.6109170921875 0.90193243125 0.6270827796875 0.8963488875 0.644934140625 0.9082827109375 0.6524973765625 0.9175967343749999 0.6804802921875 0.9282403734375 0.697575859375 0.9306345109375 0.6501031484375
0 0.667137 0.3460488828125 0.6656744828125001 0.396312340625 0.6652548140625 0.4233909296875 0.6803889421875 0.4253924015625 0.6968241578125001 0.38267842500000004 0.695978565625 0.3421224921875 0.683745184375 0.31455896562499996 0.6826578046875 0.3146096109375 0.6744153015625 0.31741644999999996 0.667137 0.3460488828125
0 0.50197323125 0.37614648125 0.490250696875 0.34697685312500004 0.48866550000000003 0.347050684375 0.4738516546875 0.3679840234375 0.4733391046875 0.3855991984375 0.48086129062499994 0.4055465046875 0.478241490625 0.425966184375 0.4859213859375 0.4404934375 0.500834359375 0.4306788609375 0.501724334375 0.4000923828125 0.50197323125 0.37614648125
0 0.5153866734375 0.2669878203125 0.49555051250000004 0.2671505046875 0.45918002500000005 0.2688444875 0.4352047921875 0.27882494687500003 0.4336136984375 0.28700164687499996 0.44557273906250006 0.294547240625 0.49688619218749996 0.2982342234375 0.52666698125 0.2978599859375 0.5330076874999999 0.29023688124999997 0.53305344375 0.288664371875 0.5153866734375 0.2669878203125
0 0.523666015625 0.18227440625 0.515923678125 0.171434484375 0.49053254218750003 0.1604632046875 0.4401609578125 0.17091189375 0.43312030156250003 0.1803552375 0.43824525156250005 0.1902447796875 0.49757074843750004 0.1976098953125 0.52359021875 0.1848793578125 0.523666015625 0.18227440625
0 0.503819378125 0.059956090625 0.503967571875 0.05486300468750001 0.4904923078125 0.030207957812500002 0.4886771546875 0.0302925 0.4817516265625 0.0351471015625 0.477339990625 0.047531173437500004 0.4659866703125 0.054825848437500005 0.4636822828125 0.06440541875 0.4783718171875 0.11649515156250001 0.49155640156249997 0.11588107031249999 0.49815414062499996 0.097982471875 0.503819378125 0.059956090625
0 0.6584814046874999 0 0.6583986984375 0.00284245 0.6660385203125 0.0076843 0.6734846640625001 0.0206400671875 0.6740852296875001 0 0.6584814046874999 0
0 0.6904494421875 0.0322627828125 0.68159764375 0.023202821874999998 0.6702837500000001 0.0291424828125 0.6717492703125 0.0832013140625 0.68706963125 0.11361083281249999 0.69017075625 0.0906986890625 0.6907938578125 0.0692841140625 0.6904494421875 0.0322627828125
0 0.6870337484375 0.144883815625 0.680489303125 0.1196628015625 0.67014336875 0.12014467031250001 0.6650758390625 0.1256265609375 0.6614024140625 0.14744848906250002 0.6549623796875 0.15992703125000002 0.651489190625 0.2099553046875 0.6688157078125 0.209148309375 0.682729115625 0.18028461093749998 0.6867729625 0.153846409375 0.6870337484375 0.144883815625
0 0.700836190625 0.29883409375 0.70743186875 0.301875778125 0.707866690625 0.28693190625 0.7060757921875 0.257994740625 0.6972348921875 0.21375166406249999 0.69260239375 0.2127215734375 0.6861909421875 0.21302019218749998 0.6808105765625 0.2212825234375 0.671987303125 0.24605066406249998 0.66465135 0.2545114046875 0.6764274671875 0.26749469531250003 0.68554435625 0.302252678125 0.6924466140625001 0.3086970859375 0.6921706265625 0.31818218125 0.700836190625 0.29883409375
0 0.9341725625 0.3101028125 0.92808009375 0.30317888437499996 0.9263439578125 0.303259746875 0.9158381328124999 0.31366310625 0.9066600156250001 0.35062636875000003 0.9061080406249999 0.3695965578125 0.9179915375000001 0.41369792343749995 0.9367990921875 0.39387746562500003 0.944284278125 0.3666971390625 0.9446089859375 0.3555376390625 0.9341725625 0.3101028125
0 0.9172415624999999 0.22566457343750002 0.9129117046875 0.2258662390625 0.863059775 0.2401885171875 0.8613506375 0.25242201249999996 0.8719841765625 0.25901651718749996 0.9275102203125 0.2574431765625 0.9777186640625001 0.23654229999999998 0.97775388125 0.235331934375 0.93791013125 0.2255612375 0.9172415624999999 0.22566457343750002
0 0.9278820812499999 0.0920887828125 0.9219495984374999 0.0896920171875 0.9182383796875 0.0898648703125 0.91020700625 0.10779696093749999 0.9047308421875 0.156766396875 0.9179045265625 0.19133543125000002 0.9324975765625 0.1771239765625 0.940345740625 0.1802946921875 0.9408793734374999 0.1619549296875 0.939883859375 0.1321251078125 0.9278820812499999 0.0920887828125
0 0.9237789359375 0 0.920561621875 0.0062340328125 0.9228836328125001 0.0656656828125 0.9354768140624999 0.0853768046875 0.9456188031250001 0.084904434375 0.9565493281249999 0.057331792187499994 0.96201265625 0.0255466234375 0.962145540625 0.02097969375 0.9503029484375001 0 0.9237789359375 0