0 0.03435401875 0.9036511734375001 0.03418345 0.9036432281250001 0.0289724484375 0.9220429203125 0.009212134375 0.9497484296875 0.00792608125 0.9796775265625 0.037493225000000005 0.9810546375 0.046792600000000004 0.949740509375 0.04680976875 0.9482650859374999 0.037073143749999996 0.929235896875 0.03435401875 0.9036511734375001
0 0.026916296875000002 0.8653485703125 0.0276206734375 0.8507738796875 0.027994701562500002 0.8186299171875 0.020264959375 0.8154475437500001 0.017690595312499998 0.8153276406250001 0.002389409375 0.8642062125000001 0.026916296875000002 0.8653485703125
0 0.0315477953125 0.7049754265625 0.030952789062500003 0.7049477140625 0.009377245312500001 0.7349195515625 0.00511288125 0.7497154328125 0.00381375625 0.7646494234375 0.0357837640625 0.7661384499999999 0.0398969484375 0.73622925625 0.0399252453125 0.7337973671875 0.0372699609375 0.711682225 0.0315477953125 0.7049754265625
0 0 0.6485366984375001 0.034617596875000003 0.6536190734375 0.0455881671875 0.6479917421875 0.0659373125 0.64798500625 0.0659636140625 0.645724534375 0.06204401875 0.639550746875 0.037699325 0.6230711375 0.022588898437499998 0.6185740843749999 0 0.6175219890625 0 0.6485366984375001
0 0.0261919375 0.5492818609375 0.0489101609375 0.4990503546875 0.04925128125 0.4697346109375 0.0330671140625 0.46898082187499995 0.020580115625 0.5040369921875001 0.0261919375 0.5492818609375
0 0 0.40409342343750004 0.054916073437500004 0.41653295 0.05368455 0.40522205156249996 0.061047071875000004 0.39648274375 0.061064740625 0.3949643203125 0.02711955625 0.3795930421875 0.0252152390625 0.379504346875 0 0.38103149687500004 0 0.40409342343750004
0 0.0652172421875 0.3068065984375 0.061806720312499994 0.28333385 0.046386301562499996 0.24291588593750002 0.0455284296875 0.2428759296875 0.0310843140625 0.285992340625 0.0305928734375 0.3282266734375 0.0355151140625 0.34481356406249997 0.043354242187499996 0.3451786765625 0.048839251562500005 0.34270787343750003 0.0633919734375 0.322938634375 0.0651555171875 0.3121111859375 0.0652172421875 0.3068065984375
0 0.21736529375 0.2635435515625 0.21309248749999998 0.26006043125 0.1974418359375 0.259331490625 0.187646003125 0.2717351484375 0.185442484375 0.2852638796875 0.189041021875 0.32768870625 0.2033559515625 0.3283554359375 0.2128437546875 0.3042608859375 0.21218587968749997 0.2728781125 0.2173639359375 0.263660246875 0.21736529375 0.2635435515625
0 0.19560503906249999 0.351483403125 0.19524869843749998 0.35146680625000004 0.1801615890625 0.35477434375 0.1758021078125 0.3777446140625 0.1741454984375 0.4321929015625 0.1770386 0.44732215000000003 0.203180634375 0.40774060937499995 0.2032999921875 0.39748305781250004 0.19957313906250002 0.35704158750000003 0.19560503906249999 0.351483403125
0 0.1953615125 0.46715972343749995 0.19455915937499998 0.467122353125 0.177325590625 0.4980600796875 0.17304537656250002 0.5142183593749999 0.1705089453125 0.5563574453125 0.1775554359375 0.56622759375 0.1889297046875 0.55585226875 0.20041176562500002 0.51134293125 0.20070115 0.48647326562500004 0.1953615125 0.46715972343749995
0 0.20224479843749998 0.6485120421875 0.19699747031249998 0.6308758109375 0.184831071875 0.622124759375 0.1572571765625 0.6123395859375 0.152369690625 0.612111946875 0.124897465625 0.6183102578125 0.1274913859375 0.6296846109375001 0.17503253593749998 0.6441754640624999 0.193951434375 0.6583562625 0.20891401406250001 0.6610992546875 0.21121422812500001 0.6578111453125 0.21125809218749997 0.6540414921875 0.20224479843749998 0.6485120421875
0 0.18658130625 0.704540478125 0.1829989453125 0.6995226031249999 0.17713329687499998 0.69924940625 0.170268946875 0.699691309375 0.15974279062500002 0.7251006328125 0.1550504015625 0.7766812562500001 0.16511681875 0.79078146875 0.1818730609375 0.7574834984375001 0.18685826562500002 0.735651925 0.18713082187500002 0.7122285500000001 0.18658130625 0.704540478125
0 0.21357308593750002 0.8581524859374999 0.1742925265625 0.8265666250000001 0.16485609375000002 0.8253086765625 0.1218951390625 0.8233077390625001 0.1157094203125 0.8238380734374999 0.10746364687500001 0.8295923140625 0.1181843625 0.8454373765625001 0.141261840625 0.8536735703125 0.1617097046875 0.8536028953124999 0.173911796875 0.8592864625000001 0.213561484375 0.8591494187500001 0.21357308593750002 0.8581524859374999
0 0.1965791921875 0.9358959828125 0.1571172453125 0.9299658171875 0.13798418750000002 0.9341899250000001 0.14055431093749998 0.94760926875 0.18809546093750001 0.9621001218749999 0.2404636703125 0.96554775 0.2404688875 0.9650995140624999 0.1965791921875 0.9358959828125
0 0.37763730156249997 1 0.37793552343750003 0.9743708765625 0.3775658046875 0.9743536578124999 0.37188865781249997 0.9851839312499999 0.3717162578125 1 0.37763730156249997 1
0 0.38185614375 1 0.39055035 0.9491257624999999 0.38776821875 0.9244597328124999 0.38180763125 0.9091876140625 0.367279059375 0.8941438578125 0.3662607890625 0.8940964296875 0.358400840625 0.9065794203124999 0.3583924515625 0.9073002890625 0.3649562734375 0.950659971875 0.3615400234375 0.980489853125 0.36551903281250003 0.9902171328125 0.380954025 1 0.38185614375 1
0 0.3594908375 0.8151808125000001 0.3496384125 0.8706105093750001 0.3656337140625 0.9027076359375 0.382139284375 0.881807990625 0.3821544890625 0.8805012281250001 0.3742179421875 0.780425196875 0.3594908375 0.8151808125000001
0 0.39324287812500003 0.7270999406249999 0.41838867031250004 0.72232465 0.4183942265625 0.721847234375 0.3731587703125 0.7036893984375 0.3525365265625 0.7027289015625 0.31570518125 0.7132580734375 0.30333652187500004 0.721889434375 0.30867903281250003 0.7313457062500001 0.32090491875 0.7349842859375 0.38493761875 0.73796665625 0.38762671875 0.74116105 0.393112003125 0.738347384375 0.39324287812500003 0.7270999406249999
0 0.3625196515625 0.5640560078125 0.3620835703125 0.564035696875 0.3498222953125 0.5887258015625 0.3462633703125 0.630817265625 0.3501631140625 0.6473565328124999 0.36229037656249996 0.6601895921875001 0.371714771875 0.6415446359375 0.3725052296875 0.634927071875 0.372723778125 0.6161449953125 0.3625196515625 0.5640560078125
0 0.36943743281249997 0.49551180156249997 0.35806471093750003 0.47352869999999997 0.35903532656250003 0.46540287343750003 0.35874596875 0.465389396875 0.3443601 0.5083319390625001 0.35398263750000003 0.560579290625 0.360054196875 0.5663146218749999 0.3687710390625 0.5527815125 0.368943990625 0.5379181078124999 0.367893334375 0.5080648796875 0.3693411546875 0.503785853125 0.36943743281249997 0.49551180156249997
0 0.37269813125 0.3753721390625 0.3692866453125 0.36582614062499996 0.366724690625 0.36570681562499996 0.3615141 0.369398690625 0.35014067656250003 0.40727294374999995 0.35008945625 0.4116748109375 0.3525097875 0.4398623890625 0.3584703765625 0.45513450625 0.3614903015625 0.45936456875 0.3727535984375 0.4585260296875 0.3730727546875 0.4518004015625 0.373380603125 0.42534386562500004 0.3693452953125 0.3997524296875 0.37269813125 0.3753721390625
0 0.3534397625 0.2592792171875 0.351545909375 0.2865074640625 0.35143324531250003 0.2961898203125 0.3568797734375 0.315328021875 0.37292263124999997 0.343337953125 0.38220434999999997 0.3369545765625 0.3768303234375 0.2712737421875 0.3662437078125 0.248433403125 0.3633642515625 0.24829928906249998 0.35764071406250003 0.249932928125 0.3534397625 0.2592792171875
0 0.5354766843750001 0.2891458375 0.5226878968750001 0.288550190625 0.47744959375 0.2974025953125 0.4691443296875 0.3082693109375 0.4744987375 0.3167030890625 0.5069137171875 0.31908243281250004 0.5131722046875 0.3193739265625 0.5686225921875 0.306146809375 0.5686344515624999 0.305127596875 0.5354766843750001 0.2891458375
0 0.5167464171875 0.3914543515625 0.50675323125 0.3909889109375 0.47805860625 0.3929629625 0.4455004296875 0.4076512109375 0.4454933671875 0.408258103125 0.45187560312499997 0.4173196953125 0.468152990625 0.4242161203125 0.487226559375 0.4251044859375 0.49414562812499996 0.41621930625000003 0.5419128375 0.41128275312499996 0.5549873796875 0.4031245015625 0.554994334375 0.40252680625000004 0.5167464171875 0.3914543515625
0 0.5190024156249999 0.5713443093749999 0.5229794812499999 0.570648153125 0.538697375 0.5386649578125 0.539578784375 0.51815270625 0.5397333203125 0.50487183125 0.53121494375 0.478338465625 0.5248187078125001 0.47312435781250006 0.52049380625 0.47292292343750003 0.5149025843749999 0.47348929531249995 0.5107808984375 0.476023596875 0.5106065156249999 0.49100997343749997 0.5175341125 0.51109810625 0.5170823046875 0.54992644375 0.5128337953125001 0.563359928125 0.516593353125 0.5712321046875 0.5190024156249999 0.5713443093749999
0 0.55884646875 0.610354340625 0.5282365703125 0.5983512921874999 0.5246639703125 0.598184896875 0.49205328125000003 0.61031254375 0.4837718140625 0.61913426875 0.48776382656250006 0.6275045921875 0.5627195015625001 0.6289496125 0.583672303125 0.6250220625 0.5836765859375 0.62465405 0.566901878125 0.6209600171874999 0.55884646875 0.610354340625
0 0.5646583093750001 0.7001018578125 0.551699565625 0.6994982953125 0.5141514500000001 0.7010631828125 0.492246003125 0.7092503609375 0.489342740625 0.724460875 0.5235643953125 0.7278914671875001 0.527959325 0.728096165625 0.5874245046875 0.7056197765625 0.587426528125 0.7054459234375 0.5646583093750001 0.7001018578125
0 0.5652037937500001 0.868868684375 0.5701735921875 0.8813683828125001 0.5780024390625 0.8435816968750001 0.5784938078125 0.8013534890624999 0.578393203125 0.7904210921875 0.5644027046875 0.773567253125 0.5639558328125001 0.773546440625 0.5560409921875 0.777111796875 0.5497791984375 0.7877252390625 0.5564293671875 0.8316553328125 0.5532033546874999 0.845136440625 0.5459666249999999 0.851615065625 0.5447538953125 0.867916215625 0.5550898156249999 0.858855665625 0.5652037937500001 0.868868684375
0 0.6160388265625001 0.9335849359375 0.58676708125 0.9211830437499999 0.562712975 0.9157531125 0.5558464953125 0.9154333015624999 0.5130786203125 0.9279814406250001 0.5061595515625 0.9368666203125 0.5115377578125 0.9432554078125 0.5483106 0.9459911796875 0.5933768078125 0.93888273125 0.6124146828125 0.94283858125 0.6160213234375 0.935089121875 0.6160388265625001 0.9335849359375
0 0.762220615625 1 0.762239421875 0.9983838593750001 0.7546541234374999 0.981173340625 0.7495416484375 0.980935221875 0.749319809375 1 0.762220615625 1
0 0.737466509375 0.8723019437499999 0.7277134734375 0.8859103140625001 0.72846646875 0.9091187 0.7192623734375 0.9299189484375001 0.719248009375 0.9311534234375 0.7239643124999999 0.94435055 0.7235521359375 0.9797728937500001 0.7306937484375 0.9814686546875 0.7537055984375 0.9256567 0.7541853859375001 0.8844239484375 0.7533551093749999 0.8802889125 0.7443794453125 0.8726239203124999 0.737466509375 0.8723019437499999
0 0.9609797609375 1 0.9624676624999999 0.9880841531250001 0.9625650625000001 0.9797135796875001 0.94248869375 0.9787785078125 0.9357771296875 1 0.9609797609375 1
0 0.94684123125 0.8554768328125 0.9312157531249999 0.8655302359375 0.9184226671875001 0.9099178828125 0.921077975 0.9454830968750001 0.9290835515625 0.9608504609375 0.9403785546875 0.957287125 0.94774210625 0.9399093171875 0.95447825 0.8558325328124999 0.94684123125 0.8554768328125
0 0.9374585953125001 0.8346747593750001 0.9676217140625001 0.81971084375 0.9894920734375001 0.8152710796875 0.98952826875 0.8121604781249999 0.9569009984375001 0.803865784375 0.9389731093749999 0.789449803125 0.9330466765625 0.789173775 0.9311701093750001 0.7893677109375 0.9188014499999999 0.797999071875 0.8900721171875 0.8068914734374999 0.8872759359375 0.8128995328125 0.887216446875 0.8180120078125 0.8953313453125 0.8235052093749999 0.9265713124999999 0.8331446265625001 0.9374585953125001 0.8346747593750001
0 0.7766317109374999 0.8363432515625 0.73496410625 0.8048911453125 0.706151853125 0.80205618125 0.6936831796875 0.80147544375 0.6722343171875 0.8070847046875 0.6761311453125 0.8236349859375001 0.693782828125 0.8295723718750001 0.7360171625 0.8315394671874999 0.760373753125 0.8469965796875 0.775360128125 0.8476945812500001 0.7766084125 0.83834546875 0.7766317109374999 0.8363432515625
0 0.7245414578125 0.74494286875 0.7252047187499999 0.687942396875 0.7193829093749999 0.6668848296875 0.709316490625 0.6527846171875 0.7090628437500001 0.67458298125 0.6955167624999999 0.6957622406249999 0.6954216453125001 0.703936628125 0.707152584375 0.7508296359375 0.7162757734375 0.7580702359375 0.7245414578125 0.74494286875
0 0.6807877140625 0.5929497015625 0.6613745953125 0.592045521875 0.655941453125 0.5944966203125001 0.6559361515625 0.5949522546875 0.6650816171875 0.6083423890625 0.6963215843749999 0.6179818078125 0.7302982453125 0.6267256375 0.7541826640625 0.6159504578125 0.754187753125 0.6155131015624999 0.738627303125 0.6138139328125 0.7047577234375 0.595867646875 0.6807877140625 0.5929497015625
0 0.7060734203125001 0.46092801093749997 0.696363671875 0.5040961312500001 0.6981391609375 0.527352140625 0.6908869906249999 0.5470657890624999 0.6907089265625 0.5623684890625 0.69777454375 0.558687290625 0.7041156 0.541261859375 0.7144515203124999 0.532201309375 0.7208084312499999 0.5134134796875001 0.7222906609375 0.4739515671875 0.715673934375 0.45543668750000005 0.7141605421875 0.4553662 0.7060734203125001 0.46092801093749997
0 0.9499217828125 0.6445684921875 0.9264644765625001 0.6881685156249999 0.9218513500000001 0.7329371499999999 0.9267735890625 0.749524040625 0.9359443375 0.752677446875 0.9442669734375 0.7407968546875 0.9529383734374999 0.6989435109375 0.95356910625 0.6447383703125 0.9499217828125 0.6445684921875
0 0.9622161374999999 0.6002324546875 0.9330570343750001 0.592192559375 0.8996174609375001 0.5906350859375 0.8810429609374999 0.596252578125 0.8809959718749999 0.6002907953125 0.8817275859375 0.6056910828125 0.8980168718750001 0.6115650140625 0.9353425328125 0.6173125578125 0.936670853125 0.6173744250000001 0.9565880796874999 0.615316059375 0.988838134375 0.6027630625 0.9888415140625 0.6024726625 0.9622161374999999 0.6002324546875
0 0.9606477984374999 0.4727143625 0.9457567499999999 0.4442661125 0.9364957390624999 0.4438347734375 0.9342648296875 0.46489844375 0.925926340625 0.478141434375 0.9293029390624999 0.5396398296875 0.9333136546875 0.5466423125000001 0.9425161078125001 0.5470709234375 0.9497845421875001 0.537867503125 0.960635815625 0.473744121875 0.9606477984374999 0.4727143625
0 0.9506620015625 0.44423839374999996 0.9533935328125 0.42437595625 0.95352793125 0.412825790625 0.9505114171875 0.36925888906250004 0.9456050312500001 0.3513096015625 0.9395493265624999 0.344211871875 0.9251709874999999 0.3489947328125 0.9373220078125 0.44770648125 0.943096365625 0.4488322421875 0.946894290625 0.44900913437499995 0.9506620015625 0.44423839374999996
0 0.9209876640625 0.2852144453125 0.88774175625 0.2836659921875 0.8761406968750001 0.2879419875 0.870572128125 0.29791311875000004 0.927578675 0.3189831234375 0.9683911203125 0.3259992375 0.9702950843749999 0.3153970546875 0.9703693718749999 0.3090128515625 0.95239928125 0.2945629359375 0.9209876640625 0.2852144453125
0 0.931312265625 0.17237622187499999 0.924316709375 0.147794978125 0.9223816578124999 0.14770485312499998 0.8941754546875 0.16313130781250001 0.8935730421875 0.214902425 0.897456934375 0.23280409062500002 0.9066276828125 0.235957496875 0.9180178031249999 0.2242197734375 0.9276007265624999 0.1919508359375 0.9312580546874999 0.17703513437500001 0.931312265625 0.17237622187499999
0 0.71915779375 0.40149173125 0.7156183656249999 0.3875152765625 0.7006138546875 0.3581905703125 0.693456390625 0.35785720625 0.68821709375 0.368518271875 0.702524075 0.45778848125 0.713803225 0.455587546875 0.7184647562500001 0.461051203125 0.71915779375 0.40149173125
0 0.7092290453125 0.31429034375 0.70676011875 0.27210994374999997 0.706226196875 0.272085075 0.7004918359375 0.279346025 0.6903144453125 0.27478259375 0.6817857234375 0.3043743609375 0.68936326875 0.3565264640625 0.6974322578125001 0.3664442375 0.7057707468750001 0.353201246875 0.7092093296875001 0.31598473125000004 0.7092290453125 0.31429034375
0 0.7385744921875 0.21071533125 0.7386152 0.20721691875 0.7348859375 0.20134292343750002 0.7213214484375 0.1955959015625 0.7112096203125 0.1925864953125 0.7030820703125 0.1922079484375 0.6859110015625001 0.19292358437499998 0.6681284453125 0.19823364375000002 0.6625955703125 0.2051372890625 0.6679023875000001 0.2176610453125 0.6760172843750001 0.22315424843749998 0.6909917625 0.2248747453125 0.7251468921875001 0.21828115312500002 0.7385744921875 0.21071533125
0 0.5259332375 0.21295747812500002 0.5260060281250001 0.2067017609375 0.514603559375 0.1680045 0.5056671921875 0.159563 0.5051873234375 0.15954065 0.49726870625 0.1631077078125 0.4958498890625 0.1971200296875 0.50062945 0.2259685015625 0.5055992500000001 0.23846820000000002 0.518210428125 0.2508213265625 0.5190061218750001 0.2508583859375 0.5229341046875 0.243364990625 0.5259332375 0.21295747812500002
0 0.4057735625 0.2203951078125 0.41497994687500006 0.20914744375 0.41499018281250005 0.2082677328125 0.40868872500000003 0.2041621 0.35012941406250003 0.1993885578125 0.320037684375 0.20821750468750003 0.31179191093749997 0.2139717453125 0.3103224328125 0.2231107453125 0.3566201625 0.22731319375 0.39481489375 0.2249999453125 0.4057735625 0.2203951078125
0 0.2288889234375 0.2003994015625 0.2300065359375 0.192272640625 0.22188999062499998 0.186442059375 0.2243144234375 0.152712171875 0.22388675624999999 0.152692253125 0.2088987609375 0.159937396875 0.195336828125 0.1824790546875 0.189939 0.20676409843750002 0.19066028906250002 0.23269728125000003 0.19979933125 0.23857548281250002 0.20805855625 0.23214448124999998 0.220645553125 0.20546800625 0.2288889234375 0.2003994015625
0 0.2315708671875 0.0491819046875 0.225667265625 0.048030945312500004 0.221921840625 0.0478565 0.2172083796875 0.052602368749999996 0.20853697968749998 0.0944557140625 0.20603225468750003 0.13387000468750002 0.227251 0.1566684609375 0.23795937031249997 0.10593729999999998 0.237996478125 0.10274815625 0.2365882234375 0.057594407812500005 0.2315708671875 0.0491819046875
0 0.2375 0.011061740625 0.217582284375 0.0101340578125 0.2166524734375 0.0387303171875 0.2337178265625 0.066787871875 0.23697127031249998 0.056500715624999996 0.2375 0.011061740625
0 0.3314508140625 0.0170009171875 0.33097283125 0.019662559375 0.3404263296875 0.02726420625 0.3962965390625 0.028843353125 0.41131860937500003 0.026473870312499998 0.41244363437500003 0.02405656875 0.41248181875 0.020774996875 0.3314508140625 0.0170009171875
0 0.3817501 0.1091321484375 0.3770298671875 0.08350276718750001 0.363593396875 0.0607083453125 0.359958209375 0.060539034375 0.350666940625 0.0631909859375 0.34851098125 0.0726325234375 0.3460855203125 0.105234825 0.3570476109375 0.13028184375000001 0.3506272890625 0.1545192640625 0.37718045 0.1584822703125 0.381730903125 0.1107819578125 0.3817501 0.1091321484375
0 0.5631760453125 0.102453359375 0.5335558640625 0.0936380234375 0.5139565015625001 0.09272516875 0.4935056359375 0.0923209453125 0.45792862031250003 0.1039635546875 0.4591958328125 0.1122069703125 0.46732263124999995 0.11667767656250001 0.5586032859375 0.12092914218749999 0.5546350703125 0.11051382968750001 0.5631619390625 0.1036655953125 0.5631760453125 0.102453359375
0 0.717209575 0.0642786671875 0.7117272156250001 0.0565994296875 0.7016281640625001 0.056129059375 0.6946195703125 0.0714053375 0.6892217421875 0.09569037968750001 0.6909813781249999 0.1203087875 0.7018800578125 0.150805396875 0.7120257421875 0.15809362031250002 0.7208849453124999 0.1187068953125 0.7210218687500001 0.10693979218750001 0.717209575 0.0642786671875
0 0.9280661203125 0.141895940625 0.937284428125 0.140962153125 0.942476165625 0.13438828281249998 0.9427920171874999 0.12628475625 0.9436154578125 0.055518374999999995 0.9384098171874999 0.0437071390625 0.9364255531250001 0.043614721875 0.919577046875 0.080159428125 0.91809481875 0.11962134218750001 0.91999713125 0.13197816874999999 0.9280661203125 0.141895940625
0 0.060647028125 0.1621549375 0.060777859375 0.15091137968749999 0.055644226562499996 0.14489438593749998 0.043295025 0.15113489375 0.0337913625 0.1765918421875 0.030438525 0.20097213281249998 0.039403184375 0.2218367109375 0.0475989984375 0.22085530000000003 0.05593748750000001 0.20761230937500003 0.060647028125 0.1621549375
0 0.064761559375 0.0511196359375 0.0524531625 0.044653409375 0.049823025 0.0445309078125 0.046372504687499996 0.048900015625 0.0432099046875 0.0569315328125 0.0438202234375 0.0924015 0.049305221875 0.1485455515625 0.06788451250000001 0.134416396875 0.07223566718749999 0.1067056828125 0.07238869375 0.09355460156249999 0.064761559375 0.0511196359375
0 0.061968190624999996 0.048614610937500004 0.0625 0.002910984375 0.0434881640625 0.00202549375 0.043003503124999995 0.043677128125 0.047997081250000004 0.054133231250000004 0.056145332812500004 0.0572390140625 0.061968190624999996 0.048614610937500004
0 0.23704667656249997 0.0500202140625 0.2375 0.011061740625 0.2165829359375 0.0100875125 0.2161461765625 0.0476224984375 0.2190995203125 0.057574632812500005 0.22819100468750003 0.0675400296875 0.23704667656249997 0.0500202140625