0 0.064632546875 0 0.06496062968750001 0.002624671875 0.05314960625 0.044619421874999995 0.0629921265625 0.0629921265625 0.06594488125 0.08792650937499999 0.07086614218750001 0.06955380625 0.08956692968749999 0.04199475 0.09055118125 0.0104986875 0.0866141734375 0 0.064632546875 0
0 0.159173228125 0 0.1584645671875 0.0039370078125 0.1564960625 0.057742782812500004 0.167322834375 0.061679790624999994 0.185634021875 0 0.159173228125 0
0 0.26163526406250004 0 0.25688976406249997 0.0118110234375 0.25295275625 0.0433070859375 0.2559055125 0.0656167984375 0.2618110234375 0.072178478125 0.282480315625 0.04199475 0.2864173234375 0.0275590546875 0.2884842515625 0 0.26163526406250004 0
0 0.3598425203125 0 0.3572834640625 0.0013123359375 0.3523622046875 0.0144356953125 0.348425196875 0.053805775 0.354330709375 0.0643044625 0.35531496093750004 0.0853018375 0.3631889765625 0.08005249375 0.37795275625 0.056430446875 0.382874015625 0.03674540625 0.382874015625 0.01574803125 0.3789370078125 0.0013123359375 0.3771653546875 0 0.3598425203125 0
0 0.4744094484375 0.0485564296875 0.4803149609375 0.0918635171875 0.50295275625 0.039370078125 0.50295275625 0.0144356953125 0.49901574843749996 0.0065616796875 0.4881889765625 0.007874015625 0.4744094484375 0.0485564296875
0 0.595472440625 0 0.5895669296875 0.0104986875 0.5787401578125 0.07086614218750001 0.5895669296875 0.06955380625 0.5994094484375 0.077427821875 0.6131889765625 0.0433070859375 0.6102362203125 0.01574803125 0.6053149609374999 0 0.595472440625 0
0 0.707677165625 0.013123359375 0.70275590625 0.0118110234375 0.6948818890624999 0.01574803125 0.6811023625 0.035433070312499995 0.6791338578125 0.0485564296875 0.683070865625 0.07349081406249999 0.698818896875 0.11286089218749999 0.712598425 0.06955380625 0.712598425 0.028871390625 0.707677165625 0.013123359375
0 0.7185039375 0.21653543281249998 0.7145669296875 0.17585301874999998 0.7007874015625 0.17585301874999998 0.691929134375 0.199475065625 0.6929133859375 0.22965879218750002 0.6879921265625 0.23884514375000002 0.6948818890624999 0.2440944875 0.7066929140625 0.2427821515625 0.7165354328125 0.22965879218750002 0.7185039375 0.21653543281249998
0 0.5915354328125 0.157480315625 0.587598425 0.1797900265625 0.5866141734375 0.2322834640625 0.5895669296875 0.246719159375 0.6151574796875 0.2060367453125 0.6102362203125 0.1587926515625 0.6062992125 0.1535433078125 0.5915354328125 0.157480315625
0 0.49606299218750005 0.1496062984375 0.48523622031249997 0.1601049875 0.47342519687499995 0.2086614171875 0.47342519687499995 0.2230971125 0.4803149609375 0.246719159375 0.49704724375 0.21522309687500002 0.5009842515625 0.199475065625 0.50295275625 0.1587926515625 0.49606299218750005 0.1496062984375
0 0.39468503906249996 0.1692913390625 0.3868110234375 0.14041994687499998 0.3759842515625 0.14304461875000002 0.36417322812499997 0.188976378125 0.351377953125 0.20734908124999998 0.3494094484375 0.2217847765625 0.35531496093750004 0.22572178437499998 0.361220471875 0.21522309687500002 0.37795275625 0.20997375312500002 0.38582677187500003 0.19816272968749998 0.39468503906249996 0.1692913390625
0 0.27755905468750003 0.1417322828125 0.26574803125 0.14304461875000002 0.2559055125 0.167979003125 0.2519685046875 0.21784776875 0.2618110234375 0.23097112812499998 0.27755905468750003 0.19816272968749998 0.2834645671875 0.170603675 0.2814960625 0.1469816265625 0.27755905468750003 0.1417322828125
0 0.188976378125 0.1338582671875 0.183070865625 0.12598425156249998 0.1683070859375 0.1364829390625 0.16141732343749998 0.1587926515625 0.16240157500000002 0.17847769062500002 0.157480315625 0.1902887140625 0.15944881875 0.22965879218750002 0.188976378125 0.1902887140625 0.191929134375 0.1561679796875 0.188976378125 0.1338582671875
0 0.05905511875 0.20472440937499997 0.058070865625 0.2559055125 0.08464566875 0.212598425 0.08858267656249999 0.1745406828125 0.0836614171875 0.1561679796875 0.07086614218750001 0.1587926515625 0.05905511875 0.20472440937499997
0 0 0.41994750625000005 0.0098425203125 0.41994750625000005 0.013779528125000001 0.42519685 0.0196850390625 0.4133858265625 0.0196850390625 0.37795275625 0.0147637796875 0.34645669218749997 0 0.3243110234375 0 0.41994750625000005
0 0.0944881890625 0.362204725 0.08858267656249999 0.347769028125 0.073818896875 0.3333333328125 0.06594488125 0.34645669218749997 0.0728346453125 0.38845144375 0.06988188906250001 0.417322834375 0.073818896875 0.4265091859375 0.08956692968749999 0.4356955375 0.0974409453125 0.38582677187500003 0.0944881890625 0.362204725
0 0.176181103125 0.4343832015625 0.1899606296875 0.4002624671875 0.198818896875 0.34645669218749997 0.183070865625 0.31627296562499996 0.167322834375 0.337270340625 0.176181103125 0.4343832015625
0 0.31594488125 0.380577428125 0.31594488125 0.3608923890625 0.3041338578125 0.3254593171875 0.29527559062500003 0.31364829375 0.2864173234375 0.3188976375 0.2834645671875 0.3307086609375 0.2834645671875 0.3923884515625 0.2805118109375 0.3950131234375 0.2834645671875 0.4002624671875 0.2942913390625 0.4002624671875 0.30019684999999996 0.42519685 0.31594488125 0.380577428125
0 0.40157480312500005 0.3202099734375 0.3927165359375 0.3385826765625 0.39074803125 0.35695538125000004 0.4025590546875 0.4133858265625 0.414370078125 0.38845144375 0.417322834375 0.347769028125 0.4133858265625 0.332020996875 0.40157480312500005 0.3202099734375
0 0.5 0.3188976375 0.49409448749999996 0.31364829375 0.48523622031249997 0.32808398906249997 0.48720472499999995 0.370078740625 0.48425196875000004 0.3792650921875 0.49704724375 0.40288713906250007 0.49606299218750005 0.412073490625 0.5098425203125 0.3687664046875 0.5 0.3188976375
0 0.6082677171875 0.3687664046875 0.6053149609374999 0.3385826765625 0.5994094484375 0.32414698125 0.5964566921875 0.3202099734375 0.5856299218750001 0.32152230937500004 0.58464566875 0.3490813640625 0.5895669296875 0.37795275625 0.5866141734375 0.40157480312500005 0.5905511812500001 0.412073490625 0.5974409453125 0.406824146875 0.6082677171875 0.3687664046875
0 0.7066929140625 0.32414698125 0.698818896875 0.326771653125 0.6948818890624999 0.33595800468750003 0.6929133859375 0.370078740625 0.698818896875 0.3897637796875 0.7145669296875 0.4160104984375 0.723425196875 0.40944881874999994 0.717519684375 0.34645669218749997 0.7066929140625 0.32414698125
0 0.7007874015625 0.46850393749999997 0.6929133859375 0.47375328124999994 0.691929134375 0.5104986874999999 0.707677165625 0.5656167984375 0.7224409453125 0.5314960625 0.7224409453125 0.520997375 0.7116141734375 0.476377953125 0.7007874015625 0.46850393749999997
0 0.620078740625 0.4776902890625 0.604330709375 0.446194225 0.595472440625 0.45275590625 0.5895669296875 0.46850393749999997 0.5895669296875 0.48687664062499997 0.598425196875 0.4934383203125 0.6053149609374999 0.5393700781249999 0.6141732281250001 0.5524934390625 0.6240157484375 0.5118110234375 0.620078740625 0.4776902890625
0 0.4901574796875 0.572178478125 0.49606299218750005 0.5708661421875 0.5108267718749999 0.5393700781249999 0.5118110234375 0.507874015625 0.50295275625 0.481627296875 0.49606299218750005 0.476377953125 0.48720472499999995 0.4776902890625 0.4832677171875 0.4803149609375 0.4832677171875 0.49475065625000003 0.4901574796875 0.5137795281249999 0.4901574796875 0.551181103125 0.486220471875 0.5643044625 0.4901574796875 0.572178478125
0 0.41141732343750004 0.4934383203125 0.4025590546875 0.48556430468749995 0.39468503906249996 0.4895013125 0.39665354375 0.5616797906250001 0.40157480312500005 0.582677165625 0.40452755937499996 0.5656167984375 0.414370078125 0.5577427828125 0.42519685 0.5262467187500001 0.41141732343750004 0.4934383203125
0 0.301181103125 0.492125984375 0.2992125984375 0.528871390625 0.323818896875 0.5866141734375 0.3287401578125 0.5603674546875 0.32480315000000004 0.51574803125 0.31594488125 0.49475065625000003 0.301181103125 0.492125984375
0 0.20964566874999999 0.6036745406249999 0.2145669296875 0.6154855640625 0.22244094531249997 0.5748031499999999 0.2214566921875 0.5275590546875 0.207677165625 0.5118110234375 0.19980314999999998 0.51574803125 0.1938976375 0.5262467187500001 0.20078740156250002 0.5682414703124999 0.1978346453125 0.5813648296875 0.19094488125 0.587926509375 0.1899606296875 0.6036745406249999 0.19980314999999998 0.5944881890625 0.20964566874999999 0.6036745406249999
0 0.12106299218750001 0.5603674546875 0.1062992125 0.5170603671875 0.0974409453125 0.5104986874999999 0.0915354328125 0.51574803125 0.09055118125 0.551181103125 0.0994094484375 0.5944881890625 0.0964566921875 0.6128608921875001 0.1053149609375 0.6167979 0.1161417328125 0.587926509375 0.12106299218750001 0.5603674546875
0 0 0.5961428734374999 0.010826771875 0.5748031499999999 0.013779528125000001 0.5406824140625 0.0118110234375 0.5249343828125 0.00295275625 0.5118110234375 0 0.5123031499999999 0 0.5961428734374999
0 0 0.7988298328125001 0.010826771875 0.8162729656250001 0.01574803125 0.787401575 0.0255905515625 0.7624671921874999 0.026574803125 0.7230971125 0.0187007875 0.7060367453125 0.0098425203125 0.7060367453125 0.0019685046875 0.7139107609375 0.0009842515625 0.74934383125 0 0.752624671875 0 0.7988298328125001
0 0.1338582671875 0.730971128125 0.1348425203125 0.69685039375 0.132874015625 0.6876640421875 0.12303149531249999 0.6797900265625 0.1181102359375 0.6797900265625 0.10826771718749999 0.694225721875 0.10925196875000001 0.7165354328125 0.1003937015625 0.7375328078125001 0.1053149609375 0.75065616875 0.1053149609375 0.784776903125 0.112204725 0.7860892390625 0.1338582671875 0.730971128125
0 0.036220471875 1 0.05314960625 0.9435695531249999 0.05019685 0.901574803125 0.038385826562499996 0.8976377953125001 0.0246062984375 0.9173228343750001 0.0275590546875 0.9370078734374999 0.02165354375 0.9895013125000001 0.032677165625 1 0.036220471875 1
0 0.14074803125 0.8766404203124999 0.1338582671875 0.8937007875 0.12795275625 0.9803149609374999 0.1505905515625 0.9645669296875001 0.16240157500000002 0.9212598421875 0.15944881875 0.8871391078125 0.151574803125 0.8727034124999999 0.14074803125 0.8766404203124999
0 0.2588582671875 0.9186351703125 0.25 0.9068241468749999 0.24015747968749998 0.8792650921874999 0.23425196874999998 0.8766404203124999 0.22933070937500002 0.8766404203124999 0.22440944843750002 0.8845144359375 0.21653543281249998 0.9146981625 0.21555118125 0.9251968500000001 0.23129921250000002 0.9540682421875 0.2381889765625 0.981627296875 0.2460629921875 0.9435695531249999 0.2598425203125 0.9251968500000001 0.2588582671875 0.9186351703125
0 0.2145669296875 0.673228346875 0.20964566874999999 0.6902887140625 0.20964566874999999 0.730971128125 0.1958661421875 0.7545931765625 0.1958661421875 0.769028871875 0.2066929140625 0.7703412078125 0.23523622031250002 0.7296587921875 0.237204725 0.6916010499999999 0.2303149609375 0.6692913390624999 0.2145669296875 0.673228346875
0 0.3444881890625 0.7060367453125 0.332677165625 0.6614173234375 0.323818896875 0.65485564375 0.31594488125 0.6679790031249999 0.3149606296875 0.7191601046875 0.32185039375 0.7427821515625 0.3316929140625 0.7559055125 0.3316929140625 0.7349081359375 0.3444881890625 0.7139107609375 0.3444881890625 0.7060367453125
0 0.43307086562499997 0.6509186359375 0.42027559062500003 0.6601049875 0.41240157499999996 0.6902887140625 0.4055118109375 0.7230971125 0.417322834375 0.746719159375 0.41830708593750004 0.730971128125 0.43405511875 0.6981627296874999 0.4370078734375 0.6587926515625 0.43307086562499997 0.6509186359375
0 0.526574803125 0.7217847765625 0.532480315625 0.7034120734375 0.5334645671875 0.66535433125 0.526574803125 0.6469816265625 0.5177165359375 0.6535433078125 0.5088582671874999 0.6955380578125 0.5108267718749999 0.71784776875 0.5039370078125 0.7375328078125001 0.5039370078125 0.7519685046875 0.5108267718749999 0.7480314953125 0.5167322828125 0.730971128125 0.526574803125 0.7217847765625
0 0.3395669296875 0.8832020999999999 0.3316929140625 0.9238845140624999 0.3316929140625 0.9829396328125 0.3572834640625 0.933070865625 0.361220471875 0.8897637796875 0.3562992125 0.8740157484375001 0.34744094531249997 0.8713910765625 0.3395669296875 0.8832020999999999
0 0.44881889687500004 0.8871391078125 0.44192913437500003 0.8674540687500001 0.43307086562499997 0.8687664046875 0.42814960625 0.8845144359375 0.4242125984375 0.9212598421875 0.4271653546875 0.9409448812500001 0.44094488125 0.9724409453125 0.44192913437500003 0.9461942249999999 0.44881889687500004 0.9160104984374999 0.44881889687500004 0.8871391078125
0 0.5551181109375001 0.8832020999999999 0.551181103125 0.8766404203124999 0.542322834375 0.8766404203124999 0.5354330703125 0.8858267718749999 0.5255905515625 0.948818896875 0.5442913390624999 0.9829396328125 0.5492125984375 0.976377953125 0.551181103125 0.955380578125 0.55905511875 0.9422572171875 0.5551181109375001 0.8832020999999999
0 0.6427165359375 0.87795275625 0.6368110234375 0.8713910765625 0.6230314953125 0.8766404203124999 0.6358267718749999 0.9711286093749999 0.6446850390625001 0.9724409453125 0.648622046875 0.9671916015625 0.651574803125 0.9435695531249999 0.6476377953125 0.8950131234375001 0.6427165359375 0.87795275625
0 0.7391732281250001 0.859580053125 0.729330709375 0.854330709375 0.7116141734375 0.9094488187499999 0.7066929140625 0.948818896875 0.7224409453125 0.9514435703125 0.7362204718750001 0.933070865625 0.7440944875 0.901574803125 0.7440944875 0.8713910765625 0.7391732281250001 0.859580053125
0 0.8385826765625 0.8503937015625 0.82775590625 0.862204725 0.8188976374999999 0.8937007875 0.8149606296874999 0.9107611546875001 0.8228346453125001 0.9370078734374999 0.851377953125 0.91994750625 0.851377953125 0.8700787406250001 0.8474409453125 0.8530183734375001 0.8385826765625 0.8503937015625
0 0.60925196875 0.645669290625 0.6023622046875 0.645669290625 0.5974409453125 0.6561679796875 0.612204725 0.741469815625 0.6230314953125 0.73884514375 0.6289370078125 0.7454068234375 0.6289370078125 0.6916010499999999 0.6240157484375 0.673228346875 0.60925196875 0.645669290625
0 0.7066929140625 0.6496062984375001 0.698818896875 0.640419946875 0.69094488125 0.6535433078125 0.6879921265625 0.6902887140625 0.69094488125 0.7322834640625 0.69685039375 0.7244094484375 0.7066929140625 0.7283464562499999 0.7145669296875 0.699475065625 0.7066929140625 0.6496062984375001
0 0.823818896875 0.6981627296874999 0.8218503937499999 0.67585301875 0.8159448812500001 0.6587926515625 0.8090551187499999 0.6535433078125 0.79724409375 0.6587926515625 0.792322834375 0.6666666671875 0.7913385828124999 0.6811023625 0.7992125984375 0.7139107609375 0.808070865625 0.7283464562499999 0.8159448812500001 0.7230971125 0.8208661421875 0.709973753125 0.823818896875 0.6981627296874999
0 0.816929134375 0.5091863515624999 0.8051181109375 0.471128609375 0.7962598421875 0.46325459375 0.7883858265625 0.46719160156250006 0.787401575 0.5 0.792322834375 0.5275590546875 0.79724409375 0.5393700781249999 0.8100393703125001 0.551181103125 0.813976378125 0.5433070859375 0.816929134375 0.5091863515624999
0 0.8001968500000001 0.3530183734375 0.79035433125 0.32414698125 0.7844488187499999 0.31627296562499996 0.7755905515625 0.3149606296875 0.773622046875 0.359580053125 0.7775590546875 0.39632545937499997 0.782480315625 0.406824146875 0.7942913390624999 0.4160104984375 0.798228346875 0.40944881874999994 0.8001968500000001 0.3530183734375
0 0.816929134375 0.2060367453125 0.8159448812500001 0.1811023625 0.8070866140625 0.17585301874999998 0.7992125984375 0.1824146984375 0.787401575 0.2086614171875 0.779527559375 0.2139107609375 0.7785433078125 0.2217847765625 0.7864173234375 0.2270341203125 0.7844488187499999 0.2598425203125 0.7992125984375 0.2519685046875 0.8120078734374999 0.22965879218750002 0.816929134375 0.2060367453125
0 0.887795275 0.17585301874999998 0.8828740156249999 0.1811023625 0.875 0.2217847765625 0.8730314953124999 0.2598425203125 0.8937007875 0.28083989531250003 0.9035433078124999 0.23097112812499998 0.901574803125 0.1850393703125 0.89665354375 0.1771653546875 0.887795275 0.17585301874999998
0 0.9645669296875001 0.188976378125 0.9566929140625 0.2020997375 0.9557086609375001 0.24934383124999998 0.9724409453125 0.2755905515625 0.9803149609374999 0.24934383124999998 0.97834645625 0.2139107609375 0.9724409453125 0.1955380578125 0.9645669296875001 0.188976378125
0 0.9803149609374999 0.3333333328125 0.9724409453125 0.332020996875 0.9655511812500001 0.3412073484375 0.9665354328125 0.3950131234375 0.9694881890625 0.40944881874999994 0.9753937015625 0.412073490625 0.9803149609374999 0.40944881874999994 0.9921259843750001 0.3766404203125 0.9803149609374999 0.3333333328125
0 0.9005905515625001 0.3398950125 0.8868110234375 0.3175853015625 0.875 0.32152230937500004 0.8730314953124999 0.3307086609375 0.8710629921875 0.362204725 0.8818897640625 0.38582677187500003 0.8759842515624999 0.40944881874999994 0.901574803125 0.412073490625 0.9055118109375 0.364829396875 0.9005905515625001 0.3398950125
0 0.89665354375 0.45538057812500005 0.8887795281249999 0.45669291406249996 0.8848425203125 0.4645669296875 0.8848425203125 0.5524934390625 0.8946850390625001 0.5485564296875001 0.9025590546875 0.5577427828125 0.9104330703124999 0.5262467187500001 0.9094488187499999 0.4895013125 0.89665354375 0.45538057812500005
0 1 0.4904855640625 0.9891732281250001 0.45800525 0.9803149609374999 0.446194225 0.9724409453125 0.4514435703125 0.9675196843749999 0.47375328124999994 0.9803149609374999 0.534120734375 0.9881889765625 0.551181103125 1 0.5249343828125 1 0.4904855640625
0 1 0.6503353749999999 0.9960629921875 0.645669290625 0.987204725 0.6443569546875 0.9832677171875 0.6496062984375001 0.9832677171875 0.6797900265625 0.9881889765625 0.704724409375 1 0.7230971125 1 0.6503353749999999
0 0.9163385828124999 0.652230971875 0.9094488187499999 0.6430446187500001 0.901574803125 0.6443569546875 0.8946850390625001 0.6601049875 0.8897637796875 0.683727034375 0.8917322828125 0.7073490812500001 0.9025590546875 0.7362204718750001 0.912401575 0.7427821515625 0.9212598421875 0.7007874015625 0.9163385828124999 0.652230971875
0 0.933070865625 0.862204725 0.9242125984375 0.8635170609375 0.9192913390624999 0.8700787406250001 0.9173228343750001 0.9422572171875 0.9251968500000001 0.9593175859375 0.941929134375 0.9212598421875 0.9429133859375 0.8832020999999999 0.9409448812500001 0.8713910765625 0.933070865625 0.862204725
0 0.808070865625 0.022309710937499998 0.8001968500000001 0.023622046875 0.792322834375 0.03674540625 0.787401575 0.09055118125 0.7933070859375 0.0971128609375 0.8051181109375 0.09055118125 0.813976378125 0.0656167984375 0.816929134375 0.04199475 0.808070865625 0.022309710937499998
0 0.8927165359375 0.02624671875 0.8789370078125 0.0196850390625 0.875 0.0249343828125 0.87204724375 0.032808398437500004 0.8730314953124999 0.066929134375 0.8789370078125 0.1207349078125 0.89665354375 0.1062992125 0.901574803125 0.072178478125 0.8927165359375 0.02624671875
0 0.9714566921875001 0.0249343828125 0.9635826765625 0.022309710937499998 0.9576771656249999 0.0314960625 0.9566929140625 0.07480315 0.9645669296875001 0.0944881890625 0.9803149609374999 0.11154855625 0.987204725 0.07480315 0.9832677171875 0.0485564296875 0.9714566921875001 0.0249343828125
0 0.9645669296875001 0.1876640421875 0.9557086609375001 0.2060367453125 0.9557086609375001 0.2519685046875 0.9724409453125 0.27690288750000003 0.9812992125 0.24540682343750003 0.97834645625 0.212598425 0.973425196875 0.19685039375 0.9645669296875001 0.1876640421875