0 0.93918198125 0.1071093828125 0.9332236703125 0.1069360140625 0.92915556875 0.11688958125 0.9290796625000001 0.11875248281249999 0.99339391875 0.1399738390625 0.9954796437500001 0.140034528125 0.9966436046875 0.11146885937499999 0.9926423703125 0.11062603124999999 0.93918198125 0.1071093828125
0 0.9123407 0.2224203421875 0.91233850625 0.22247417500000002 0.9447087281250001 0.24624591406250002 0.9604735953124999 0.25105760625 0.9890996078125 0.254046621875 0.9908206296875001 0.2540966984375 0.9920235390625001 0.22457515468749997 0.9791936046874999 0.21895494375000002 0.94496664375 0.2136536703125 0.9442269281250001 0.21363214687499998 0.919817603125 0.21613903437499998 0.9123407 0.2224203421875
0 0.9444935375 0.29659593281249996 0.927126225 0.32220848125 0.921582546875 0.3411368078125 0.92042900625 0.3694467484375 0.9235590265625 0.3830464203125 0.9242112796875 0.3835641765625 0.9464803046875 0.3842121390625 0.9474720703124999 0.38374221875000003 0.9534973875 0.3694076 0.9596168140625 0.326055846875 0.9535675015624999 0.3142718828125 0.9534254015625001 0.2910518484375 0.9444935375 0.29659593281249996
0 0.9260386468749999 0.5197160171874999 0.9430866953124999 0.475231259375 0.93851371875 0.4272154125 0.9111515812500001 0.4844589984375 0.9100295656249999 0.51199523125 0.9133574875000001 0.5193470328124999 0.9260386468749999 0.5197160171874999
0 0.8997275546875001 0.572308465625 0.900689640625 0.58430715625 0.8925149187500001 0.593803990625 0.8924531140624999 0.595320765625 0.9268749484375001 0.610472796875 0.93529885 0.6107179078125 0.9591798375 0.6088621984375 0.9765747265625 0.6039944171875 0.9770252968750001 0.592936615625 0.9659070312500001 0.5862047890625 0.8997275546875001 0.572308465625
0 0.95905176875 0.7113235609374999 0.9550582640625 0.7025014015625 0.9339391953125 0.686651465625 0.9195350203125001 0.68405585625 0.891821628125 0.6876024609375 0.8476347265624999 0.7037286765624999 0.894840753125 0.7203376640625 0.9397682890624999 0.7216449218750001 0.9573810437500001 0.716716175 0.95905176875 0.7113235609374999
0 0.726145840625 0.683473275 0.724187690625 0.693694171875 0.72374848125 0.7044731546875 0.7258611359375 0.7422869140625 0.7413936828125001 0.7427388640625 0.751961525 0.7175972890625 0.7522327984375 0.684232328125 0.7580809546875 0.6742455374999999 0.750708471875 0.6682270453125 0.737605940625 0.66929679375 0.726145840625 0.683473275
0 0.741135934375 0.5848901703125 0.7408468375 0.59198513125 0.7437696625 0.6382117625 0.7469417078125 0.642781734375 0.7529029859375 0.6429551906250001 0.76436278125 0.6402619546875 0.7697145171875001 0.6157507828125001 0.7731636125 0.5578113953125 0.770554184375 0.5417858734375 0.770544746875 0.5417855984375 0.741135934375 0.5848901703125
0 0.7610069 0.4263354546875 0.7471928921875 0.4746337453125 0.7461711078125 0.499710121875 0.751441625 0.520893171875 0.7522056546875 0.520915403125 0.7715701328125 0.48758454687499997 0.7766266015625 0.4703197515625 0.7806311703125 0.42545546874999995 0.7734840328125 0.41515856875 0.7733630218750001 0.4151550484375 0.7610069 0.4263354546875
0 0.7912530609374999 0.2963653765625 0.7761427140625 0.3467104875 0.76118553125 0.36658918906250004 0.7588914359375 0.3794906984375 0.7587585671875 0.38275156250000003 0.7643265968749999 0.3867337703125 0.76486370625 0.3867493984375 0.7717007765624999 0.3756011125 0.7904152515625 0.3703416734375 0.799642384375 0.3575512140625 0.81072416875 0.3259518 0.8033276921875 0.293814725 0.7912530609374999 0.2963653765625
0 0.7735649953125 0.20493688593749998 0.766973140625 0.2598828390625 0.7759913828125 0.272875446875 0.7781778640625 0.2729390671875 0.7961198109375001 0.23896601718750002 0.803881671875 0.20872099687499998 0.8027707218750001 0.1825707859375 0.7986591093750001 0.1766471765625 0.7855565765625 0.177716925 0.7735649953125 0.20493688593749998
0 0.785979246875 0.1016880890625 0.7861804 0.123458846875 0.7802141359375 0.1363441890625 0.7806096359375 0.17914867343750002 0.7811984046875 0.1791658046875 0.8149967453125001 0.137356259375 0.8197930046874999 0.09976998125 0.81753604375 0.07503741875 0.8113686250000001 0.066152003125 0.7945918484375001 0.07727179687499999 0.785979246875 0.1016880890625
0 0.572680321875 0.03074246875 0.5741409109375 0.0307849671875 0.5995413734375 0.0283613328125 0.61574914375 0.022303459375 0.620177509375 0.0180793296875 0.52199514375 0.015222515624999999 0.518603403125 0.0205650515625 0.572680321875 0.03074246875
0 0.5658101249999999 0.088698615625 0.5709220546875 0.190255265625 0.5709837140625 0.19025705937499998 0.587681121875 0.15314176562499998 0.5998849203125001 0.09400611875 0.584151375 0.0607989390625 0.5833594203125 0.060775896875 0.5660767546875001 0.0821550640625 0.5658101249999999 0.088698615625
0 0.5916567578125 0.204132909375 0.5824056296875 0.19080478437499998 0.5723868078125001 0.196317240625 0.5685944562499999 0.2092658375 0.56581894375 0.2773817796875 0.562709815625 0.2799615453125 0.5626815203125 0.2806559875 0.5654646234375 0.28607743281250003 0.5774211453125 0.28642533281250004 0.58282086875 0.3141513265625 0.602219990625 0.265382 0.6031057921875 0.24364287031249998 0.5916567578125 0.204132909375
0 0.5675419109375001 0.353333234375 0.5671838484375 0.36212073125 0.5769460609375 0.420390365625 0.57792043125 0.42041871718749996 0.5913520203125 0.3946689796875 0.596443546875 0.34983632343750004 0.5928043625 0.3323185109375 0.5802923640625 0.31889550624999996 0.5696830078125 0.3389007171875 0.5675419109375001 0.353333234375
0 0.5677405359375001 0.4636345109375 0.5674867734375 0.46986229375 0.5755103187499999 0.521385359375 0.5795983640625 0.5252791593749999 0.583122096875 0.5253816890625 0.5922280390625 0.5117148390625 0.5919438375 0.46527477343749996 0.5956180796874999 0.45522472656249996 0.5825506078125 0.42872661718750005 0.5840509375 0.41861331718750006 0.5677405359375001 0.4636345109375
0 0.563028275 0.5333782859375 0.56070119375 0.5637814421875 0.5648368015624999 0.5958236343750001 0.5605129703125 0.6218157093750001 0.5641348015625 0.6327695390625 0.565414946875 0.6328067875000001 0.5722332781249999 0.6279607109375 0.58590235 0.5862796234375 0.583999709375 0.552851409375 0.5781275578125 0.536719615625 0.5750438484375 0.5322769109375 0.563028275 0.5333782859375
0 0.546905784375 0.7062122265624999 0.5523362453125 0.727341625 0.5683501843750001 0.75647604375 0.569034628125 0.756495959375 0.5779594968749999 0.750330715625 0.5782594796875 0.74296860625 0.5749371828125 0.6801164546875 0.56398456875 0.6551308734375 0.5551708109375 0.6577764078125 0.550409609375 0.667794825 0.5471060140625 0.7012982437499999 0.546905784375 0.7062122265624999
0 0.3942468390625 0.744846675 0.40507858125 0.753289678125 0.4067387359375 0.7533379828125 0.41478090468750006 0.7483461421875 0.4175213578125 0.7077980593750001 0.4026103 0.6464224578125 0.385167 0.6828023921875 0.38459960937500004 0.696727146875 0.3942468390625 0.744846675
0 0.43128224687500005 0.5806810578125 0.380247578125 0.5868138171874999 0.366833715625 0.5952459515624999 0.366779990625 0.5965644625000001 0.40817267968750004 0.607894921875 0.41339006093749997 0.6080467328125 0.44769916875 0.6051001375 0.48319041875 0.588720903125 0.476342653125 0.5787274453125 0.4595738734375 0.571846084375 0.438821053125 0.5712422390625 0.43128224687500005 0.5806810578125
0 0.35867305625 0.45416831249999995 0.350528090625 0.45792721875 0.3503827640625 0.46149379375 0.350983778125 0.4648270296875 0.3849598796875 0.48207129687499994 0.4233093046875 0.48318715156250003 0.44922447187500003 0.47530325781249994 0.4549141234375 0.4683718375 0.4550443125 0.46517677187500006 0.4542809390625 0.45803846249999997 0.45155955 0.453606296875 0.43561752187499997 0.45314243125000003 0.414292996875 0.46013966875 0.3729886484375 0.458937834375 0.35867305625 0.45416831249999995
0 0.36096225625 0.3640466 0.36921500625000003 0.37516918125 0.400782378125 0.38710618124999996 0.405813671875 0.3872525765625 0.4403623703125 0.3739746234375 0.4494566328125 0.36444503125 0.445463128125 0.35562287187499997 0.365664403125 0.35547745625 0.342254546875 0.360237525 0.36096225625 0.3640466
0 0.37907418125 0.256451446875 0.402026675 0.3167465234375 0.4022142671875 0.31675198125000004 0.4087603421875 0.28822864843749996 0.4064203328125 0.23882677812500003 0.3975825796875 0.215353725 0.3813963375 0.21198076718749997 0.38049928906249997 0.221476815625 0.37907418125 0.256451446875
0 0.39114909375 0.10171696562500002 0.37986615625 0.11154562187499999 0.36940996406250004 0.1010844203125 0.3645066625 0.08788280625 0.356378928125 0.12237758437499999 0.3537942078125 0.1858111515625 0.366571675 0.20151715312500001 0.3695990234375 0.20160524062500002 0.37632295 0.19850214375 0.38331711562500004 0.1870977046875 0.3775981296875 0.1404995015625 0.381449534375 0.1261016296875 0.389353496875 0.11907664375 0.39114909375 0.10171696562500002
0 0.322852175 0.022384965625 0.31950247656249997 0.02919955625 0.3193656265625 0.0325580828125 0.3495026046875 0.04492531875 0.373673278125 0.0499815953125 0.3829486265625 0.0502514796875 0.428206375 0.036332912499999995 0.43585136249999995 0.02676115 0.43032000156250005 0.0200707328125 0.3912338578125 0.017845196875 0.343009159375 0.026236209375000003 0.322852175 0.022384965625
0 0.1847339390625 0.023263240625 0.1700197328125 0.0282763265625 0.13233857499999999 0.027179917187500003 0.13057926875 0.0347464421875 0.1901341359375 0.06028467656249999 0.233867671875 0.0615571921875 0.2383448296875 0.0607352515625 0.24748338281249999 0.050118703125 0.247704834375 0.0446839203125 0.2322057046875 0.0333504890625 0.2075237328125 0.0337205625 0.1847339390625 0.023263240625
0 0 0.0860393890625 0.0301472203125 0.0869165828125 0.0292612859375 0.06752078593750001 0.021215221875000002 0.0513257390625 0.009081540624999999 0.055325665625 0.00070515 0.07394485468749999 0 0.08040550937499999 0 0.0860393890625
0 0 0.1799005390625 0.024681998437499998 0.1806187125 0.01586938125 0.1524761484375 0.009465748437500001 0.149387834375 0.0040309671875 0.1492296984375 0 0.1551743921875 0 0.1799005390625
0 0.1923998765625 0.119172525 0.19056921875 0.1641000625 0.17536695468750002 0.18804607499999998 0.174663125 0.20531929999999998 0.1869068171875 0.20567555624999997 0.21888914218750002 0.16347309375000002 0.22277560468750002 0.12150736250000001 0.21617081875 0.0966482890625 0.19860235312500002 0.10049008125 0.1923998765625 0.119172525
0 0.1960070875 0.23540232031250002 0.1939236265625 0.2701201921875 0.19297745156249999 0.2933409578125 0.1991627796875 0.318200778125 0.20835769375000002 0.3314479140625 0.20950409374999998 0.33148127031249996 0.21038666718750001 0.3098213984375 0.22546195624999998 0.2870441453125 0.22581627656249997 0.2783484953125 0.214780615625 0.22869360468750002 0.2052932734375 0.22116258437499997 0.1960070875 0.23540232031250002
0 0.2035845671875 0.36853608437499996 0.196608559375 0.39618700625000003 0.1961218953125 0.40813058125 0.2059912625 0.42993326718749997 0.2065899375 0.42995068593749997 0.20827564999999998 0.41365338593749995 0.227143290625 0.3779275359375 0.2321757625 0.3345441578125 0.22818225781249998 0.325721996875 0.21363844843750002 0.33545577187500003 0.2035845671875 0.36853608437499996
0 0.21846735 0.4319966671875 0.211177915625 0.45064748281250006 0.1998949765625 0.46047613906249996 0.193248165625 0.47865695625000004 0.19127090156249998 0.5271825109375 0.196264009375 0.5422836140625 0.19763119843750002 0.5423233953125 0.20660680468749998 0.536123103125 0.21827912500000002 0.4900309359375 0.21710912031250001 0.46532999999999997 0.2256036171875 0.44381226093750004 0.22625320625 0.42787023125 0.21846735 0.4319966671875
0 0 0.3097417984375 0.0195059015625 0.3103093625 0.0217338296875 0.2934317890625 0.0170076875 0.27588234843750004 0.007343185937500001 0.2726991546875 0 0.2828781265625 0 0.3097417984375
0 0 0.4020385984375 0.0068983078125 0.40223931874999996 0.025853842187499997 0.3962419625 0.024803175 0.38641718593749996 0.007633325000000001 0.3804763671875 0 0.37943184375 0 0.4020385984375
0 0 0.5208565328125 0.0049872890625 0.514687109375 0.0092698296875 0.4930468140625 0 0.4927770890625 0 0.5208565328125
0 0 0.7323167749999999 0.0175835140625 0.684221128125 0 0.6837095 0 0.7323167749999999
0 0 0.8463147140625 0.010642200000000001 0.8466243703125 0.0236140421875 0.8440326812500001 0.026911203124999998 0.834334409375 0.0143549171875 0.8219983640624999 0 0.8174917109375001 0 0.8463147140625
0 0.223624078125 0.634276928125 0.21115820468750002 0.539599621875 0.1990835765625 0.5421502734375 0.1928571046875 0.53471413125 0.1904359140625 0.5941344234375 0.1950439484375 0.6145824156249999 0.21010817187500003 0.64549160625 0.21771686875000001 0.6457129968750001 0.223624078125 0.634276928125
0 0.21421183125 0.63666699375 0.2141293390625 0.6366645937500001 0.20487942656250002 0.6508487046875 0.2003575265625 0.6881003828125001 0.2000745625 0.6950448 0.20133621875 0.7378052265624999 0.20821227968749997 0.7292993375 0.218904684375 0.7339634359375 0.2288995109375 0.7023323968749999 0.22244789062499998 0.6470069140625 0.21421183125 0.63666699375
0 0.2162345140625 0.7883660203125 0.17964830781250002 0.79600743125 0.164317353125 0.8047503718750001 0.16423251562500002 0.80683241875 0.1687504484375 0.8141905046875 0.183021753125 0.8200469828125 0.190418453125 0.8221326265625001 0.2117726265625 0.8227539703125 0.22065862187500002 0.8222303500000001 0.23976494218750002 0.816256815625 0.245872075 0.8088167984375 0.24060645468750003 0.7956046421875 0.2321322515625 0.7899168421875 0.2162345140625 0.7883660203125
0 0.37231665625 0.798144725 0.359607721875 0.8109765171875001 0.359551475 0.8123569156249999 0.3672158984375 0.8164964765624999 0.4012440546875 0.8204452625 0.40576169218749997 0.8205767125 0.4473246546875 0.8090331953125001 0.45641891718750005 0.7995036046874999 0.4524254109375 0.7906814437499999 0.41623781875 0.788540246875 0.385581584375 0.7930894703125 0.37231665625 0.798144725
0 0.5516573484375 0.7815603109375 0.5505347781250001 0.8091101359374999 0.5593375421875 0.8387277296875 0.5651596484375 0.8471156546874999 0.575392825 0.8474134093749999 0.5794102453125001 0.80013495625 0.5767159171875 0.7594287390625001 0.5717535625 0.7476764 0.5591234578125001 0.7371519453125 0.5544803640625 0.7442718140625 0.5516573484375 0.7815603109375
0 0.7664414140625 0.8123672046875001 0.7379873875 0.798480334375 0.7325446062500001 0.7896160046875 0.72389324375 0.78827603125 0.7177418234374999 0.7968030046875 0.68256986875 0.7936616078125 0.68249785625 0.79542893125 0.6896298171875 0.8101322156249999 0.7136917296874999 0.8249795359375 0.7395572359375 0.83117336875 0.7671377578125 0.8308876359375 0.7733334703125 0.8212737062500001 0.7664414140625 0.8123672046875001
0 0.7188961140625 0.8947786625 0.6769557078124999 0.8913818296875 0.6542739562500001 0.9122136375000001 0.6542074421875 0.9138460281249999 0.7074667734375 0.9260052140624999 0.758279990625 0.9253072359375001 0.7671970953125 0.9201254703125 0.7690449796875 0.9103850328125 0.7634693296874999 0.904781571875 0.7188961140625 0.8947786625
0 0.7170208640625 1 0.718299571875 0.9792476765625 0.7010023796875 0.9497245062499999 0.6923988296875 0.9747531984375 0.6914244484375 0.9986662374999999 0.6914441671875 1 0.7170208640625 1
0 0.5621149203125 1 0.5530937125000001 0.960803603125 0.544727003125 0.95915450625 0.5444213015625 0.9591456125000001 0.53783174375 0.9672970875000001 0.5364992015625 1 0.5621149203125 1
0 0.5484132140625 0.851718196875 0.5443334015625 0.884518915625 0.5432153234375 0.9119585156250001 0.5462522296875 0.9314599687499999 0.5604330531249999 0.9564828015625 0.5606378578125 0.9564887609375001 0.57368635 0.95257213125 0.5762736375 0.942490459375 0.5798648328125 0.9077711031250001 0.568971275 0.8813362484375 0.576555975 0.8554390546875 0.5484132140625 0.851718196875
0 0.3475911625 0.9139242062499999 0.38004699999999997 0.9230757578125001 0.39689479375 0.923565978125 0.42228482187500005 0.9236245984375 0.460357825 0.9106532375 0.46040488437500005 0.9094983375 0.4594467984375 0.9018527531249999 0.4509283078125 0.8972519078125 0.3538268578125 0.8944265437500001 0.3577317828125 0.90542261875 0.3476075078125 0.9135230671875 0.3475911625 0.9139242062499999
0 0.421575971875 1 0.42323791406250005 0.9592130109375001 0.422283828125 0.955920515625 0.41303270000000003 0.9425923921875 0.404100834375 0.9481364765625001 0.39852063437499996 0.9693520828125 0.398247475 0.9760559093750001 0.40232180624999997 1 0.421575971875 1
0 0.2168460578125 1 0.21808209375 0.969665509375 0.21484090781249998 0.9690875374999999 0.2105951015625 0.9743397296874999 0.209549525 1 0.2168460578125 1
0 0.182137996875 0.8979328265625 0.149766746875 0.9089616171875001 0.14244992031249998 0.9191040515625 0.14242545 0.9197045828125001 0.184543446875 0.9299020046875001 0.1954593109375 0.930219625 0.24190031093750003 0.9268778624999999 0.25235526875000003 0.9195643546875001 0.2512603125 0.91082653125 0.23417903906249998 0.9027118 0.208313534375 0.896517965625 0.182137996875 0.8979328265625
0 0.8913758406250001 0.7934100015625 0.885794825 0.8355108187500001 0.885022434375 0.854466640625 0.8893863703125 0.85967839375 0.890517484375 0.85971130625 0.9030850828125001 0.85324144375 0.91398970625 0.8259898578125 0.9183135375000001 0.79999778125 0.9094167328125 0.77797400625 0.9006620249999999 0.7791702640625 0.8913758406250001 0.7934100015625
0 0.8722603265625001 0.8989274843749999 0.8714775953125 0.9181370781249999 0.8779430984375001 0.9608809734375001 0.8911165375 0.9676690609374999 0.8935367125000001 0.9677394796875 0.8974492609375 0.962899540625 0.9010644531249999 0.9542987703125 0.9015128859375 0.916585984375 0.8974123374999999 0.8569759296875 0.8771975328125 0.87234866875 0.8722603265625001 0.8989274843749999
0 0.9011588046875 1 0.8997024546875 0.986611765625 0.8877219390625 0.96014528125 0.8791443921875001 0.9569937124999999 0.8722092796875 0.966948878125 0.87011 1 0.9011588046875 1
0 0.7474028828125 1 0.7536871765625001 0.9943451859374999 0.73379593125 0.983972203125 0.6830712921875 0.9824962671874999 0.6553986296875001 0.999788075 0.65538999375 1 0.7474028828125 1