0 0.1414856203125 0.1975035828125 0.145866659375 0.1895776234375 0.14596451562499999 0.18621452656249998 0.1416937046875 0.18306476875 0.126654640625 0.1836775640625 0.11539866406249999 0.1985665453125 0.1128030546875 0.21314787812499997 0.11584362343750002 0.257898253125 0.131061015625 0.2572781921875 0.1416026765625 0.230792625 0.1414856203125 0.1975035828125
0 0.10197842500000001 0.3857803875 0.130527778125 0.34128896875 0.13084481406249998 0.330393165625 0.127629875 0.287748846875 0.12345072812499999 0.2821289046875 0.1070198703125 0.2871410828125 0.10195516093749998 0.3119559234375 0.0991814203125 0.3699712296875 0.10197842500000001 0.3857803875
0 0.12589639531250002 0.44682331875000003 0.1264024875 0.42943004218749997 0.12005909374999998 0.40555825468749995 0.119015540625 0.405600775 0.1002357921875 0.43984074843750004 0.09538193125 0.4574092140625 0.0919007609375 0.5024253296875 0.09921426875 0.5122602265625 0.11150814687499999 0.5001788328125001 0.12589639531250002 0.44682331875000003
0 0.1065082734375 0.540326090625 0.1028235890625 0.5404762296875 0.094263284375 0.54288328125 0.07974387031249999 0.5941394 0.06502306249999999 0.6150050265625 0.062879865625 0.6280298953125001 0.06278498437499999 0.631290765625 0.0687805109375 0.635117721875 0.0756396078125 0.6232577781249999 0.094286546875 0.6167077453124999 0.103361728125 0.603309946875 0.1140720671875 0.571027278125 0.1065082734375 0.540326090625
0 0.1370223078125 0.7080822015625 0.13707944375 0.7061185453125 0.1029277671875 0.69090483125 0.078353690625 0.6866135171875001 0.057973254687499996 0.68744395625 0.0465325359375 0.688860090625 0.040608926562499995 0.6934441296875 0.041678675 0.7064285531250001 0.068898634375 0.7161761046875 0.1238445890625 0.7182799 0.1370223078125 0.7080822015625
0 0.0911031203125 0.8256136406250001 0.090648709375 0.8039187999999999 0.09554241875 0.792754153125 0.096103275 0.7734787859375001 0.095576675 0.748337634375 0.09471616875 0.748372696875 0.061680409375 0.7920711546875 0.057323128125 0.829885184375 0.059867115625 0.8543899953125 0.0661358375 0.86281990625 0.0827775421875 0.8505613515625001 0.0911031203125 0.8256136406250001
0 0.11253993437500001 0.9031344203125 0.0879877 0.9015903140624999 0.063864065625 0.9025732765625 0.050189465625 0.9067606765624999 0.052676864062499995 0.9207730046875 0.10302197500000002 0.9317496125 0.1586407453125 0.93055224375 0.1586558234375 0.9300340234375 0.11253993437500001 0.9031344203125
0 0.3446920765625 0.9726996890624999 0.3447204921875 0.9717231265624999 0.3335069671875 0.96649725 0.2906672875 0.9682428328125001 0.25856548125 0.9745381671875 0.23753001093749998 0.9891357812500001 0.3393246203125 0.9849879687499999 0.339566765625 0.9766659593749999 0.3446920765625 0.9726996890624999
0 0.3383977109375 0.9095718234374999 0.3486691484375 0.9048106234375 0.3593201109375 0.8870059453125 0.3126379265625 0.8815119859375 0.2941370234375 0.8822658406249999 0.2783188265625 0.8848781562499999 0.262187034375 0.8920494828125 0.2457705984375 0.90900341875 0.26001033281249997 0.9171085359375001 0.306608534375 0.9076101296875001 0.3383977109375 0.9095718234374999
0 0.2773797921875 0.8188180109375001 0.2773534671875 0.8197227625 0.2936679609375 0.852135053125 0.3114281734375 0.8286425140624999 0.3115335 0.8250226765625 0.30507192031249997 0.721390240625 0.2887581203125 0.7596914609375001 0.2773797921875 0.8188180109375001
0 0.3079892421875 0.70158233125 0.3099712140625 0.6334663890625001 0.3124917359375 0.6311822984375 0.3125541125 0.6290385781250001 0.31022423125 0.6247707375 0.298267709375 0.625257928125 0.2929353046875 0.5998376125 0.2918334671875 0.599882509375 0.2737221234375 0.647971440625 0.27308957968750003 0.6697105718749999 0.284994478125 0.708309525 0.294397559375 0.7209543921875 0.304348846875 0.7147586796875001 0.3079892421875 0.70158233125
0 0.30788745781250004 0.5212412203125 0.30417572656249997 0.504609846875 0.29162170625 0.4922064625 0.291453890625 0.49221329999999996 0.28113879375 0.5127863171875 0.2783745046875 0.533164753125 0.28960468906250003 0.5949521125 0.303449390625 0.5668843984375 0.30781131875 0.5238579703124999 0.30788745781250004 0.5212412203125
0 0.3060464796875 0.4236036203125 0.3061314046875 0.4206849375 0.29331716406249997 0.396236721875 0.2944987734375 0.38752585 0.294188140625 0.38753850624999997 0.27809031875 0.4344936515625 0.2873574390625 0.48912321406250003 0.2937105 0.49465457500000004 0.303956975 0.478313934375 0.3031324875 0.432025703125 0.3060464796875 0.4236036203125
0 0.31161062031250003 0.33848245 0.337602696875 0.3406803578125 0.349174609375 0.3359213 0.34918183593749996 0.335672909375 0.343747696875 0.328487621875 0.30313231875 0.31850557031250004 0.2989327171875 0.318676690625 0.268638396875 0.3228627484375 0.252506603125 0.33003407500000004 0.2480638953125 0.33347210625 0.249165271875 0.345369575 0.27956842656249997 0.345216409375 0.31161062031250003 0.33848245
0 0.3278458 0.2165993203125 0.356289009375 0.1986871375 0.35634747031249997 0.1966779671875 0.350423953125 0.188605490625 0.349649015625 0.1886370671875 0.2806206296875 0.1978959125 0.25563504843749996 0.210856340625 0.25828058125000003 0.21943388593750002 0.268299 0.223368340625 0.30591690625 0.22400686250000001 0.3278458 0.2165993203125
0 0.47503503125 0.1562845015625 0.4654802171875 0.1495830625 0.46089037499999996 0.149770084375 0.45446719687500003 0.1542274625 0.4521994921875 0.1948514640625 0.46781967343749997 0.2550123875 0.48363744531249997 0.22015525 0.4842524078125 0.19902035468749998 0.47503503125 0.1562845015625
0 0.45253577343750007 0.3721861203125 0.464712596875 0.3268156828125 0.4614611796875 0.289311684375 0.44569510156250003 0.2565132734375 0.4432862484375 0.2566114265625 0.435088490625 0.2628827046875 0.42806071562500003 0.28053974843749996 0.4274703421875 0.3008296046875 0.4370421015625 0.30767737031250003 0.4431748625 0.358091978125 0.45253577343750007 0.3721861203125
0 0.4627382390625 0.42226526406250003 0.4615364046875 0.4635696109375 0.456766884375 0.4782395265625 0.460861690625 0.4867580171875 0.46742560156249996 0.4850430015625 0.48474201875 0.4495960421875 0.48478575 0.44887046875000003 0.48586849218749995 0.41165899531249994 0.4779018296875 0.38618224687499997 0.47046181249999997 0.380695175 0.46063703437500003 0.3825430609375 0.4562048703125 0.3856187734375 0.4557410046875 0.40156080312500003 0.4627382390625 0.42226526406250003
0 0.49191628906249996 0.57926154375 0.49398561875 0.508143275 0.4940030390625 0.4986052609375 0.48938939687499994 0.476344809375 0.48909875625000004 0.47635665156250007 0.4854338953125 0.49461175468749996 0.47431131249999997 0.503750309375 0.4613427203125 0.5390201078125 0.475505871875 0.57463193125 0.48503546249999996 0.5829289734375 0.49191628906249996 0.57926154375
0 0.4317176765625 0.6348612796875 0.42905620000000005 0.647819625 0.42895517656250004 0.651291575 0.4688611734375 0.65180415 0.532800975 0.62231734375 0.5328118921875 0.6219421578125 0.5045925984374999 0.6177781718750001 0.45519072656250004 0.624133815625 0.4317176765625 0.6348612796875
0 0.523034521875 0.7616919578125 0.530059509375 0.7690053875 0.5474191859374999 0.769383703125 0.53759053125 0.7589275109375 0.5480517296875 0.747644571875 0.56053138125 0.7420045875 0.560544046875 0.7415693125 0.5219886296875 0.7356446203125 0.4660046984375 0.7379257906250001 0.46437328593749994 0.73802619375 0.44653919999999997 0.7539522265625 0.45063400937500003 0.7624707171875 0.4620384484375 0.7685200296875 0.5086366499999999 0.7590216234375 0.523034521875 0.7616919578125
0 0.516244590625 0.8695075375 0.50926179375 0.8300395375 0.5131130359375 0.8096168140625 0.5055943578125001 0.8065417734375 0.5030680296875001 0.8066447125 0.490572684375 0.8380388453125001 0.4842523390625 0.8686950796874999 0.49916509062500003 0.915856815625 0.50873685 0.92270458125 0.5148581171875 0.9171575000000001 0.516244590625 0.8695075375
0 0.4905740015625 0.942342065625 0.48187127656250006 0.9292389171875 0.48009648125000004 0.929311234375 0.4786416296875 0.979311234375 0.489652971875 0.9788625578125 0.49068277499999996 0.9434705015624999 0.4905740015625 0.942342065625
0 0.77588760625 0.9569996640625 0.744882728125 0.9529580484375 0.7176627671875 0.9432104984375 0.71087420625 0.943317475 0.67220235625 0.9448932328125 0.6551225359374999 0.9533584921875 0.654837890625 0.9631411015625 0.6632805265624999 0.9714824328124999 0.760563134375 0.9675184703124999 0.775870925 0.9575729562499999 0.77588760625 0.9569996640625
0 0.6933812765625 0.8624016109375001 0.7080321671875 0.85637629375 0.7457133265625 0.8548409031249999 0.7461440453125 0.8528640578125 0.7463206546875 0.8467944125000001 0.6872102250000001 0.8257403562500001 0.684857090625 0.8257683828125 0.6447756140625 0.827401578125 0.6393525109375 0.8287760765625001 0.6303405875 0.8399999625 0.6301824515625001 0.8454347437499999 0.6458082078125 0.8556547203125 0.670477515625 0.8535638562500001 0.6933812765625 0.8624016109375001
0 0.9366473140625 0.9029162749999999 0.9354526640625 0.8740138234374999 0.9240494015625 0.8706447046875001 0.9221642109375001 0.8707215203124999 0.9066857578124999 0.8925566703125 0.9093140843749999 0.9141629296874999 0.9025660999999999 0.9620376359374999 0.9240653375000001 0.961161609375 0.9360226765625 0.9243836796875 0.9366473140625 0.9029162749999999
0 0.9215360171875 0.7786262015625 0.920423725 0.7593305453125 0.9126947328125 0.7446949265625 0.9094858453124999 0.7448256796875 0.9001089078125 0.7485778546875 0.89195200625 0.7677284656250001 0.8826470750000001 0.8636463796875 0.9081531093749999 0.8452364015624999 0.920833921875 0.80275561875 0.9215360171875 0.7786262015625
0 0.859181115625 0.718274878125 0.8922614296875 0.7256123 0.90382400625 0.7262268296875 0.9362140984374999 0.7075363484375 0.9659921 0.6989410125 0.9660036906249999 0.6985426765625 0.9250943046875 0.6917044296875 0.9060003578125 0.677859859375 0.9013807875 0.67804809375 0.8979692265624999 0.6786960109375 0.884641103125 0.6890100984374999 0.8538900484375 0.7011197874999999 0.8508017359375 0.7077596328125 0.8506436 0.7131944156250001 0.859181115625 0.718274878125
0 0.7320698484375 0.7465671203124999 0.7321848640625 0.742614296875 0.688607078125 0.7132150375 0.659099934375 0.712890640625 0.6445327625 0.7134842078125 0.621999334375 0.7212910765625 0.6219723640625 0.72221801875 0.6256240671875 0.738580421875 0.644306509375 0.743247509375 0.6892340453125 0.7414168531249999 0.714878221875 0.7555712828125001 0.7308202515625 0.7549216953125 0.7320698484375 0.7465671203124999
0 0.6795371453125 0.621103921875 0.6800168859375 0.604616284375 0.6696870640625 0.5612460796875001 0.6612070828125 0.5551793859374999 0.659595328125 0.555245059375 0.6509979546875 0.5692453875 0.6482663843750001 0.625811415625 0.6551160281249999 0.6515883421875001 0.6655638953125 0.66563819375 0.666238609375 0.6424497890625 0.6795371453125 0.621103921875
0 0.6751719515625 0.5076099921874999 0.677152059375 0.488530115625 0.6779704125 0.46040512187499993 0.6759763249999999 0.45625679375 0.6744760999999999 0.4563179234375 0.6611774796875001 0.4662010671875 0.6515119265625 0.499888721875 0.642848990625 0.5364306359375 0.6551334171875001 0.5619861125 0.656726409375 0.5445505171875 0.6751719515625 0.5076099921874999
0 0.721394996875 0.4161702625 0.7214284375 0.4150210296875 0.7179252640625 0.40871196875000004 0.69927445 0.40295792343750003 0.6894457921875 0.3925017328125 0.6693457015625001 0.3868067421875 0.6496594328125 0.3870999890625 0.6257916875 0.388072525 0.6068370984375 0.395867778125 0.6137988296875 0.4053551203125 0.6598909953125001 0.41324801874999995 0.6845919328125001 0.410070196875 0.706109671875 0.416793090625 0.721394996875 0.4161702625
0 0.9270158484375 0.5366606234375 0.922795609375 0.5219589375 0.9199543171875 0.52122653125 0.911671465625 0.5215640328125 0.9040221609374999 0.532856796875 0.8940192484375 0.5781386515625 0.8921216187500001 0.64335604375 0.9219849343750001 0.5871320375 0.926693053125 0.547754375 0.9270158484375 0.5366606234375
0 0.8657402578125 0.49324044999999994 0.906193459375 0.495934778125 0.928027471875 0.49178810781250004 0.961555803125 0.47595484375 0.9615789640625 0.475158875 0.9342989812500001 0.4752475453125 0.9011870390625001 0.46899707968750004 0.8693029796875 0.47029625468749997 0.847342459375 0.4787907515625 0.8485070890624999 0.4885143078125 0.8657402578125 0.49324044999999994
0 0.9773769124999999 0.3613063640625 0.9774034281249999 0.36039512500000004 0.971001859375 0.35575349843750004 0.9478767093749999 0.354524440625 0.9353056890625 0.347369140625 0.9183220140625 0.3480611734375 0.8682930734375001 0.3534245546875 0.8609201875 0.3580676484375 0.8606355421874999 0.36785025781249997 0.8705590781250001 0.375045578125 0.9398080234374999 0.3830805765625 0.9773769124999999 0.3613063640625
0 0.968152875 0.2492281671875 0.963955309375 0.2461846125 0.9401292390625 0.2441698625 0.934603878125 0.2443950046875 0.8842135375 0.2505195078125 0.865214821875 0.256721984375 0.8577786812499999 0.2635389921875 0.8631330015625001 0.27852016874999996 0.9678351453125 0.260147859375 0.968152875 0.2492281671875
0 0.9169600765625001 0.128630825 0.9119048203125001 0.11580879687500001 0.9032103484375 0.11145850937499999 0.900822928125 0.11155578906250001 0.8798675921875001 0.1721213828125 0.873167721875 0.21582109374999997 0.8904746859375001 0.218011003125 0.906282453125 0.1971010875 0.9159901749999999 0.1619641578125 0.9169600765625001 0.128630825
0 0.8978586984374999 0 0.8696821921875 0.0176817265625 0.8680797468750001 0.072754190625 0.8718793703125 0.091417609375 0.8815776375000001 0.0939175484375 0.8939136875000001 0.0803868796875 0.9047083656250001 0.045205659375 0.9072711328124999 0.03525105625 0.90773335 0.019365646875 0.9024222156249999 0 0.8978586984374999 0
0 0.6200139250000001 0.31651816718750003 0.7135077640625 0.2966271296875 0.7109571109374999 0.284788715625 0.7175915421875 0.2787066671875 0.7176060703125 0.27820734687500004 0.6582061609375 0.2806277078125 0.638524971875 0.28665443125 0.6076157796875 0.3041989015625 0.607394390625 0.311807596875 0.6184016046874999 0.3165838640625 0.6200139250000001 0.31651816718750003
0 0.669491403125 0.2154500046875 0.6695078765625 0.21488387968749997 0.66246085 0.1605219765625 0.6545010328124999 0.1512449390625 0.6537256078125 0.15127653593749998 0.6449430359375 0.1655784421875 0.6405014171875 0.206291025 0.642412859375 0.2525349640625 0.6491876171875 0.243573571875 0.6599306734375 0.24747849843749997 0.669491403125 0.2154500046875
0 0.6615019078125 0.125073284375 0.6747140640625 0.11874470156250001 0.6803663171875 0.1098833296875 0.6809676625 0.089216440625 0.6743112765625 0.057963715625 0.66540949375 0.043115778125 0.66390180625 0.0431772109375 0.6561282015625001 0.048571721875 0.650271721875 0.06328592499999999 0.6466313296874999 0.07646227343749999 0.6480883578125 0.1010113734375 0.654061890625 0.1195862140625 0.6615019078125 0.125073284375
0 0.4968909734375 0.10124625625000001 0.509341178125 0.08767889375 0.5093860375 0.0861371515625 0.5017764625 0.0825908359375 0.46536476562500007 0.08091927812500001 0.4638588640625 0.0809806390625 0.421781671875 0.0956213859375 0.412801375 0.1057583140625 0.4168961828125 0.11427680468750001 0.453096440625 0.113887425 0.483689359375 0.10721252031249999 0.4968909734375 0.10124625625000001
0 0.349777896875 0.123186403125 0.36030235 0.1097295515625 0.35318248125 0.1056769921875 0.3113544828125 0.1059224859375 0.288813753125 0.10684095 0.258726565625 0.11821111875000001 0.2498411515625 0.125087178125 0.24810722968749999 0.134928840625 0.2973193375 0.13509493749999998 0.3380255578125 0.1290936140625 0.349777896875 0.123186403125
0 0.1387455234375 0.154086740625 0.1526323921875 0.12456975156250001 0.161496725 0.11841832968749999 0.16209691875 0.114503578125 0.162248246875 0.10930277656250001 0.154309721875 0.10423560624999999 0.15734721406250002 0.07006031874999999 0.1534632125 0.0702185796875 0.14098051250000002 0.077275146875 0.12613319218750002 0.1024885984375 0.11993935781250001 0.1287970046875 0.120225090625 0.156288946875 0.12983902187500002 0.1616874375 0.1387455234375 0.154086740625
0 0.14319773125 0 0.141332134375 0.0084453125 0.137935303125 0.050562878125 0.1600866765625 0.0728211890625 0.1709607109375 0.02441873125 0.17167122343750002 0 0.14319773125 0
0 0.2739871671875 0 0.2546204546875 0.0125258171875 0.2585887546875 0.025392134374999997 0.2686704265625 0.027152673437500004 0.30338978125 0.027909303125 0.3298246375 0.0148898203125 0.3557218296875 0.020348596875 0.3583898 0 0.2739871671875 0
0 0.4507330859375 0 0.450178953125 0.019044298437500003 0.46101192031249993 0.0498836921875 0.4646209578125 0.0497366359375 0.46994556562499995 0.0486375703125 0.47320449687500005 0.042352659375000004 0.47443683437499995 0 0.4507330859375 0
0 0.025876793749999998 0.00362754375 0.0075807296875 0.0189184296875 0.003812734375 0.04078531875 0.030057334375 0.0397159328125 0.030214225 0.0343239203125 0.027721071874999996 0.0035523953125 0.025876793749999998 0.00362754375