0 0.955109771875 0.0982848171875 0.94857259375 0.1054704125 0.9476427671875 0.11581736718749999 0.9548556671874999 0.12547560156249998 0.9575292765625001 0.1255689671875 0.9640516281249999 0.12250392968749999 0.963634078125 0.09858249218750001 0.955109771875 0.0982848171875
0 1 0.11702513750000001 0.985681990625 0.1107213953125 0.9382236390625 0.1101745484375 0.9047455546875 0.124379325 0.9047500265625 0.12463553125 0.9359769 0.1326240796875 0.97994203125 0.134159375 1 0.1281488109375 1 0.11702513750000001
0 0.8904308703125 0.109440653125 0.89038423125 0.1067686921875 0.8777378890625 0.09903955 0.8272927843750001 0.09727796718750001 0.8096631796875 0.10665623125000001 0.8068703734374999 0.116552609375 0.8199813656250001 0.12076568750000001 0.8666339765625001 0.1223948328125 0.88839516875 0.114957784375 0.8904308703125 0.109440653125
0 0.7106879312500001 0.124756815625 0.7631254875 0.118302865625 0.773394878125 0.111998878125 0.7748221265625 0.106334225 0.774690334375 0.098783840625 0.7731233546875 0.096443321875 0.755261015625 0.09248825468750001 0.7092669500000001 0.09088210625000001 0.6857414187499999 0.1022753484375 0.67998125 0.112068103125 0.6860323359375 0.118942015625 0.7046518078124999 0.12454602968749999 0.7106879312500001 0.124756815625
0 0.6515536187500001 0.11170525312499999 0.6508250734375001 0.10269548749999999 0.6023893453125 0.0944286359375 0.60058418125 0.0943655984375 0.5721124796875 0.095505046875 0.5485287640625 0.1035649578125 0.5457165609375 0.11235022187499999 0.599439334375 0.13199320625 0.6159509921875 0.133940909375 0.628440296875 0.1343770453125 0.651809946875 0.12639029531249998 0.6515536187500001 0.11170525312499999
0 0.528053553125 0.1038103671875 0.5280505125 0.10363618125 0.5190516234375 0.091263309375 0.4996668171875 0.085034209375 0.45367275156250003 0.0834280609375 0.435984965625 0.0894729921875 0.44068813125000006 0.10407287031250001 0.45416134062499997 0.10955251875000001 0.47537919375 0.11029346250000001 0.528053553125 0.1038103671875
0 0.3772582328125 0.12258905312499999 0.390383340625 0.0892572296875 0.390322221875 0.0857557796875 0.37257821562500004 0.045321315625000004 0.362526421875 0.0420047484375 0.3538447140625 0.053563778124999996 0.3574395171875 0.1322763953125 0.363124559375 0.139888796875 0.3700524015625 0.1409694171875 0.37543568125000004 0.1411574046875 0.3772582328125 0.12258905312499999
0 0.30155938125000004 0.0998131390625 0.3015505125 0.09930504999999999 0.2616763828125 0.0760186171875 0.25127123125 0.0745448265625 0.19664661249999998 0.0881833671875 0.19233133593750001 0.0958057125 0.205897790625 0.10849423437500001 0.2280948 0.1059380703125 0.2534531140625 0.1145966375 0.30155938125000004 0.0998131390625
0 0.11088461406250001 0.1211224671875 0.1568592859375 0.12161750468750002 0.18842472500000002 0.12681910000000002 0.191341465625 0.1269209546875 0.198324734375 0.11862377500000001 0.1774950359375 0.11456508437499999 0.1489948125 0.0958028921875 0.10438745468749999 0.088693 0.0881639515625 0.0936786328125 0.07992847812500001 0.106049371875 0.079943453125 0.10690730781249999 0.11088461406250001 0.1211224671875
0 0.027349462499999998 0.1789714890625 0.0427369640625 0.1721134921875 0.0531896328125 0.0950189515625 0.0529540171875 0.08152055625 0.042990959375 0.05943145 0.024024376562499998 0.0543207953125 0.0185724125 0.06006151093749999 0.0086008015625 0.12495540000000001 0.00816303125 0.16349226875 0.022711065625 0.169931396875 0.0273013125 0.1789698078125 0.027349462499999998 0.1789714890625
0 0.0980371296875 0.3312565203125 0.10826773125 0.32273030937499997 0.1050676375 0.30929335468749997 0.0440622265625 0.29716909375 0.0070090281249999995 0.2980960359375 0.0052174671875 0.298908490625 0.0055494375 0.3179270578125 0.00587445 0.3180442234375 0.0090357546875 0.3292589578125 0.005770321875 0.330581521875 0.0058854046875 0.3371745984375 0.0245751609375 0.3381524625 0.060868790625 0.3394198640625 0.078885059375 0.338360753125 0.0980371296875 0.3312565203125
0 0.21414592031250002 0.296214159375 0.1827365234375 0.280681678125 0.1497039234375 0.2784986046875 0.1469235625 0.2784015109375 0.1191322484375 0.28956490625 0.095451559375 0.2920692609375 0.1194813484375 0.30956490625 0.13888555 0.31690511875 0.20699904687499998 0.3115106578125 0.2145889734375 0.3060199171875 0.21444643124999999 0.297853596875 0.21414592031250002 0.296214159375
0 0.2813165765625 0.3446413734375 0.2913638640625 0.3208613296875 0.2911434140625 0.3082317921875 0.28581032500000003 0.284004515625 0.28981450937500003 0.25893716875 0.273974078125 0.24207348125 0.2552664734375 0.2517996234375 0.262039221875 0.3217265640625 0.273288940625 0.34527619062500003 0.2765322125 0.3453894484375 0.2813165765625 0.3446413734375
0 0.41872906875 0.314439478125 0.42713998125 0.31473319375000003 0.4316772140625 0.3079176890625 0.4316221171875 0.3047611296875 0.42747560625 0.28914366875 0.41402551875000004 0.2831218125 0.40342642343749996 0.27053690937499997 0.35159461406250003 0.27427907500000004 0.3310364390625 0.2857759390625 0.3356426328125 0.2948202625 0.3773796046875 0.3073820875 0.41872906875 0.314439478125
0 0.5406817359375 0.29051247812500003 0.5406356171875 0.287870328125 0.493973553125 0.27862314062500004 0.4569785390625 0.282883415625 0.43934893593749996 0.2922616796875 0.4454776 0.3035800375 0.4668492421875 0.3083121328125 0.5116558984374999 0.30987681718750004 0.5387554640625 0.29573303281249996 0.5406817359375 0.29051247812500003
0 0.64713005 0.30558421562500004 0.647045884375 0.3007623140625 0.646259015625 0.2964695390625 0.6251771890625 0.277966403125 0.5792219140625 0.2785824796875 0.5645014859375 0.2847310328125 0.5602249984375 0.294575596875 0.597323334375 0.3113068421875 0.6185964671875 0.312049715625 0.64713005 0.30558421562500004
0 0.7482404218750001 0.283228425 0.74788615 0.26293217343749997 0.7417455687500001 0.24214423125 0.7284640296875 0.24464598125 0.724695284375 0.2762434421875 0.725468271875 0.3205278015625 0.734204115625 0.345756228125 0.7351557109375 0.3457894578125 0.747355409375 0.30906501406250003 0.7482404218750001 0.283228425
0 0.8669686515624999 0.28612805625000004 0.8667873687500001 0.2757423125 0.854758553125 0.2446473421875 0.8448362453125 0.24874917343749997 0.8374210359375001 0.2692490796875 0.8394644640625 0.32270034375 0.854691221875 0.34996373125 0.8558918546875001 0.35000565781250004 0.8648905328125001 0.316174365625 0.8669686515624999 0.28612805625000004
0 1 0.279296296875 0.9493816718750001 0.2784099671875 0.9094580875 0.28478884375 0.9036591296875001 0.29235937343749996 0.908265325 0.3014036953125 0.9365909984374999 0.3101658890625 0.9632027609374999 0.3131528 0.9817336375 0.3137999125 1 0.3031313859375 1 0.279296296875
0 0.0807557609375 0.53530778125 0.085249284375 0.5354646984375 0.109200284375 0.520299728125 0.111953284375 0.5093732671875 0.11184176406249999 0.5029842734375001 0.0819316140625 0.4871449015625 0.037421228125 0.485590565625 0.013779328125 0.4903171421875 0.0086463828125 0.4953509703125 0.008961478125 0.5134027140625 0.0232050578125 0.520628009375 0.06334198125 0.52647135625 0.0664063125 0.532130534375 0.0807557609375 0.53530778125
0 0.0917271421875 0.7327008078125 0.12430990625 0.7305073203125 0.132900896875 0.7253901671875 0.132896275 0.7251253828124999 0.1181230625 0.7158556328125 0.0883137078125 0.70704163125 0.076269721875 0.6966271390625 0.0677526453125 0.695693103125 0.059839096875 0.69541675625 0.03927470625 0.7008874140625 0.012234384375 0.7009074531249999 0.012659946875 0.7252878671875 0.0205105234375 0.73021386875 0.0686458703125 0.7378860796875 0.0758215515625 0.7381366609375 0.0917271421875 0.7327008078125
0 0.0560260171875 0.9654313328124999 0.129586415625 0.96800011875 0.1337640625 0.967976875 0.140230465625 0.9663788734375001 0.13986715 0.9455645953125 0.1304088125 0.94565103125 0.081137075 0.9261634828125 0.067939115625 0.9345860703125 0.0515798515625 0.931793925 0.029479815625 0.9399056453125001 0.031157440624999998 0.95106856875 0.0417565359375 0.9636534703124999 0.0560260171875 0.9654313328124999
0 0.21164534375000002 0.9637183437499999 0.2345674296875 0.968543040625 0.238213209375 0.9686703546875 0.26054858593749997 0.9620947796875001 0.272907171875 0.9632371421875 0.272559009375 0.943290965625 0.27206891875 0.94250926875 0.2601025125 0.936539225 0.227364590625 0.929843821875 0.19175628281249998 0.9286003515625 0.1578255953125 0.9385198046875001 0.159522615625 0.9507938375 0.183513615625 0.9660672625 0.21164534375000002 0.9637183437499999
0 0.22904975312500003 0.5082504109375 0.22897963593749998 0.5042334109375 0.2270631921875 0.4987142578125 0.19721505156250002 0.4876780328125 0.154227134375 0.4883977296875 0.11744545937499999 0.5048802265625 0.16456535156250002 0.5273036421875 0.16799644687499998 0.527423459375 0.1934234265625 0.5253003765625001 0.22904975312500003 0.5082504109375
0 0.2790169078125 0.5266157359375 0.295645128125 0.5185018859375 0.3237768546875 0.516152965625 0.3446087484375 0.508506709375 0.344593425 0.5076288156250001 0.3264920859375 0.5018121437499999 0.32465930468750004 0.4817603328125 0.2668539859375 0.483073028125 0.2418059859375 0.49219223593750006 0.22864681406249998 0.5028370468750001 0.2288213640625 0.512837046875 0.261167434375 0.52599241875 0.2790169078125 0.5266157359375
0 0.14288157968749998 0.696909571875 0.1356378140625 0.7032660546875 0.1356394296875 0.7033586546875 0.1490878203125 0.7126723734375 0.17442674062500002 0.72021983125 0.2289431890625 0.7294298578125 0.23343838125 0.7295868328124999 0.2589188953125 0.718728625 0.2647178515625 0.7111580921875 0.2615759421875 0.7010544703125 0.2435972375 0.6904327359375 0.2137490953125 0.6793965109375 0.1974286203125 0.6788265874999999 0.1709551234375 0.69122731875 0.14288157968749998 0.696909571875
0 0.32401324531250003 0.7046419203125 0.35183336875000004 0.6999145203125 0.35555460625 0.688289446875 0.35552388125 0.6865291828125 0.315740196875 0.6708932703125 0.2853441609375 0.6709422515625 0.2548123640625 0.6632134546875 0.2416338 0.6727471546875 0.23884099062500003 0.6826435296875 0.28959640625 0.702182890625 0.306415709375 0.7040274015625 0.32401324531250003 0.7046419203125
0 0.4342692203125 0.7051228953125 0.451995796875 0.7013001875 0.47575825156249996 0.6862545953125 0.475743578125 0.6854139531250001 0.45465284375000004 0.68362603125 0.417308728125 0.66788630625 0.3773075625 0.6698207359375 0.35237592812499996 0.6856066140625 0.3539759765625 0.6923250890625 0.3713840234375 0.7047345968750001 0.3835791921875 0.7051604609375001 0.4342692203125 0.7051228953125
0 0.42195462656249993 0.5066224703125 0.459970575 0.4974672375 0.4599657265625 0.4971894359375 0.43264172500000003 0.49515967656250004 0.41460483750000005 0.48120460937500004 0.3626178703125 0.47605788125000004 0.3404984390625 0.4830584921875 0.340692384375 0.494169603125 0.36011597812499996 0.5026209265625 0.39132418125 0.50555283125 0.42195462656249993 0.5066224703125
0 0.5589697375 0.4436213734375 0.5146421859375 0.4332571734375 0.4954125359375 0.43591695937499997 0.46154003593750004 0.449169746875 0.4573023359375 0.46123653437499995 0.4666001296875 0.4675812875 0.5249414859375 0.4696186125 0.558975490625 0.4439509640625 0.5589697375 0.4436213734375
0 0.540478425 0.6997086703125001 0.5419770374999999 0.699761003125 0.5726846625 0.6920342500000001 0.5850299484375 0.6841558156249999 0.5850180453125 0.683473859375 0.5501967343749999 0.6779237499999999 0.538055775 0.661953703125 0.529134303125 0.660531725 0.518903703125 0.6690579359375 0.483528128125 0.6811477984375001 0.48069653125 0.6888219546875 0.49414661875 0.694843809375 0.540478425 0.6997086703125001
0 0.5435513249999999 0.9916771000000001 0.55535656875 0.9523110499999999 0.5550445515625 0.9344355703125 0.5522823359375 0.9193260109375 0.541842075 0.8937542515624999 0.5285087421875 0.8932886421875 0.5243491734375 0.9094539140625001 0.52184456875 0.9568152546875 0.5375780140625 0.9947398796875 0.539522815625 0.9948077937500001 0.5435513249999999 0.9916771000000001
0 0.40661422968750005 0.9581680312499999 0.431914359375 0.9634932640624999 0.4717021828125 0.9493366125 0.49124192187500004 0.9470864546875 0.491221209375 0.945899825 0.437228453125 0.92814495625 0.41645693906250003 0.927419596875 0.37651395781249997 0.9326873609374999 0.36333539375 0.9422210578125 0.3620650546875 0.9543914718750001 0.3766142109375 0.9688187812500001 0.38692518124999997 0.9691788484374999 0.40661422968750005 0.9581680312499999
0 0.3362376671875 0.9674088015625 0.344070409375 0.9556430171875 0.375033734375 0.9456199421875 0.3926526265625 0.9349525609375 0.392635796875 0.9339883718750001 0.34216005 0.9311467609375 0.32260069375 0.9149176578124999 0.2770527015625 0.938867065625 0.280272190625 0.953415134375 0.29825089375 0.9640368671875 0.316016259375 0.9624363812500001 0.33091149531249997 0.9672228078125 0.3362376671875 0.9674088015625
0 0.6587510046875 0.6532646234375 0.6440091671875 0.62212356875 0.6420450890625 0.62205498125 0.633814503125 0.62422109375 0.6266323734375 0.6580741156250001 0.6291678593750001 0.7397152921875 0.6411711859375 0.742263628125 0.6461749718750001 0.742438365625 0.6602959734375 0.7020153828125 0.6596882390625 0.6671983578125 0.6587510046875 0.6532646234375
0 0.6440005156249999 0.48470707968750004 0.676580459375 0.47196000937499993 0.676579778125 0.47192093437500005 0.6525851359375 0.45445088125 0.6332973015625 0.45377733593749997 0.611197265625 0.46188905468749997 0.5889032828125 0.45888966406250004 0.573429175 0.4668529203125 0.57345535625 0.468352875 0.5823591828125 0.48255451718750003 0.6440005156249999 0.48470707968750004
0 0.8000654421875 0.47899082968749995 0.80002009375 0.47639278906250004 0.7798952765625 0.45146542343749996 0.7219929859375 0.4472225609375 0.6925133406249999 0.4572974484375 0.6911848171874999 0.466134525 0.7046930875 0.47548971562500003 0.761100653125 0.48411166406249995 0.794766071875 0.48528728593750003 0.8000654421875 0.47899082968749995
0 0.9092250906249999 0.47047281874999997 0.9092164593750001 0.4699782609375 0.8988538609375001 0.45555431406249997 0.8704312156249999 0.4412365703125 0.815690228125 0.44820844375 0.8084463812499999 0.4579493859375 0.8145750453125 0.46926774218749995 0.8762816625 0.4818876828125 0.88146323125 0.48206862656249994 0.9092250906249999 0.47047281874999997
0 0.980642109375 0.5083737171875 0.9848534765625001 0.4951758046875 0.996946209375 0.48818421562500003 0.9984131328125001 0.48077522968749997 0.9983266390625 0.475819971875 0.9801993578125 0.41939174531249995 0.9657549140624999 0.41888733437500003 0.9594249171874999 0.43794236406250003 0.9547316 0.483169928125 0.95474379375 0.4838684875 0.9714715015625 0.5133196421874999 0.9728417234375 0.513367490625 0.980642109375 0.5083737171875
0 1 0.672502021875 0.9590396625000001 0.6733731140625 0.9255458765625001 0.6898020125000001 0.9255494234375 0.6900051359375 0.9376263296875 0.6917157140625 1 0.69389385 1 0.672502021875
0 0.8843378390625001 0.6887775125 0.88753354375 0.659140934375 0.8873869593749999 0.650743071875 0.8787279984374999 0.6218567312500001 0.8676168875 0.621468721875 0.8621649218749999 0.6272094328125 0.8592459515625 0.650831903125 0.8528123640624999 0.663952215625 0.8515573796875 0.718379525 0.870612040625 0.719044928125 0.8843378390625001 0.6887775125
0 0.7593023984375 0.730094553125 0.7672096640625 0.7377845562500001 0.7673647671875 0.74667040625 0.7680066328125 0.7466928203125 0.77591726875 0.72770920625 0.7841833375 0.7320986640625 0.7840558718749999 0.7247961859375 0.7795847828125 0.6833540234375 0.7676190468749999 0.6340045921875 0.756456140625 0.6306492234375 0.7499707578125 0.6408021749999999 0.7415480265625 0.667198 0.7339256359374999 0.675828471875 0.7475179468750001 0.691130875 0.7593023984375 0.730094553125
0 0.652482609375 1 0.6624053796875 0.9898570875000001 0.6694778328125001 0.9596608359375001 0.669300471875 0.9494997734374999 0.655244165625 0.897674953125 0.6473110015625 0.88850126875 0.6352959609375 0.8999438968750001 0.627106309375 0.9396928375 0.6274688765625 0.96046435 0.6396966828124999 1 0.652482609375 1
0 0.7841193843750001 1 0.7942873890625 0.9630554765625 0.7943881625 0.95888869375 0.7939274671875001 0.9324954234374999 0.7806407921875 0.88102629375 0.7672815609375 0.8790770046875 0.7597109640624999 0.890674834375 0.7596724453125 0.938168590625 0.759916046875 0.9521244921875001 0.7784362671875 1 0.7841193843750001 1
0 0.9411402328125 0.953600703125 0.9440860593749999 0.9468193421875 0.9440214015624999 0.9431150921875 0.9244900515625 0.9341418906250001 0.8710000109375 0.927832240625 0.832695865625 0.9420407046875001 0.8478041828125 0.958114371875 0.84353291875 0.96794691875 0.843723125 0.9679535609375 0.8968819765625 0.966490809375 0.9411402328125 0.953600703125
0 1 0.951217746875 0.983854921875 0.948336025 0.9515436812500001 0.9660850671875 0.9431394281250001 0.9820478703125 0.9431448109374999 0.9823562750000001 1 0.9843417015625 1 0.951217746875