0 0.9460735453125 1 0.9460194703125 0.9748563140625001 0.9278341859375001 0.9461928203125 0.9236434499999999 0.9284765593750001 0.9232129109375 0.9284615234375 0.9196402078125001 0.9525801203125001 0.9102612015625 0.9688750296875 0.9100869953125 0.9748620609374999 0.9163639531250001 1 0.9460735453125 1
0 0.9573160968750001 0.842063525 0.9311825562499999 0.841150921875 0.9311188906250001 0.843338975 0.947082215625 0.9035710296874999 0.958198603125 0.8999551578125 0.9577892421875 0.84521865 0.9573160968750001 0.842063525
0 0.9064399078125 0.7776791140625 0.9063750625000001 0.7799077125 0.9114977234375001 0.7848257875 0.9340771 0.7886173249999999 0.9661934875 0.7857347890625 0.9782810828124999 0.781351515625 0.979041046875 0.75523326875 0.9633431296875001 0.7546850859374999 0.951066396875 0.7551760562500001 0.9362833437500001 0.7586638859375 0.9064399078125 0.7776791140625
0 0.8951224796874999 0.6828460359374999 0.9153344578124999 0.6845015484375 0.9257172499999999 0.69080765625 0.9264533609375001 0.6908333609375 0.9659429312500001 0.6882708671875 0.97942175 0.6837364765625 0.980830734375 0.6811830375000001 0.9813428406250001 0.6635830375 0.980061884375 0.6617364765625 0.9675577375 0.6578588296875 0.94191190625 0.6569632578125 0.9240327859375 0.6607809140625001 0.89959633125 0.6749428156249999 0.895171709375 0.6811541390625 0.8951224796874999 0.6828460359374999
0 0.9334034062500001 0.5906616359375 0.9443646109375001 0.592379096875 0.9480021531249999 0.5856241375 0.9488099640625001 0.55786145625 0.927886353125 0.5050489375 0.9209852640625 0.5465586578125 0.9208917390625 0.5497729437500001 0.9334034062500001 0.5906616359375
0 0.9153847531249999 0.45664701562500004 0.9770381531250001 0.44778882343750004 0.9878794031250001 0.4421613125 0.9881703734375 0.4321613125 0.9723158578125 0.4266025796875 0.9571964734374999 0.4244479484375 0.9409583781249999 0.42388090156249997 0.9101511703125 0.435114459375 0.910112071875 0.436458209375 0.9170381531249999 0.44569357812500005 0.9153847531249999 0.45664701562500004
0 0.8771471796875 0.3330413109375 0.8771334671875 0.33351261875 0.9160193015625 0.3506240328125 0.9412362484375001 0.35550869218750003 0.954627775 0.353974303125 0.9750351343749999 0.34067271875 0.9787939265625001 0.33369259375000004 0.9788688671875001 0.33111706875 0.9780800624999999 0.327765840625 0.9646037249999999 0.32304091874999996 0.9185132484375 0.32143140312499996 0.8771471796875 0.3330413109375
0 0.7932802718749999 0.3549195203125 0.7885518453125 0.34541158125 0.7904441531249999 0.3147798375 0.7821424828125 0.29046555 0.7681424828125001 0.289976659375 0.76304819375 0.33031211250000003 0.7630069734375 0.331728771875 0.76455184375 0.3445734828125 0.7741638843749999 0.358256025 0.7861250875 0.3600084078125 0.7932802718749999 0.3549195203125
0 0.7380007609375 0.43857767187499996 0.7379795375 0.43930705468750003 0.7501704359375 0.4422438421875 0.76836488125 0.44287920625000005 0.8050515515625 0.443472134375 0.8278346078125001 0.44026367187500004 0.8322248484375001 0.4255581515625 0.8322303046874999 0.42537064999999996 0.8270541171874999 0.4212171109375 0.7845832359375 0.41529198593750005 0.7782890046875 0.41507218593750006 0.7380007609375 0.43857767187499996
0 0.7771662140625 0.49480144687500005 0.7701442578125001 0.5164698484375 0.7696512296875 0.533414125 0.779949828125 0.5819140609375 0.790639459375 0.5929648578125 0.7979002125 0.58388949375 0.7979068796875 0.5836603499999999 0.797113709375 0.54247279375 0.7935792609375001 0.5263331109375 0.7780491359374999 0.4948322796875 0.7771662140625 0.49480144687500005
0 0.7873226343749999 0.656069453125 0.7979647734374999 0.7031551703125001 0.80888718125 0.7062059640625 0.81774069375 0.6771519968749999 0.8095942078125 0.6475043781250001 0.801943371875 0.6352250109375001 0.78509855625 0.6292980234375001 0.7794200359375 0.6184430765625 0.77937706875 0.6184415750000001 0.7749172015625 0.6212054640625 0.7745462140625 0.6339554625 0.7748657796875 0.6369488171875 0.7873226343749999 0.656069453125
0 0.7789340703125001 0.7802361859375 0.79396416875 0.8141282515625001 0.8043521312499999 0.8011441250000001 0.8018263796875 0.7503377765625 0.792563503125 0.724655234375 0.7839663890625 0.723395709375 0.7803101375 0.72326803125 0.776447115625 0.7280965015625 0.774409315625 0.7461687593749999 0.7741718921875 0.7543284781249999 0.7789340703125001 0.7802361859375
0 0.78087008125 0.881771371875 0.7872105484375 0.9046824828125001 0.8019001796874999 0.9158729624999999 0.80813295625 0.9080824859375 0.8117924890625 0.88552058125 0.8098011859375 0.850749153125 0.7818136296875 0.8109094421874999 0.7808719625 0.8108765578125 0.7800422671875 0.8213478390625 0.779118921875 0.8530811609375 0.782452021875 0.86180629375 0.78087008125 0.881771371875
0 0.7958808734375 0.9507296078125 0.7570978171875 0.9533793375 0.7144963453125001 0.9776009968749999 0.7144592328125 0.97887649375 0.764341296875 0.9796587046875 0.8113571281249999 0.9692883406249999 0.8144020546874999 0.9563814624999999 0.7958808734375 0.9507296078125
0 0.5856832609375 1 0.58637768125 0.976134309375 0.5862110140625 0.9761284890624999 0.58325401875 0.9802795468750001 0.5795788374999999 1 0.5856832609375 1
0 0.5752264125 0.9350786187500001 0.5310138015625 0.9404907546875 0.5309854296875 0.9414658515625 0.53935835625 0.9568807312500001 0.5485753015625 0.9612066578125 0.577995925 0.959231 0.6204589125 0.967720953125 0.6336646734375 0.9603866953125 0.6336813953125 0.9598119796875 0.6197948125 0.9446743921874999 0.6053027265625001 0.938162221875 0.5891118296875 0.9355635093749999 0.5752264125 0.9350786187500001
0 0.600048375 0.9077918437499999 0.6001205703125 0.9077943656249999 0.6119739328125 0.8095873546875 0.597390665625 0.7888283734375 0.595986453125 0.7887793375000001 0.5799553046875 0.8173523890625001 0.5798996 0.8192668328125 0.587111721875 0.8727841765625 0.600048375 0.9077918437499999
0 0.5879087859375 0.7052715765625 0.5893192515625 0.706609175 0.5874958390625 0.7692758421875 0.5901466734375 0.7813806046875 0.598991490625 0.787028225 0.60834065625 0.7753425109375 0.621388146875 0.7397615609375 0.6219700875 0.7197615609375 0.6076534796875 0.6750083609375 0.6069899734375 0.674985190625 0.6005520296875 0.698993303125 0.589552028125 0.698609175 0.588029215625 0.7011326859375 0.5879087859375 0.7052715765625
0 0.606017015625 0.6706447609375 0.6183661796875 0.659063809375 0.6228317328124999 0.6432034921875001 0.6210344078125 0.6017653968750001 0.610007721875 0.5765530515624999 0.609644884375 0.57654038125 0.596293140625 0.6321368265625 0.596224709375 0.6344886625 0.5975601609375001 0.65166380625 0.606017015625 0.6706447609375
0 0.6068233421875 0.5214485296875 0.6035818703125 0.5640453546875001 0.6121551140625 0.5790263078125 0.618310296875 0.5739025 0.6297845468750001 0.523585040625 0.6172756078125 0.47983341875 0.617121725 0.47982804375 0.61779324375 0.48846440468749996 0.6045010359375 0.5113123546875 0.6044454421875 0.51322296875 0.6068233421875 0.5214485296875
0 0.604121178125 0.472763178125 0.6150823828124999 0.47448064062500006 0.6181987703125 0.470585403125 0.6246255265625 0.4561282609375 0.6285178359375 0.42556635624999994 0.6186429203125 0.3865155609375 0.61201200625 0.3811120875 0.61173075625 0.381102265625 0.6074877359374999 0.391464765625 0.6097894078125 0.415569528125 0.6039358953125 0.44472825625 0.604121178125 0.472763178125
0 0.6006515546875 0.349037384375 0.6043799828124999 0.3585104 0.612302390625 0.3614564328125 0.6239619234375 0.3391738953125 0.6318241328124999 0.27538341875 0.623651046875 0.268904221875 0.622716671875 0.2688715921875 0.6062421921875 0.2945104 0.600962928125 0.3103840109375 0.6002488390625 0.33492567812499996 0.6006515546875 0.349037384375
0 0.5101599734375 0.32587788125 0.5157260828125 0.318064125 0.50804615 0.306784759375 0.46456742812499996 0.2946306515625 0.4514886390625 0.29417393125 0.41805418124999993 0.30730785 0.41803785 0.3078691046875 0.4727975421875 0.325574171875 0.5101599734375 0.32587788125
0 0.46402885468750005 0.4473954 0.4681028234375 0.4593274125 0.47690884218749996 0.4663083671875 0.493839946875 0.43486709843750004 0.49884864531249995 0.400340115625 0.49026194375000004 0.3596555171875 0.489354559375 0.35962383125 0.4806633609375 0.37167662031250004 0.47230549999999993 0.4180988421875 0.46472897812499997 0.42333367343750006 0.46402885468750005 0.4473954
0 0.42518268593749997 0.52962023125 0.4631826859375 0.5309472203125 0.4823123390625 0.5386223546875 0.49697900625 0.5391345265624999 0.4997620625 0.5352276484375 0.50135726875 0.526274209375 0.4962276140625 0.519087965625 0.47422361874999996 0.5108119484375 0.43671250781250004 0.50950203125 0.40552620937499995 0.5228495109375 0.4053275296875 0.5296776359375001 0.411732965625 0.5331546203124999 0.42518268593749997 0.52962023125
0 0.43087431093750006 0.6608373953125 0.44010708593750003 0.6531516828124999 0.45507698750000003 0.6203072390625 0.44500809218750004 0.5879231109374999 0.43524086874999995 0.579573903125 0.4328037078125 0.5625445124999999 0.43263818125000003 0.5625387328125 0.42712448125 0.5832945375 0.4241102625 0.636715871875 0.423524484375 0.6568477781250001 0.43087431093750006 0.6608373953125
0 0.416632278125 0.73245491875 0.42046035000000004 0.756779821875 0.447167375 0.6989861734375 0.44629114062499997 0.6631171140625 0.4375958296875 0.6628134671875 0.43117607187500007 0.6637258546875 0.4215553359375 0.6847449 0.4168595984375 0.72464241875 0.416632278125 0.73245491875
0 0.41774460312499995 0.7798751921875 0.41205497031249994 0.768999 0.40755884687500005 0.7665584234375 0.402617440625 0.7663858671875 0.3897058078125 0.78023074375 0.38730915 0.8281958218750001 0.3941064703125 0.869808521875 0.3994556375 0.857983125 0.4097272078125 0.8489990000000001 0.41922255937499997 0.8584495640625001 0.419327590625 0.85483985 0.41892118749999996 0.8426466203125 0.4121151703125 0.835735509375 0.40950312968749997 0.8222974125 0.41774460312499995 0.7798751921875
0 0.3766489625 0.907873565625 0.3471113953125 0.9178102562499999 0.34710264375 0.9181110390624999 0.3507336875 0.9269889062500001 0.3694876453125 0.9246407609375 0.413225771875 0.935177275 0.4492548703125 0.935434421875 0.45468748281250004 0.9297001500000001 0.4546927328125 0.929519684375 0.4483579921875 0.9203878609375 0.40552050624999997 0.9041269562500001 0.4033871734375 0.9040524578125 0.3766489625 0.907873565625
0 0.2085567046875 1 0.21004310781250002 0.9489156265625001 0.2025334921875 0.9486533859374999 0.1945708875 0.9646209828125001 0.194426065625 1 0.2085567046875 1
0 0.21323098906250001 0.8989865734375 0.23360155468750002 0.9557548312499999 0.24064035156250002 0.9546659421875001 0.2416490484375 0.9199992765625 0.247037009375 0.9068405453124999 0.2386577453125 0.8851929249999999 0.24031727812499998 0.8625611796875001 0.2310228 0.8479825578125 0.2251977546875 0.8477791421875001 0.21551125781249997 0.85502149375 0.2142808234375 0.8600392171875001 0.21323171406250002 0.89609479375 0.21323098906250001 0.8989865734375
0 0 0.9874638609374999 0.0196108859375 0.9859474265625 0.0395235953125 0.9896458421875 0.059930953125 0.9763442578125 0.0562801171875 0.9642045749999999 0.02949059375 0.961379646875 0.009960039062499999 0.9606976234375001 0 0.9633149765625 0 0.9874638609374999
0 0 0.8818093843750001 0.0657899390625 0.8796254749999999 0.0833269515625 0.87323076875 0.08764701875 0.8623704515625 0.073213128125 0.8538582796874999 0.0501602125 0.8510512218749999 0.0349379890625 0.8505196515625 0 0.8587627187500001 0 0.8818093843750001
0 0 0.7752224234375 0.007825553124999999 0.7774684234375 0.0366933328125 0.794492765625 0.047389096874999995 0.7938652546875 0.0782885390625 0.7869361578125 0.0864340234375 0.7822155234375 0.086579509375 0.7772155234375 0.0840874265625 0.7711224015625 0.056378396875 0.7601446203125 0.0446810265625 0.7507582765625 0.0365976921875 0.750476 0.018928673437499998 0.7628409109375001 0 0.7660767046875 0 0.7752224234375
0 0.26618505 0.8375527843749999 0.25288337968749997 0.8130638937500001 0.25408605624999997 0.771730559375 0.2495904046875 0.754222621875 0.23370679375 0.749663890625 0.22624102812500002 0.7715188796875 0.2261247265625 0.7755159234375 0.22692217656250002 0.81082261875 0.254719496875 0.8531686562499999 0.26575829375 0.85221945 0.26618505 0.8375527843749999
0 0.2604331390625 0.7162915390625 0.25981240156249996 0.737624871875 0.2702003625 0.724640746875 0.277898690625 0.7008851921875 0.2784117359375 0.648850271875 0.2716084765625 0.636683921875 0.26884597656250003 0.636587453125 0.26160571718750003 0.6415899515625 0.2491306546875 0.6836581015625 0.2487779828125 0.695778653125 0.2604331390625 0.7162915390625
0 0.2705568515625 0.5459301140624999 0.25875688750000003 0.56784279375 0.2586339171875 0.572068984375 0.2641256140625 0.6026487484375 0.27123330625 0.63359478125 0.283961734375 0.643382084375 0.2880622359375 0.635767403125 0.2881180046875 0.6338507359375 0.286358390625 0.59541700625 0.2713282921875 0.5615249390625 0.27080880625 0.5459389125 0.2705568515625 0.5459301140624999
0 0.281817803125 0.5489927328124999 0.28936094843750004 0.5305705109375001 0.2894860328125 0.491868921875 0.284029178125 0.4729927328125 0.27430075 0.463310190625 0.2688050984375 0.4457673328125 0.2634272765625 0.442451359375 0.2624064421875 0.4424157109375 0.26196271250000003 0.4576657078125 0.2679127890625 0.47643399999999997 0.26525325781250003 0.4990308234375 0.2730117828125 0.542011778125 0.281817803125 0.5489927328124999
0 0.027470584375000003 0.6674483203125 0.051996335937500006 0.7190229265625 0.053742157812500004 0.6590229265625 0.046944834375 0.6174102265625 0.04027691875 0.60670841875 0.034046015624999995 0.6064908296875 0.03021640625 0.6074832406249999 0.025741485937500003 0.620440284375 0.025367043750000002 0.6333090343750001 0.027470584375000003 0.6674483203125
0 0.0395026671875 0.6062017265625 0.044037115625 0.62237633125 0.052998318749999995 0.6240239515625 0.060580259375 0.604268396875 0.061433771875 0.5749350625 0.055326079687499995 0.5440239515624999 0.055108303125 0.5180733453124999 0.054752053125 0.51806090625 0.040170895312499996 0.5488334734375 0.0366387046875 0.5684523953125 0.03661930625 0.5691190453125 0.0395026671875 0.6062017265625
0 0.040289803125 0.5167946828125001 0.049289803125 0.5171089703125 0.053483784374999996 0.5105819875 0.059229604687500007 0.4507216703125 0.05161756562499999 0.43710897031249996 0.050238303124999995 0.4157057953125 0.046115639062500005 0.40983726875000004 0.0448851703125 0.4097942984375 0.026257281249999997 0.441450896875 0.026067828124999998 0.4479620125 0.033561375 0.5072169046874999 0.040289803125 0.5167946828125001
0 0.0983676453125 0.3824760734375 0.10410833906250001 0.3686623171875 0.097616253125 0.3624295125 0.08042840625 0.35682421875000003 0.035441040624999996 0.351593259375 0.028451457812499997 0.351349178125 0.00712416875 0.3532633625 0.0037287359375000003 0.3556395109375 0.003420321875 0.3662390125 0.0983676453125 0.3824760734375
0 0.028046496875 0.29502788125 0.0300881640625 0.295099178125 0.0682263765625 0.2916761671875 0.12475012187500001 0.27563173124999996 0.119707759375 0.26544548749999997 0.1084459703125 0.260297390625 0.076179303125 0.2591706125 0.0449538015625 0.26583806875 0.026294892187500002 0.2788957140625 0.0262151015625 0.281637903125 0.028046496875 0.29502788125
0 0.086578671875 0.1830811625 0.11884054531249999 0.175198628125 0.1311606125 0.16461767656249998 0.12875581875 0.15552455468749998 0.11153887343749999 0.15091926093750002 0.060872206250000005 0.1491499421875 0.0433504859375 0.1765208015625 0.0433146046875 0.177753975 0.0691289515625 0.1864758703125 0.086578671875 0.1830811625
0 0.3224560453125 0.4163591125 0.33272759218750003 0.41196297656249997 0.33293127031249997 0.4049629765625 0.3053677265625 0.3889851953125 0.2886986625 0.3838985265625 0.23288407812499998 0.3819494375 0.23287980468749997 0.3820963109375 0.2386719625 0.38765714375 0.2356852296875 0.398564021875 0.32047826874999996 0.41629004687500004 0.3224560453125 0.4163591125
0 0.30760363125 0.3150089375 0.3056899203125 0.2775708421875 0.29807788125 0.26395814375 0.28980630937499996 0.273012109375 0.2817260578125 0.3159856578125 0.2813835609375 0.3277564859375 0.2874785484375 0.353012109375 0.297594934375 0.34936131718749996 0.3033621578125 0.3575708421875 0.30760363125 0.3150089375
0 0.2553666390625 0.20057023593749998 0.26918828437500003 0.209697325 0.302288840625 0.21886135156250003 0.3169846046875 0.21837352187499998 0.3251300890625 0.21365288906250002 0.3308125875 0.2018391328125 0.3256829328125 0.1946528890625 0.30852418125000003 0.18804759531249998 0.30251880625 0.18730609375 0.2799979734375 0.1865196484375 0.27382841875 0.18783700781249998 0.2603495984375 0.1923713984375 0.2554031546875 0.1993152640625 0.2553666390625 0.20057023593749998
0 0.46597841406249996 0.2506664984375 0.46974564062499996 0.25880618125 0.483094803125 0.2472601515625 0.48844396874999996 0.23543475625000002 0.4942586859375 0.207609359375 0.49422858593749996 0.17424110625 0.48694034999999997 0.1702849203125 0.485996340625 0.1702519546875 0.477112196875 0.17764745312500002 0.46455677812499996 0.21423501875 0.46433282499999995 0.2219317734375 0.46597841406249996 0.2506664984375
0 0.6247457125 0.2771174140625 0.6355992234375 0.24813328750000002 0.6352674546875 0.1907301125 0.6314614359374999 0.1839237625 0.6191898625000001 0.192838046875 0.6138794953125 0.203330109375 0.609376009375 0.2362619921875 0.608949253125 0.25092865 0.60946944375 0.28561395312500004 0.6115926078125 0.2856880953125 0.618512934375 0.2849078890625 0.6247457125 0.2771174140625
0 0.7296610343750001 0.241407628125 0.76287516875 0.24057609531250002 0.7679757265625 0.2487623390625 0.7760048234375 0.24804170625 0.7815709328125 0.24022795000000002 0.8085867656250001 0.2291591703125 0.8154862078124999 0.22139197500000002 0.8104147453125 0.21220573125 0.7874827843750001 0.210497759375 0.784657784375 0.21039910781249999 0.760965025 0.2144829734375 0.737920096875 0.2266914359375 0.7296703859375 0.24108622031250002 0.7296610343750001 0.241407628125
0 0.7497884796875 0.14096845468750002 0.75788794375 0.189433534375 0.7795086796875 0.16883353750000002 0.778633765625 0.1300970296875 0.7718364421875 0.0884843296875 0.7670957140625 0.08309472812499999 0.7662148578125 0.0830639671875 0.7579528296875 0.0839954390625 0.7527200546875 0.0918208359375 0.7502016578124999 0.1267684546875 0.7497884796875 0.14096845468750002
0 0.7580172843749999 0.09898165 0.7662112640625 0.0925943484375 0.772754409375 0.0741372078125 0.7758019015625 0.03820705 0.7727937500000001 0.026986553125 0.75820390625 0.0264770640625 0.7512593703125 0.0366630328125 0.7506283640625 0.058349307812499994 0.7504052437500001 0.08536895156249999 0.7580172843749999 0.09898165
0 0.62231143125 0.0787478015625 0.6355571171875 0.0352803421875 0.6355629765625 0.035078953125 0.63130375 0.0220456125 0.6098643296875 0.02129693125 0.6085966546875 0.04802984375 0.607934696875 0.07077984375 0.6142726359374999 0.07980177031249999 0.62231143125 0.0787478015625
0 0.6282583359375 0.0845027703125 0.614521759375 0.10528424218750002 0.6094061578125001 0.1277174421875 0.6091371718749999 0.1369618953125 0.611387978125 0.17858265625 0.6374655703125 0.1768239296875 0.6321638984375 0.1526144046875 0.6437736046875 0.129177440625 0.6438176906249999 0.12766229843750002 0.6427933328125001 0.09692869062500001 0.6410649046875 0.0875255171875 0.6334210171875 0.08468305468750001 0.6282583359375 0.0845027703125
0 0.435770334375 0.1278317453125 0.5259036671875 0.1309792703125 0.53300550625 0.127723715625 0.534571615625 0.11977027656250001 0.5002832109375001 0.105559690625 0.4816310921875 0.1044078359375 0.46096442499999996 0.10368614062499999 0.431617071875 0.1099525625 0.43158921875 0.11090978124999999 0.43984675624999997 0.11846444375000001 0.435770334375 0.1278317453125
0 0.517416190625 0.0467539390625 0.5402283406249999 0.042545476562500004 0.5457944515625 0.0347317203125 0.534056325 0.025312671874999998 0.5142812515624999 0.017959096875 0.45659722187499996 0.0159447265625 0.440415865625 0.0225744640625 0.4403882375 0.0235239828125 0.4564611171875 0.031612131249999995 0.517416190625 0.0467539390625
0 0.31469444375 0.010989371874999999 0.303125 0.0105853578125 0.301966540625 0.050399015625 0.3044363 0.053914668750000005 0.313475096875 0.052895621875 0.31469444375 0.010989371874999999
0 0.278160753125 0.115633603125 0.302102559375 0.1184717015625 0.32624804531249996 0.11430979999999999 0.3424517234375 0.10786853125 0.344017834375 0.0999150921875 0.3348881796875 0.092589165625 0.293078509375 0.086874821875 0.282122953125 0.08649224531250001 0.24284515624999997 0.09336362031249999 0.2428415265625 0.0934883765625 0.24914748750000001 0.10360925937500001 0.278160753125 0.115633603125
0 0.04052508125 0.0811836359375 0.045379246875 0.0813531484375 0.1141838046875 0.0818789515625 0.12099595625 0.07711175625 0.12259116249999999 0.0681583171875 0.11349060625 0.059832390624999995 0.10677334062499999 0.058471675 0.06769000625 0.0571068546875 0.0628530359375 0.0570630703125 0.0244829640625 0.0723966015625 0.024462478125 0.073100659375 0.04052508125 0.0811836359375
0 0.9298223921875 0.26076434531250003 0.9416284109375 0.2678500625 0.9478223921875 0.26139291875000004 0.9444130296875001 0.20655164843749999 0.9373005296875 0.1938322828125 0.9277817796875001 0.19349988125 0.9198345359375001 0.20982717499999998 0.919673425 0.2153642171875 0.9215595171875 0.2351167265625 0.9298223921875 0.26076434531250003
0 0.9289027203125 0.157627571875 0.963540290625 0.159838159375 0.9716275812499999 0.157117525 0.9770773015625001 0.1533037703125 0.9708179937500001 0.1390709640625 0.928602521875 0.1294009484375 0.9187562249999999 0.1290571078125 0.889601046875 0.1322307421875 0.8746695624999999 0.14942048125000001 0.8746598359375 0.1497547390625 0.9289027203125 0.157627571875
0 0.9236006671875 0.07179298125 0.9676297640625 0.0723294953125 0.9771376796875 0.066655421875 0.974703790625 0.0585623 0.9510529546875001 0.0457242015625 0.9303105484374999 0.0418716859375 0.9198105484375001 0.04150501875 0.8870494499999999 0.0464765578125 0.8870467578125 0.0465691046875 0.90383344375 0.063094565625 0.9236006671875 0.07179298125
0 0.7577394 0.099931253125 0.7751504734375 0.0756463453125 0.7765407453125001 0.02786584375 0.7762020093750001 0.027105571875 0.75639453125 0.026413879687500003 0.7536404046875 0.0343883953125 0.7505802734375 0.060002084375 0.7502868781250001 0.0700854171875 0.7577394 0.099931253125