0 0.8023352593749999 0 0.7891903578125 0.0089725984375 0.789122671875 0.0102641390625 0.7953515796875 0.015986454687500002 0.8175892515625 0.018424656249999997 0.8229570890625 0.01829971875 0.8290596765625 0.0174018484375 0.8299716687500001 0 0.8023352593749999 0
0 0.70193046875 0 0.6786220484375 0.014611003124999999 0.6729949828125 0.022547215625 0.6729411640625 0.023574132812500002 0.695749646875 0.0241121578125 0.7070158703125 0.030361845312500003 0.7080546125 0.0303376671875 0.7278640203125 0.0279112625 0.7293267875 0 0.70193046875 0
0 0.5816980890625 0.0332786484375 0.5934249359375 0.02911336875 0.5948380906249999 0.002148753125 0.5904263265624999 0.0022514390625 0.5322518921875 0.028073604687499996 0.5321944750000001 0.0291691796875 0.5706079765625 0.0335367734375 0.5816980890625 0.0332786484375
0 0.4430410328125 0 0.42087516718750007 0.0092587015625 0.42077883437499997 0.0110968328125 0.42798493125 0.020541300000000002 0.42596061875 0.0322216953125 0.42851191093749996 0.0321623140625 0.46595798593750004 0.024655193750000002 0.467250109375 0 0.4430410328125 0
0 0.3136794046875 0 0.3120120875 0.031814328125 0.3244319703125 0.078281434375 0.32476153281250003 0.0782737640625 0.3444871484375 0.0342098125 0.3503567703125 0.0061661015625 0.3497542640625 0 0.3136794046875 0
0 0.27806631406250004 0.1843676796875 0.27721312343750004 0.18959365156250002 0.276732515625 0.1987642 0.2813814390625 0.20519010624999998 0.291964146875 0.1994439 0.3257299578125 0.1997579671875 0.35272000625 0.18922996406249998 0.35352805625 0.17381146249999999 0.3109305015625 0.170670734375 0.3063670578125 0.17077694999999998 0.29334937499999997 0.1730121796875 0.27806631406250004 0.1843676796875
0 0.43903797187500004 0.22543097968749998 0.44313073750000004 0.20940848124999997 0.445112228125 0.150610584375 0.442017134375 0.12571311875 0.425728521875 0.12168585624999999 0.4210149546875 0.12767074375 0.41381036406250005 0.1738410859375 0.413389946875 0.18186313125 0.4388467140625 0.22543543124999998 0.43903797187500004 0.22543097968749998
0 0.5162317843750001 0.1861800171875 0.55568899375 0.18336235781250002 0.573566921875 0.17854633125 0.60984224375 0.159002384375 0.5837756796875 0.15190924374999998 0.567599209375 0.1522857546875 0.51249483125 0.16676806093750002 0.5009709171875001 0.1782815328125 0.5008934703125 0.1797593109375 0.50959911875 0.18633439375 0.5162317843750001 0.1861800171875
0 0.6776657578124999 0.180173509375 0.6960799421874999 0.185620090625 0.7013925999999999 0.195915696875 0.7041373 0.19585181406250002 0.7089104515625 0.1926654296875 0.7075555812500001 0.17654022656249999 0.694317384375 0.1562852265625 0.6837989828125 0.10512224218749999 0.6718385875 0.102463034375 0.6626293171875 0.1310021703125 0.662233984375 0.138545559375 0.6695488187499999 0.16714328125 0.6776657578124999 0.180173509375
0 0.774482696875 0.1676844078125 0.788603984375 0.16735573125 0.8158343468749999 0.1609670703125 0.8535225375 0.142490215625 0.8393938328124999 0.1318192828125 0.7832806109375 0.137525246875 0.75476225625 0.1491888 0.7532732656250001 0.1583091859375 0.7530394078125 0.1627714734375 0.758250534375 0.1667072609375 0.774482696875 0.1676844078125
0 0.85018625625 0.1553295015625 0.850106790625 0.15684579999999998 0.8756179171875 0.1575274890625 0.8942563218749999 0.157093675 0.9057396921875001 0.15215634218750002 0.927740796875 0.1527442390625 0.953144821875 0.14445310625000002 0.9657752953125 0.12765945625 0.9572980734375 0.121256896875 0.93408984375 0.11871228281249999 0.9299671390625001 0.1188082390625 0.8940627781250001 0.12272871406250001 0.85018625625 0.1553295015625
0 0.8627177375 0.37631091250000004 0.9143844375000001 0.3666975671875 0.9534277796874999 0.3503891296875 0.8451237109375 0.3430101296875 0.820671025 0.361178771875 0.8206710109375001 0.36117902812499997 0.850787359375 0.37658859375 0.8627177375 0.37631091250000004
0 0.7146766984374999 0.340485159375 0.7012682515625001 0.3440971796875 0.6963108984375 0.3518786453125 0.6961416 0.3551090734375 0.707582271875 0.363749828125 0.7461550890625 0.37590275 0.769085553125 0.3753690375 0.8195778484374999 0.3567431875 0.7919829796875 0.3507855953125 0.792617875 0.3386710578125 0.78766185625 0.33592181718749997 0.7864978218750001 0.3359489109375 0.7837943453125 0.33887642812499996 0.7146766984374999 0.340485159375
0 0.588541571875 0.35356421875 0.588491340625 0.35452269531249997 0.6004202765625 0.3667988921875 0.617836465625 0.3707934375 0.6635978546875 0.3664283953125 0.6922316453125 0.3525621984375 0.6313052234375001 0.341121653125 0.626478753125 0.3412339890625 0.60898529375 0.343499996875 0.588541571875 0.35356421875
0 0.534361003125 0.40736241093750003 0.533879434375 0.398560853125 0.5495838796875 0.371757028125 0.54681940625 0.3615398125 0.5514882984375 0.31442972187499996 0.5424241765625 0.298483953125 0.535507965625 0.3045201078125 0.5229079890625 0.3552554375 0.52245125 0.3639705234375 0.5340511078125 0.40736962343750005 0.534361003125 0.40736241093750003
0 0.3932482015625 0.3715808375 0.4096837 0.37281005 0.432937359375 0.3722688140625 0.4701805296875 0.3609903921875 0.4764669078125 0.353144228125 0.464933071875 0.34901276875 0.43828933281250004 0.35293284375 0.406224978125 0.348179259375 0.37528490937500003 0.349999375 0.374771871875 0.352959634375 0.374248025 0.3629552171875 0.37741803749999997 0.3653494203125 0.3932482015625 0.3715808375
0 0.298280728125 0.3847321734375 0.33663145625 0.38163959375 0.347156446875 0.376994709375 0.35055936249999997 0.3681156796875 0.326194259375 0.3565830234375 0.25595233125 0.351618053125 0.2495659765625 0.3597977515625 0.2494243390625 0.36250035468749997 0.2765682109375 0.37863766875 0.298280728125 0.3847321734375
0 0.28848077656250004 0.5847506828125 0.308733615625 0.52438001875 0.3097902625 0.48322918281250005 0.3012879703125 0.4775518984375 0.2887110109375 0.486657396875 0.27475469218750004 0.5342824187499999 0.2739220171875 0.550170790625 0.28719508125000004 0.5847806078125 0.28848077656250004 0.5847506828125
0 0.41753779843750005 0.5285129562499999 0.4637032109375 0.5164386624999999 0.449516790625 0.5068690515625 0.3984502265625 0.5003577921875 0.3916167453125 0.49061703906250004 0.371028509375 0.49109623593749996 0.3530351453125 0.49811490625 0.3464337703125 0.5065699984375 0.3463188390625 0.5087630171875 0.3795333765625 0.52499760625 0.41753779843750005 0.5285129562499999
0 0.495097953125 0.543680346875 0.5370097171875 0.5427048390625 0.554968190625 0.54889683125 0.574891415625 0.5484331140625 0.577277740625 0.5450675265625 0.579267790625 0.5351214046874999 0.5737894625 0.5275490656249999 0.5448971578124999 0.5183217390625 0.509545321875 0.5202445390625 0.4733854375 0.53758584375 0.47263281562500004 0.5403372562500001 0.472407421875 0.5446380265624999 0.48016120000000007 0.5484279171875001 0.495097953125 0.543680346875
0 0.610261578125 0.5600946171875 0.6181340109375 0.5599113828125 0.6496559546875 0.5485621046875 0.6590566625000001 0.53734351875 0.6783474625 0.5335945843750001 0.655106640625 0.5286356296875 0.5743397234375001 0.5283155421875 0.5712877421875 0.533897375 0.5710180828125 0.5390427625 0.577770284375 0.5469353265625 0.610261578125 0.5600946171875
0 0.717192528125 0.5981812171875001 0.7472161703125 0.5347373484375 0.74717149375 0.4936121453125 0.7304975296875 0.496937825 0.719352509375 0.5206979375 0.7132873765625 0.563950521875 0.712760528125 0.5740033609374999 0.7160380171875 0.5982080875 0.717192528125 0.5981812171875001
0 0.8377354296874999 0.628148025 0.8433328671875 0.6160837875 0.854885575 0.6055333328125 0.8653592984375 0.6155711171875 0.8651828203124999 0.5979496921874999 0.8578589203125 0.5907761859375 0.8553256578124999 0.576147203125 0.8655011578125 0.528908946875 0.859509790625 0.517298040625 0.850930428125 0.5130913453125 0.835210903125 0.5304099921875001 0.8319428359375 0.592768434375 0.836951378125 0.6281662734375 0.8377354296874999 0.628148025
0 0.9309990734375001 0.5641216234375 0.8983210749999999 0.576868325 0.8982793328125 0.5776648265625 0.9003935578125001 0.58299300625 0.9683096703125 0.5814122421875 0.96941941875 0.5602370078125001 0.962170015625 0.5578962203125 0.9309990734375001 0.5641216234375
0 0.9412050296875 0.8176928109375 0.9463838640625 0.8175722734375 0.949303734375 0.8169535140624999 0.9513075609375001 0.77871821875 0.957129765625 0.764959640625 0.9572353093749999 0.7629457484375 0.9489061015625 0.740585459375 0.9513176171875 0.7155598265625 0.941152175 0.699639690625 0.9356455640625001 0.699767859375 0.924169928125 0.7088477234375 0.9222332953124999 0.71615415625 0.9208975703125001 0.7416412921875 0.9205252859374999 0.75740276875 0.9412050296875 0.8176928109375
0 0.9042343296875 0.920818125 0.892351003125 0.916688328125 0.88269265625 0.9330698671875 0.8778040624999999 0.9683562578125 0.8775955874999999 0.9723341718749999 0.8789210640625 0.9783230812499999 0.9115352 0.977563978125 0.9109416671874999 0.9397563375000001 0.9042343296875 0.920818125
0 0.77506965625 0.9760584671875 0.7789206328125 0.9756105328125001 0.8132059046875 0.9660127078125 0.822318021875 0.9603007296875001 0.8226066109374999 0.9547941218749999 0.8200117421875 0.94825465 0.78970656875 0.9379602281249999 0.7769907328125 0.9283563890625001 0.7696955109375 0.927426209375 0.767500884375 0.92905684375 0.7650467421875 0.9758846640625001 0.765773721875 0.9762748312499999 0.77506965625 0.9760584671875
0 0.810881490625 0.7692265218750001 0.838417728125 0.76716898125 0.8856797796875 0.734169578125 0.8848440875 0.72208926875 0.8686676171875 0.7224657796875 0.8413889781250001 0.7385003921875 0.79580074375 0.7395614703125 0.7763945078125001 0.7455130453125001 0.7734938078125 0.7551492390625001 0.773039875 0.7638108140625001 0.7931530078125 0.76963915625 0.810881490625 0.7692265218750001
0 0.6979375828125 0.7890218546875001 0.6987291578125 0.78900343125 0.7096661078125 0.775116621875 0.718762625 0.7484665984375 0.720667040625 0.6911392921874999 0.7126271703125 0.6766384765625 0.702329925 0.6842221203125 0.6873184828125 0.7319095390625 0.686660296875 0.7444684515625 0.6991153125 0.766549428125 0.6979375828125 0.7890218546875001
0 0.6023269828125 0.7648548171875 0.6024974875 0.7818796828125001 0.6028330468750001 0.7818718734375001 0.6171065859375 0.7556980515625 0.6113240890625 0.71911278125 0.6042861312500001 0.6854943203125 0.5905084453125 0.6755334390625001 0.58692991875 0.682095490625 0.5859909859375 0.70001139375 0.5866325921875 0.7285002484375 0.6023269828125 0.7648548171875
0 0.49606834062500005 0.7430314375 0.5436466249999999 0.7320242375 0.5515190265625 0.7219412000000001 0.531334815625 0.714711146875 0.4886300390625 0.7168050874999999 0.46769549687499995 0.7238922140625 0.4568242015625 0.735145028125 0.43736024687499997 0.7421979265624999 0.43364741406249996 0.748220703125 0.43364034218749997 0.7483556203124999 0.45347245625 0.747894021875 0.4711837765625 0.741410675 0.49606834062500005 0.7430314375
0 0.6568083078125 0.967886871875 0.6735554625 0.967497078125 0.7033705421875001 0.9641127421875 0.7048991906250001 0.93494440625 0.7004874265625001 0.9350470906250001 0.6544374484375 0.9449187421874999 0.642983025 0.952544378125 0.64252469375 0.961289859375 0.643162128125 0.9638808078125001 0.6568083078125 0.967886871875
0 0.60453550625 0.9549180625 0.60652555625 0.9449719390625001 0.58487075625 0.9377761140624999 0.552517815625 0.9385291375 0.540562796875 0.9414967984375 0.539363640625 0.96437805 0.5636069828125 0.9638137812500001 0.5865998593749999 0.9608354109375 0.60453550625 0.9549180625
0 0.48058285781250004 0.9602317390625 0.48110231875 0.9503198453125 0.4739802484375 0.9460857 0.424949978125 0.943955575 0.4233292046875 0.9748817515624999 0.4335406453125 0.974644078125 0.469884715625 0.9681805890625 0.48058285781250004 0.9602317390625
0 0.34195437812499996 0.9711011796875001 0.373397215625 0.9729227437500001 0.378585103125 0.9728019953124999 0.3797556 0.9504675718750001 0.3228090890625 0.9440473375 0.31827191875 0.9545964124999999 0.31792269375000004 0.9612600390624999 0.3231253203125 0.9660395390625001 0.34195437812499996 0.9711011796875001
0 0.2474850890625 0.9109969296875 0.23616359375 0.9171356171875 0.2306595890625 0.9289984718750001 0.22867926875000003 0.9667852421875001 0.2339461578125 0.9933350375 0.26554605625 0.9925995421874999 0.264071928125 0.9723002296875001 0.2474850890625 0.9109969296875
0 0.1445692078125 0.9575938546874999 0.136507 0.9225304375000001 0.12508609531249998 0.9095771125000001 0.11502006093749999 0.912748990625 0.1105042046875 0.9288008453125001 0.10738759375 0.9882693031249999 0.12036760312499999 0.9959786078124999 0.1413731953125 0.9954896984375001 0.1479725828125 0.9766089671874999 0.1445692078125 0.9575938546874999
0 0.384865009375 0.7811158578125 0.4063944015625 0.6851431203125 0.40150435624999997 0.6735065812500001 0.3937951046875 0.6736860171875 0.3756568046875 0.7049528734375 0.371195065625 0.718988240625 0.367790775 0.7839459578125 0.3729046125 0.7784566500000001 0.384865009375 0.7811158578125
0 0.301799434375 0.6845023078125 0.29375956406250003 0.67000149375 0.2844095 0.680500678125 0.27267025624999996 0.7365881 0.279785284375 0.7687359703125 0.2910297109375 0.764067871875 0.2965350625 0.771834503125 0.29728791875 0.77181698125 0.30294543281249997 0.7256018765625 0.301799434375 0.6845023078125
0 0.158411303125 0.7661448046875 0.166780746875 0.77173338125 0.166974728125 0.771728865625 0.17767326249999998 0.7554149156250001 0.188410590625 0.7184451421875 0.188157040625 0.702294303125 0.1831128546875 0.69359894375 0.1702052765625 0.6880241921875 0.1621877453125 0.69408598125 0.154577903125 0.7133574281249999 0.1520695171875 0.7312455953125 0.151562659375 0.740917015625 0.153675396875 0.7515670890624999 0.158411303125 0.7661448046875
0 0.1627884515625 0.5356171062499999 0.1832626578125 0.5388212453125 0.23060296249999998 0.5377193874999999 0.235078146875 0.5295346328125 0.2267740765625 0.519828109375 0.18481963125 0.5076048703125 0.146411184375 0.511798771875 0.13838658125 0.5158850390625 0.1383034296875 0.5174716421875 0.1498417453125 0.530418553125 0.1627884515625 0.5356171062499999
0 0.165153378125 0.3691499203125 0.196676221875 0.3793284484375 0.1994503328125 0.37926387968749997 0.2602798703125 0.375735653125 0.2678636828125 0.371159225 0.25826217812499996 0.3581829640625 0.24678606093750002 0.3529501828125 0.20584046250000002 0.3495032890625 0.156295425 0.3528313796875 0.1560930921875 0.3566921265625 0.15667615625 0.3627473609375 0.165153378125 0.3691499203125
0 0.1672996359375 0.22083160156249998 0.198237753125 0.220111509375 0.22001500625 0.215128696875 0.24576533750000001 0.200229634375 0.25545463281249997 0.183504440625 0.2185744921875 0.1865627921875 0.21315388125 0.17788913281250002 0.204272634375 0.1791958234375 0.19792853906250002 0.1881433109375 0.16782416093750002 0.20204373437499998 0.160644203125 0.21029593281249997 0.160553959375 0.2120178875 0.16537236875 0.2208004296875 0.1672996359375 0.22083160156249998
0 0.09831644687499999 0.27081561875000004 0.1212975078125 0.2481111125 0.121329903125 0.20551532187500002 0.114908509375 0.1601321546875 0.10971018125000001 0.15437796875 0.0997212171875 0.156079259375 0.0937521890625 0.16503095625 0.09160839374999999 0.18757175937499998 0.089761596875 0.2228107421875 0.0967438265625 0.270852221875 0.09831644687499999 0.27081561875000004
0 0.0309052265625 0.1860929609375 0.02286535625 0.171592146875 0.013669431249999999 0.1791501546875 0.0059825187500000005 0.1998921921875 0.0016989796875 0.23964934218749998 0.0088091328125 0.26821714218750003 0.00941141875 0.268203125 0.029232018749999998 0.239008503125 0.0309052265625 0.1860929609375
0 0 0.3901485140625 0.031544896875 0.38941429843750003 0.0408158359375 0.3825258796875 0.040823775 0.3823744078125 0.039830343750000004 0.3737321828125 0 0.363668746875 0 0.3901485140625
0 0.05056895 0.3525375609375 0.046514865625 0.3631156328125 0.0463430109375 0.36639484218749996 0.0696565203125 0.380692725 0.09335438593749999 0.384854478125 0.10681457968750001 0.3845411890625 0.15048115625 0.37991149062499996 0.1490406421875 0.3513455859375 0.12222375 0.358569625 0.0969398265625 0.34731676875 0.092228734375 0.34742642031250004 0.060978504687500004 0.3500953203125 0.05056895 0.3525375609375
0 0.09058626875 0.5764129765625 0.0957499765625 0.477883565625 0.0918071109375 0.4691625703125 0.083073609375 0.4678970515625 0.0667526 0.50646558125 0.0634933109375 0.547667684375 0.07030918124999999 0.5820257125 0.0711220609375 0.5820067921875001 0.0798042625 0.5722575484375 0.09058626875 0.5764129765625
0 0 0.5321625734375 0.0333668796875 0.53138595 0.045072909375 0.525980796875 0.026417004687500002 0.5176151921875001 0 0.51258320625 0 0.5321625734375
0 0.067370359375 0.75153665625 0.11494864375 0.7405294546875 0.10817287812500001 0.72968738125 0.0764548328125 0.718325865625 0.05009968125000001 0.7167393328125 0.0233405046875 0.7228620515624999 0.00538985625 0.7309368625 0.00486429375 0.740965184375 0.0132471828125 0.7472964953125001 0.067370359375 0.75153665625
0 0 0.975371284375 0.0088609828125 0.9751650421875 0.0471265125 0.973235084375 0.0547680421875 0.9675573359375 0.0567580921875 0.9576112125 0.046925715624999996 0.9490402375 0.0338058578125 0.9471456500000001 0 0.9488032515624999 0 0.975371284375
0 0.19956437656249998 0.045294096875 0.24415281093750002 0.0402084109375 0.245669571875 0.039293125 0.24689319062499998 0.01594510625 0.23971340312499997 0.012812284375 0.21306966093750002 0.0167323578125 0.18460902343750002 0.0272945921875 0.1774101125 0.039272859375000004 0.1773007859375 0.0413589421875 0.1820286015625 0.045702246875000005 0.19956437656249998 0.045294096875
0 0.06899754375 0.053232235937500004 0.068934109375 0.054442621875 0.1279805140625 0.05956893125 0.16322135468750001 0.059764056249999996 0.16453288125 0.0347386421875 0.12667232343749998 0.02826355 0.119824696875 0.028422929687499997 0.085248096875 0.0341640640625 0.06899754375 0.053232235937500004
0 0 0.051985907812499996 0.017957015625 0.058884620312500004 0.0451276984375 0.058252215625000006 0.0635573453125 0.057406026562500004 0.0646784703125 0.0360136890625 0.0503573734375 0.0290138265625 0.0211764796875 0.0252931078125 0 0.0297074421875 0 0.051985907812499996
0 0 0.2317050578125 0.026435712500000003 0.2334738109375 0.0314462609375 0.2333571890625 0.0660272859375 0.2229932140625 0.0390673125 0.204921084375 0 0.2058303859375 0 0.2317050578125