0 1 0.94791276875 0.9989784374999999 0.92919480625 0.9794058828125 0.9014534453125 0.9741689656249999 0.883515340625 0.9739363109375001 0.8835166937500001 0.9715921 0.9081311031249999 0.9623116109375 0.9262728578124999 0.9623442203125 0.9276738953124999 0.9737909828125 0.9651552109375 0.9993138937499999 0.9650067234374999 1 0.9630545296875 1 0.94791276875
0 1 0.797415921875 0.9780679421875 0.79754351875 0.9780986796875 0.798864153125 0.995087640625 0.851772803125 1 0.8499448296875001 1 0.797415921875
0 1 0.7340333546875 0.9957143640625 0.7195956484375 0.975568821875 0.691293671875 0.9722543781249999 0.6913129546875 0.9682662890625 0.695879428125 0.9666664953125 0.7105336796875 0.9670452265625 0.7268054953124999 0.9705279375 0.7502502890625 0.9727857328124999 0.7555429124999999 1 0.755384584375 1 0.7340333546875
0 0.9583374359375 0.6212451765625 0.962657828125 0.637012665625 0.978153709375 0.6607984234375001 0.9862453125 0.6660571078124999 0.9867474250000001 0.644831153125 0.9924765687500001 0.6341863062499999 0.9875664328125 0.5944216875 0.9844167531249999 0.5865405203125 0.959025265625 0.5866882437500001 0.957660475 0.5921601437499999 0.9583374359375 0.6212451765625
0 0.9554214062499999 0.4959606515625 0.9778381828124999 0.5450939421875 0.9827956 0.5012925953125 0.9678944375 0.46025966093750004 0.96621581875 0.46006677187499995 0.9563709843750001 0.460124046875 0.9546704515625001 0.463696578125 0.9554214062499999 0.4959606515625
0 0.9574874921875001 0.3833067453125 0.9578196203125 0.39757631875 0.971286884375 0.42899298437500005 0.9810618296875001 0.420977478125 0.9920488734375 0.42223999687499997 0.979672721875 0.3612957796875 0.977981684375 0.35842206718749997 0.9612514921875001 0.3585194 0.9588798640625 0.366722509375 0.9574874921875001 0.3833067453125
0 0.9341775921875 0.2546443328125 0.93532189375 0.303808225 0.9489211531249999 0.343512415625 0.9639313375 0.303631903125 0.9673288890625 0.278409784375 0.9650281671875 0.2651587734375 0.950620909375 0.245346 0.942582859375 0.24142464375 0.9425183921875 0.24142501875 0.9376109640625 0.2427688109375 0.9341775921875 0.2546443328125
0 0.7857815 0.25728702187499997 0.7905502046875 0.265780525 0.7902641765625 0.2962902984375 0.7997839609375 0.3201108265625 0.8137281843749999 0.3200297015625 0.8167553078124999 0.2788924625 0.8144545859375001 0.2656414546875 0.8041857359375 0.2524368 0.79668103125 0.2516497453125 0.7915628015625 0.251679521875 0.78575646875 0.25621157031249997 0.7857815 0.25728702187499997
0 0.8221857937499999 0.34639590781249996 0.8120064296875 0.34376056718750003 0.8062181296875 0.3437942421875 0.8032923593750001 0.347832265625 0.79982463125 0.390653971875 0.7999589125 0.39642324218749997 0.8262769203125 0.43656999374999994 0.8287098531250001 0.423152528125 0.82838073125 0.409012134375 0.8266946296875 0.368919146875 0.8221857937499999 0.34639590781249996
0 0.8008406000000001 0.49378669375 0.7713446640625 0.5098476796875 0.7713823421875 0.5114664656250001 0.7934394218749999 0.5177373734375 0.8080282828125 0.517652496875 0.8568217078125 0.505414815625 0.8671767812500001 0.49439691249999995 0.859556646875 0.48881610468750003 0.8299458390625001 0.4889883765625 0.8166629890625 0.4897100390625 0.8008406000000001 0.49378669375
0 0.8143415125000001 0.6115155999999999 0.822291990625 0.63552845 0.830537940625 0.6474184328125 0.8475936859375001 0.6526249640625 0.853816734375 0.663200275 0.8597002234375 0.6591867265625 0.85736863125 0.6446094578125 0.8439882593749999 0.626117146875 0.8309556499999999 0.579767584375 0.82385151875 0.5780983921875 0.8197023546875 0.57812253125 0.8140881859375 0.6006316218750001 0.8143415125000001 0.6115155999999999
0 0.82865930625 0.681209384375 0.8281638750000001 0.6812122671874999 0.8193715828125001 0.6933470125000001 0.8195618140625 0.7015200765625 0.823962221875 0.7445035015625 0.83450889375 0.76964449375 0.846491953125 0.7709012171875 0.8503525406250001 0.7655730000000001 0.8517615703124999 0.7421436734375 0.8517468703125 0.741512115625 0.8451645843750001 0.713872040625 0.82865930625 0.681209384375
0 0.7945552234375 0.8356633062500001 0.7945717218749999 0.8363721359375 0.833519990625 0.8380935375 0.8453404171875001 0.8330440140625001 0.8652575 0.833924290625 0.887641640625 0.82682100625 0.8979039828125 0.8118190390625 0.8898073265625 0.8058892406249999 0.8778397109375 0.8043774765625 0.8509884765625 0.8045336921875 0.83277815 0.8062210265624999 0.7945552234375 0.8356633062500001
0 0.8042138359375001 0.8735651296875 0.803759675 0.8735677718750001 0.80592713125 0.92452315625 0.8189597390625 0.9708727171874999 0.8318092453125001 0.973418125 0.831977696875 0.9734171453125 0.8364076546874999 0.95530285625 0.8363701562499999 0.9536917609375 0.83163833125 0.9164149359374999 0.8042138359375001 0.8735651296875
0 0.65660921875 0.9384950421875 0.6444245375000001 0.957480675 0.6416114625 0.9786218828125 0.6420252578125 0.9964002171875 0.658278159375 0.9963056609375001 0.6569325593750001 0.9384931609375 0.65660921875 0.9384950421875
0 0.6481804125 0.9580538640625 0.65194839375 0.948746865625 0.648281228125 0.91958653125 0.6542655296875 0.8771056500000001 0.6459887109375 0.8638894078125 0.63138803125 0.8785651859374999 0.6257514937499999 0.8931888140625001 0.62432253125 0.9072234937499999 0.6247332171875 0.9248682046875001 0.6324602421875001 0.9674303984374999 0.6481804125 0.9580538640625
0 0.6310527125000001 0.79353674375 0.6394911265625 0.8383483609375 0.6542379453125 0.87274999375 0.6609177796875 0.7745546062499999 0.645059290625 0.7541622718750001 0.644119075 0.754167740625 0.63076115 0.7810100624999999 0.6310527125000001 0.79353674375
0 0.631651565625 0.6849850265625 0.632229340625 0.7098085984375 0.6483132046875 0.752419234375 0.6537027890625 0.7271855265625 0.6646589640625 0.7271217859375 0.6675235359375 0.7217993609375 0.66447375 0.7191642265625 0.6630229046875 0.6568300078125 0.659757034375 0.644911053125 0.6540200234375 0.64159490625 0.6492460171875 0.6416226796875 0.64198309375 0.65164665625 0.631651565625 0.6849850265625
0 0.6377131281249999 0.6097121265625 0.6387976984375 0.618013984375 0.6481940093749999 0.6365294718750001 0.659868378125 0.6245235953125 0.6634820140625 0.6085852984375 0.659537025 0.5674886234375001 0.647409128125 0.5431825375 0.6468445093749999 0.5431858218750001 0.6373520578125 0.5941990828125 0.6377131281249999 0.6097121265625
0 0.6038153234375 0.49613344843749996 0.61115561875 0.495301159375 0.6353296703125 0.5081104796875 0.64454394375 0.505068421875 0.687030625 0.5068135421875 0.7014108421875 0.4977645234375 0.6959667078125 0.49181929062499996 0.6458274875 0.4822459875 0.6450363953125 0.4822505890625 0.6038058546875 0.495726628125 0.6038153234375 0.49613344843749996
0 0.6386563265625 0.38269278125 0.634628525 0.4100445234375 0.6348775109375 0.420742028125 0.63599963125 0.4397451375 0.6469866750000001 0.44100765781250006 0.649882115625 0.43701149375000004 0.6555186515625 0.422387865625 0.6577967124999999 0.39186650312500004 0.6459453359375 0.35346870468749997 0.6405239171875 0.3494463578125 0.63840886875 0.3494586625 0.635112634375 0.3588374875 0.6386563265625 0.38269278125
0 0.6450573046875 0.2353420375 0.6299171953125 0.26164933125 0.6244041359375 0.281578 0.6271987625000001 0.31604916875 0.631398909375 0.325309809375 0.6394287750000001 0.327915971875 0.6498601765625 0.30530581093750003 0.6541998765625 0.243802721875 0.654145340625 0.2414596140625 0.6456617046875001 0.235338521875 0.6450573046875 0.2353420375
0 0.44260347656250004 0.283861353125 0.49824132499999996 0.2993521484375 0.5353534203125 0.29814008593749997 0.540473 0.290141096875 0.53226043125 0.279231215625 0.489154215625 0.2690659984375 0.4750651125 0.2691479671875 0.44259622500000007 0.2835497921875 0.44260347656250004 0.283861353125
0 0.457311775 0.378666121875 0.47025890156249994 0.387207346875 0.5168402765625 0.39390939999999997 0.5236802203125 0.402834965625 0.5422478609375 0.40272694218750005 0.5580238859375 0.39665825312499997 0.5644465390625 0.3876555296875 0.5322453828125 0.371904459375 0.5055574203125001 0.36898410937500004 0.4939393890625 0.3690517015625 0.4573007484375 0.37819235625 0.457311775 0.378666121875
0 0.4802272 0.4688155703125 0.48110696875 0.5066139796875 0.47625076406250005 0.5209576640625 0.47673240000000006 0.5416507296875 0.47896781875 0.5431035125 0.48796283125000006 0.5443776203125 0.49481146562499995 0.5390320171874999 0.503158228125 0.5124546671875 0.5014213562500001 0.480630221875 0.485740259375 0.44888690468750003 0.48533625156250004 0.44880004375000004 0.47914273749999997 0.4488360765625 0.4759344453125 0.45557615 0.4802272 0.4688155703125
0 0.46500521250000004 0.57492665625 0.4650674140625 0.5775990906249999 0.47622438906250003 0.6078989109374999 0.4863697625 0.615798525 0.4897591078125 0.6330225203125 0.4942452828125 0.6117733875 0.49453951875 0.5388175015625001 0.4893555515625 0.5362885078125 0.48491224062500005 0.5363143578125 0.477699853125 0.542894790625 0.46500521250000004 0.57492665625
0 0.4854759171875 0.6347619078125 0.4750966734375 0.6366729421875 0.466626434375 0.6579452531250001 0.46369191875000004 0.7030612703125 0.46928937968750006 0.7295574968749999 0.49227807187500006 0.672432515625 0.49199213906250006 0.6601476296875 0.490036871875 0.6347353734375 0.4854759171875 0.6347619078125
0 0.4395372046875 0.75638595625 0.44070959375 0.80675655 0.4485720625 0.842934825 0.45327432031250003 0.8309695125 0.463018396875 0.82162774375 0.4731946390625 0.83085361875 0.47182819531250003 0.81494429375 0.4647017375 0.8083535562499999 0.4614050015625 0.7951083421875 0.46738930156249997 0.752627459375 0.46116625625 0.742052146875 0.4562092015625 0.739633853125 0.45179891874999994 0.7396595109375 0.439531725 0.7541159703125 0.4395372046875 0.75638595625
0 0.45103141874999997 0.8615300890625001 0.44308595312500004 0.90534881875 0.4449154328125 0.9411520437500001 0.4510150046875 0.9464223140625 0.45982480312499996 0.9397388640625 0.47374636406250004 0.895885365625 0.46811803437500005 0.8680628796875001 0.45676060781250005 0.8396441859375001 0.4549290609375 0.8396548421875 0.44761120312499997 0.8429798343750001 0.45103141874999997 0.8615300890625001
0 0.4994767984375 0.9875419734375 0.4894509875 0.9863488874999999 0.47498371562499997 0.9864330562499999 0.4491021046875 0.9888311953125 0.4326449171875 0.997388821875 0.4326502578125 0.9976183265625 0.51284465625 0.99715176875 0.5129480421875 0.9964289578125 0.4994767984375 0.9875419734375
0 0.2612105359375 0.959535575 0.255757915625 0.9314508578125 0.25491416093749997 0.9314557656250001 0.2470186375 0.9447014375 0.24827525781249998 0.9986909890625 0.27242753125 0.998550475 0.27175720625 0.9846765671875 0.2612105359375 0.959535575
0 0.27343244218749996 0.8630987749999999 0.270328275 0.871931109375 0.2705238953125 0.8803357578125001 0.2782191015625 0.89755835625 0.277747859375 0.9201105703125 0.288047578125 0.934641484375 0.2930276578125 0.9346125109375001 0.3028026015625 0.9265970031249999 0.30457855 0.9173015953125001 0.302779940625 0.8828246328124999 0.2799560890625 0.8281711125 0.2747349921875 0.8282014875 0.272629846875 0.82861601875 0.27343244218749996 0.8630987749999999
0 0.082090840625 0.9738388375 0.1020542890625 0.9767111453125 0.12162363125 0.9626511843750001 0.11736666093749999 0.9507221390625 0.0992114015625 0.9495514453125 0.06919787031249999 0.9497260593749999 0.022440715625 0.964144671875 0.0226577046875 0.9734673828125 0.0291795375 0.980123571875 0.082090840625 0.9738388375
0 0.03621141875 0.872809671875 0.12360548125 0.8663243218750001 0.14068458125 0.8592519046874999 0.144408353125 0.8482725796875 0.12963403281250002 0.8403893296874999 0.1068870765625 0.8385542671874999 0.091367103125 0.8386445609375001 0.051593340625 0.8498087125 0.03621141875 0.872809671875
0 0.0333274765625 0.7604796375 0.033333698437499996 0.76074699375 0.0607596484375 0.76741418125 0.0903082875 0.7831806859375 0.100895184375 0.7821229421875 0.1312137015625 0.773977346875 0.1390553484375 0.7689509718750001 0.1389394359375 0.7639708921875 0.13614782187500002 0.7580102281250001 0.1080645375 0.7482121046875 0.09591955625000001 0.739317403125 0.09115744375 0.7386322390625 0.0888945109375 0.7386454046875001 0.0710219890625 0.7524122140625 0.0333274765625 0.7604796375
0 0.286733259375 0.731243565625 0.280158403125 0.7312818171875 0.27644190156250004 0.7317546578125 0.27683136406250003 0.7484875468750001 0.2901149796875 0.770283465625 0.2910719203125 0.8113975218749999 0.2964532984375 0.8286099296874999 0.312482159375 0.8324959937499999 0.3188943328125 0.810032209375 0.31887438125 0.809175 0.3160422625 0.7714590625 0.286733259375 0.731243565625
0 0.3129866578125 0.71104859375 0.3238893015625 0.6658862203125 0.3237040875 0.6579286609375 0.3102619765625 0.6367838328125 0.309768071875 0.6155636734375001 0.300116603125 0.6288842203125 0.29482208125 0.6486161234375001 0.296131771875 0.7048858250000001 0.304176859375 0.7177320453125 0.3129866578125 0.71104859375
0 0.30074043906250003 0.572964359375 0.3174484203125 0.6060281421875 0.31881486406250004 0.6219374671875 0.3302114109375 0.597995253125 0.322467575 0.5648793171875 0.3137894578125 0.5344216953125 0.30237517812500003 0.526437346875 0.30003599687500004 0.5264509562499999 0.29682631875 0.53319394375 0.30074043906250003 0.572964359375
0 0.3012175703125 0.47911783437500005 0.311169521875 0.5215060015625 0.32028801093750003 0.5280851484375 0.32682795625 0.509476946875 0.32493673749999996 0.47102120468750003 0.31852847500000003 0.4524883328125 0.3083522328125 0.443262459375 0.301974840625 0.42605584687500003 0.2970834859375 0.42332916875000004 0.295829484375 0.42333646406250003 0.2961997203125 0.4392432828125 0.30268482812499997 0.4565598265625 0.3012175703125 0.47911783437500005
0 0.07045879375 0.6101404484375 0.0707718390625 0.6235901312500001 0.07458366250000001 0.6569202796875 0.10165309843749999 0.707167496875 0.10026399374999999 0.6474858 0.0913389265625 0.6064181 0.08335654375 0.5949081578125 0.0818125046875 0.594917140625 0.074190571875 0.5972327890625 0.07045879375 0.6101404484375
0 0.0785693078125 0.555758425 0.0787454390625 0.5633257734375 0.0830175046875 0.596026340625 0.08836801562499999 0.6119124874999999 0.0973630265625 0.613186596875 0.10387210312499999 0.5932521328125 0.10319298437499999 0.5640744140625 0.09551088437500001 0.5336109984374999 0.0939122890625 0.5073348984375 0.0937965421875 0.507335571875 0.080694121875 0.5390029578125 0.0785693078125 0.555758425
0 0.0787253875 0.5070813625 0.08768953125 0.5070292109375 0.09151925 0.50037473125 0.09411420625 0.4406698546875 0.0858373890625 0.4274536125 0.083351453125 0.4062450421875 0.078217028125 0.3996427171875 0.0601129328125 0.4342019515625 0.06011645 0.43435303125 0.07153719375 0.49783810624999997 0.0787253875 0.5070813625
0 0.0319443765625 0.34950355625 0.033479278125 0.358459984375 0.1292713671875 0.37085264218749997 0.1342518515625 0.35687755625 0.1274814578125 0.35094003906250004 0.1101241640625 0.3460602671875 0.0742879484375 0.343364353125 0.0523559875 0.34349195 0.0371566859375 0.345488628125 0.0319443765625 0.34950355625
0 0.1144671984375 0.274297659375 0.0952424125 0.2186990421875 0.0854057296875 0.22406203125 0.0807034703125 0.23602734218750002 0.081413459375 0.2665313234375 0.0901224421875 0.298315203125 0.1043600828125 0.3166233015625 0.1055712875 0.3166162546875 0.1203733484375 0.3140564828125 0.1144671984375 0.274297659375
0 0.064891353125 0.1695191078125 0.09066296406249999 0.17705821093750002 0.10781161406249999 0.172973840625 0.13943320937499998 0.1638245140625 0.1511145421875 0.1527988953125 0.148253378125 0.1438501828125 0.13735184843749998 0.1414076640625 0.079673296875 0.141743228125 0.06484847031249999 0.167676715625 0.064891353125 0.1695191078125
0 0.310287415625 0.333102428125 0.2986602890625 0.41067845625 0.29893783906250004 0.4226030953125 0.302580696875 0.42997735 0.3095528078125 0.4299367875 0.323844796875 0.401998409375 0.328392709375 0.383401796875 0.327135609375 0.3293916359375 0.3268053234375 0.3293935578125 0.321305328125 0.33569120625000004 0.310287415625 0.333102428125
0 0.2811636328125 0.2953603734375 0.274222709375 0.300706815625 0.274239784375 0.301440453125 0.3158550328125 0.304123903125 0.3529207640625 0.30091980937499996 0.36599790312499997 0.292874521875 0.35652862343749997 0.28496040625 0.3101342109375 0.2779210640625 0.3035443671875 0.277959403125 0.2769530265625 0.2854233640625 0.2811636328125 0.2953603734375
0 0.27971786249999997 0.17429599375 0.274598284375 0.1822949859375 0.2893957859375 0.1911742546875 0.3227377453125 0.1989494828125 0.337303421875 0.197868590625 0.34514506875 0.19284221562499998 0.35017191875 0.1808591609375 0.34470459999999997 0.1739179125 0.3273241265625 0.168042125 0.3140155609375 0.1669459609375 0.30148033750000003 0.1670188890625 0.29286455 0.1692387546875 0.27971786249999997 0.17429599375
0 0.454241146875 0.17959894062499998 0.45427425781249997 0.18102155 0.4655920171875 0.1929321703125 0.4776442703125 0.19784280625 0.5056116421875 0.2026608515625 0.5387449578125 0.20147193749999998 0.542538278125 0.1934806609375 0.5343720734375 0.1845628125 0.49844703125 0.17368652812500002 0.4856310078125 0.173761090625 0.461219134375 0.1760230484375 0.454241146875 0.17959894062499998
0 0.6316535796875 0.1706268328125 0.6296198265624999 0.1948504421875 0.6306513953125 0.2391708171875 0.6315754296875 0.2528665390625 0.640508703125 0.251488128125 0.646299584375 0.2434957984375 0.655580625 0.2142601328125 0.6522612234375 0.15724254531249998 0.6483121046875 0.1509366765625 0.647739384375 0.15094000937500002 0.6363867078125 0.1599877796875 0.6316535796875 0.1706268328125
0 0.75624461875 0.18904344687500002 0.7486347953125 0.20402998125 0.78174493125 0.20184505000000003 0.7872354296874999 0.2097823140625 0.79516980625 0.2087400015625 0.8002893875 0.2007410109375 0.8265363953125 0.18863449999999998 0.832982234375 0.1806277921875 0.8275164140625 0.171772059375 0.7971238765625001 0.17194887812499998 0.7784896640625 0.1759640671875 0.75624461875 0.18904344687500002
0 0.7745634453125 0.15176487968750002 0.7944195171875 0.1310148875 0.7915322812500001 0.0925649375 0.782607215625 0.0514972359375 0.777503659375 0.04622116875 0.768570384375 0.0475995828125 0.7637755187499999 0.055586114062500004 0.7631160718750001 0.089173321875 0.763479828125 0.1048017703125 0.7738670890625 0.15176893125 0.7745634453125 0.15176487968750002
0 0.76203036875 0 0.7614547609375 0.01779664375 0.7619352953125 0.03844233125 0.76947666875 0.061700921875 0.7857915578125 0.035077215625000005 0.78424319375 0 0.76203036875 0
0 0.6198656328125 0 0.6189218578125 0.0037839093749999996 0.61931214375 0.020552171875 0.62926240625 0.04642659375 0.6343042249999999 0.049050140625 0.64021858125 0.0463628515625 0.6428670703125 0.03175660625 0.6427096296875 0 0.6198656328125 0
0 0.624116296875 0.09267730468749999 0.6246762828125 0.116736578125 0.627966296875 0.1475502921875 0.6538009734375 0.14474711093749998 0.6472692359375001 0.1209092015625 0.6576697671875 0.0969727796875 0.6549368796875 0.06515413125 0.6527287625 0.0558819015625 0.6423716421875 0.0525204078125 0.6403521484375 0.0525321578125 0.6272645156250001 0.0746002015625 0.624116296875 0.09267730468749999
0 0.4935344609375 0.142460878125 0.5007398453125 0.13378864375 0.5107926109375 0.13770947656250002 0.5087243859374999 0.0488500625 0.504555109375 0.04091568125 0.4965561125 0.039635778125 0.48459269374999997 0.073675471875 0.4855797328125 0.11608270312499999 0.492808678125 0.14246509999999998 0.4935344609375 0.142460878125
0 0.49859375312500004 0 0.49295015 0.029903103125000004 0.49310596718750005 0.0365976625 0.49780986875 0.055838840625 0.5059014734375 0.061097521875000005 0.514587796875 0.049109031250000004 0.51551435625 0.046119153125 0.5144409203125 0 0.49859375312500004 0
0 0.3203558734375 0 0.32105712343750004 0.030128509375 0.324111984375 0.0340567375 0.326590059375 0.0340423203125 0.3273452296875 0.0339257984375 0.32655559843750004 0 0.3203558734375 0
0 0.29389634375 0.0717190046875 0.29458827187500003 0.101447025 0.30227742812499997 0.13419730937500002 0.302280340625 0.1341972921875 0.3120836421875 0.12750976249999998 0.322360696875 0.0982683 0.323797084375 0.0743840328125 0.3182613640625 0.0505403265625 0.3109188234375 0.0346657703125 0.307708965625 0.0341521671875 0.30234197812499997 0.0341833921875 0.29616380000000003 0.04271025 0.29389634375 0.0717190046875
0 0.0390168625 0.064952453125 0.039035273437500004 0.0657434671875 0.0553854984375 0.0731252203125 0.058765454687499996 0.07310555625000001 0.128474040625 0.0707948671875 0.134989428125 0.0657762078125 0.13610704375 0.0568043484375 0.126637765625 0.048890232812500004 0.11952302343750001 0.04774869375 0.0834239640625 0.0479587125 0.0762167046875 0.0481874234375 0.0390168625 0.064952453125
0 0.9370182984375001 0.17527128281249998 0.9392918625 0.19057639375 0.94884251875 0.21572317968750002 0.9609490562499999 0.22228494375 0.9667708062499999 0.2156188765625 0.9605250953125 0.1612711921875 0.952248275 0.14805495 0.9495392031250001 0.14762147812499998 0.9438744796874999 0.147654434375 0.9367638250000001 0.1643380875 0.9370182984375001 0.17527128281249998
0 0.887009753125 0.10805461406250001 0.8870104 0.10808235937499999 0.9415053765625 0.11373994375 0.9760113171875 0.11453534375 0.9838993296874999 0.111501 0.9891116390624999 0.10748607343750001 0.982155784375 0.0935804296875 0.9371308703125001 0.085185203125 0.933401596875 0.0852069 0.901161196875 0.09006703906249999 0.887009753125 0.10805461406250001
0 0.9168716437500001 0 0.8940530390625 0.0044363109375 0.9116653359375 0.0202722578125 0.931744696875 0.028124646875 0.9754880921875 0.0268740046875 0.9846328171875 0.020843896875 0.9817948375000001 0.0128912015625 0.9576439671875001 0.001077896875 0.9501522421875 0 0.9168716437500001 0
0 0.7618454015625 0 0.7612484937499999 0.0089345265625 0.76191841875 0.037717295312499996 0.769495946875 0.0625291734375 0.7858417046875 0.037231728125 0.7849751265625 0 0.7618454015625 0