0 1 0.12327613125 0.9778058546875 0.1228887296875 0.9857430953125 0.1421173046875 0.9872102390625 0.1421429140625 1 0.1365769609375 1 0.12327613125
0 0.9085410828124999 1 0.90683893125 0.9582262421875001 0.8951700515625 0.955817065625 0.8902502671875 0.9641521640624999 0.8870715421875 1 0.9085410828124999 1
0 0.9056856328125 0.9335942749999999 0.9117152781250001 0.9266820453125 0.9123673078125 0.9168689562499999 0.90494139375 0.9073487515625 0.903748203125 0.907327925 0.8974229953125 0.9104459109375 0.8983610093750001 0.9334664234375 0.9056856328125 0.9335942749999999
0 0.907495121875 0.927718271875 0.90628123125 0.8979272453125 0.8970844453125 0.8731837703125 0.8875535328125 0.8716139125 0.8823591687500001 0.8856261421875 0.883364171875 0.9102906890625 0.8847512125 0.9319153015625 0.9003122984375 0.9634779437500001 0.9009838359375 0.9634896656249999 0.907495121875 0.927718271875
0 0.8998588515625 0.8572955984374999 0.9074012546875 0.8574272515624999 0.9114104968750001 0.8413105906249999 0.90886991875 0.8047753625 0.899533203125 0.7821564624999999 0.8920503265624999 0.7792188578125 0.8862610125 0.7897881124999999 0.8883696875 0.8415387046875 0.8973031703125001 0.8565027953125 0.8998588515625 0.8572955984374999
0 0.897649828125 0.7495212203125 0.8988805265625001 0.7495427015625 0.9044929625 0.7444642625 0.9086529375 0.7262177624999999 0.908506725 0.7226294359375001 0.8983591734375 0.6713754328125 0.8916427828125 0.6614337296875 0.8810020078124999 0.658441003125 0.8769059406249999 0.661176496875 0.8744347921875001 0.6779753093750001 0.876208884375 0.721514634375 0.888703490625 0.74418865625 0.897649828125 0.7495212203125
0 0.8703959515624999 0.6299028640625 0.8765945890625 0.632049546875 0.879156296875 0.6320942625 0.8937133328125 0.5825910249999999 0.894788478125 0.5573468765625 0.884284675 0.5319006125 0.8622366421875001 0.5329192578125 0.85860375625 0.57086110625 0.8595587015625 0.5942971328125 0.8610592390624999 0.607283965625 0.8703959515624999 0.6299028640625
0 0.8974830078125 0.49040725781249994 0.8956420859374999 0.44522779999999995 0.8889358312500001 0.428981390625 0.8754233078125001 0.43295601718750004 0.8707324359375 0.446909090625 0.871361953125 0.46235852812499995 0.8817913531249999 0.51503610625 0.8830748500000001 0.515058509375 0.893193275 0.50765145 0.8974830078125 0.49040725781249994
0 0.8663171109375 0.3769681671875 0.8829124328125 0.4126158359375 0.8914894062500001 0.41527650937500005 0.8927105281250001 0.415297825 0.9004638 0.40450122187500004 0.8953254093749999 0.3300262734375 0.8897761093750001 0.32291193125 0.8785946625 0.321368109375 0.8781358421875 0.3213601015625 0.87677864375 0.339527003125 0.8659869796875 0.3688661671875 0.8663171109375 0.3769681671875
0 0.8681224640625 0.2964075296875 0.87334861875 0.29941709843750003 0.8767943562499999 0.29947724375 0.886726459375 0.28831128906250003 0.882710134375 0.267188753125 0.889105665625 0.24344096406250001 0.87142764375 0.19681704375 0.8519201890625 0.2343709171875 0.8514355734375 0.24166440156250002 0.851577265625 0.2451417828125 0.8681224640625 0.2964075296875
0 0.8368267906250001 0.18969300625000002 0.8370676859374999 0.1956049875 0.8449748828124999 0.20211573437500002 0.8450640890625 0.202117290625 0.8474129171874999 0.1825749125 0.8631676781250001 0.156183496875 0.8667139734375 0.1141405359375 0.8608212984374999 0.09859922812500001 0.847846346875 0.089951778125 0.836416571875 0.11922567656250001 0.8392432953125001 0.1627833734375 0.8368267906250001 0.18969300625000002
0 0.8401029328125 0.1021018171875 0.842636803125 0.102146046875 0.8472330343750001 0.09710074375 0.8552412875 0.0354867296875 0.8549960359375 0.014924010937500001 0.81932318125 0.014301339062499998 0.8131790437499999 0.06916637656249999 0.8134470531250001 0.0757437953125 0.8241323703125 0.0981010171875 0.8401029328125 0.1021018171875
0 0.585715190625 0.0430909296875 0.6073309421875 0.05045750156249999 0.6105688453125 0.061032848437499995 0.594015153125 0.068107084375 0.595903725 0.0681729203125 0.665294584375 0.0693841421875 0.6768374296874999 0.06850086875 0.694795615625 0.061451149999999996 0.7042839453124999 0.05320170625 0.7009602593750001 0.040521096875 0.6429899671875 0.030042275 0.6079633906249999 0.0315346484375 0.5856773937499999 0.0421633453125 0.585715190625 0.0430909296875
0 0.6530682718749999 0.1632850171875 0.6653694703124999 0.1893975125 0.6693737984375 0.211541715625 0.6696957953125 0.21154733593750003 0.6843168390625001 0.1897282390625 0.6898886546874999 0.17158005468749998 0.6798877109375 0.10684469999999999 0.6732285484375 0.09830749062500001 0.6648647249999999 0.09956499375 0.6523823171875 0.12882051875 0.65260144375 0.15182823125 0.6530682718749999 0.1632850171875
0 0.6692453546875 0.3015955890625 0.68373430625 0.3164054203125 0.6861814171875 0.3164481359375 0.7021058484375 0.30778315312500004 0.6941529390625 0.2416800484375 0.6827109625000001 0.21902440156249997 0.675399771875 0.2203002796875 0.66575210625 0.2446532671875 0.6660252437499999 0.251356534375 0.67248299375 0.2777926828125 0.6692453546875 0.3015955890625
0 0.6996156906250001 0.412825303125 0.708539603125 0.37368319843750003 0.712881021875 0.3283414578125 0.7128410828125 0.3273613078125 0.7043168765625001 0.32168015781250003 0.6876464578125 0.3255996609375 0.682898359375 0.338148240625 0.6717200125 0.347777590625 0.6789861765625 0.3970267625 0.6910990031249999 0.41646284843750003 0.69219759375 0.416482025 0.6996156906250001 0.412825303125
0 0.7076102375 0.5213640953125 0.7079555859375 0.5213701234375 0.7134774203124999 0.4766784734375 0.7067835437500001 0.4414742453125 0.6966231140625 0.4244549484375 0.6863257140625 0.42988918906249995 0.6846842828125 0.4410475984375 0.6869020875 0.49547641562500006 0.7004574421875 0.518556071875 0.7076102375 0.5213640953125
0 0.6991617796875 0.6211455031249999 0.70407855625 0.621231325 0.7077624921875 0.6206774453125 0.72380339375 0.6013085015625 0.7199240390625 0.55773243125 0.7130359609375 0.5435772421875 0.703390590625 0.5391983953125 0.6901019890625 0.57400763125 0.6909009546875 0.59361565625 0.6991617796875 0.6211455031249999
0 0.7151459640625 0.7557039343749999 0.72603130625 0.7202488484375 0.7264769359375001 0.679555259375 0.7192454859375 0.6569731062499999 0.7067283640625 0.6595616093750001 0.704082396875 0.687196084375 0.7059256765625 0.73243341875 0.7145712546875 0.755693903125 0.7151459640625 0.7557039343749999
0 0.7201477640625 0.8666498390624999 0.72154364375 0.8666742031249999 0.7296708546875 0.8631373375000001 0.736238071875 0.8436030328124999 0.73312520625 0.7930228593749999 0.7173010171875001 0.7660802359375001 0.7092008234375 0.7996227359375 0.7080901640625 0.823872953125 0.708703496875 0.83892523125 0.7201477640625 0.8666498390624999
0 0.7102562703124999 0.8992663437499999 0.6806710218750001 0.91734345625 0.681313528125 0.9331116984375001 0.6955296171875001 0.9333598406249999 0.7398494453125 0.93336096875 0.777470553125 0.9266544671875 0.782788290625 0.919384109375 0.7782316765624999 0.9108895109375 0.7512460421875 0.9030552921874999 0.7114510765625 0.8992872000000001 0.7102562703124999 0.8992663437499999
0 0.748536659375 1 0.7423299796875 0.973829184375 0.7372478484375 0.9646654265624999 0.738687621875 1 0.748536659375 1
0 0.4581327 0.1063642234375 0.46191109687500004 0.106430175 0.467897825 0.10243203593750001 0.47463672656250006 0.0871112140625 0.477302078125 0.049263362500000005 0.48245077812500003 0.046546242187499996 0.484921928125 0.0297474296875 0.46996956250000005 0.00820335 0.4490817 0.00783875 0.43987957499999997 0.027716334375000002 0.44193480625000003 0.07815530312499999 0.44655904843750005 0.09504208750000001 0.4581327 0.1063642234375
0 0.2068881375 0.052844296874999995 0.22127621406250003 0.0615105046875 0.249666340625 0.0693692359375 0.26128831875 0.0790390453125 0.26756180937499996 0.07961696562500001 0.2773 0.079786946875 0.296186221875 0.07438877499999999 0.3256377125 0.0738509703125 0.3276746546875 0.0549526328125 0.3132865796875 0.046286425 0.26246743281249996 0.039088076562500004 0.24587084843749998 0.045109678125000004 0.215100646875 0.0477282328125 0.2068881375 0.052844296874999995
0 0.040863071875000004 0.0962359984375 0.0496874953125 0.11641006093749999 0.0578435328125 0.116552425 0.06061164375 0.11622964843750001 0.0717899890625 0.1066002984375 0.07333133750000001 0.075314884375 0.072835678125 0.0631505171875 0.0692944375 0.0195400203125 0.06839050625000001 0.0167172515625 0.0478796703125 0.0163592328125 0.048356262500000004 0.021981534375 0.033933421875 0.0664013609375 0.0340370078125 0.0689435421875 0.0423388171875 0.0808233078125 0.040863071875000004 0.0962359984375
0 0.008843525000000001 0.17871641875 0.009709696875 0.1999738203125 0.017036171875 0.2034669078125 0.043628346875 0.20842623124999998 0.0841732515625 0.20913394531249999 0.1137318265625 0.199895321875 0.1118555265625 0.1882918578125 0.08882602656250001 0.1742154 0.062269309375000005 0.1769074984375 0.039019809375 0.1724338484375 0.0378006703125 0.17241256875 0.0160496671875 0.17925638125 0.008843525000000001 0.17871641875
0 0.494235584375 0.1738124203125 0.49423232187500005 0.17373235625 0.48999714375 0.14705521875 0.4706716859375 0.11163050625 0.462365090625 0.1142925046875 0.4540359828125 0.1422170265625 0.45780087968750005 0.18298411406249998 0.4756287125 0.21752821406249997 0.47641937187499994 0.217542015625 0.494235584375 0.1738124203125
0 0.461774234375 0.2584959671875 0.46195102343750005 0.2628346875 0.4718622359375 0.2807059140625 0.47610747656249996 0.3074464265625 0.4846530265625 0.3269829421875 0.48579938125 0.32700295156250003 0.48990614531250004 0.31049427500000004 0.5087962828125 0.309420509375 0.50340646875 0.25459010625 0.49295989531249995 0.2305483375 0.48191852187500006 0.217724153125 0.4724448375 0.2175587890625 0.462124921875 0.2482555515625 0.461774234375 0.2584959671875
0 0.26592801875 0.16535000625000001 0.2668958734375 0.189102865625 0.278749321875 0.2112289109375 0.2861524578125 0.2380245453125 0.291668025 0.243983553125 0.29347714062499997 0.24401513125 0.300660384375 0.2326638015625 0.30600328593750004 0.2088976390625 0.31113978593749997 0.154250975 0.29853071875000003 0.1287679640625 0.2909333859375 0.1230213703125 0.28157415937499997 0.1256649953125 0.2727872171875 0.1423535640625 0.26592801875 0.16535000625000001
0 0.29866935156249996 0.3174530703125 0.30811427187499996 0.32956169062499996 0.3154469859375 0.3318363828125 0.317908534375 0.33187935 0.332598740625 0.28507721406250003 0.333559428125 0.2570240734375 0.32598460625 0.22601495468750002 0.3131813421875 0.22158098750000002 0.3010423078125 0.25926347656250004 0.303268128125 0.288073984375 0.2985455015625 0.31441355937500004 0.29866935156249996 0.3174530703125
0 0.304610009375 0.4058341453125 0.30950728125000004 0.422761571875 0.3256324921875 0.445995546875 0.326278009375 0.44600681406250003 0.32646384375 0.42586454218750003 0.33871733593750003 0.39099104218749997 0.334014265625 0.353014571875 0.3172519015625 0.3288625609375 0.310993340625 0.3301568125 0.3013491453125 0.34490070156249997 0.30294253437499996 0.3840052703125 0.304610009375 0.4058341453125
0 0.4925599796875 0.4009247 0.493331134375 0.4198501859375 0.5004111953125 0.43809157499999996 0.5109375109375 0.43827531249999996 0.5175619593749999 0.420145503125 0.5185451609375 0.3668298390625 0.5052493499999999 0.32449289531250003 0.505284065625 0.351159915625 0.49333923124999995 0.3677933625 0.4925599796875 0.4009247
0 0.5625025921875 0.5328837296875 0.5691342421875001 0.49135020625000003 0.5652323734375 0.47303665625 0.5502319 0.4404944265625 0.5384812671875 0.43607883281250004 0.5318969499999999 0.44666175468749997 0.5339969875 0.4982003671875 0.5620561171875 0.5328759359374999 0.5625025921875 0.5328837296875
0 0.3173619484375 0.5079676953125001 0.3173882578125 0.5086133765625 0.3269695125 0.538126596875 0.334711790625 0.5492056796875 0.33604775625 0.5492289984375 0.338742659375 0.5172796671875 0.353021671875 0.50630094375 0.35373093125 0.49789235156249995 0.344909278125 0.4879139 0.330904209375 0.4539855515625 0.32342132968750004 0.4510479453125 0.3186732296875 0.463596525 0.3173619484375 0.5079676953125001
0 0.097307215625 0.5450617671875 0.1006028578125 0.5309111171875001 0.1019294328125 0.4860224171875 0.0857046421875 0.4492483328125 0.080613171875 0.453369946875 0.06870305156249999 0.49667041406249995 0.0739436953125 0.5220248093750001 0.08385160625 0.5448268984375 0.097307215625 0.5450617671875
0 0.0930962734375 0.38256275156249997 0.069048303125 0.37793546093749997 0.031727434375 0.392010384375 0.017611234375 0.39389141875 0.017735909375 0.39695118281249997 0.064802853125 0.411521609375 0.0844657734375 0.41186482812499997 0.122129771875 0.4062109578125 0.1343842 0.39695791406250003 0.13531688749999998 0.38540348281250003 0.1207143546875 0.371474115625 0.11228738906249999 0.3713270234375 0.0930962734375 0.38256275156249997
0 0.0498939578125 0.30482406093750003 0.06118971250000001 0.312352375 0.0729178328125 0.34203049375 0.0842647125 0.35902885625000003 0.0852127953125 0.3590454046875 0.0842903796875 0.3113521015625 0.0982832484375 0.2933509078125 0.0722986296875 0.24938898437499998 0.0587288765625 0.251959115625 0.0499419375 0.268647684375 0.05273394687500001 0.2855383640625 0.0496184375 0.2980623234375 0.0498939578125 0.30482406093750003
0 0.3260306375 0.6208780296875 0.3479407390625 0.621260471875 0.3707720671875 0.6205167140625 0.399708859375 0.6073473296875 0.39651384843750004 0.5978246140625 0.36391023749999996 0.5898923375 0.2867059375 0.5895966140625 0.2852170765625 0.600418165625 0.2854311015625 0.6056707140625 0.3260306375 0.6208780296875
0 0.5284439078125 0.6111493343750001 0.5433133828125001 0.643407378125 0.543631096875 0.6434129234375 0.5583181921875 0.6214952593749999 0.55757421875 0.6032368328125 0.5482947359375 0.5820224265625 0.5495415671874999 0.560991759375 0.540490996875 0.5453953312500001 0.5253728359375 0.554783084375 0.525983921875 0.569780190625 0.5284439078125 0.6111493343750001
0 0.53861935625 0.7265990671875 0.5397709468749999 0.75486113125 0.5467051656249999 0.7605707328125 0.548283028125 0.760598275 0.570919446875 0.74199320625 0.570792790625 0.687254671875 0.559121896875 0.6589810468749999 0.551599653125 0.6576045140625 0.5505445609375 0.657586096875 0.5427376234375 0.6699230218750001 0.5385965265625 0.7231835671875 0.53861935625 0.7265990671875
0 0.560612190625 0.863865134375 0.562170025 0.8638923265624999 0.574310671875 0.8551251015625001 0.5858549046875 0.8286601953125 0.5753163875 0.7765469125 0.5655565609375001 0.7693590765625 0.555259159375 0.774793315625 0.54884081875 0.8241748578125 0.5495301046875001 0.8410911421874999 0.560612190625 0.863865134375
0 0.5436107828125001 0.9345622515625 0.5511050609375 0.9462637781250001 0.5593565140625001 0.9481582062499999 0.5621579624999999 0.9482071062499999 0.615111321875 0.9326546515624999 0.6145537328125 0.918970440625 0.5960379578125 0.9123359484375 0.5522841734374999 0.906312809375 0.526235715625 0.9208326703124999 0.5263558781250001 0.923781684375 0.5307987671875 0.9301310859375 0.5436107828125001 0.9345622515625
0 0.369078734375 0.9651349484375 0.3780363 0.9608606890625 0.372589253125 0.9046257921875 0.3544308859375 0.8720284406250001 0.3532304796875 0.8900946218750001 0.3549881328125 0.9332304921875 0.3568119796875 0.9562797312500001 0.365496896875 0.9650724265624999 0.369078734375 0.9651349484375
0 0.3527790890625 0.8406974640625 0.3606880859375 0.8650596125 0.3739378890625 0.8652908890625 0.3769755734375 0.8619564093750001 0.37921780781250003 0.8395396203125 0.38501853750000004 0.8270094125 0.3850063375 0.77507986875 0.3671116 0.7747675140625 0.35462919375 0.8040230390625001 0.352374096875 0.8307582453125001 0.3527790890625 0.8406974640625
0 0.3059991546875 0.7128311046875 0.299276921875 0.720076946875 0.2900862609375 0.7199165234375 0.29009744375 0.720190959375 0.3094515140625 0.728669609375 0.30601960156249997 0.7360714984375 0.31604309375 0.736246459375 0.3517579125 0.7336156015624999 0.3976773109375 0.7238982984375 0.40005738593749995 0.7134210125 0.3899685765625 0.7069336140625 0.364344546875 0.6980712828125 0.35561733906250004 0.69055576875 0.3420870921875 0.7029421921875 0.3059991546875 0.7128311046875
0 0.0837330765625 0.651226959375 0.090674028125 0.658927359375 0.0922785859375 0.6589553671874999 0.10256598593749999 0.6487486984374999 0.10944186250000001 0.6109743390625 0.108640659375 0.5913114171875 0.09306790000000001 0.5447242453125 0.07492173437500001 0.5640564390625 0.069345765625 0.5906095046875001 0.0699120046875 0.6045060328125 0.0837330765625 0.651226959375
0 0.109108528125 0.7404413453124999 0.11234726875 0.740497878125 0.1633299046875 0.7288802375000001 0.164219703125 0.716273175 0.1526835078125 0.708708628125 0.095056346875 0.7066508609375 0.043606934375 0.72531783125 0.0436373734375 0.7260648578125 0.08655452031250001 0.73911083125 0.109108528125 0.7404413453124999
0 0.08918303125 0.8475355328124999 0.10389258593749999 0.8808752828124999 0.106771815625 0.880925540625 0.11893767968749999 0.869083346875 0.12858304843749999 0.8734621953125 0.12336491875 0.822845275 0.1079638453125 0.7804715843750001 0.098318475 0.7760927390625 0.0906986265625 0.79560866875 0.08884274375 0.8391843078125 0.08918303125 0.8475355328124999
0 0.0947410953125 0.9884513625 0.10593399375000001 0.9886467359375001 0.1150983796875 0.9613871109375 0.1188735890625 0.9249621250000001 0.0997198203125 0.89375089375 0.083586975 0.885048321875 0.0743493578125 0.9050025734375 0.074667728125 0.9128159468750001 0.08064768125 0.9678032484375001 0.0947410953125 0.9884513625