0 0.026881990625 0.043382375 0.0271633046875 0.043395478125 0.036622165625 0.0252042484375 0.0359375 0.001673815625 0.0078125 0.0003638734375 0.00807930625 0.0095334015625 0.026881990625 0.043382375
0 0.0483851234375 0.1077096890625 0.0483831546875 0.10764203750000001 0.009527695312499999 0.0914285359375 0.0026895609375 0.092139575 0.003896734375 0.13362745468749998 0.0067549015625 0.1345075078125 0.0164528421875 0.134959196875 0.038140107812500004 0.1318833484375 0.0483851234375 0.1077096890625
0 0.011463340625 0.2392724328125 0.028831007812499997 0.24008134375 0.0281241078125 0.2157867328125 0.023768525 0.2127411796875 0.011463340625 0.2392724328125
0 0.018314796875 0.322662334375 0.015621698437500001 0.3362545484375 0.0175692953125 0.36126665468749997 0.048002209375 0.362684090625 0.047601353125 0.34890756562499997 0.0315969546875 0.31916566562500004 0.018314796875 0.322662334375
0 0.025038712499999997 0.425036575 0.01663966875 0.4548242109375 0.017345204687499997 0.461120696875 0.0462244109375 0.4624657671875 0.045740003125 0.44581775468749996 0.0322552078125 0.4253726890625 0.025038712499999997 0.425036575
0 0.055293057812500004 0.5596274343750001 0.055239906250000005 0.5578007546875 0.050399557812499995 0.5372288140625 0.020694792187499998 0.5358452921875 0.0180679 0.5425817656249999 0.03544205 0.57356980625 0.0420851453125 0.57774128125 0.045341776562500005 0.5778929609375 0.04955529375 0.5632530250000001 0.055293057812500004 0.5596274343750001
0 0.0502208671875 0.6486484765625 0.02603815625 0.66672685625 0.026833459375 0.6940596078125 0.059248564062499995 0.695569365625 0.05894665 0.6851932640625 0.054544420312499994 0.655708675 0.0502208671875 0.6486484765625
0 0.060148667187500005 0.78013076875 0.0563988984375 0.758191303125 0.051204290625 0.7565775953125 0.0376106390625 0.7847515234375 0.036955675 0.8053182124999999 0.058522445312500004 0.8063227015625 0.06051995624999999 0.79289116875 0.060148667187500005 0.78013076875
0 0.07215640625 0.8763252625 0.0572437953125 0.8591695171874999 0.05470231875 0.8425899703124999 0.0431410484375 0.892766115625 0.0435112171875 0.9054880203125 0.069872509375 0.9067158171875 0.07267599531249999 0.8941824046875 0.07215640625 0.8763252625
0 0.07341837343749999 0.9680466921875001 0.0723522609375 0.955735346875 0.0657270390625 0.9403373609375001 0.0440995796875 0.9367230734374999 0.042941346875 0.936669128125 0.0376204609375 0.96509180625 0.039402503125 0.9911176906250001 0.06951319218749999 0.9925201187500001 0.07361691249999999 0.9748700078124999 0.07341837343749999 0.9680466921875001
0 0.22527691875000003 1 0.2411555109375 0.994723378125 0.2410052140625 0.9895580015625001 0.23379473750000002 0.970106140625 0.193899578125 0.9661889312499999 0.154214396875 0.9694882187499999 0.1461226234375 0.9742589921875 0.149289834375 0.9888199375 0.175568715625 0.9962210796875001 0.18151154375 1 0.22527691875000003 1
0 0.19458205 0.8956496078124999 0.18541463281249998 0.88849850625 0.1758292453125 0.8890815890624999 0.169141096875 0.89494726875 0.16934591875 0.901986571875 0.19192758593749998 0.9030383296875 0.19463360624999998 0.8974215125 0.19458205 0.8956496078124999
0 0.20145053750000003 0.9171967875 0.20030526875 0.8778364359375 0.19277236874999998 0.8475709625000001 0.1792586546875 0.8784921421874999 0.1795067171875 0.9224001703125 0.185824 0.9370824640625001 0.19085530625 0.9373168015625 0.1953703171875 0.936856678125 0.20145053750000003 0.9171967875
0 0.21837878437499997 0.8018336140625 0.21600272031249998 0.7944261515625 0.19924923125 0.78438006875 0.15254593593750002 0.7822048265625 0.1403932765625 0.7888455234375 0.14335050625 0.7961899734375 0.1645053390625 0.8050174046875 0.20620992187499998 0.8069598265625 0.2184410578125 0.803973784375 0.21837878437499997 0.8018336140625
0 0.2229691453125 0.6914597328125 0.222853140625 0.6874729390625001 0.21857481875 0.68039673125 0.1962668296875 0.66803288125 0.1536844125 0.6660495734375 0.13729088750000001 0.6683746265625 0.134663621875 0.67237038125 0.1377108453125 0.682807615625 0.1475062109375 0.6894410265625 0.1928259765625 0.69867006875 0.204088090625 0.699194609375 0.21902477187499997 0.6958606484375001 0.2229691453125 0.6914597328125
0 0.193727203125 0.614451390625 0.1954638234375 0.614532275 0.2039854875 0.5903448890624999 0.2012041984375 0.5655235796875 0.1832704890625 0.515304771875 0.1751030046875 0.51766789375 0.1674950765625 0.5392617859375 0.1662642390625 0.5659519953125 0.1662952984375 0.5670194703125 0.1737371140625 0.6122560484374999 0.193727203125 0.614451390625
0 0.18287283906250001 0.439603271875 0.1772445953125 0.42165271249999997 0.166413946875 0.4134502984375 0.1655958265625 0.41341219375 0.1589359578125 0.4646964484375 0.1593756109375 0.4798063390625 0.164929934375 0.4937826828125 0.1776102640625 0.498232428125 0.17854068750000002 0.49827576406249996 0.1841193109375 0.48244173437500004 0.18287283906250001 0.439603271875
0 0.2037791140625 0.341032225 0.13091692187499998 0.335579553125 0.12016788437499999 0.343315153125 0.1231851109375 0.352721459375 0.1621266015625 0.37100767968750004 0.1947036734375 0.3591410828125 0.211705084375 0.35796593906249996 0.21151060937500002 0.35128226875 0.21079722812499999 0.3465067515625 0.2037791140625 0.341032225
0 0.1864770328125 0.2417101734375 0.179399178125 0.2204767171875 0.1818924375 0.20001637187500002 0.17019251562499998 0.1871255546875 0.16309592343749998 0.1909103203125 0.15014176875000002 0.24106226875 0.151452475 0.2507256703125 0.172329525 0.2873348390625 0.17358790156249998 0.28739345 0.18661120625 0.2463214203125 0.1864770328125 0.2417101734375
0 0.1969702390625 0.173323353125 0.1966735328125 0.16312622968749999 0.191470246875 0.1291821359375 0.17421600312500002 0.102314975 0.1705636609375 0.08294015625 0.16251607968749998 0.089424159375 0.1675590640625 0.12120963124999999 0.167767159375 0.16374403125 0.1806969390625 0.1925412265625 0.18187979375000002 0.1925963203125 0.193108953125 0.1855008171875 0.1969702390625 0.173323353125
0 0.18078886562500002 0.0893918 0.18548597656250002 0.094460184375 0.1887994984375 0.0946145140625 0.203509246875 0.091821784375 0.2126889859375 0.07001925625 0.212565384375 0.0657713546875 0.2023973796875 0.009426809375000001 0.16752451875000002 0.0078025796875 0.1687209765625 0.028472076562499997 0.18078886562500002 0.0893918
0 0.41069662031250004 0.06890792031250001 0.4131439046875 0.058726596875 0.4337640234375 0.052860321875000005 0.4337365734375 0.0519169234375 0.4112303328125 0.0401059171875 0.37682967968750003 0.036444618750000005 0.3207809703125 0.0430998859375 0.31839368125 0.0553430671875 0.328249040625 0.0640383328125 0.3463161625 0.0720865359375 0.36534119062500003 0.074750190625 0.384496715625 0.0756423734375 0.427390115625 0.076892146875 0.41069662031250004 0.06890792031250001
0 0.3744376609375 0.159020146875 0.37383334218750003 0.13825109375 0.3690618859375 0.12533875781249998 0.35295847343750003 0.1026404921875 0.3505051859375 0.124474465625 0.33992438125 0.150045190625 0.34191455 0.1830602375 0.3561559484375 0.212530603125 0.360178428125 0.21338377187500002 0.3649533140625 0.21360616562499998 0.370389096875 0.2063346984375 0.3744376609375 0.159020146875
0 0.3442623046875 0.279063284375 0.37062459375 0.285647903125 0.37652885468749997 0.2859228984375 0.4004310015625 0.2765317296875 0.4011364640625 0.27219550937500003 0.40104640312499995 0.2691003171875 0.3793166578125 0.2580462921875 0.314606234375 0.2498847015625 0.30578534375 0.2664289453125 0.30580963125 0.267263646875 0.32103064375 0.282099375 0.3442623046875 0.279063284375
0 0.34798649843749996 0.4097681171875 0.3536322890625 0.41280783750000005 0.3571052171875 0.4129695921875 0.36713447499999996 0.3955705359375 0.37065393750000003 0.350743209375 0.370557928125 0.34744362500000003 0.35927023281250003 0.3375901296875 0.353755878125 0.32498741249999996 0.3371411265625 0.320098271875 0.3293358234375 0.32503030312500003 0.3294027765625 0.32733132187499997 0.336558103125 0.37082641562499996 0.34798649843749996 0.4097681171875
0 0.3992947140625 0.47703299374999997 0.3967348609375 0.47067545624999996 0.370216003125 0.45502688906250005 0.3317544640625 0.45323551406249996 0.30989642968750003 0.45633558281250003 0.30470189375 0.4663889515625 0.3214553828125 0.47643503281250005 0.355568790625 0.4831152421875 0.3562877875 0.48314873125 0.39932469375 0.47806331875 0.3992947140625 0.47703299374999997
0 0.367679446875 0.5702778203125 0.36744209375 0.5678313265625 0.3520098921875 0.5328184390625 0.3428514484375 0.5365071734375 0.337065565625 0.5499553374999999 0.33624273125 0.5924417234375 0.353297134375 0.612440753125 0.3537830546875 0.612543815625 0.361884459375 0.6129211453125001 0.3681445015625 0.5862607375 0.367679446875 0.5702778203125
0 0.39943621406249996 0.6964035 0.39942619218750003 0.6960590859375 0.375021146875 0.686870971875 0.33501963125 0.685007871875 0.3050374265625 0.6877134640625 0.3026501375 0.6999566421875001 0.32198069218750003 0.706245928125 0.34003456249999997 0.7070868 0.3645833125 0.70695935 0.39943621406249996 0.6964035
0 0.349871675 0.754811990625 0.339410775 0.7845035921875 0.34354273750000003 0.8203619281250001 0.3537803296875 0.85376110625 0.367389690625 0.8284538703125 0.365862065625 0.7759528062500001 0.3592699296875 0.759365015625 0.349871675 0.754811990625
0 0.3698545875 0.88576409375 0.33010941250000003 0.8870015265625 0.3042204890625 0.8930024453125001 0.3003395875 0.901057934375 0.30604406875 0.908530340625 0.3433419609375 0.9174742312499999 0.36734974375 0.919010659375 0.401278253125 0.92059090625 0.4009220390625 0.9083486265625 0.4006143125 0.9057283046875 0.3698545875 0.88576409375
0 0.39284610781249996 1 0.37744685625 0.9914113546875001 0.351197971875 0.985041140625 0.3223518171875 0.983697609375 0.3046146625 0.9869896125000001 0.300793753125 0.99710695625 0.30725420937500003 1 0.39284610781249996 1
0 0.54952059375 0.08663424374999999 0.58648851875 0.0842379296875 0.601388428125 0.0777251890625 0.6059286703125 0.0708200265625 0.6058743 0.068951465625 0.593920359375 0.0567867453125 0.5717923515625001 0.05060846249999999 0.530583559375 0.0486891328125 0.5021573640625 0.061778590625 0.5067281968749999 0.077434440625 0.529575253125 0.0933221921875 0.533817046875 0.0935197578125 0.5469233250000001 0.091660928125 0.54952059375 0.08663424374999999
0 0.76424028125 0.10092200312499999 0.791502828125 0.0949850625 0.8030505921875 0.08847576874999999 0.8029798546875 0.0860447140625 0.796607375 0.0818389109375 0.7662976046875001 0.07733861875 0.7496341046875 0.0703853203125 0.7003635375 0.07426769062500001 0.6868672499999999 0.0818753359375 0.690154446875 0.1005599921875 0.7190305984375 0.1029344515625 0.7373793078124999 0.10924235156249999 0.74945219375 0.10980465625 0.7535212421875 0.10968853281249999 0.76424028125 0.10092200312499999
0 0.9735004843749999 0.10113009375 0.9703999874999999 0.07500108125 0.958780003125 0.0648575203125 0.94843075625 0.0630037296875 0.9407828578125 0.083223996875 0.9432843671875 0.0984299203125 0.9353966609375 0.11040842656250001 0.9532104640625001 0.15650635625 0.9532068828125 0.1567438625 0.9739377421875 0.1577094171875 0.9742800796875001 0.127923046875 0.9735004843749999 0.10113009375
0 0.9733940343749999 0.258352253125 0.9731384859375 0.24956962031250002 0.9695100234374999 0.2317839921875 0.97184340625 0.20582914218749998 0.9578018484375 0.1832269078125 0.9469928703124999 0.18142055937499998 0.9464011828125001 0.1813930015625 0.9370316703125001 0.2124383484375 0.9379909140624999 0.24540537968749998 0.944024859375 0.275865240625 0.94588115 0.2796728765625 0.9680597437499999 0.2807058609375 0.9677361984375 0.2769696140625 0.9733940343749999 0.258352253125
0 0.5697183421875 0.172640121875 0.548851721875 0.12777176875000001 0.5333560890625 0.1613441671875 0.53245331875 0.2010832984375 0.5425310390625 0.2289879734375 0.5493643546875 0.23155754218750002 0.55109560625 0.23163817656250002 0.567384959375 0.19859497343750002 0.5697183421875 0.172640121875
0 0.561046603125 0.2935294921875 0.5697733640625 0.27616815625 0.5697583234375 0.275651246875 0.5683747515625 0.2623202171875 0.5561552390625 0.23157225625 0.5468768890625 0.23114011093750003 0.5369273265625 0.2430225859375 0.5283284390625 0.2659420875 0.5267944250000001 0.3193694671875 0.5453910953125 0.3216073859375 0.5509375875 0.3392972078125 0.5512145375 0.3393101078125 0.5587132203125 0.31948434375 0.561046603125 0.2935294921875
0 0.757609078125 0.2428119890625 0.7574459421874999 0.2372053734375 0.7493805671875 0.18765878281249998 0.7425155390625 0.1640190375 0.7339084 0.15127227031249998 0.7279226734375001 0.1578523046875 0.722496509375 0.1836631078125 0.71084480625 0.2078121875 0.7112844593750001 0.222922078125 0.7213621781249999 0.250826753125 0.73112015 0.2677424140625 0.7376959750000001 0.2699764953125 0.7415274953125001 0.2701549515625 0.7475350578125 0.265763421875 0.757609078125 0.2428119890625
0 0.733406059375 0.3226649515625 0.733159859375 0.314203584375 0.73094344375 0.292847909375 0.7131081781249999 0.2454255640625 0.7129275749999999 0.24541715156250002 0.7038912578125001 0.2476914609375 0.6949726203125 0.2596219515625 0.7019775421875 0.2880693890625 0.7017659671875001 0.31618071406250003 0.71599120625 0.353226234375 0.718196165625 0.35332893125 0.7284984062500001 0.350348153125 0.733406059375 0.3226649515625
0 0.7345206281250001 0.41459702812500004 0.7342497531250001 0.40528765624999996 0.7205358093750001 0.37199155 0.718905353125 0.351339140625 0.7041208984375 0.37397054375 0.700476809375 0.39026199687499996 0.7000936296875 0.44785827187500005 0.71191345625 0.464869965625 0.7142456296875 0.4654924703125 0.7186828734375 0.46569913906249993 0.7329234453125 0.44390028593749997 0.7345206281250001 0.41459702812500004
0 0.5381584 0.3355812421875 0.5275144218750001 0.3350854921875 0.5210399390625 0.354917328125 0.525531621875 0.4031383 0.5383823765625 0.42019800937499996 0.540172703125 0.4463449265625 0.5487569234375 0.41190985625 0.5477178609375 0.37619955781250003 0.545702271875 0.3533224640625 0.5381584 0.3355812421875
0 0.512439990625 0.45082259999999996 0.5068944703125 0.44248904375000003 0.49567416875000003 0.4460817421875 0.48319138281249996 0.47705093749999994 0.4806181875 0.4947640328125 0.4896683828125 0.5346121234375001 0.4913636890625 0.5346910828125 0.5140343781250001 0.5056181765625001 0.512439990625 0.45082259999999996
0 0.7194100625 0.5315338796875 0.726752925 0.5230264890625 0.7265805484375 0.51710230625 0.726106965625 0.5140128500000001 0.7113542296875 0.5023516109374999 0.7063654078125 0.469806590625 0.705881746875 0.46978406406250006 0.69838356875 0.48117101875 0.690975484375 0.50963304375 0.6953472578125 0.5537331375 0.7008428999999999 0.5662930890625 0.700970590625 0.5662990359375 0.7079981703125 0.563924715625 0.7194100625 0.5315338796875
0 0.9457996140624999 0.5777021312499999 0.9583319250000001 0.5782858328125 0.966842259375 0.5556023546875 0.9702465390624999 0.53106914375 0.95560545625 0.487862515625 0.9503309109375 0.4835015546875 0.9372502796875001 0.5177242484375 0.9374141390625 0.523355703125 0.941308875 0.56264370625 0.9457996140624999 0.5777021312499999
0 1 0.43071526718750003 0.9626284515625001 0.41461361406249997 0.9393967906249999 0.41764970625000003 0.9198360546875 0.40541381249999997 0.9115942968749999 0.4050299453125 0.8982479937500001 0.41779222968749996 0.8999515859375 0.4291964140625 0.912584196875 0.43905056406250004 0.9489786265625 0.44677806875000003 0.9695679921875 0.44773703437499995 1 0.4400726921875 1 0.43071526718750003
0 1 0.34827694062500003 0.9892007046875 0.341049396875 0.9600545796875 0.3293965875 0.951452859375 0.31664158750000004 0.9337457015625 0.320964515625 0.9172021906250001 0.318134928125 0.900988646875 0.32664554687499997 0.8986313546875 0.339919653125 0.9413451609375001 0.3652826453125 0.9422734640625 0.36532588125 0.9593408859375 0.352013021875 1 0.3530355234375 1 0.34827694062500003
0 0.725698440625 0.64766678125 0.72440094375 0.6030747546875 0.70981608125 0.56526324375 0.6944321015625 0.5672902546875 0.6955994375000001 0.6427916875 0.7037352078125 0.6747212078125 0.71224148125 0.6776111421875 0.713202425 0.6776558984375 0.72565621875 0.6496786640625001 0.725698440625 0.64766678125
0 0.5277005234375001 0.599905065625 0.526539275 0.55999553125 0.511549153125 0.5501546187499999 0.5037413828124999 0.564880378125 0.5064027656250001 0.5855808062500001 0.49875486875 0.6058010734375 0.49927445937500003 0.623658215625 0.5144092796875 0.644991221875 0.515900178125 0.6450606624999999 0.527860659375 0.6153872859375 0.5277005234375001 0.599905065625
0 0.560392084375 0.7045306203125 0.5603124390625001 0.701793415625 0.554368284375 0.6946290015625001 0.5241785015625 0.6942524203125 0.47216068125 0.6980068359375 0.46003801875 0.7056784609375 0.4616516203125 0.713989859375 0.487775128125 0.72489060625 0.5053103078125 0.7257073203125 0.5429355515625 0.7260119656249999 0.560392084375 0.7045306203125
0 0.523421925 0.8282472500000001 0.5126820421875 0.774031409375 0.502212890625 0.7680567421875 0.4931343828125 0.7744927265625 0.486365790625 0.8249327734375 0.4994963265625 0.8516078671875 0.5109257765625 0.8601617578124999 0.5138449234375 0.86029771875 0.52368875625 0.837417628125 0.523421925 0.8282472500000001
0 0.516442828125 0.897877178125 0.5119594000000001 0.8853224765625001 0.5035521015625 0.879443840625 0.48888755625 0.9061961249999999 0.49528121562500005 0.9490186234375001 0.5019863703125 0.9671638640625 0.5153884343749999 0.967788075 0.5291838359375001 0.91901750625 0.5288938562500001 0.9090515890624999 0.5279828734375 0.9052734875 0.516442828125 0.897877178125
0 0.7063030218749999 1 0.7055989578124999 0.9758028781249999 0.6958161765625 0.992774340625 0.6877286265625 0.9978847171874999 0.6879118015625 1 0.7063030218749999 1
0 0.7192455046874999 0.9085355828124999 0.7186152921875 0.8868765890624999 0.7083187328125 0.8814841984375 0.699320159375 0.8906674375 0.6988170734375 0.9441428328124999 0.7026056374999999 0.9720746328125 0.7032683953125 0.9721055015625 0.718324765625 0.942307890625 0.7192455046874999 0.9085355828124999
0 0.743554253125 0.832316353125 0.7430430343750001 0.81474689375 0.692381753125 0.8144421953125001 0.6801990984375 0.8200519625 0.6583110671875 0.822121103125 0.652966546875 0.82701983125 0.653266515625 0.8373291109375 0.68016550625 0.8461988703125 0.6872925296875 0.846530815625 0.7151996890625 0.8443318171874999 0.743554253125 0.832316353125
0 0.7175307203125 0.7652100078124999 0.72680081875 0.7299758859375001 0.7386374609375 0.716964009375 0.7386283312499999 0.7166502265625 0.7313159625 0.7082379453125001 0.722349109375 0.6831285406250001 0.7158837625000001 0.673225059375 0.705654421875 0.6754921484375 0.696664103125 0.72034165625 0.69385935 0.7654792609375 0.7019868671875 0.7617425124999999 0.7104139328125 0.7805112656250001 0.710769709375 0.7805278375 0.7105140671875 0.771742028125 0.7175307203125 0.7652100078124999
0 0.9501047546875 0.5763422640625 0.9497707078125 0.5763267062499999 0.9377582406249999 0.6207708249999999 0.9383177984375 0.64000159375 0.94764436875 0.6774736359375 0.9593043218749999 0.6889908250000001 0.96628100625 0.6810851812500001 0.9779759234375 0.6303290031250001 0.9779271453125 0.628652615625 0.9689576015625001 0.5961604265625 0.9501047546875 0.5763422640625
0 1 0.7520018546875 0.95965255 0.73516578125 0.903363865625 0.7335736234375 0.8925848328124999 0.740278296875 0.8943184234375 0.752713409375 0.94153711875 0.7663098828125 0.968461446875 0.767563903125 0.9701978390624999 0.7675723875 1 0.7602402781250001 1 0.7520018546875
0 0.9756385125 0.8717586265625 0.9701636875 0.82289914375 0.9613567078124999 0.8032842453125 0.9521982625 0.806972978125 0.9399952546874999 0.847557559375 0.9383413359375 0.8968640593749999 0.9474997796875 0.8931753265625 0.9607847734374999 0.906080396875 0.9628699718749999 0.906177515625 0.9756658953124999 0.8726997015625001 0.9756385125 0.8717586265625
0 0.9808208640625 1 0.9942819406250001 0.976223015625 0.9941428906249999 0.97144419375 0.98861269375 0.9393420703125 0.9775040468749999 0.9113893796875001 0.96719476875 0.9109092171875 0.9543922328125 0.9308894015625 0.952027134375 0.9911368984375001 0.9566127578125 1 0.9808208640625 1