0 0.017034296875 0.028327799999999997 0.012772639062499999 0.05508836406249999 0.002188146875 0.0734375 0.0376326515625 0.0734375 0.037638110937500004 0.07330350468749999 0.0215162484375 0.048046109375 0.017034296875 0.028327799999999997
0 0 0.2701805359375 0.01759390625 0.2584515453125 0.017684209375000003 0.2562353375 0.01224655625 0.25115143125 0 0.2495206203125 0 0.2701805359375
0 0 0.37041928749999997 0.007641965624999999 0.383489321875 0.015780534375 0.3890625 0.015874378124999998 0.3890625 0.0178443875 0.3665879125 0.022904234375 0.3582057296875 0.0234235375 0.3454611515625 0 0.3454611515625 0 0.37041928749999997
0 0 0.504026753125 0.029980565625 0.49131210468750003 0.0300050140625 0.49071209062500004 0 0.48659472031249995 0 0.504026753125
0 0 0.7519643296875 0.002057640625 0.759375 0.00219425 0.759375 0.020745437499999998 0.7173115625 0.024709471875 0.6973670203125 0.0251593734375 0.6863256468750001 0 0.6863256468750001 0 0.7519643296875
0 0.14203670625 0.766304821875 0.1499504359375 0.7671875 0.1553762921875 0.7671875 0.1622934421875 0.7620794703125 0.15740975937499999 0.752220315625 0.1597868125 0.7198259484375 0.1513060890625 0.6944738359375 0.136506934375 0.6944738359375 0.1310127703125 0.7344054718749999 0.13076270625 0.740542478125 0.1320397796875 0.752220315625 0.14203670625 0.766304821875
0 0.1908256765625 0.608618975 0.17644399375 0.6056504359375 0.12006289218749999 0.6067075187500001 0.095946940625 0.6109358484375 0.0910754953125 0.626792084375 0.09653700781249999 0.6310204140625 0.1285816625 0.634375 0.1501719015625 0.634375 0.1907920171875 0.6094450625000001 0.1908256765625 0.608618975
0 0.1622824796875 0.5095137421875 0.1955696859375 0.4921926609375 0.19561066875 0.49118685156249997 0.1725497640625 0.484375 0.155314578125 0.484375 0.1036444234375 0.49682875312499997 0.091903015625 0.508456659375 0.1011619828125 0.515625 0.10624562343749999 0.515625 0.145208778125 0.513742071875 0.1622824796875 0.5095137421875
0 0.1560558453125 0.388229865625 0.1482491375 0.3589130375 0.1403089875 0.34623698125 0.12256814687499999 0.34060317812499996 0.11686853125 0.3296875 0.1161421703125 0.3296875 0.11017010625000001 0.333560925 0.11165298125 0.3490538828125 0.12459159375 0.3687721921875 0.135267934375 0.41806796718749994 0.1444417 0.4203125 0.14696059687500002 0.4203125 0.1559113234375 0.39177667656250004 0.1560558453125 0.388229865625
0 0.1560775828125 0.2726568984375 0.1549531296875 0.2432641453125 0.145472715625 0.216503584375 0.132845115625 0.2150951328125 0.128387225 0.22072893593749998 0.1252400421875 0.2460810484375 0.130377346875 0.2756585125 0.145198825 0.309375 0.1470387015625 0.309375 0.1549909359375 0.299325103125 0.1560775828125 0.2726568984375
0 0.1908341734375 0.1482525109375 0.190889809375 0.1468871125 0.15948390625 0.1453125 0.14931664375 0.1453125 0.13753308125000002 0.150143696875 0.11644939375 0.149086615625 0.0922042234375 0.15648619218749998 0.080290525 0.172342428125 0.0884827921875 0.1786849234375 0.10774520624999999 0.18125 0.1193216375 0.18125 0.149046171875 0.1786849234375 0.1908341734375 0.1482525109375
0 0.17520450468749998 0.0035374578125 0.16157721249999998 0.00072055625 0.155488340625 0.0204388671875 0.1580523640625 0.061283937499999996 0.183832390625 0.10625 0.1847322484375 0.10625 0.185880846875 0.0528332328125 0.17520450468749998 0.0035374578125
0 0.3557256390625 0.0184095421875 0.3510955796875 0.028268696875 0.353004246875 0.059254612500000005 0.34376819062499997 0.104325034375 0.35165095 0.1184095421875 0.368138478125 0.102916584375 0.3751122609375 0.0874236265625 0.376455240625 0.07932533593749999 0.37771485312499997 0.0484122328125 0.37304068749999997 0.0085503875 0.3557256390625 0.0184095421875
0 0.41044104062500003 0.1655699859375 0.4104528125 0.1652810703125 0.3071961328125 0.15582056093750002 0.28397175625000004 0.1727338796875 0.314580896875 0.1890625 0.3192497921875 0.1890625 0.373811090625 0.1801334578125 0.41044104062500003 0.1655699859375
0 0.35472115937500004 0.30594589375000003 0.3556582234375 0.28294871875 0.3409800140625 0.23596988125 0.333547109375 0.2627304453125 0.321919203125 0.2627304453125 0.3185183984375 0.2683642484375 0.3215748640625 0.27118115 0.318877534375 0.3373783328125 0.321532271875 0.35005438906249997 0.329167371875 0.3546875 0.331608278125 0.3546875 0.34084670625 0.3430121359375 0.35472115937500004 0.30594589375000003
0 0.34325770312500004 0.39554678125 0.3422109859375 0.379799909375 0.333500703125 0.3600816 0.320299203125 0.37275765625 0.31538219375 0.3896590625 0.316774353125 0.43332103593750004 0.328062784375 0.459375 0.328545721875 0.459375 0.3430130421875 0.40155121562499996 0.34325770312500004 0.39554678125
0 0.32670367499999997 0.52339455625 0.373016475 0.5088371484375 0.3730230078125 0.50867680625 0.363883340625 0.509652484375 0.3390911734375 0.49591041249999995 0.3291028015625 0.499081659375 0.2841185234375 0.49696749531249995 0.2684296515625 0.50636636875 0.268416390625 0.5066918296875 0.2736132765625 0.5128237312499999 0.32670367499999997 0.52339455625
0 0.326947253125 0.6294942984375 0.33340840781250003 0.5989193109375 0.3335050671875 0.5965471453125 0.3336433515625 0.56893091875 0.3220728328125 0.56752246875 0.31872941718750003 0.5717478203125 0.31175563125 0.5872407765625 0.30726441718749997 0.6196351421874999 0.3172280140625 0.6604802125 0.3217871109375 0.6640625 0.32525148593750003 0.6640625 0.3290854796875 0.6548464109375 0.326947253125 0.6294942984375
0 0.3681817453125 0.7425294 0.34092731875000004 0.7257548234375 0.32005899375 0.719412328125 0.2833531296875 0.72152649375 0.27332168437500004 0.7257548234375 0.27016019999999996 0.7342114828125 0.2936300609375 0.7458393890624999 0.35440038125 0.7515625 0.361460975 0.7515625 0.36816337187500003 0.7429803125000001 0.3681817453125 0.7425294
0 0.47071967656249997 0.7188606625 0.431239984375 0.7199177453125001 0.4252615984375 0.7283744046875 0.43323850156250004 0.7400023124999999 0.48037589843750006 0.7515625 0.492078784375 0.7515625 0.529185440625 0.7357739828125001 0.47071967656249997 0.7188606625
0 0.5178912046875 0.634620278125 0.5052323171875 0.6258274984375001 0.456238053125 0.6184279187499999 0.4499057875 0.609375 0.4286183765625 0.609375 0.41270529843750003 0.6152566734375 0.40527539062500006 0.624770415625 0.43838904375 0.641683734375 0.4696683484375 0.6453125 0.477337346875 0.6453125 0.5178512984375 0.63559965 0.5178912046875 0.634620278125
0 0.5436499593749999 0.5009596328125 0.537408809375 0.49777186718750005 0.5231520140625 0.5020001984375 0.4830111671875 0.5020001984375 0.46289014375 0.4946006203125 0.44739718437500003 0.4946006203125 0.4444079921875 0.49882894999999994 0.44261188437500004 0.5083426921875 0.4479441796875 0.5157422703125001 0.47041525 0.5234375 0.5112256921875 0.5234375 0.54333629375 0.5086575453125 0.5436499593749999 0.5009596328125
0 0.52332119375 0.42466581875 0.5256762765625 0.366867934375 0.5189163 0.36342013125 0.50905821875 0.3718708359375 0.4928243140625 0.40708210312500004 0.5030748625 0.44088492031250004 0.513301346875 0.44933562499999996 0.515665865625 0.4671875 0.515852603125 0.4671875 0.5219301781250001 0.4451102734375 0.52332119375 0.42466581875
0 0.5338623453125 0.281006928125 0.5336269953125 0.262709346875 0.5176559796875 0.2655262484375 0.5072239984375 0.2880614578125 0.501044409375 0.33594878125 0.5049443921875 0.3625 0.5059378296875 0.3625 0.5328927109375 0.30480344375 0.5338623453125 0.281006928125
0 0.5661698546875 0.1783608 0.5605326046875 0.1415010703125 0.5547306828125 0.1541771265625 0.5437581296875 0.1640362828125 0.533589034375 0.1541771265625 0.5339574375 0.171078534375 0.5410700640624999 0.1781207890625 0.5436674109374999 0.19220529687500001 0.5344313546875 0.2372757203125 0.54031473125 0.2485433234375 0.546234315625 0.2515625 0.5497045171875 0.2515625 0.5638145265625 0.23616466875 0.5661698546875 0.1783608
0 0.54044241875 0.1453125 0.5430237234375 0.1453125 0.5513739640625 0.1393124640625 0.5691240703125 0.09283359062499999 0.5650438484375 0.063256125 0.5546785203125 0.032270209375 0.544992609375 0.0364955625 0.547360396875 0.056213871875 0.536537696875 0.10030959375 0.5357255390625 0.12024139687499999 0.5354603390625 0.1407209140625 0.54044241875 0.1453125
0 0.7502624203125 0.1469457265625 0.7520641421875001 0.10272829375 0.7315505484375 0.044515059375 0.7240935828125 0.0459235109375 0.72260144375 0.0825432296875 0.71674213125 0.096627734375 0.7253376328125001 0.119162946875 0.723304921875 0.143106609375 0.7327395125 0.1578125 0.7395464625 0.1578125 0.7494450328125 0.15014886249999998 0.7502624203125 0.1469457265625
0 0.99839920625 0.0009398109375 0.9574552000000001 0.0055282109375 0.9364576578125 0.0023569640625 0.914727878125 0.0171561171875 0.9184363578125 0.0298411078125 0.960545328125 0.0328125 0.9640514171874999 0.0328125 0.997504771875 0.0228907890625 0.99839920625 0.0009398109375
0 0.993510553125 0.12091595468750001 0.9938245 0.11321112656250001 0.9062467484375001 0.11916997968750001 0.8876353796875 0.12656955625 0.8829362250000001 0.1381974640625 0.8980846015624999 0.1466541234375 0.9186053328125 0.1484375 0.939716928125 0.1484375 0.9815708484375 0.13714038125 0.993510553125 0.12091595468750001
0 0.94068146875 0.177066265625 0.938105590625 0.177066265625 0.9311398265624999 0.20100992812500001 0.912963928125 0.23199584374999999 0.913561890625 0.24326344843749997 0.9206985812499999 0.27565781562499997 0.9256396546874999 0.28410851875 0.9309250656250001 0.28410851875 0.937382340625 0.2812916171875 0.9491583546875001 0.251714153125 0.95900024375 0.2392761453125 0.9593639828124999 0.2303493453125 0.94653694375 0.2122775328125 0.94068146875 0.177066265625
0 0.7371591078125 0.20009857812499998 0.7371277640625 0.197252725 0.7082514625 0.15359075312499998 0.696566165625 0.15499920312499998 0.6959348750000001 0.1704921609375 0.7097010109374999 0.1958442734375 0.7079219218749999 0.2395062453125 0.7124612640625 0.2578161046875 0.7248284578125 0.2609375 0.7295885640625001 0.2609375 0.735351428125 0.24446219687499998 0.7371591078125 0.20009857812499998
0 0.7489701578125 0.33204611562499997 0.7489903484375 0.3315506078125 0.735976590625 0.321475290625 0.7109259875 0.3140757140625 0.6559533359375 0.3151327953125 0.6415242484375 0.3235894546875 0.6481788453124999 0.333103196875 0.6937729015625 0.3453125 0.7047994484375 0.3453125 0.7270951578125 0.33204611562499997 0.7489701578125 0.33204611562499997
0 0.71985489375 0.4249405390625 0.7358506609375 0.42394264374999996 0.7358723656249999 0.42340997343750003 0.7119641359375 0.41119846562499995 0.676451359375 0.41859804375 0.643712409375 0.42705470312499993 0.6332933078125 0.4407967765625 0.6390752640625 0.44375 0.6586131125 0.44375 0.683954459375 0.441853859375 0.71985489375 0.4249405390625
0 0.7146908203125 0.5306124453125001 0.733259115625 0.5242699515625 0.7366778390625 0.5186817296874999 0.7367516468749999 0.5168703734375 0.7222930203125 0.5168703734375 0.7008647484375 0.5242699515625 0.677007234375 0.5221557859375 0.6315491546875001 0.531669528125 0.6241192468750001 0.5411832703125 0.639054584375 0.546875 0.6864738890625001 0.546875 0.7044009375 0.5411832703125 0.7146908203125 0.5306124453125001
0 0.93060924375 0.291354071875 0.9209807218750001 0.2941709734375 0.9150066296875 0.3110723796875 0.917341090625 0.35755125312499997 0.9388871125 0.403125 0.9429489156249999 0.403125 0.9452117 0.347592290625 0.93854939375 0.3040301265625 0.93060924375 0.291354071875
0 0.9330748796874999 0.453718703125 0.9338017671875001 0.4358795984375 0.9318720687500001 0.40684912031250003 0.9272753359375001 0.3899477140625 0.9178189828125 0.38853926250000004 0.9095585578125001 0.409666021875 0.9082959781250001 0.4406519390625 0.9143755859375 0.47304630625 0.9142887828124999 0.5 0.9148664671875 0.5 0.9304613828124999 0.467412503125 0.9330748796874999 0.453718703125
0 0.94054789375 0.5770897703125 0.93335361875 0.5148626859375 0.9263557718750001 0.5050035312500001 0.9168420296875001 0.5050035312500001 0.9123267500000001 0.5120457843749999 0.905515871875 0.575426065625 0.91339863125 0.5895105734375 0.914535740625 0.6109375 0.9243953984375001 0.6109375 0.9402662546875 0.584001678125 0.94054789375 0.5770897703125
0 0.88546820625 0.6712390984375001 0.9124731546874999 0.6734375 0.9537192875 0.6734375 0.962889921875 0.6722961796875 0.9680723125 0.668522065625 0.9682573921875001 0.6639799046875 0.9676752203125 0.6585541078125 0.8668267171874999 0.6448120359375 0.8606264375 0.6595244796874999 0.8606216921875 0.6596409203125 0.8673737109375 0.6659536859374999 0.88546820625 0.6712390984375001
0 0.9084309234375001 0.790099240625 0.9099217640624999 0.7535113703125 0.9033913671875 0.7223294953125 0.8893956718749999 0.702611184375 0.8723675734375 0.705428084375 0.8759312875 0.74768160625 0.892383628125 0.80625 0.8936728203125 0.80625 0.9033487765625001 0.8012027328125001 0.9084309234375001 0.790099240625
0 0.8937614453125 0.88168853125 0.8916977421875 0.87083750625 0.8835613609375 0.8370346890624999 0.8724499625 0.8243586328125 0.8628214406250001 0.827175534375 0.8578470421875 0.8454853921875 0.8556662234375001 0.89900651875 0.8853650203125 0.9171875 0.8856194859375 0.9171875 0.8932237328125 0.8948849296875 0.8937614453125 0.88168853125
0 0.6719155484375 0.6836992953125 0.6914954671875 0.592181159375 0.6914972046875 0.5921384953125 0.686675840625 0.58088239375 0.6792762640625 0.58088239375 0.6622148390625 0.6104598593749999 0.656125965625 0.63017816875 0.653853946875 0.6859375 0.6556436406249999 0.6859375 0.6604024234375 0.6808823937499999 0.6719155484375 0.6836992953125
0 0.6715973234375 0.694098228125 0.6637145640625 0.680013721875 0.654856175 0.6898728765625 0.644218696875 0.7433940031249999 0.6514127765625 0.77437991875 0.662155771875 0.7701545656250001 0.6667040046875 0.7765625 0.6683808953125 0.7765625 0.673161653125 0.7335348484375 0.6715973234375 0.694098228125
0 0.6770019734375 0.8328374640625 0.6770877296875 0.83073288125 0.6767069796875 0.8168788890625001 0.67176590625 0.8084281843750001 0.659310478125 0.80279438125 0.6516813406249999 0.8084281843750001 0.6445927765625 0.8267380453125 0.6415029828125001 0.8506817046874999 0.6441577203125 0.8633577640625001 0.6488692328125001 0.87744226875 0.6567114359375 0.8828125 0.6572689234375 0.8828125 0.6672413640625 0.8675831140625 0.6770019734375 0.8328374640625
0 0.47674854843750003 0.8390569578125 0.47741460468749997 0.82271076875 0.47632158437500005 0.7988730359375 0.47243759374999994 0.79042233125 0.45817901250000004 0.8030983875000001 0.45237709062500003 0.81577444375 0.44588648906249995 0.8453519093749999 0.445508821875 0.8805631765624999 0.4499189875 0.8828125 0.456098425 0.8828125 0.46365139375000003 0.8763378234375001 0.47674854843750003 0.8390569578125
0 0.323654921875 0.8382870109375 0.3253743765625 0.79608856875 0.325504471875 0.7738064796875 0.3215630921875 0.766764225 0.308476371875 0.7766233812500001 0.302731840625 0.7878909859375 0.29689659218750003 0.8273276046875001 0.29705345 0.8734375 0.30692259375000003 0.8734375 0.3133174640625 0.8653557749999999 0.323654921875 0.8382870109375
0 0.1705397203125 0.83804654375 0.1674788953125 0.81979838125 0.15471245312499998 0.7958547203124999 0.13920055625 0.7874040156250001 0.1398799703125 0.8226152828125001 0.13119375312499998 0.8282490859375 0.13190649375000002 0.8366997906250001 0.1401335953125 0.8423335937499999 0.1516707859375 0.8705026078125 0.1587008578125 0.8765625 0.1615394234375 0.8765625 0.1691496171875 0.872162109375 0.1705397203125 0.83804654375
0 0.1515852359375 0.9859375 0.1731840625 0.964882228125 0.17405520000000002 0.9435029578125 0.1738290546875 0.9229698624999999 0.1671514828125 0.879307890625 0.1620956328125 0.8736740875000001 0.1525245 0.8750825390625 0.1468947484375 0.8835332421875 0.143684959375 0.9219121203125 0.1431435390625 0.9351995437499999 0.151097253125 0.9859375 0.1515852359375 0.9859375
0 0.32282740625 0.9352886874999999 0.3236890640625 0.9141420968749999 0.32216085156249996 0.87830656875 0.294561928125 0.8811234703125 0.299871403125 0.906475584375 0.2872104765625 0.9318276953125 0.2879472828125 0.9656305125 0.2896597171875 0.9754896671875001 0.30209104062500003 0.9796875 0.30219066875 0.9796875 0.3179473203125 0.9557713578125 0.32282740625 0.9352886874999999
0 0.47066215156249996 0.9117348375000001 0.4649321984375 0.884375 0.4649095703125 0.884375 0.456069534375 0.8942137296875 0.44567087812499995 0.8899883781250001 0.44182575 0.984354575 0.4457097390625 0.9928052781250001 0.4513435671875 0.99375 0.4543019265625 0.99375 0.4687338484375 0.9590588078125 0.47066215156249996 0.9117348375000001
0 0.709542215625 0.9545586671875 0.7034368859375 0.9447971718750001 0.6729247703125 0.933169265625 0.647658803125 0.9310551 0.6220913265625 0.9363405124999999 0.6048884078125 0.9437400890625 0.6031353765625 0.9521967484375 0.6126930203125001 0.9595963265625 0.6565462484375 0.9640625 0.6685047796875 0.9640625 0.7095046 0.955481809375 0.709542215625 0.9545586671875
0 0.9014406218750001 1 0.9033440046875001 0.953287659375 0.90364579375 0.9308580140625 0.89864733125 0.9238157609375 0.8891909796874999 0.9224073109375001 0.880332590625 0.9322664656249999 0.8777019140625001 0.9449425218749999 0.8770946890625 0.9857875921874999 0.8827685390625 1 0.9014406218750001 1
0 0 0.8452108546874999 0.015115929687499998 0.839913671875 0.0225333234375 0.8274665265625 0.022547859375 0.8271097609375 0.015891240625 0.8208861875 0 0.822335275 0 0.8452108546874999
0 0 0.9429064078125 0.0281614125 0.9388655671875 0.04373643125 0.9206489140624999 0.043772425 0.919765571875 0 0.9149362812499999 0 0.9429064078125