0 0.01469185625 0 0.0145906578125 0.033198665625 0.023706484375 0.050692742187499994 0.0249338453125 0.050649881249999994 0.0433107046875 0.0173461453125 0.043714440625 0 0.01469185625 0
0 0.1314244015625 0.0438086890625 0.145835275 0.0395418125 0.14665935937500002 0.00413581875 0.1378973859375 0.0013587484375 0.131145925 0.0005811390625 0.0928750640625 0.0161048296875 0.10314863437499999 0.040067053125 0.12833188125 0.0439166828125 0.1314244015625 0.0438086890625
0 0.24136208125 0 0.2093532625 0.0163363390625 0.2132353765625 0.0222170265625 0.2159734671875 0.0221214109375 0.24463735937500003 0.0204402859375 0.24511311249999998 0 0.24136208125 0
0 0.3169930296875 0 0.31630532968749997 0.0295463546875 0.36027143437500003 0.028011025000000002 0.3651109796875 0.0267618640625 0.3694828921875 0.013435325000000001 0.3421597265625 0 0.3169930296875 0
0 0.4299993984375 0 0.429827921875 0.0016156984374999998 0.43794020468749995 0.0299824609375 0.4461252359375 0.029696634374999996 0.45875791093749996 0.0104709375 0.45900162499999997 0 0.4299993984375 0
0 0.5307367109375 0 0.5358649765625 0.0088023375 0.5624368515625 0.0225124828125 0.569176890625 0.022277115625 0.580374034375 0.017337360937499997 0.5807775656249999 0 0.5307367109375 0
0 0.6508424609375 0 0.64060730625 0.013099012500000002 0.647287953125 0.0169192171875 0.6819381375 0.0199006359375 0.6902687703125 0.0196097234375 0.6959629046875 0.0148519125 0.6963085875 0 0.6508424609375 0
0 0.74614324375 0 0.7457682703125 0.016110407812499998 0.7516436343749999 0.0159052359375 0.776969303125 0.013487309375000001 0.8025242468749999 0 0.74614324375 0
0 0.851840596875 0 0.8313952171875 0.0059139359375 0.8476081671875001 0.0073745156249999996 0.862188753125 0.019851065625 0.886000815625 0.0190195296875 0.9036254921875001 0.014035770312500001 0.9039521781250001 0 0.851840596875 0
0 0.9259849953125 0 0.9269663171875001 0.009952403125 0.94171794375 0.015512615625 0.9632936453125 0.014759175 0.9865112453125 0.0079966515625 0.9866973703124999 0 0.9259849953125 0
0 0.9307383109374999 0.12173772499999999 0.922450809375 0.1442987328125 0.922423528125 0.1454708296875 0.9677344609375 0.16098076875 0.9883429328125001 0.1481006109375 0.995786875 0.14609224999999998 0.996375103125 0.12081956093749999 0.9700809156249999 0.11833710156249999 0.9307383109374999 0.12173772499999999
0 0.8829835921875 0.1393396046875 0.89149415625 0.13278659375 0.8915208609375 0.13163928281249998 0.888043296875 0.12448745624999999 0.86636308125 0.1252445453125 0.866174234375 0.1333581359375 0.8728076671875 0.1392067375 0.8773659781250001 0.1395357765625 0.8829835921875 0.1393396046875
0 0.8778318640625 0.184795178125 0.8864222093749999 0.1494677375 0.8870887328125001 0.120831175 0.879732953125 0.0973316421875 0.8706367015625001 0.096295378125 0.8642045875000001 0.11141302812500001 0.8642095609375 0.1547380421875 0.8774202671875001 0.1848095515625 0.8778318640625 0.184795178125
0 0.7812904140625 0.1475745 0.794855915625 0.146710840625 0.8167249812499999 0.1378401625 0.8180774874999999 0.1344561390625 0.818184446875 0.1298607234375 0.8075703640624999 0.1239726046875 0.7614999046875 0.1255814203125 0.7450272906250001 0.1352770265625 0.7421048109374999 0.1444994515625 0.7574490859375 0.14840705625 0.7812904140625 0.1475745
0 0.6544197453125 0.1614357640625 0.6650713203125 0.1827264 0.6730743375 0.187261778125 0.674762028125 0.1872028421875 0.6802843015625 0.18219515 0.6846116390625 0.1671645375 0.6848676109375 0.15616692031249998 0.6788816984375 0.1118406953125 0.6730172718749999 0.1025681015625 0.6629383609375 0.10021223906250001 0.6588184890625 0.10306393437500001 0.6553974328125001 0.1194303453125 0.6544197453125 0.1614357640625
0 0.5989930015625 0.1629623609375 0.6005025078124999 0.1586881578125 0.600603075 0.1543674140625 0.5534890796874999 0.1402304046875 0.53097543125 0.1391421609375 0.5287351828125 0.1392203921875 0.5045433515625 0.149033246875 0.50540264375 0.1702841046875 0.5468910328125001 0.174494665625 0.5556139531250001 0.17419005468749998 0.577123940625 0.171833040625 0.5989930015625 0.1629623609375
0 0.442785475 0.190619953125 0.4530790765625 0.1828901328125 0.4582586125 0.166076446875 0.45927619531249997 0.12235693437499999 0.45383102031250006 0.10704479062500001 0.4405518234375 0.11157024687499999 0.435165446875 0.125297465625 0.434818525 0.1402026140625 0.44163243437500005 0.19066021718749998 0.442785475 0.190619953125
0 0.3838352828125 0.1645763984375 0.39040814375 0.159515390625 0.39144605 0.152313828125 0.3915401 0.148273053125 0.3744548546875 0.146898625 0.34224140468750003 0.134849675 0.3039233328125 0.1524017640625 0.301000853125 0.16162418750000002 0.3086800328125 0.167200878125 0.3838352828125 0.1645763984375
0 0.21410689375 0.1727716125 0.2319614703125 0.1776860984375 0.241589325 0.1773498875 0.2803517921875 0.162922840625 0.2803868015625 0.16141866093749999 0.24593316718749997 0.1432857296875 0.23647167812499997 0.1426027578125 0.1860056953125 0.1585523109375 0.1817754140625 0.16579365625 0.1937108734375 0.1765239796875 0.21410689375 0.1727716125
0 0.122408546875 0.2330323625 0.123616078125 0.23299019375 0.12693689218749998 0.21480796406249997 0.1437632984375 0.188496040625 0.149522834375 0.1494164625 0.14957819375 0.14703801249999998 0.14505636875 0.13294048593750002 0.1330752140625 0.125235403125 0.12024252499999999 0.1541156875 0.1202790359375 0.1960856875 0.11549685937500001 0.22739266875 0.122408546875 0.2330323625
0 0 0.2091165796875 0.051715603124999995 0.21520502343749998 0.0661002453125 0.2147027 0.0856378578125 0.20551255937500001 0.08921444218749999 0.1915922140625 0.08931202031249999 0.1873998484375 0.08480217031250001 0.1832475046875 0.02541763125 0.1751875140625 0 0.175343509375 0 0.2091165796875
0 0.0500843765625 0.33035298750000003 0.042191553124999996 0.32115122500000004 0.029958090625 0.3242862515625 0.0195372328125 0.3801605578125 0.020777173437499998 0.4139650625 0.031137565625000002 0.43605705625 0.031594734375 0.43604109218750003 0.0390012140625 0.41468257656249996 0.049206278125 0.411618384375 0.055927209374999995 0.427630628125 0.05829755625000001 0.36932963124999996 0.056773770312500006 0.34772024687499997 0.0500843765625 0.33035298750000003
0 0.1502167859375 0.36944951875 0.1738745421875 0.358482375 0.1947008109375 0.35484423593750003 0.1947188765625 0.3540680828125 0.1742994453125 0.340226796875 0.15715616875 0.3348601296875 0.155813421875 0.33490701875 0.094330040625 0.3440327640625 0.086058325 0.3504018671875 0.0872244921875 0.3584681375 0.11537290156249999 0.370659040625 0.11560545468750001 0.370658171875 0.1502167859375 0.36944951875
0 0.23673270937500002 0.36828782968749996 0.2463239671875 0.38951183125 0.2469160484375 0.38949115624999997 0.2535010125 0.38801095 0.26476717656250004 0.362963821875 0.26484505625 0.3596177375 0.2598650765625 0.3322783109375 0.26445802500000004 0.309101415625 0.2506061625 0.2946920984375 0.23333821718749997 0.304667090625 0.23327971249999999 0.307180690625 0.23673270937500002 0.36828782968749996
0 0.3916644921875 0.3441591234375 0.3917251421875 0.3415533546875 0.38846842187499997 0.32734665625 0.3763913296875 0.322701525 0.367196984375 0.3119130421875 0.36681343437499997 0.31192643593749997 0.31962239531250003 0.3186036921875 0.3003925421875 0.3304223328125 0.3042687375 0.33839397031249996 0.3419730578125 0.3472110484375 0.386546871875 0.35173474374999997 0.3916644921875 0.3441591234375
0 0.44502057187500005 0.3714245734375 0.44964914531250005 0.37304417968750003 0.4522303046875 0.37295404374999996 0.45897093125 0.33670277656250003 0.4592822296875 0.32332806875000003 0.45588296718750004 0.2965800765625 0.4471336375 0.280638665625 0.436865496875 0.286412884375 0.4323040890625 0.30823476875 0.4314210171875 0.346175146875 0.44502057187500005 0.3714245734375
0 0.5435555515625 0.360397515625 0.5489898796875 0.35930443125 0.563441525 0.34236613125000004 0.564484675 0.297548171875 0.5588380749999999 0.28449535312499996 0.5498049 0.2807490625 0.5348176609374999 0.3151202328125 0.5334565390625 0.3300607984375 0.5407378421875 0.3604959125 0.5435555515625 0.360397515625
0 0.6986907140625 0.322194246875 0.7186421859375 0.314916871875 0.71865885 0.3142009359375 0.6847590593749999 0.303588675 0.645510878125 0.3029325015625 0.623689028125 0.309774784375 0.626115784375 0.3218505328125 0.647214803125 0.323991825 0.6986907140625 0.322194246875
0 0.77728193125 0.3210110109375 0.8006288609375 0.3201957171875 0.8249122218749999 0.31034573593750003 0.8249950890625 0.30678537499999997 0.8224305546874999 0.300803815625 0.80362560625 0.2943668765625 0.7548215125 0.2970845296875 0.7287457749999999 0.31218235625 0.7610536484375 0.3201745125 0.77728193125 0.3210110109375
0 0.9234821609375 0.3012180375 0.923586653125 0.2967286640625 0.9210054062499999 0.2914201703125 0.8954253890625001 0.285219821875 0.8608274453125 0.2837464765625 0.855606428125 0.28392879843749996 0.8259656124999999 0.3028460296875 0.8242898999999999 0.3178082265625 0.8413362781249999 0.317212953125 0.8825457 0.3150574515625 0.91929630625 0.3066804703125 0.9234821609375 0.3012180375
0 0.96040413125 0.31957283125 0.9772812296875 0.35305763125 0.9780771390625 0.3530298375 0.9838016171874999 0.3256437921875 0.9843128312499999 0.3036799015625 0.9837257296875 0.2754332328125 0.9712980640625 0.2433733234375 0.9610614625 0.2477925296875 0.957149528125 0.263343640625 0.956376746875 0.29654549218750004 0.96040413125 0.31957283125
0 0 0.568446559375 0.015160046875 0.575564475 0.06351021875 0.57387605 0.0800375296875 0.569457228125 0.09251592187499999 0.5568609796875 0.0872847125 0.5489366609374999 0.07254480468749999 0.5423577703125 0.0360538609375 0.5395785640625 0.0334618640625 0.53460220625 0.0172725171875 0.5321274265625 0 0.5439559328125 0 0.568446559375
0 0 0.756147996875 0.0011936874999999999 0.7568305859375 0.04125494375 0.7604395937499999 0.05272504375 0.7600390484374999 0.06623433749999999 0.754559315625 0.096115453125 0.750475721875 0.10284894375 0.7461041515625 0.102891425 0.7442790031250001 0.0910022734375 0.737480409375 0.06406724531249999 0.7313273796875001 0.053439587499999996 0.7225781359375001 0.0399130578125 0.72203711875 0.01944621875 0.7288320828125 0 0.7302031203125 0 0.756147996875
0 0.0033870015625 0.9534245671875 0.008812609374999999 0.9529966609375 0.053150365624999994 0.9676623421875 0.0655343328125 0.959122890625 0.0803922703125 0.9606307875000001 0.09960939375 0.95236525 0.099845190625 0.9422344453125 0.0997873640625 0.94171275625 0.09056193125 0.930887796875 0.056757409375 0.9290281531250001 0.006574696874999999 0.9328073203124999 0.0038469656249999996 0.9336626062500001 0.0033870015625 0.9534245671875
0 0.12058430625000001 0.9333323890624999 0.120119 0.9533238078125 0.12816055937499998 0.9568431437499999 0.1487970609375 0.9596440421875 0.1951616640625 0.9580249546875 0.22147261875000002 0.9486151734374999 0.2215323078125 0.9460506921875 0.2206791734375 0.93739833125 0.1993058296875 0.9249708359375 0.17348975625000002 0.9289124781250001 0.1505489484375 0.925660090625 0.1287034921875 0.933516571875 0.12058430625000001 0.9333323890624999
0 0.14836079687499998 0.561545621875 0.166543253125 0.559974 0.19968583125 0.543128290625 0.199709434375 0.5421141640625 0.15788435781250001 0.5248082703125 0.132068284375 0.5287499109375 0.09779165 0.5471742421875 0.1003128296875 0.555193196875 0.12398699375 0.5623967750000001 0.14836079687499998 0.561545621875
0 0.2306077953125 0.52374890625 0.239325584375 0.541045334375 0.2417689546875 0.5666843421875 0.2491810515625 0.5861270421875 0.2495985390625 0.5861124625 0.2548904640625 0.568933953125 0.2725076859375 0.5670144296874999 0.272779184375 0.5553497625 0.271364975 0.514202159375 0.2627733375 0.4914856796875 0.2529151953125 0.4796447234375 0.24378740468750001 0.4799634734375 0.2319373765625 0.510163353125 0.2306077953125 0.52374890625
0 0.16442723125 0.6986545234375 0.13975371875 0.7116766359375 0.1138668265625 0.7186608718749999 0.1069501265625 0.7249826546875 0.1189564 0.73267038125 0.1418499953125 0.737951165625 0.1900158203125 0.742754909375 0.19587452968750002 0.74255031875 0.219180190625 0.7311972375 0.224765484375 0.723908575 0.2222679125 0.714875421875 0.20622020000000002 0.70631545 0.1793323796875 0.6981340234375 0.16442723125 0.6986545234375
0 0.2663082015625 0.7088563531250001 0.2939443453125 0.7139715234375 0.30635191875 0.7044178718749999 0.3084979609375 0.6976456359375 0.30856030625 0.694966990625 0.26358162812499997 0.6805770828125 0.23652856875 0.6794950484375 0.2065766359375 0.686621240625 0.2022283265625 0.6989335796875 0.2385068171875 0.7108405734375001 0.2663082015625 0.7088563531250001
0 0.349805565625 0.7275134953125 0.3639306671875 0.749171509375 0.3645457609375 0.7491500296875 0.3659696703125 0.72965685625 0.3787385453125 0.6982800828125 0.3791244859375 0.6816984374999999 0.37775165 0.658841984375 0.3630748171875 0.6363380046875 0.3569580875 0.63790551875 0.3454234421875 0.6545552625 0.3461272296875 0.7113949984375 0.349805565625 0.7275134953125
0 0.353464896875 0.5684343000000001 0.3537971234375 0.5684226984375 0.3553442078125 0.543702084375 0.367893053125 0.5270169234375001 0.37108710624999997 0.4904026484375 0.3713872125 0.4775088390625 0.3654131734375 0.4594079125 0.3552711859375 0.459762078125 0.3477617953125 0.4776251703125 0.343690828125 0.5271526984375 0.3436324171875 0.5296622875 0.353464896875 0.5684343000000001
0 0.46878601093750005 0.48435830625 0.5002581984375001 0.47008540468750004 0.50286161875 0.46328405781250004 0.50298963125 0.4577841484375 0.49390803281249995 0.45206641718749996 0.4451275453125 0.45376986874999997 0.41063845781249997 0.481321990625 0.4458458890625 0.48714678281249996 0.457224315625 0.486749440625 0.46878601093750005 0.48435830625
0 0.42264757187499996 0.68991985625 0.42263787343750003 0.69033650625 0.4345790375 0.6949293546875001 0.460433534375 0.69584219375 0.48219487031249997 0.6950822718749999 0.506512784375 0.6873505015625 0.5181288375 0.6793405671875 0.51814274375 0.6787431203125001 0.4864708515625 0.6758898859375 0.475961221875 0.6620696484375 0.46785474687499995 0.661339359375 0.45818080625 0.6697841765625 0.4253772109375 0.6830901953125 0.42264757187499996 0.68991985625
0 0.47043789843750006 0.9359222562499999 0.4909595890625 0.9318082046875 0.5124664531249999 0.9226197453125 0.5127765578125 0.9092963828125 0.49967981406249995 0.906169328125 0.45639019843749995 0.9046409109375 0.42082936562500006 0.9200699640625001 0.42477637812499996 0.924999003125 0.46439826718750005 0.9361331640625 0.47043789843750006 0.9359222562499999
0 0.3060687265625 0.9346724375000001 0.3060125703125 0.9370851625000001 0.3517662171875 0.9490879609375 0.37073640625 0.9484255078125001 0.40746340625000005 0.9410627265624999 0.41987097812499996 0.9315090749999999 0.4202001375 0.9292251828125 0.4204313 0.9192935578125001 0.40824239531249995 0.9075941671875001 0.40011231406250003 0.9078780765625 0.3808824609375 0.919696715625 0.3579416546875 0.916444328125 0.3210258078125 0.9319207 0.3060687265625 0.9346724375000001
0 0.2612347453125 0.9505360453125 0.2737367171875 0.9537198234375 0.27973267812499997 0.9535104390625 0.2871452421875 0.942537609375 0.315836584375 0.9314019421875 0.3329834140625 0.9201100421874999 0.33299434687499996 0.9196403296875 0.28630955468749997 0.9202725546874999 0.269024859375 0.9066889078125 0.22647650625 0.9314823406249999 0.22887966093749998 0.9445722890624999 0.24492737187500002 0.9531322624999999 0.2612347453125 0.9505360453125
0 0.5823218140625 0.6884633015625 0.6251075203124999 0.686387590625 0.627532940625 0.6742707453125 0.627611509375 0.670895115625 0.5865203015625 0.657333853125 0.5458226828125 0.66078179375 0.5170605234375001 0.674960059375 0.5195580984375 0.6839932125 0.5486712609375 0.6896384046875 0.5823218140625 0.6884633015625
0 0.574940103125 0.486427784375 0.5952180968749999 0.48774641093750004 0.60863451875 0.4800719296875 0.6087173484374999 0.4765132 0.6011810828125 0.464230565625 0.5469569359374999 0.46713748906249997 0.5154847484375 0.48141039062499996 0.5354535609375 0.49494622499999996 0.5568741171875 0.494198203125 0.574940103125 0.486427784375
0 0.7229533046875 0.4650776859375 0.7123025546874999 0.45825791406249994 0.660953675 0.45397081093749997 0.63518530625 0.45399399531249995 0.63104955 0.45413841875000005 0.6242030671875 0.462347790625 0.6426303250000001 0.485011909375 0.681913028125 0.4851480578125 0.6968281843749999 0.484627209375 0.722742946875 0.47411548437500006 0.7229533046875 0.4650776859375
0 0.771064559375 0.5023308078125 0.7824680859375001 0.49387046406249996 0.7946823546874999 0.4688383390625 0.7947845375 0.4644481359375 0.788291025 0.41784803750000005 0.779320928125 0.41139172031250004 0.7690527875 0.4171659390625 0.7575231140625001 0.477140703125 0.7684596078125 0.502421775 0.771064559375 0.5023308078125
0 0.8403787453125 0.46560333906249995 0.8578522890625001 0.47107339687499994 0.897601825 0.474493578125 0.9002067515625001 0.47440261250000004 0.9260502109375001 0.4591914265625 0.9261043015625001 0.456867434375 0.9219628265625 0.45059386718749994 0.9098621296875 0.446962934375 0.9033467249999999 0.43604333906250003 0.8939088421875001 0.43434616718749997 0.8406856203125 0.4524187546875 0.8403787453125 0.46560333906249995
0 0.9757334140625 0.4005099578125 0.9660379359375 0.42521895 0.965317528125 0.4997092796875 0.978628265625 0.49382880937499996 0.9867119953125 0.5026063828125 0.9874895484374999 0.50257923125 0.9896264390624999 0.41076971562500003 0.9838154671874999 0.4015816375 0.9757334140625 0.4005099578125
0 0.9663405828125 0.66344780625 0.977055234375 0.6820284140624999 0.978481271875 0.6824352578124999 0.9817447749999999 0.6823212937500001 0.9835914656250001 0.602979971875 0.9811651593749999 0.5925266859375 0.9711177875000001 0.5888158109375 0.9626257375 0.60535930625 0.958353146875 0.658311084375 0.9663405828125 0.66344780625
0 0.8337890703124999 0.6640695703125 0.8551813375 0.6633225359375 0.8886011593750001 0.6602834109375 0.9201441625 0.6429679125 0.8917596937500001 0.6409189953125 0.838866953125 0.6447928015625 0.8291694078124999 0.654251815625 0.8337890703124999 0.6640695703125
0 0.7609817875 0.6931529671875001 0.778614428125 0.692537221875 0.792011084375 0.6645617125000001 0.79533555625 0.6420045265625001 0.7956721796874999 0.6275418687500001 0.7893735140625 0.60372776875 0.7792315265624999 0.604081934375 0.7740343796875 0.609679071875 0.7704871703125 0.6314655390625 0.7641181328125 0.6438731625 0.7609817875 0.6931529671875001
0 0.654701525 0.6605689328125 0.666556528125 0.6736940687499999 0.675878521875 0.70857025625 0.6828202234375 0.71509740625 0.6826132031250001 0.7239917984375001 0.6828658484375 0.7239829765625 0.6911545796875 0.7053289796875 0.69854550625 0.7088145031249999 0.698701121875 0.7021286203125 0.696157521875 0.6645369062500001 0.6870563 0.620175625 0.6769773875 0.617819765625 0.6706714265625 0.6275173578125 0.661990146875 0.652190934375 0.654701525 0.6605689328125
0 0.5563891921875 0.93604323125 0.5695049937500001 0.9355852171875 0.6147910734375001 0.9224859734375 0.621903 0.9161559625000001 0.6219543546875 0.9139495359375 0.61250595 0.9043250328125 0.5761094296875 0.8974890312499999 0.557139240625 0.898151484375 0.51211691875 0.9128975671875 0.5306622046875 0.9304906921875 0.5563891921875 0.93604323125
0 0.7417913406250001 0.9066696578125001 0.74245343125 0.9017320359375001 0.742634528125 0.8939513671875 0.7327547546875001 0.887731109375 0.6772228078125 0.8886569515625 0.6252837828125 0.9097248203125 0.6644746703125 0.9197789625 0.6986330187500001 0.9185861265625 0.7417913406250001 0.9066696578125001
0 0.779958528125 0.9516544671875 0.7816910546875 0.9515939671875 0.7949261578125 0.9387858015624999 0.8024067578125 0.9418882 0.8029759249999999 0.91743445 0.802052115625 0.8938578546875 0.7898136796874999 0.8536678640625001 0.78078050625 0.8499215734375 0.7722253796875 0.86917509375 0.76703320625 0.9180972468749999 0.779958528125 0.9516544671875
0 0.939733384375 0.9136061015625 0.9399694406249999 0.9034641125 0.913105228125 0.8942684875 0.8782545515625 0.890456384375 0.877926690625 0.890467834375 0.8477813078124999 0.9087101421874999 0.839297140625 0.9242070328124999 0.8586512921875 0.93329415625 0.8648482124999999 0.9330777546875 0.91910130625 0.9275004578124999 0.939733384375 0.9136061015625
0 0.9512470734375 0.8925911203125001 0.97843401875 0.89164173125 0.978474696875 0.8898940375000001 0.955568090625 0.8912128062500001 0.9512470734375 0.8925911203125001