0 0.061342593749999993 0.9759439375 0.061324425 0.974382459375 0.02963959375 0.9566808859375 0.0111269765625 0.95625 0.0114592046875 0.9848016656249999 0.043935890625 0.9849006156250001 0.061342593749999993 0.9759439375
0 0.025252832812499997 0.9016304328125001 0.061889681249999995 0.888715978125 0.06185483125 0.8857209234375001 0.0519046578125 0.8637216453125 0.0254752828125 0.8581731203125 0.0242287375 0.8581441062499999 0.0100251484375 0.8615592109374999 0.01044314375 0.8974816171875 0.018465965625 0.9004585437499999 0.025252832812499997 0.9016304328125001
0 0.015055284375 0.7568698015625 0.015217779687499999 0.770834546875 0.01583435625 0.7882629437500001 0.037295465625 0.7887624578125 0.03727526875 0.7870267390625 0.02089105625 0.753407275 0.0204014484375 0.753395878125 0.015055284375 0.7568698015625
0 0.055163071875000004 0.6691636640625 0.0576750671875 0.6607574515625 0.0576113609375 0.6552824968750001 0.028519729687500002 0.639553225 0.007436165625 0.6390625 0.0077897718749999996 0.669451428125 0.041648340625 0.6718908765625 0.055163071875000004 0.6691636640625
0 0.026992609374999997 0.5332964578125 0.014434443750000001 0.5527119640625 0.014718249999999999 0.5771022078125 0.0426505234375 0.5777523390625 0.0424208640625 0.558015346875 0.034676446875 0.5334753 0.026992609374999997 0.5332964578125
0 0.0484158796875 0.43838880625 0.042283384375 0.43418213124999994 0.037571468749999996 0.41951107500000007 0.0341886796875 0.4194323390625 0.027958465625 0.42301154218750003 0.0120781609375 0.4524441484375 0.018369507812499998 0.46749169375 0.044271303125 0.46809456406249994 0.043628690625 0.4626610203125 0.0484158796875 0.43838880625
0 0.045925256250000004 0.3222038578125 0.022675540625 0.30371055625 0.0186975796875 0.3103912015625 0.0141153625 0.3522785921875 0.0186040265625 0.35780165468749997 0.0463469875 0.35844737968749996 0.045925256250000004 0.3222038578125
0 0.059634532812499995 0.21595781406249998 0.033706046875 0.2116648890625 0.029056040625 0.21155665781250002 0.002735071875 0.21558774687499999 0.0029692390625 0.23571209531249998 0.0327584875 0.23459682499999998 0.060372875000000006 0.2213836515625 0.0603393328125 0.2185011046875 0.059634532812499995 0.21595781406249998
0 0.071849378125 0.13371550000000001 0.0718428484375 0.1331543546875 0.0570348 0.1309656171875 0.040783571875 0.11654293281250001 0.022392590625 0.11611487812500002 0.0014065203125 0.12087612031249999 0.001685903125 0.1448862203125 0.021981465625 0.1453586046875 0.071849378125 0.13371550000000001
0 0.0421701921875 0.011916059375 0.014972953124999999 0.011283037499999999 0.014035384375000001 0.0450291546875 0.020451684375 0.073626075 0.042732523437499996 0.071435375 0.047553440625 0.059396028125 0.04722011875 0.030750525 0.0421701921875 0.011916059375
0 0.17653235312499999 0.0087950671875 0.171942778125 0.008688243750000001 0.15351211250000002 0.01936965625 0.1278376625 0.02485561875 0.125412140625 0.038328721875 0.1254208078125 0.039073515625 0.1334819421875 0.04425155 0.172836340625 0.050237154687499994 0.21210812968749998 0.04912336875 0.21902538124999998 0.0287576890625 0.218988625 0.0255988796875 0.17653235312499999 0.0087950671875
0 0.1699538484375 0.1073862015625 0.1621201078125 0.10720386875000001 0.1561137515625 0.1138373015625 0.155209921875 0.12329879218749999 0.16241968125 0.1329491265625 0.1702077515625 0.129206628125 0.1699538484375 0.1073862015625
0 0.2154009828125 0.120011340625 0.1827768453125 0.1120374796875 0.15063892968749998 0.1112894609375 0.128350353125 0.118211940625 0.127101553125 0.127308190625 0.1420775078125 0.13374030625 0.185426140625 0.13373533124999998 0.21540904374999997 0.12070402499999999 0.2154009828125 0.120011340625
0 0.17574203906250002 0.2020884375 0.16823345625 0.1824603734375 0.162890403125 0.18030599687499999 0.16071488750000001 0.18025536250000002 0.1541450421875 0.19161498906250002 0.1546811203125 0.23768545 0.1639981140625 0.25415806406249997 0.1731574375 0.2570805421875 0.176252434375 0.2459516140625 0.17574203906250002 0.2020884375
0 0.18725680625000002 0.34508764531249997 0.2088072078125 0.334436071875 0.21312470625 0.3271222421875 0.213091515625 0.3242698109375 0.20863018906250003 0.319223090625 0.19544058125 0.31540221874999996 0.17974337499999998 0.3150368609375 0.1382048890625 0.3206256953125 0.1287906015625 0.3264901203125 0.1261985859375 0.33656903125 0.1289558203125 0.340688903125 0.1452513859375 0.3441099578125 0.18725680625000002 0.34508764531249997
0 0.1972280671875 0.43765854062500004 0.1958799421875 0.42204323125 0.1875140796875 0.4001741671875 0.18569735625 0.399527590625 0.178693025 0.3993645625 0.1637093875 0.44567809062499997 0.161964796875 0.47002112343749997 0.1713763921875 0.49462381874999994 0.1926587984375 0.493764525 0.1974356984375 0.45550232343749997 0.1972280671875 0.43765854062500004
0 0.18160815 0.571976240625 0.181056228125 0.5245441859375 0.17617161875 0.5117754078125001 0.17167763281249998 0.511670809375 0.1625549859375 0.5142805140625 0.1576416625 0.5277126203125 0.1578151 0.5426177703125 0.1665278359375 0.5942971296875 0.1775894203125 0.5864267125 0.18160815 0.571976240625
0 0.1858021671875 0.6639201078125 0.1838926453125 0.6160075578125 0.178742815625 0.6091144625 0.175192871875 0.608601390625 0.16747516875 0.608421759375 0.16574743593750002 0.62506775 0.1529412609375 0.6572812 0.16960991718750001 0.695599271875 0.178769240625 0.69852175 0.18609118281249998 0.688757946875 0.1858021671875 0.6639201078125
0 0.2271366484375 0.772223609375 0.1903411484375 0.7511029609375 0.17719886093749998 0.750797071875 0.1308480765625 0.762885 0.1268656453125 0.769889775 0.13919058281250002 0.7813298078125 0.15948038125 0.7787602859375 0.1825982203125 0.7863958265625001 0.2271366484375 0.772223609375
0 0.2473712671875 0.8760546343750001 0.2283656734375 0.8725704999999999 0.2024315953125 0.8557440906249999 0.1672052484375 0.850537384375 0.1597225859375 0.8503632234375 0.14687604062499998 0.8544510203125 0.1388875734375 0.8664321781250001 0.1674844734375 0.8792648671875 0.2094780921875 0.8792283546874999 0.240690609375 0.8840105296875 0.2473712671875 0.8760546343750001
0 0.25577534062499996 0.9752805234374999 0.262803653125 0.97191755625 0.262771628125 0.9691652718749999 0.25691793125 0.957056484375 0.186445175 0.9447098078125 0.17352900468750002 0.94440918125 0.1539133 0.9526311765625 0.1500488796875 0.9697779421874999 0.1555279390625 0.9749750890625 0.21526655 0.9865047609375001 0.2505087015625 0.9883389546875 0.25577534062499996 0.9752805234374999
0 0.40840356718750004 1 0.407670234375 0.9369775640625001 0.406924446875 0.9298726203125 0.399620084375 0.9120922031250001 0.39292392187499997 0.9042154265625 0.383503359375 0.9039961609375 0.379257275 0.9048450234375001 0.3707759328125 0.9601881265625 0.3731985078125 0.9941106765625 0.376086734375 1 0.3901620375 1 0.3914698515625 0.9958905937500001 0.40158030624999996 0.9934166234375 0.404501609375 1 0.40840356718750004 1
0 0.37277169374999997 0.8256480625 0.369476825 0.8038970296875 0.35451611562499996 0.825223159375 0.348771640625 0.8422933203125 0.348790725 0.8439333281250001 0.35646056718749997 0.9051925640625 0.3626403625 0.9134642796874999 0.37073818593749996 0.9122981125 0.3835916625 0.8841497015625001 0.384227453125 0.8516529828125 0.37277169374999997 0.8256480625
0 0.4055246515625 0.7525866406249999 0.4054902046875 0.7496262546875 0.4046029203125 0.7452251296875 0.3790733421875 0.7336266765625 0.3779998484375 0.733601690625 0.348988359375 0.7388610640625 0.3259059234375 0.7342681203125 0.31116599375 0.74811998125 0.3208517109375 0.7655821281249999 0.3844783390625 0.7619934328125 0.4055246515625 0.7525866406249999
0 0.396715365625 0.6667412578125 0.3966627640625 0.662220671875 0.3932707546875 0.6492057453125 0.381016625 0.64385090625 0.3722648734375 0.633495290625 0.3620468359375 0.6332574640625 0.3240352484375 0.6364411046875 0.30519487343749996 0.64715575625 0.30935432500000004 0.6553639609374999 0.3474127171875 0.6663890203125 0.39219897187499997 0.6735149781249999 0.396715365625 0.6667412578125
0 0.362622365625 0.5562574234375 0.35715719687499997 0.5222640578125 0.3481881828125 0.5064066765625 0.3467108953125 0.5063722921875 0.337761284375 0.5109754390625 0.3339567609375 0.5325612343749999 0.3343982375 0.5705016140625 0.34889659375000004 0.5965773515625 0.35602752031249996 0.59945261875 0.362622365625 0.5562574234375
0 0.35975562499999997 0.44380900937499995 0.3587280515625 0.42664206250000003 0.3524851890625 0.41295029375 0.34505206875 0.40948492031250006 0.3429955890625 0.4094370546875 0.329505490625 0.4422176578125 0.3286647265625 0.457099203125 0.3371409609375 0.48845335937499995 0.345238784375 0.48728719375 0.3600611984375 0.470070015625 0.35975562499999997 0.44380900937499995
0 0.3503596890625 0.3429096921875 0.34990244531250003 0.3036143 0.34175120625 0.279755715625 0.3412663796875 0.27974443125000004 0.32974460625 0.3139822953125 0.3281734515625 0.3532304765625 0.33445874062500003 0.3748726671875 0.3353104328125 0.374892490625 0.3466497671875 0.3726255671875 0.3503596890625 0.3429096921875
0 0.3478068578125 0.23809533906250002 0.34931688437499997 0.2179286765625 0.349101734375 0.1994387453125 0.3391692484375 0.1734743953125 0.3375888109375 0.17343761093750001 0.3298559640625 0.1767184328125 0.322977309375 0.19552338125 0.324559121875 0.24432747500000002 0.3390109171875 0.27031947343749996 0.339079721875 0.270321075 0.3478068578125 0.23809533906250002
0 0.3493764890625 0.14192228125 0.37897436562500003 0.124360546875 0.37940506875 0.11880983125 0.37929294687500004 0.109174059375 0.3218985765625 0.10883715468749999 0.2853958203125 0.1150850140625 0.28005837499999997 0.12205825156250001 0.284217825 0.13026645625 0.3100456921875 0.1379650765625 0.3493764890625 0.14192228125
0 0.333071734375 0.08413119999999999 0.343166421875 0.0803022171875 0.3460032296875 0.06739845156249999 0.34555495625 0.028873878125000002 0.34131657187500003 0.0084628921875 0.34104170312500004 0.007937834375 0.3170662375 0.0073797984375 0.319508740625 0.051304 0.333071734375 0.08413119999999999
0 0.5703788875 1 0.5759986687499999 0.9880399046875 0.57962975625 0.9515489625000001 0.584669215625 0.9489569640625 0.587276340625 0.9341648687499999 0.5872553843749999 0.9323638859375001 0.5720415875 0.9093783015625 0.56244390625 0.9065989703125 0.5560461828125 0.9064500625 0.542913628125 0.9330839781250001 0.5433866390625 0.9737343859375001 0.5487099046874999 0.99553263125 0.5531178078125001 1 0.5703788875 1
0 0.7543900421874999 1 0.7560428765625 0.9972242046875 0.7628269265625 0.9702891765625001 0.7718285796875 0.9596615187499999 0.771887296875 0.958734253125 0.7717037203125 0.942957690625 0.7663634109374999 0.9256681531250001 0.76501810625 0.8971892625000001 0.754919821875 0.8954581296875 0.7460184734374999 0.8952509484375 0.7387750734375 0.9074156203125 0.7332574937499999 0.9560544734375 0.7395318890625 0.9724562703125 0.7426562265625 1 0.7543900421874999 1
0 0.9797017140625 0.9637359640625001 0.9792799375 0.9274885171875 0.9779700218749999 0.902319809375 0.9770249421875 0.89906560625 0.9573867640625 0.8986085234375001 0.9577175812500001 0.9045577203124999 0.94203828125 0.9488176578124999 0.9420396921874999 0.94893895 0.9502662046875001 0.9612794453125 0.9484112453125 0.97613738125 0.9567613421875001 0.9966514312499999 0.9668875625 0.9955324750000001 0.9779333781249999 0.9863070421875 0.9797017140625 0.9637359640625001
0 0.9752623265624999 0.8566377968750001 0.971920159375 0.8308217234375 0.9748262140625 0.8132256421875 0.97473018125 0.8049726093749999 0.9683572515625001 0.7860354593750001 0.9687714421875 0.7770315125 0.9491434578125 0.776574665625 0.9450306796874999 0.785492528125 0.940306559375 0.81518479375 0.94068496875 0.8477051203125001 0.951189596875 0.879106490625 0.962330015625 0.8780111390625001 0.9752623265624999 0.8566377968750001
0 0.55744685 0.9017964328125 0.557631153125 0.901800721875 0.5754900046875 0.8609614999999999 0.5753850484374999 0.8519415578125 0.5729678453125 0.83327024375 0.5553322875 0.79899360625 0.5472502312499999 0.8015147875 0.538437784375 0.8284026078125001 0.5409234265625 0.8677452109375 0.55744685 0.9017964328125
0 0.5544349234375 0.7822985250000001 0.571440434375 0.7814313578125 0.571189696875 0.7598830953125 0.5690172234374999 0.7284520671875 0.559621396875 0.7052043859375 0.5502470265625 0.6938726375 0.5398186296875 0.6936299140625 0.5294004046875 0.7221113906250001 0.5285438765625 0.7356379203125 0.537876634375 0.753465546875 0.5412188046875 0.7792816234375 0.5495688999999999 0.799795671875 0.5544349234375 0.7822985250000001
0 0.7329242578125 0.8918220234374999 0.7411981984375 0.88955023125 0.750136784375 0.8735025203125 0.7581156484375 0.849158065625 0.7578922484375 0.8299591218750001 0.746321603125 0.807036040625 0.7399368374999999 0.7811491484374999 0.7341855796875 0.77469561875 0.73347624375 0.774679109375 0.725801121875 0.7862387234375 0.71998396875 0.8091323203125 0.7134994921875 0.8618126078125 0.7249394828125 0.8864625140625 0.7317781937500001 0.8917953484375 0.7329242578125 0.8918220234374999
0 0.7663003609375 0.747083325 0.7662687125 0.7443633593750001 0.73034421875 0.73063834375 0.7025782421875 0.73100600625 0.6775362671875 0.724952709375 0.6739174375 0.7248684812499999 0.6626407484375 0.733118225 0.66003693125 0.7421829359375 0.7062962125000001 0.75948241875 0.7334200859375 0.7621415828125 0.763159578125 0.7567502312500001 0.7663003609375 0.747083325
0 0.7295396515625 0.652580728125 0.745752609375 0.6489023921875 0.7665645078125001 0.6355394624999999 0.7665474640625 0.634074665625 0.7482738171875 0.6327382890625 0.716363684375 0.6196352046875 0.704384171875 0.619356378125 0.6776951015625 0.620956309375 0.6548368875 0.6356331390625 0.656262709375 0.6417498734375 0.672210346875 0.6529732140625 0.681096815625 0.6531800484375 0.7295396515625 0.652580728125
0 0.587034628125 0.6449030140625001 0.562751821875 0.643381934375 0.54635004375 0.630833090625 0.5048712109375 0.6272092765624999 0.4977957046875 0.6270445921875 0.478646571875 0.633312971875 0.478764584375 0.643454959375 0.49646237031249996 0.6509643484375001 0.5479882875000001 0.6552053984375 0.587040009375 0.645365475 0.587034628125 0.6449030140625001
0 0.50899515 0.5294252546875 0.4826520078125 0.495477665625 0.482131840625 0.49546555937500003 0.47459122656249997 0.535397728125 0.47783879531249995 0.553083721875 0.49138601875 0.58455590625 0.5025895078125 0.5888806109375 0.5095627625 0.5782057421875 0.50899515 0.5294252546875
0 0.6523198671875 0.5362844546875001 0.6645739953125 0.5416392937500001 0.7079698328124999 0.5456911140625 0.73633070625 0.5382398296875001 0.7466100078125 0.531588621875 0.7465931328125001 0.5301383703125 0.7158638875000001 0.52559636875 0.7048585625 0.5111452796875 0.6967166796875001 0.5099418515624999 0.6873259953125 0.517834671875 0.654947284375 0.5292481390625 0.6523198671875 0.5362844546875001
0 0.955117240625 0.564369184375 0.95741565625 0.525166871875 0.9573597234375001 0.5203600859375 0.9431990953125 0.48589002031249995 0.9425919875 0.4858758890625 0.938022875 0.489465746875 0.92532706875 0.5311642921875 0.9296676703125 0.555648959375 0.9390634984374999 0.578896640625 0.9512338828125 0.579179909375 0.955117240625 0.564369184375
0 1 0.6280548859375 0.9619838578125 0.6159796156249999 0.9369827921875 0.615397709375 0.904319384375 0.62007938125 0.8922304734375001 0.6289233265624999 0.8910052734375 0.6400479734375 0.9047088265625 0.653547940625 0.9128389078125 0.6537371703125 0.9316792828124999 0.6430225203125 0.95476171875 0.647615465625 0.991181865625 0.6342682171875 1 0.6331514781250001 1 0.6280548859375
0 0.9463175843749999 0.7543479671875 0.9576787421875 0.7722228062500001 0.9581410953124999 0.7248209375 0.9720357546875 0.7076587078125 0.9720321953125 0.7073527375 0.9486939328125 0.6656567484375 0.9451146921875001 0.665573440625 0.9351665062500001 0.6673910421875 0.926227921875 0.683438753125 0.9284455250000001 0.6997461265625 0.9235795015624999 0.717243275 0.9358444875 0.7256566249999999 0.9463175843749999 0.7543479671875
0 0.7124971515625 0.41907242812499995 0.71137014375 0.3744150828125 0.7017807921875 0.3724876453125 0.69577323125 0.3723478171875 0.6814014234375 0.41300230468750004 0.68390283125 0.453699921875 0.697418521875 0.48246208125 0.7065147765625001 0.47996450625 0.7128656375 0.450740159375 0.7124971515625 0.41907242812499995
0 0.517517559375 0.44313656874999996 0.5098131828125 0.4242088828125 0.511605071875 0.403930890625 0.503818875 0.38974910625 0.5018837546875 0.38970406562500004 0.4882154328125 0.3979679046875 0.48986031093750004 0.45219205156250003 0.5033205328125 0.4834621171875 0.5035456546875 0.48346735625 0.5177512234375 0.46321766093749994 0.517517559375 0.44313656874999996
0 0.511499953125 0.328718465625 0.5111791875 0.3011518578125 0.5017113734375 0.2764022015625 0.49730803906250004 0.27556595625 0.49317604218750005 0.2754697828125 0.48561032812500005 0.2868646171875 0.48012428281249997 0.3382134984375 0.47945695781250003 0.3680001890625 0.48764938437499994 0.37496410468749997 0.5107552171874999 0.3565368453125 0.511499953125 0.328718465625
0 0.53220290625 0.22850214218749998 0.5228376296875 0.21547680625 0.499067546875 0.203751375 0.49081291250000003 0.203559246875 0.44690966562499995 0.20965386718749998 0.440240809375 0.21862396718750002 0.4457788765625 0.2288921078125 0.505517484375 0.24042177968749998 0.5322086609375 0.22899665468750002 0.53220290625 0.22850214218749998
0 0.50445090625 0.134065153125 0.5060209109375 0.126339765625 0.5059869375 0.123420103125 0.4898171984375 0.07232161875000001 0.47603813125 0.07200090625 0.470462034375 0.08857071562499999 0.46587981875000006 0.1304581078125 0.481408140625 0.157912465625 0.48945866406249994 0.15268125625 0.49337355625 0.14058055625000002 0.50445090625 0.134065153125
0 0.4796342953125 0.07250008125 0.4865151640625 0.07380683906249999 0.48783911093750004 0.0738376546875 0.495784775 0.0521157 0.4953125 0.011528526562499999 0.47384939375 0.011028967187499999 0.4744713265625 0.064477809375 0.4796342953125 0.07250008125
0 0.6662337171875 0.054612268750000005 0.67761064375 0.073842121875 0.68194186875 0.075315265625 0.68125 0.0158562703125 0.65960503125 0.015352478125 0.6580570609375 0.04900336875 0.6662337171875 0.054612268750000005
0 0.7277330890625 0.1175111140625 0.7277293171875 0.1171868921875 0.69975586875 0.1135492515625 0.6469339453125 0.1143476578125 0.6375550609375 0.12325467812499999 0.6431049296875 0.13453701875 0.6972700656249999 0.132755953125 0.7277330890625 0.1175111140625
0 0.660237228125 0.22823897187500003 0.6725031578125 0.2346080109375 0.7213214375 0.237717909375 0.721114221875 0.21990978125 0.693852940625 0.206715059375 0.661285409375 0.20190134375 0.6329245359375 0.209352628125 0.6330425484375 0.2194946171875 0.6385216078125 0.2246917640625 0.660237228125 0.22823897187500003
0 0.70479405625 0.3660416125 0.704904425 0.3755267078125 0.7127972765624999 0.3567453640625 0.7196236984375 0.36030365625 0.7194612703125001 0.34634463125 0.7163810609375 0.31618938124999996 0.7057187625 0.2712378765625 0.6991262375 0.2693287890625 0.6949443578125 0.2692314546875 0.6895704171875 0.2776352515625 0.6817406328125 0.30183665 0.6747358421875 0.309801490625 0.6870638984374999 0.32363489375 0.697615828125 0.3591013046875 0.70479405625 0.3660416125
0 0.9595651140625 0.44140169531250006 0.9594438796875 0.4309829328125 0.9470365609375 0.38435791406250003 0.9415826765625 0.378069096875 0.9378415734375001 0.3779820203125 0.928812515625 0.3866430375 0.9211246359375 0.4230395578125 0.9213453749999999 0.44200974843749996 0.9350502687500001 0.48703206874999994 0.9530851109375 0.468486784375 0.9595651140625 0.44140169531250006
0 0.94714758125 0.3139534296875 0.9470682625 0.307136821875 0.92807034375 0.257474678125 0.9267821265625 0.25744469375 0.915640075 0.2972397640625 0.9149096812499999 0.32160639999999996 0.927663446875 0.37202517031250004 0.9398496 0.3736634515625 0.9468228546875 0.362988584375 0.94714758125 0.3139534296875
0 0.94604389375 0.2455963640625 0.9489968734374999 0.204392153125 0.948891646875 0.1953489203125 0.9353383187500001 0.1623571546875 0.9338898515625 0.1623234421875 0.9208832375 0.1745691203125 0.9117081468749999 0.170291628125 0.91531835625 0.2191429328125 0.9289759515625 0.2601002140625 0.938151040625 0.26437770625 0.94604389375 0.2455963640625
0 0.9843547140625001 0.11466648906250002 0.99153318125 0.10110598906249998 0.99151134375 0.09922919218750001 0.9734009968749999 0.0898254625 0.9606712703125 0.089529175 0.91229116875 0.09169678437499999 0.8921193828125 0.1044082953125 0.8922373953125 0.11455028281249999 0.9194556796875 0.1253230375 0.9547450375000001 0.1312140265625 0.9843547140625001 0.11466648906250002