0 0.8887954062500001 0.2667156390625 0.8875050640625 0.29133685 0.8835693234375 0.311847 0.8828609249999999 0.325364040625 0.8822820921875 0.3501239109375 0.9263429859375 0.348585271875 0.925449165625 0.3372736453125 0.930328028125 0.304965225 0.9314338578125 0.27373379999999997 0.9290784234375 0.22749945781249997 0.9244044453125 0.21537460312499998 0.928042590625 0.206740425 0.92332839375 0.198583446875 0.9207194921875 0.1986745515625 0.91939706875 0.1994804390625 0.8887954062500001 0.2667156390625
0 0.8390553125 0.3577127046875 0.8389879796875 0.3589974828125 0.8498528500000001 0.372626759375 0.8608819671875001 0.37861290937500003 0.8786792562500001 0.3817080046875 0.90970624375 0.38487205 0.9608983609375 0.38202249843749997 0.9702007984375 0.3848832984375 0.977895496875 0.38234924531250003 0.980191540625 0.338538121875 0.9727096812499999 0.3370109578125 0.9394821140625 0.33976411562500003 0.9172631687499999 0.3360436078125 0.9090506359375 0.3363303953125 0.8529733531250001 0.3491563640625 0.8390553125 0.3577127046875
0 0.9675072109375 0.387582290625 0.9620484062499999 0.38352538593749996 0.9127502281250001 0.3863087984375 0.8997724265624999 0.38500325156250004 0.8467026359375 0.38685648906250003 0.8361014359375 0.3879235515625 0.8053523828125 0.39749239375 0.80063105625 0.40641779843750003 0.8004260828125 0.4103289390625 0.814570359375 0.4200009765625 0.8330637296875001 0.42785023750000006 0.85935586875 0.43117962656250003 0.9114113265625001 0.42989274999999993 0.975997690625 0.42307057812500004 0.9778046484375 0.38859176875 0.9749993390625 0.388913484375 0.9675072109375 0.387582290625
0 0.9408419609375 0.48786587812500004 0.9071970765625 0.4805457203125 0.8769121312499999 0.4793799765625 0.8540985546875 0.48017664375 0.8209670796875 0.48461882031250003 0.8005789406250001 0.4948877359375 0.798808678125 0.500710265625 0.7987068749999999 0.5026527828125 0.8221075250000001 0.5169664234375 0.8379829984375 0.5206595703125 0.8974748296874999 0.5217677187499999 0.9410633125000001 0.5197146328125 0.9711190328124999 0.5161609234375 0.97280779375 0.4839374484375 0.9569125703125 0.48783562187499996 0.9408419609375 0.48786587812500004
0 0.9343217578124999 0.572148234375 0.9176108234375 0.56636049375 0.8941038375 0.563995728125 0.8623528921875 0.55660943125 0.8423934375 0.557007778125 0.79082726875 0.5588085078125 0.7843724187500001 0.5678525203125 0.7842273734375 0.5706201421875 0.7974842234375 0.5859527078125 0.833551871875 0.60115238125 0.8871946265625 0.6056504328125001 0.9002570656250001 0.608910871875 0.9627849421875 0.6061964093750001 0.96642350625 0.6057569109375 0.9679427468749999 0.5767680609375 0.9438472078125001 0.5707537140625 0.9343217578124999 0.572148234375
0 0.874378878125 0.56999530625 0.8639467249999999 0.59682623125 0.8598759234375001 0.6035850421875 0.852762515625 0.60761439375 0.8334809734374999 0.6723954109375 0.82999813125 0.7388519984374999 0.8613393015625 0.737757540625 0.8627009046874999 0.7320385734375 0.863544590625 0.7159400890625001 0.86776428125 0.7063403671875 0.8762392890624999 0.696592046875 0.8748064296875 0.6834087703125 0.8922171046875 0.6449913109375001 0.8993585109375 0.620165775 0.9003370828125 0.6116244734375 0.8979752812499999 0.6060355296875 0.9006984828125001 0.59459759375 0.8996486515625 0.5842366515624999 0.9027688843749999 0.5652229578125 0.9056765999999999 0.5603952359375 0.912009953125 0.56111930625 0.909314746875 0.551761059375 0.9085594234375 0.5515779296875001 0.8983118093750001 0.551935784375 0.8813077734375 0.559355740625 0.874378878125 0.56999530625
0 0.81670736875 0.700719503125 0.8042016265624999 0.704872803125 0.781390725 0.707262203125 0.7653758703125 0.706228628125 0.7645404046875 0.7041340375 0.7588864640625 0.7038005359375 0.7511434453125 0.707256578125 0.750359940625 0.7109341609375 0.7502397234375 0.7132280421875 0.7536219625 0.7140722640625 0.757604978125 0.710216584375 0.763314671875 0.7094862546875 0.7674919906250001 0.719959209375 0.774816859375 0.7244818921875 0.8174854187499999 0.7399819984375 0.8417721140625 0.7455051859374999 0.9590857421875001 0.7435152796875 0.9612532421875001 0.7021569203125 0.9440465015624999 0.7058296687500001 0.9082010359374999 0.7044267125 0.8571096875 0.6921825921875 0.827854459375 0.6932042078125 0.820857640625 0.6936723328125 0.81670736875 0.700719503125
0 0.7488889953125 0.7985208874999999 0.7485285796875 0.8053980375 0.7587215656249999 0.8124586781250001 0.7876037265625 0.8204760953125 0.8631104125 0.8226178171875 0.897201321875 0.8214273359375 0.9324622124999999 0.8159484671874999 0.9474464687499999 0.8186108531249999 0.950510390625 0.814256328125 0.9553584875000001 0.8119300796875001 0.9570409484375 0.7798268 0.9413768734374999 0.7720999625 0.9318514234374999 0.77349448125 0.9267263031249999 0.7811066359375001 0.9021329671875 0.7814345125 0.8993756875000001 0.779937975 0.8898502374999999 0.78133249375 0.814399303125 0.7781269421875 0.7875824375 0.7741522 0.7822760578125 0.774337503125 0.7813111171875 0.7782205249999999 0.7488889953125 0.7985208874999999
0 0.8464618140625 0.78093053125 0.84180946875 0.7886548859375 0.8397746968750001 0.8274806437500001 0.8339452609375 0.8475341828125 0.8265129640625 0.8946320906249999 0.8262234609375 0.9001561468749999 0.828095459375 0.9186312093750001 0.8246914546875 0.9329286281250001 0.8286706328125 0.9583110609375 0.836856653125 0.9627076406249999 0.8370338859374999 0.9627014515625 0.84999685625 0.956621096875 0.8698189624999999 0.9228456125 0.87919365625 0.8554064406249999 0.881093540625 0.8090234984375 0.8801213375 0.776919403125 0.878005253125 0.7631963640625 0.8455807656250001 0.7643286515625001 0.8470077296875 0.7705138625 0.8464618140625 0.78093053125
0 0.8845013453125 0.8237954921874999 0.8522430890624999 0.824921975 0.8536761046875 0.837709553125 0.8349750859375 0.9007482250000001 0.81198091875 0.9636020453125 0.8116547203125 0.9698262718749999 0.8633856046874999 0.9680197906249999 0.8786773640625001 0.9077292390625 0.8845013453125 0.8237954921874999
0 0.6456891609375 0.9213417046875 0.640284753125 0.9130233000000001 0.638703009375 0.902680934375 0.6415178375 0.8591017531249999 0.6451559859375 0.850467575 0.6456026421875001 0.8419448484375 0.6365308296875 0.792164103125 0.6280978171875 0.770718146875 0.62691961875 0.7704048265625 0.624453971875 0.7704909296875 0.6153178609375 0.781562034375 0.6036729921874999 0.81127101875 0.59553358125 0.8677841171875 0.5953476515625 0.8713318578125 0.595497015625 0.8862302234375001 0.598568878125 0.939056203125 0.6034769984375 0.9568443046875 0.605243259375 0.9737968828125 0.6066926671874999 0.9769837046875001 0.6447839937500001 0.9756535265625 0.6435971296874999 0.9308671265624999 0.6456891609375 0.9213417046875
0 0.5845802359375 0.7097978953124999 0.5805450609375 0.726007828125 0.5743890484375 0.7355710140625 0.5741765140624999 0.739626403125 0.582743978125 0.7448357750000001 0.5878009859375 0.759782965625 0.584440240625 0.8137788140625 0.5762490062500001 0.8282434078125 0.569355740625 0.8483340953124999 0.568068203125 0.8561799375 0.5666981640625 0.8823218328125 0.5670231968749999 0.8928416703125001 0.5743567484375001 0.904873653125 0.582583615625 0.89986018125 0.5902149390625 0.9062103453124999 0.596619546875 0.9258366609375001 0.5983361781250001 0.9437362109375 0.6072794734375 0.9453143781250001 0.615988628125 0.9412293 0.626470409375 0.9134514078124999 0.627413353125 0.8954589828125 0.6332427859374999 0.8754054437500001 0.6344122421875 0.8328289578125 0.6308084640625 0.780021553125 0.6177931015625 0.714309496875 0.6134525265625 0.7059539421875 0.6119204078125 0.69466460625 0.60472654375 0.6869592421874999 0.5965617875 0.6872443625 0.594764246875 0.68770181875 0.5845802359375 0.7097978953124999
0 0.5977504484375 0.6383487015625 0.5908193296875 0.6601402734375 0.5907975609375 0.6605556359375 0.5989644249999999 0.70636334375 0.5973406796875 0.727215253125 0.59880916875 0.749849653125 0.588469903125 0.8154320328125 0.60142800625 0.8518437562500001 0.6087119296875 0.8648227078125 0.617853740625 0.86261299375 0.6337182984374999 0.8233042890625001 0.6411078484375 0.79374390625 0.6497813734375 0.78020770625 0.6470009109375 0.7623453078125 0.647362309375 0.745318428125 0.62168661875 0.63751283125 0.6149092109375001 0.62733731875 0.6107631796875 0.6274821015625001 0.603516253125 0.6296402234375 0.5977504484375 0.6383487015625
0 0.6189809734375 0.5717700734375 0.61687494375 0.5916935875 0.6213364078125 0.618004415625 0.6145996593749999 0.6655015 0.607870153125 0.691907734375 0.6060158078125 0.7272907421875 0.6100198296875 0.7630208046875 0.606367684375 0.782053071875 0.609360659375 0.785729503125 0.6185024703125 0.7835197890625001 0.630615625 0.76513729375 0.6472602421875 0.7210751656250001 0.6545632734375 0.612117925 0.6487402078125 0.591526065625 0.6487682078125 0.57072988125 0.63856744375 0.5578869765625 0.6302949609375 0.5581758578125 0.6250305515625 0.567777871875 0.6189809734375 0.5717700734375
0 0.6891379453125 0.557066753125 0.6598376375 0.557028059375 0.6347146484375 0.5674623203125 0.6175298109375 0.5707171359375 0.5919616296875 0.571609996875 0.5755843796875 0.577491315625 0.5673125406249999 0.5730017015625 0.55887344375 0.571703578125 0.55121405625 0.5735638734374999 0.5462840718749999 0.577452625 0.5455639390625 0.59119358125 0.5218005812500001 0.6117569140625 0.5279833453125 0.6200360703125 0.5389845875 0.6265541375 0.554943690625 0.6286515390625 0.570150959375 0.6270586078125 0.6477475515625 0.6073587484375 0.7027841296874999 0.58526105625 0.7295780453125 0.5790159781249999 0.748128 0.5677493703125001 0.7484903953125001 0.5608344765625 0.741444290625 0.55099264375 0.7292355828125 0.550041853125 0.726542634375 0.55013589375 0.711948846875 0.55467735625 0.6891379453125 0.557066753125
0 0.6013142953124999 0.4120788984375 0.6037969859375 0.435623115625 0.600223728125 0.503804934375 0.5956566375000001 0.5200334437499999 0.59347935 0.5210547125 0.5836783671875 0.5459731234375 0.5822523453125 0.5557706718750001 0.581823134375 0.5639604796875 0.5831680828125 0.5658409109375 0.5939552671875 0.5626285046875 0.5981965859375 0.572877996875 0.5980197015625001 0.596515090625 0.60138170625 0.6134119453125 0.6111266890625 0.630085903125 0.6154812671875 0.6280433640624999 0.6235236171875 0.6164196796875 0.630998425 0.595363446875 0.63735214375 0.5450440296875 0.6404583765625 0.536428428125 0.6407205171875 0.5212954875 0.637557028125 0.5006107546874999 0.6339812484375 0.42700716562499996 0.6299524421875 0.402571703125 0.6250002859375 0.393038865625 0.6221193421875 0.3931394703125 0.6073778734374999 0.397688603125 0.6013142953124999 0.4120788984375
0 0.6671265796875 0.4278090609375 0.6641259749999999 0.393885325 0.6574515937500001 0.35914464375 0.64286211875 0.313337525 0.6346988796875 0.307005934375 0.633977678125 0.30694514375000004 0.6257576031250001 0.3072321953125 0.6223159515625001 0.310274065625 0.61889409375 0.33275984531249997 0.618598428125 0.33840148124999997 0.6229763828125 0.358458071875 0.61779338125 0.43709370468750003 0.624410503125 0.44253405 0.626807934375 0.4575741171875 0.62595025 0.48407069375 0.63146154375 0.5207424625 0.6393626390625 0.5422069921875 0.64689470625 0.5504510984375 0.6594545187499999 0.5235458734375 0.6641704953125 0.50447645625 0.66761959375 0.47437157343749997 0.66791685625 0.4686994765625 0.6663185234375 0.45335866718749995 0.6671265796875 0.4278090609375
0 0.686672440625 0.2592268359375 0.686757696875 0.26773098906250004 0.68150980625 0.28681898281249996 0.6781630625 0.3304167375 0.6682348250000001 0.378025271875 0.6645716328125 0.41349127656249995 0.66400461875 0.42431055312500005 0.664328165625 0.44243778437500003 0.669966715625 0.45641943124999995 0.67394385625 0.4817888640625 0.6819347046875001 0.4815098171875 0.6950519734375 0.464050565625 0.700285865625 0.45536066406250003 0.7082073296875 0.42578170625 0.7090866453125 0.41913434218749995 0.7072071296875 0.41447379218749997 0.7112919328125 0.39731689062500003 0.7138446203125 0.3688706484375 0.7154111046875 0.31871840625000003 0.7128787859375 0.29612115625 0.71919050625 0.27699601406249996 0.7191052484375 0.2684918609375 0.7134310703125 0.245059090625 0.7095231515625 0.238578903125 0.69571589375 0.234605378125 0.6946858875 0.234641346875 0.6908565 0.24017599375 0.686672440625 0.2592268359375
0 0.6772433453125 0.177447221875 0.6768853234375001 0.17853206562499999 0.6766008984375 0.18395920937500002 0.6777116328125 0.188773709375 0.6873713578125 0.1969435140625 0.688272303125 0.210145365625 0.6761387796875 0.2795713515625 0.6751398390625 0.3391561421875 0.6864029390625 0.377517528125 0.68826845625 0.39257616875 0.6939210046875 0.3961597234375 0.6950700921874999 0.4046267265625 0.707304134375 0.40419950312499997 0.7099280796875 0.3946555078125 0.723026178125 0.3270863109375 0.7257061203124999 0.2759499484375 0.7245990328125 0.2362886703125 0.7108672406250001 0.16398497343750001 0.7058556 0.1578289109375 0.6945248546875 0.1582245890625 0.686101384375 0.1705212359375 0.6772433453125 0.177447221875
0 0.6735256390625 0.15286061875 0.6655155421875001 0.216922140625 0.664920178125 0.2282823765625 0.6665483796875 0.23533985624999998 0.6663218671875 0.25992391875 0.6685207859375 0.2787518625 0.6829473765625 0.3377979828125 0.7006990828124999 0.333397134375 0.709954146875 0.318895390625 0.7148686390625001 0.2960380921875 0.7171451828125 0.2931228859375 0.7072513140625001 0.2792898375 0.7113361171875 0.26213293437499996 0.7092720875 0.2508621703125 0.712824975 0.2337238421875 0.7111083453125 0.2158242921875 0.7123986875 0.1912030796875 0.7142069453125 0.176961384375 0.7212490953125 0.1540297890625 0.7218446375 0.1426661515625 0.7189012921875 0.138042753125 0.7085111359375 0.1336794015625 0.7045179593750001 0.118695059375 0.7034325015625 0.09888299687499999 0.7023833125000001 0.098683828125 0.6928059375 0.099018278125 0.6861630812499999 0.1042122421875 0.6735256390625 0.15286061875
0 0.3919742625 0.132772853125 0.3853386671875 0.1467477515625 0.3851978734375 0.149434228125 0.39204552187499997 0.151675096875 0.3949392390625 0.157245465625 0.39612395624999996 0.175163590625 0.3920531515625 0.18192240312500002 0.397556815625 0.1883468671875 0.4040110515625 0.20702621250000003 0.4040823109375 0.22592845625 0.3993167046875 0.2459448453125 0.38698340625 0.24826600625 0.37954051718750004 0.257383034375 0.37949580156249996 0.258236259375 0.3857566921875 0.2615421578125 0.40219642499999997 0.2619133046875 0.4091125796875 0.3325645359375 0.4052359421875 0.366401115625 0.4063206109375 0.3663632390625 0.42464499843750003 0.3603792296875 0.43677215468749997 0.3315986421875 0.44746645 0.2896347765625 0.44792710468749997 0.2707139578125 0.44132272187500005 0.1839828171875 0.43080405 0.1314168875 0.4179836484375 0.1179731265625 0.4167342875 0.11801675468749999 0.40799533906249996 0.12087054531250001 0.3919742625 0.132772853125
0 0.41834286875000004 0.2845258578125 0.41321460468750004 0.2506764203125 0.414540575 0.2355063328125 0.41214314375 0.220466265625 0.4014335875 0.20193551875 0.39699301875000004 0.20136707812500002 0.38929334843749996 0.2016359578125 0.3724200421875 0.2388676859375 0.3704697171875 0.2519059421875 0.3698567734375 0.263601590625 0.3784772515625 0.2651227890625 0.3797752234375 0.2707488828125 0.37343550468750003 0.310670209375 0.372428934375 0.3400076953125 0.368479015625 0.36472178125 0.367891103125 0.40633272343750004 0.37140199375 0.42038866874999997 0.3763241140625 0.42777867968749994 0.3819486640625 0.45215841718750005 0.38243858125 0.4833341171875 0.38836727187500003 0.46138664062499996 0.40702629218749997 0.42954224375 0.41018215312499995 0.4199796734375 0.4176463375 0.3635526265625 0.41886449218750005 0.3403088234375 0.41959884374999995 0.321346225 0.41834286875000004 0.2845258578125
0 0.38814739375 0.3624401109375 0.38789161875 0.3369276546875 0.38381318750000004 0.313439159375 0.376380378125 0.303301115625 0.3705454703125 0.3005479953125 0.366006996875 0.30070648125 0.35362892343749996 0.32205510937500004 0.3521184375 0.3306149890625 0.35601235625 0.34749326875 0.354118840625 0.353230809375 0.3541404703125 0.37308002500000004 0.3385813125 0.43695421874999996 0.33577285 0.439888 0.3366954265625 0.47293906718749995 0.3417524328125 0.48788625625000004 0.3446677796875 0.513305840625 0.3423772359375 0.526619140625 0.3458384984375 0.54162205625 0.35521444999999996 0.5450755859374999 0.3630582890625 0.53723978125 0.3745682703125 0.499973615625 0.38426999375 0.47694914375 0.3887874578125 0.46166760625 0.3945790953125 0.416825546875 0.394872890625 0.411219590625 0.39275774375 0.3859100296875 0.38814739375 0.3624401109375
0 0.34856920156250004 0.38971365156250004 0.34019345 0.3975680328125 0.32986041875 0.4911026890625 0.3293068734375 0.5016649515625 0.33083401874999996 0.525501815625 0.33703374375 0.5895614078125 0.3453814953125 0.6025032109375 0.355055221875 0.600274921875 0.3666860890625 0.5809640296875 0.36809731874999996 0.5742980953125 0.3671034890625 0.5223447859375 0.37344320625 0.482423459375 0.3794075265625 0.46992710156250006 0.3756612328125 0.3793152109375 0.3674356203125 0.36148257031250003 0.3662529578125 0.3615238703125 0.35812204062499997 0.369530090625 0.34856920156250004 0.38971365156250004
0 0.3578887 0.4309404078125 0.340662540625 0.475968078125 0.3345849640625 0.500756465625 0.336166709375 0.5110988328125 0.332986340625 0.5207356625 0.331380390625 0.5513790171874999 0.331373103125 0.5519114046875 0.335097771875 0.6226740828125 0.33457348593749997 0.6529399640625 0.33972974843750003 0.665993215625 0.35123336250000003 0.6693724484375 0.35965874375 0.660571096875 0.36746695156250003 0.6432841687499999 0.3654525484375 0.6310664359375 0.3704230359375 0.5666167734374999 0.375522040625 0.5503696890625001 0.37099695 0.535403921875 0.374669465625 0.4653281640625 0.372137146875 0.44273091718749996 0.373018825 0.40651717343750005 0.36717469375 0.4067212546875 0.3619735046875 0.413783503125 0.3578887 0.4309404078125
0 0.28939911406249996 0.5962622515625 0.2816561 0.59971829375 0.27313337187500003 0.6000159140625 0.2662609875 0.6035427609374999 0.26620895624999996 0.6045355906250001 0.2781740296875 0.6120515421875 0.3282510890625 0.6304785875000001 0.3426220625 0.6448431015625 0.3636226546875 0.640924096875 0.4067651125 0.64738165 0.42882334999999994 0.6593539546875 0.438293046875 0.659023265625 0.44887697343750005 0.6554680171875 0.45450303593749997 0.6563334328125 0.490933909375 0.6465661765624999 0.49277292812500006 0.62951183125 0.48093622187499996 0.6208991734375 0.36011981249999997 0.5910051890625 0.33192236249999996 0.591989865625 0.3292833484375 0.5927456984374999 0.28939911406249996 0.5962622515625
0 0.396726815625 0.62966560625 0.388569946875 0.5826886171875 0.381385959375 0.574666153125 0.3756444484375 0.5748666515624999 0.358733084375 0.58467578125 0.3572602796875 0.5932361390625001 0.356905925 0.5999976359375 0.3590384859375 0.6092412687500001 0.3587267140625 0.625321178125 0.3643652640625 0.639302825 0.3606138625 0.6602290328125 0.36166369062500003 0.6705899750000001 0.35350934375 0.7653983953125 0.370722765625 0.801661515625 0.3780703171875 0.80329540625 0.3914954453125 0.7801409125000001 0.40103245625 0.740083765625 0.4024594171875 0.7128557437499999 0.4024658828125 0.7126460156250001 0.396726815625 0.62966560625
0 0.398660528125 0.7343906312499999 0.3747911484375 0.7389407578125 0.345462965625 0.7394339796875 0.3226241875 0.74235529375 0.2678106203125 0.7601976687499999 0.24694940937499998 0.7614570984375 0.23880228906249998 0.7703694 0.23872979062500002 0.7717527484375 0.2710401390625 0.7887557265625 0.2878904578125 0.7918838906250001 0.33710500468750004 0.7906962234375 0.3542898421875 0.7874414078124999 0.40406191874999997 0.7756154421875 0.478929109375 0.7538871312500001 0.4868393859375 0.7472396 0.485809615625 0.7308163765625 0.4705565140625 0.725956653125 0.455939521875 0.7264670890625 0.408074471875 0.7351237734375 0.398660528125 0.7343906312499999
0 0.3351222 0.7720809515625 0.3307357984375 0.801756265625 0.32971310468750004 0.8212704343749999 0.3310386578125 0.8601305578125 0.33062762968750004 0.87810440625 0.328102940625 0.885754465625 0.3332095765625 0.8997546875 0.3460900515625 0.9579095609375001 0.351728603125 0.9718912078124999 0.3639626453125 0.9714639859374999 0.37296956875 0.961697090625 0.3808274046875 0.9434631921875001 0.37499034062500003 0.9332694265624999 0.3764015703125 0.9266034859375001 0.3720749921875 0.9078498421875001 0.3743795359375 0.8841384515625 0.382584775 0.8592757640625001 0.376648453125 0.8509759359375 0.3782225671875 0.8310709984375 0.3796337984375 0.8244050609375 0.385349975 0.8166435546875 0.382357 0.8129671249999999 0.3835340859375 0.8006379421875 0.3817041984375 0.795030425 0.36833506875 0.776592553125 0.36613615 0.757764609375 0.3600509421875 0.7523056875 0.35962987343749997 0.7438670609375 0.353595728125 0.7440777765625 0.350873503125 0.745064278125 0.3351222 0.7720809515625
0 0.2695263671875 0.9668896625000001 0.30347789375 0.9683587578124999 0.3202724609375 0.9725507515625 0.328823065625 0.9717212156249999 0.39642030781250004 0.9624584281249999 0.43092936249999997 0.953289225 0.45688781718750004 0.9449495562499999 0.46477021562500004 0.9388339406249999 0.467054425 0.93132099375 0.455273471875 0.92164450625 0.439342246875 0.9190151890625 0.4071174 0.9206714484375 0.3901834515625 0.9191390281249999 0.38051861875 0.9231931203125001 0.3719958921875 0.923490740625 0.308047975 0.9172287890625 0.29175435625 0.921514365625 0.280502225 0.91978353125 0.26855318437500003 0.9313505718749999 0.25610319531250003 0.934440040625 0.2457144046875 0.9342718859374999 0.23084082343749998 0.9475338765625001 0.2291833359375 0.9539099609375 0.22904018124999997 0.9566414984374999 0.24454359218750002 0.9566123109375001 0.2695263671875 0.9668896625000001
0 0.112949696875 0.89371325 0.110069978125 0.8777447875 0.1022045125 0.86573138125 0.0994573015625 0.8652465984375001 0.090612803125 0.8655554546875001 0.0856158921875 0.8682011421875 0.074851340625 0.893008909375 0.0744705515625 0.9002748015625001 0.0898304734375 0.9701395203125 0.0885234734375 0.9950785718749999 0.1124596453125 0.9942427031250001 0.11703344687499999 0.9069693703124999 0.112949696875 0.89371325
0 0 0.9623358953125001 0.0336482140625 0.964076490625 0.095256996875 0.96086318125 0.1096566765625 0.9566437421874999 0.1371187984375 0.95568474375 0.161239065625 0.946347384375 0.17201812656249998 0.9390687328125 0.17937170156249999 0.9250074625 0.1643882765625 0.9042930390624999 0.157675859375 0.9061202640625 0.1407976640625 0.903524015625 0.1390152296875 0.9014624953125001 0.114922840625 0.9102679406249999 0.1079874109375 0.9163504874999999 0.09456257812499999 0.920004940625 0.0869868203125 0.9202694921875001 0.07205831562500001 0.9165432765625001 0.0399170984375 0.9166037890625001 0.0306704140625 0.9126791578125 0.008973740625 0.911844 0 0.913110378125 0 0.9623358953125001
0 0 0.9047614812500001 0.030953896874999998 0.9032118640625001 0.0966293234375 0.8945471312500001 0.1082159703125 0.8898949859374999 0.14155504531250002 0.8850141671875 0.156929571875 0.880229746875 0.16768075625 0.8734830109375 0.171330084375 0.8579582703125 0.1458924296875 0.84802864375 0.1386061609375 0.8482830859374999 0.12428824062499999 0.8537606546875001 0.0464973421875 0.8591318781249999 0.0099557953125 0.8529747578125001 0 0.8534731656250001 0 0.9047614812500001
0 0.0364910953125 0.70542734375 0.0294133171875 0.7189078171875 0.03659798125 0.7337807093750001 0.0642524484375 0.8443529156249999 0.0650401375 0.8698467984375 0.0713594859375 0.8809689609375001 0.07433846250000001 0.8950434828124999 0.1017700734375 0.89408555 0.102047665625 0.8931306187500001 0.10350089375 0.8552704062500001 0.10622409375 0.8438324703125 0.101826259375 0.8061765812499999 0.0868181265625 0.7480960062500001 0.0671220140625 0.6882886640625 0.058318507812499996 0.67952634375 0.053721928125 0.6796868593750001 0.0429020734375 0.6844082609375 0.0364910953125 0.70542734375
0 0 0.7816059125 0.018138109375 0.7753043125 0.0389435671875 0.7751087125 0.051644443750000005 0.76723200625 0.07270078906250001 0.762249171875 0.076683803125 0.7583934921875 0.129687059375 0.7390215109375 0.14018735625 0.7370620078125001 0.1511894296875 0.7255280375 0.1454526890625 0.7087382421874999 0.1302274390625 0.706648396875 0.121596484375 0.706949796875 0.10735088749999999 0.71431631875 0.0930348375 0.7169400109375 0.0733157328125 0.71444296875 0 0.7235493765625 0 0.7816059125
0 0.0471678609375 0.5879692296875 0.04656765 0.5994219296875001 0.05895089375 0.6881898796875 0.05689449375 0.7071664234374999 0.061901871875 0.723060584375 0.0607107859375 0.7457878578125 0.057171896874999996 0.75252809375 0.06359050468750001 0.7617563171875 0.0745781078125 0.762317859375 0.0813282109375 0.767753559375 0.0957968015625 0.7956054046875 0.1096265859375 0.7951224578125 0.11779619374999999 0.76080865 0.10824846562499998 0.6694541109375 0.10042499687499999 0.626246428125 0.09473681875 0.6132117515625 0.08517634843750001 0.60314800625 0.0700905875 0.5668105859375 0.062454581249999995 0.5624088765625 0.059390414062499994 0.5625158796874999 0.0514239375 0.5684076734375 0.0471678609375 0.5879692296875
0 0.054155940624999996 0.5230319171875 0.050801567187499994 0.5363823671875 0.0363622359375 0.558627040625 0.0364971234375 0.5661842234375001 0.04510701875 0.5639930875 0.046986535937500004 0.5686536359375001 0.0526887125 0.571290221875 0.05987337968749999 0.5861631140625 0.062901984375 0.5992906640625 0.05966975625 0.70148909375 0.06256347343749999 0.7070594609375 0.072634228125 0.6972554171875001 0.079622440625 0.7178065874999999 0.106382825 0.7168720953125 0.11332190312499998 0.680710784375 0.1132506453125 0.6618085406249999 0.109654496875 0.63924844375 0.1100158953125 0.6222215640625001 0.10331351562499999 0.6082770656250001 0.1050721453125 0.594982340625 0.1039230578125 0.5865153375000001 0.07805648281250001 0.5127449234375 0.0731916109375 0.504327234375 0.06827648750000001 0.504498875 0.063027978125 0.505707840625 0.054155940624999996 0.5230319171875
0 0.05894325625 0.43087863437499996 0.0584004203125 0.43315863906249996 0.05789640625 0.44277581250000003 0.062292523437500004 0.529066284375 0.05601643125 0.55764255 0.0545848296875 0.6153519765625 0.063131096875 0.6245059000000001 0.0635619109375 0.6254360937500001 0.09673086875 0.6242778078125 0.10338611718749999 0.6060859046875 0.10547814375 0.5965604828125 0.1085194875 0.528397240625 0.106001171875 0.49540190156249997 0.0991779015625 0.463502128125 0.09758852812499999 0.42291245625 0.0881769453125 0.4100078015625 0.085478521875 0.4087601 0.07483098125 0.4091319203125 0.0728010421875 0.4095995046875 0.05894325625 0.43087863437499996
0 0.091772346875 0.4180092734375 0.0895594296875 0.4095794203125 0.08753739687499999 0.3671143828125 0.091465684375 0.3225510828125 0.09073954375 0.3165575953125 0.0457131328125 0.3181299515625 0.04502373125 0.3312845140625 0.0472543828125 0.4063305609375 0.0516025890625 0.4449334203125 0.0646815796875 0.49930041718749996 0.07613556406250001 0.50362661875 0.084029028125 0.49484384375 0.0901918640625 0.478559609375 0.0987165 0.46786432031249997 0.1026846140625 0.45119753281249997 0.10271454375 0.4506264390625 0.0891344046875 0.43795136250000005 0.091772346875 0.4180092734375
0 0.08366956875 0.26441172812499997 0.0801919453125 0.2851889921875 0.077913484375 0.32866461875 0.0777065078125 0.347800784375 0.09390699062499999 0.454046790625 0.10189706406250001 0.4612145265625 0.10299852031250001 0.4611760625 0.110048953125 0.4600997578125 0.1240912515625 0.445430840625 0.1257506265625 0.434030053125 0.133892234375 0.42051242968749997 0.1366650671875 0.408127525 0.13353720468750002 0.3968939125 0.12176381875 0.37840031406249997 0.1203805890625 0.36427006875 0.12172055781249999 0.33870188749999997 0.131003625 0.3034039609375 0.134421628125 0.2787084484375 0.14241435156249999 0.26803173281250003 0.137059571875 0.2587663609375 0.13077585 0.25709532031250004 0.12419435625 0.26110609687499997 0.11549920312499999 0.25479308125 0.1111229984375 0.2369864078125 0.10810776250000001 0.20989553437500003 0.0962751390625 0.21030873749999998 0.096058865625 0.2204981984375 0.08366956875 0.26441172812499997
0 0.1527083546875 0.11503162812500001 0.150020778125 0.1359206859375 0.14392157187500002 0.1408598578125 0.1232061515625 0.191680796875 0.11420685625 0.2316949984375 0.10948669687499998 0.2618866359375 0.10430530468749999 0.3607535046875 0.1073161171875 0.3935710921875 0.1137843515625 0.40185234531249997 0.1191035015625 0.401666596875 0.13173457187499998 0.3936636171875 0.148726590625 0.34297270156250004 0.14576413906250002 0.328582840625 0.146392784375 0.316587575 0.1528317625 0.2747723078125 0.160022796875 0.24899980312499997 0.1640936015625 0.2422409921875 0.16951200625 0.2401613015625 0.1686250625 0.21656135937499998 0.17159640625 0.20038857499999999 0.162915253125 0.18367746875 0.1645249984375 0.1732236515625 0.16231845 0.1241484015625 0.16485025625 0.09717957187500001 0.1618189921875 0.09728542500000001 0.1615167625 0.1090526109375 0.1527083546875 0.11503162812500001
0 0.154816275 0.0233686109375 0.1496816390625 0.030164571875 0.14559683437499998 0.047321475 0.14382420468749998 0.07101429218750001 0.1360516265625 0.0977523421875 0.1328893984375 0.1479603109375 0.13563423125000001 0.156371590625 0.1327557734375 0.2112958328125 0.134855434375 0.232017715625 0.1480756765625 0.253296496875 0.1548416859375 0.2558959328125 0.16823881406250002 0.2535376203125 0.182557259375 0.21333767187500002 0.1834862 0.2057433390625 0.17590450625 0.19844620468750002 0.1733581875 0.1862470484375 0.179116365625 0.14729126718750002 0.18292376562499998 0.0847726921875 0.181121878125 0.05836899062499999 0.1725539796875 0.0293658515625 0.1721452390625 0.0173831625 0.1716831859375 0.017399296875 0.1633269109375 0.0230714125 0.154816275 0.0233686109375
0 0.419152234375 0.056715678125 0.41202482656250006 0.071143121875 0.40786877656250003 0.0739641875 0.40783428906249997 0.07462225312500001 0.41046471249999994 0.08064996875 0.41179831250000004 0.095727184375 0.41195483125 0.12313357968750001 0.40716122656250003 0.1639461515625 0.40415425312500003 0.1706678140625 0.40238162187500004 0.1943606328125 0.41305555 0.20344025625 0.421524190625 0.234337334375 0.42717674062500005 0.23792088906250003 0.4332086984375 0.251570534375 0.433459434375 0.251561778125 0.4433467015625 0.22317767187499998 0.4480766765625 0.1937101609375 0.447076471875 0.18240225000000002 0.4515290453125 0.10757306874999999 0.45039395937500004 0.088707975 0.4469326953125 0.0737050578125 0.44491066406249996 0.031240021875000003 0.44115163125 0.0219189234375 0.43113945625000005 0.01925636875 0.4280113859375 0.019365603125 0.419428378125 0.0311846453125 0.419152234375 0.056715678125
0 0.7256418984375 0.0977057015625 0.7067861343749999 0.09677133593750001 0.650775540625 0.10138197499999999 0.5777186609375 0.12463989375 0.5714207296875 0.137496228125 0.5712060812499999 0.141591975 0.572871475 0.1449849359375 0.5993308734375 0.1451228359375 0.6350369578125 0.1491853671875 0.6416657453125 0.14895388437499998 0.64848966875 0.144998996875 0.6654236171875 0.146531415625 0.7055587390625 0.138227628125 0.7220753703125 0.1296867328125 0.740931134375 0.1306211 0.749509615625 0.12925965 0.7563335390625 0.1253047640625 0.7666387 0.12706866562500002 0.7974156296875 0.11696790625 0.8081946906249999 0.10968925468749999 0.8083898265625 0.1059658515625 0.80000648125 0.103603896875 0.797611596875 0.09519246406250001 0.7771395296875 0.08827508125 0.7725117781249999 0.08843668593750001 0.7343876375 0.0931527625 0.7256418984375 0.0977057015625
0 0.8835166734375001 0.1533848484375 0.888071025 0.218447134375 0.912880140625 0.25160930000000004 0.9172347171874999 0.24956676249999998 0.925908240625 0.2360305625 0.9259146093749999 0.195385165625 0.9298925265625 0.1498748953125 0.921948171875 0.0887119375 0.9192071531250001 0.077075409375 0.8786428984375 0.07849194375 0.8785657812500001 0.0799634515625 0.8846505 0.101357240625 0.8835166734375001 0.1533848484375
0 0.8836654718749999 0.0421749828125 0.8835725109375 0.0439487796875 0.88713888125 0.0650911625 0.88676348125 0.0925161328125 0.89726815625 0.15548015625 0.8990980421874999 0.1610876734375 0.9042186781250001 0.1646898046875 0.9068146234375 0.1759419921875 0.9151763765625001 0.178485703125 0.9233536140625 0.1744192015625 0.9280059625 0.1666948453125 0.9321403953124999 0.1485909703125 0.9350684828125001 0.0927197578125 0.9308551609375 0.06167408125 0.9307839031249999 0.0427718375 0.9259254109375 0.0240367671875 0.9274358953125 0.015476892187499999 0.9229960625 0.0090152765625 0.9229120515625 0.008321853125 0.8867891406249999 0.0095832921875 0.8870103640625 0.0168885828125 0.8836654718749999 0.0421749828125
0 0.09455094375 0 0.0845804328125 0.00034817812500000003 0.0651030546875 0.0076676390624999995 0.06444352812500001 0.020252146874999998 0.0736890328125 0.0278065265625 0.082963596875 0.031199242187499997 0.07767121875 0.042002884375 0.08402124062500001 0.0470905515625 0.10655337812500001 0.0500203015625 0.1735094609375 0.0529915578125 0.2302161390625 0.0531350828125 0.2596558265625 0.050514203125000004 0.28455580468749997 0.044335260937499996 0.305890915625 0.034033278125 0.301045390625 0.01827424375 0.286312021875 0.0108246234375 0.2683753515625 0.010389103125 0.2370138453125 0.013608035937499999 0.2042159078125 0 0.2006024890625 0 0.1960719671875 0.00123328125 0.1899543359375 0 0.164560684375 0 0.1630116578125 0.0007949468750000001 0.1525113609375 0.00275445 0.1159859140625 0 0.09455094375 0
0 0.45041347812500004 0 0.4468475484375 0.014678296875 0.44499812656250004 0.0499673609375 0.44935272187499997 0.10662841249999999 0.44871518281249995 0.149186325 0.45305575625000005 0.157541878125 0.4504814421875 0.16613890625 0.45950082031250006 0.17423001093749999 0.46552249375 0.17401972968749999 0.4683680328125 0.1692952375 0.487614965625 0.0958399 0.48996913906249995 0.0711815390625 0.4893659640625 0.05229786875 0.4922380546875 0.0380190234375 0.490450165625 0.0012172296875 0.4902970984375 0 0.45041347812500004 0
0 0.6557884281249999 0 0.6557538015625 0.015322825000000002 0.6594848375 0.04544010625 0.67058505 0.09704049218750001 0.681393865625 0.11367730000000001 0.684458096875 0.136255975 0.6898468109375 0.1396722640625 0.69131163125 0.1396211125 0.7029758625 0.13749979375000002 0.7091386984375 0.12121555937499999 0.71011726875 0.11267425625000001 0.7077198375 0.09763419062499999 0.7122372968749999 0.0823526515625 0.7077478375 0.0768380078125 0.7030026015625 0.04581090625 0.7041084296875 0.014579481250000002 0.704838859375 0.010773028125 0.713931040625 0.009510284375 0.7157112984375 0.016064771875 0.7260658234374999 0.0109770015625 0.7206117921875 0.0036055671875 0.7210248796875 0 0.6557884281249999 0
0 0.892076084375 0 0.8863633609375 0.00151789375 0.828403075 0.0072585046875 0.80425493125 0.017127778125 0.803708884375 0.020332496875 0.8034496328125 0.02527930625 0.8103540671875 0.02700268125 0.8138074281250001 0.033253384375 0.8368962640625 0.0435968734375 0.8772256890625 0.04962171875 0.9302838687499999 0.0472379453125 0.9959854312499999 0.038074540625 0.9977433906250001 0.0045306578125 0.9931758015625001 0.0015045140625 0.97340094375 0.0000713015625 0.9734046812500001 0 0.9369970765625 0 0.9155521625 0.0036842484375 0.9030762109375001 0 0.892076084375 0