0 0.9128963484374999 0.23982668125 0.9172276281249999 0.28713710937500003 0.9225276734375001 0.29976569375 0.919158221875 0.3084676109375 0.9250367562499999 0.31819239062500004 0.92832728125 0.31627341875 0.9568943265625001 0.2486055671875 0.9571874828125001 0.22341177031249998 0.9601953609375 0.2036599265625 0.9602636953125 0.19778716093749998 0.9138290343750001 0.1975170125 0.913337040625 0.201953671875 0.9128963484374999 0.23982668125
0 0.92323965 0.3137931890625 0.9192127843750001 0.332181859375 0.9145829484375 0.3634607296875 0.914523853125 0.3685392578125 0.9148215046875 0.40095941875 0.9596820812500001 0.40122040937500003 0.95936339375 0.3924970375 0.9651257234375 0.365396940625 0.953853490625 0.304280715625 0.9463435109375 0.291462521875 0.9431552609375 0.2914439734375 0.9299109 0.30220330624999997 0.92323965 0.3137931890625
0 0.9415937390625 0.46939832499999995 0.9412551734375001 0.43547933125 0.944805028125 0.41127353749999995 0.945053084375 0.3899557078125 0.9432577921874999 0.35699729687500004 0.934904003125 0.32593884375000004 0.922989084375 0.320055178125 0.9113594968750001 0.336461503125 0.90241939375 0.355790646875 0.8988019765624999 0.3767739984375 0.8978604796875 0.45768601249999996 0.898542346875 0.46914785937500003 0.9415937390625 0.46939832499999995
0 0.9027020625000001 0.4570995703125 0.9006210609374999 0.4890222015625 0.8997861796875 0.5607717953125 0.9314520390625001 0.560956021875 0.9405725437499999 0.5261230015625 0.9443591796874999 0.4815683703125 0.9405092671874999 0.43793836875 0.930942125 0.41753249375 0.9264266125 0.4163551109375 0.9228368703125 0.4163342265625 0.9072510406250001 0.4406520515625 0.9027020625000001 0.4570995703125
0 0.8373273937500001 0.5568661734375 0.85155260625 0.5731537343750001 0.8891468359375001 0.5902581265625 0.9443033406250001 0.5971154078125 0.9578248687500001 0.6010069687499999 0.9927120468749999 0.6009128265625 0.9931357515625001 0.564499675 0.9911952328125 0.564706265625 0.9738294234374999 0.55806884375 0.9496426437500001 0.5546599343749999 0.9177092265625 0.5460006749999999 0.8432189937500001 0.545567303125 0.8373603703124999 0.5540322296875 0.8373273937500001 0.5568661734375
0 0.8351802265625 0.607103359375 0.8351660656250001 0.608320340625 0.8434456328125 0.6291249515625 0.854028496875 0.6357229125 0.8810525374999999 0.6451400203125 0.8877911203125001 0.6489921187500001 0.8915846999999999 0.656095278125 0.9572860390625 0.6728184921875 0.9921639093750001 0.6735242046875001 0.9926102312499999 0.6351674093749999 0.9839748609375001 0.62776373125 0.9703836171875 0.6298634546875 0.931807721875 0.6138427531249999 0.9066836390624999 0.60770489375 0.8979690453125 0.60710949375 0.8921234046875 0.60979898125 0.8805208484374999 0.6075526828125 0.8698429203125 0.6091246578125 0.850488425 0.606833259375 0.845675153125 0.6040817609375 0.846533965625 0.5987151859375001 0.84325305625 0.598696096875 0.83699225 0.6007630484375001 0.8351802265625 0.607103359375
0 0.8638979359375 0.69530421875 0.840623109375 0.6968029078125 0.8241692531249999 0.6950730843749999 0.8232256109374999 0.6928887984375 0.8174179968749999 0.6923103109375 0.8096280328125 0.695533184375 0.8091151703125 0.698488603125 0.8090782734375 0.7016595546875 0.8124526187500001 0.70263070625 0.8163729515625 0.698840621875 0.8221932421875 0.698329784375 0.8269114484375001 0.7092512171875 0.8346063484374999 0.7141982765625 0.8789771859375 0.7318867921875001 0.9040949312500001 0.7385693140625 0.9912859796875001 0.740645309375 0.991748540625 0.7008929875 0.97044905625 0.6991923109375 0.919709734375 0.6850842265625 0.8803023062499999 0.6848549609375 0.8765391984375001 0.69156486875 0.8638979359375 0.69530421875
0 0.8862327156250001 0.7280162984375 0.8872092874999999 0.7377125578125 0.880315984375 0.8151970828125 0.8746061796875001 0.844675540625 0.874564759375 0.8482351171875001 0.8788320265625 0.8491054734375 0.898409946875 0.8818486359375 0.9048200765625 0.8818859296875001 0.9128976953124999 0.8706229343749999 0.9225064875 0.84063804375 0.92831046875 0.76314718125 0.928716378125 0.7282634609375 0.9258660375 0.7023087078125 0.8886663718750001 0.7020922859375001 0.8879005296875 0.7251188281250001 0.8862327156250001 0.7280162984375
0 0.8567368203125 0.8347280156249999 0.8452588046875 0.8346612390624999 0.8244827609375 0.8388554062500001 0.8198888265625 0.8469229078125 0.8198725703124999 0.8483199718750001 0.8251982468750001 0.8606475359375001 0.85889749375 0.879363365625 0.9276262265625 0.8857549078125 0.975113184375 0.8854864796875 0.9896620484374999 0.88436958125 0.9901297343750001 0.8441767062500001 0.9581529921874999 0.8439906703125001 0.9378611937500001 0.8389703234375 0.902356665625 0.8349934250000001 0.8756119890624999 0.834837828125 0.865212125 0.8363688671875 0.8567368203125 0.8347280156249999
0 0.9038749578124999 1 0.9112379468749999 0.9715701296875 0.9332577671875001 0.9048332468750001 0.93278075625 0.8990161234375 0.9220115390625001 0.888293834375 0.9183342046874999 0.876643746875 0.921260471875 0.85921773125 0.9285214859375 0.843755046875 0.9281083921875 0.8367058500000001 0.9273399343750001 0.836701378125 0.9120914140625 0.851411921875 0.89294930625 0.8580839625 0.8834081656249999 0.8822549000000001 0.8661324515625 0.96258619375 0.865059721875 1 0.9038749578124999 1
0 0.9206571828125 1 0.9219101375 0.9872357265625 0.9192995765624999 0.9775299593750001 0.9282960546875 0.9533558546875 0.9202163234375 0.9455563843749999 0.909890290625 0.9435581953125001 0.904158334375 0.921236515625 0.900336075 0.9163839125000001 0.8993631140625 1 0.9206571828125 1
0 0.7019528015625001 1 0.699456053125 0.9367133875 0.6969356953125 0.9192556828124999 0.687049396875 0.8794667953124999 0.682771025 0.8726584984375 0.6785945140625 0.8571307015625 0.6785937578125 0.8571306968749999 0.67589016875 0.8674562421875001 0.6743478828125 1 0.7019528015625001 1
0 0.7858142499999999 0.8499414578125 0.7720357875 0.8498612968750001 0.7284354421875 0.8530443484375001 0.7187645328125 0.8513539874999999 0.7099738875 0.8572945359374999 0.699289621875 0.8594111734375 0.6547223171875001 0.858607190625 0.6460394125 0.8552884781250001 0.6373184828125 0.855237740625 0.5858224640625 0.8669215296875 0.5634215625000001 0.8765957890625 0.5632705109375 0.8770851390625 0.56323055625 0.8805187828125 0.573934709375 0.8891850343750001 0.603853053125 0.8997083781249999 0.6628982031249999 0.9054988843749999 0.6803527390624999 0.9045110328125 0.7346860203125 0.8988354453125 0.7531665875 0.8929512703125001 0.7706401359374999 0.8903294328125 0.8057266640625 0.8731031874999999 0.807158671875 0.8666295984374999 0.8071980562500001 0.8632449109375001 0.801071834375 0.8567351296875 0.7858142499999999 0.8499414578125
0 0.6390235546875 0.6916602484375 0.6355639015625 0.7081141015625 0.62918359375 0.71841911875 0.62914745625 0.72152471875 0.6386063703125 0.7275129609375 0.6444172515625 0.7430516921875 0.6432299015625 0.7982810812500001 0.6354354984375 0.8127716046875 0.629207434375 0.8330855828124999 0.6277088562500001 0.8451576890625001 0.62750924375 0.8623123140625 0.628677496875 0.8786282203125 0.636700853125 0.8912726515625 0.6449271640625 0.886475221875 0.653018171875 0.8933056984375 0.660406665625 0.9136988984375 0.662915746875 0.93212559375 0.67215245625 0.934117446875 0.680912153125 0.9302921765625 0.6904983953125 0.9022452718749999 0.690712625 0.88383441875 0.695851365625 0.8635141000000001 0.6952694265625 0.8199031124999999 0.6893648921875 0.7656015218750001 0.6732696296875 0.6976738328125001 0.66846914375 0.688924384375 0.6664257984375 0.6772838015625 0.6576487 0.66793354375 0.6555149124999999 0.6679211296875 0.6485421437500001 0.6694272953125 0.6390235546875 0.6916602484375
0 0.5947459140625 0.7485898875 0.6247149578125 0.7547559328125 0.638185784375 0.7630047921875 0.6566410015625 0.7592992671875 0.6740891984374999 0.758856078125 0.7858972343749999 0.72736930625 0.79762020625 0.719267021875 0.794839984375 0.7083568625 0.78618243125 0.702859503125 0.763965325 0.6967385562499999 0.71635795 0.7073555671875 0.6950464578125 0.7066868828125 0.6717589546875 0.7092748953125 0.60498088125 0.701805303125 0.5670127265625 0.7168359875 0.5541080015625 0.7244791015625001 0.5540609890625 0.7285193343749999 0.5551820140625 0.73419753125 0.5947459140625 0.7485898875
0 0.6682067640625 0.551780665625 0.6668806593750001 0.572123165625 0.6725562390625 0.5992898046875 0.6676351781250001 0.6477140671875 0.6608958734375 0.6788726890625 0.660588740625 0.7052675484375001 0.6670184890625 0.7475234375 0.664069671875 0.7668874390625 0.667292546875 0.7707824203125 0.67657435625 0.7688983046875 0.68822649375 0.7505539953125 0.7034510375 0.7060659078125 0.7063816765625 0.59464130625 0.6995491234375 0.5732822828125 0.698707853125 0.551958115625 0.68775091875 0.53841239375 0.679213965625 0.5383627265625 0.6742431515625 0.547939553125 0.6682067640625 0.551780665625
0 0.65560880625 0.5168701390625 0.6541699484375 0.5469025609375 0.6636807140625 0.572153396875 0.666201071875 0.5896111015625001 0.665896640625 0.6157738921875 0.6711515828125 0.6322784484375 0.666148146875 0.640970859375 0.6644126828125 0.6496822828125 0.6659564671875 0.657443728125 0.669712728125 0.6623108703125 0.6837829890625 0.6623927296875001 0.7034330609375 0.685388571875 0.7042430953125 0.685393284375 0.7125493703125 0.6790340703125 0.7197652828125001 0.6674473562500001 0.7226802734375 0.6509903328125 0.7217713531250001 0.63548011875 0.7052554546875001 0.5568903484375001 0.6852009765625 0.501537378125 0.680070059375 0.47437390468749996 0.6693910421875 0.4558996796875 0.6623104328125 0.4558584859375 0.651871646875 0.46355021562500004 0.6508000859374999 0.47218240156249996 0.6507040203125001 0.4804382703125 0.6542454265625001 0.49360481875 0.65560880625 0.5168701390625
0 0.60750230625 0.47262247031250004 0.5967863515625 0.47746242031249997 0.5725488703125 0.47841080937499997 0.5550563078125 0.48266663281250005 0.5380489125000001 0.49311366874999996 0.5380302875 0.4947143703125 0.5393749765625 0.497826978125 0.5509141546875 0.5055199015625 0.57215593125 0.512179871875 0.62346815625 0.516291290625 0.6321573984375 0.519065340625 0.6476676125 0.5186108765624999 0.66903614375 0.5143776015625 0.7447062671875 0.50719205 0.7699634421875 0.501892 0.780692071875 0.49596272499999994 0.7760499171874999 0.47850534375000003 0.7615784125 0.472974159375 0.7373092421874999 0.47664585937500004 0.6675418 0.4762399640625 0.6511132953125001 0.4723314921875 0.6501696531250001 0.47014720624999995 0.6250772578125 0.46128603593750006 0.6104856296875 0.45983258749999995 0.6072970328125 0.4598140375 0.6047220828125 0.4617123125 0.60750230625 0.47262247031250004
0 0.659029915625 0.3020725984375 0.6588914156250001 0.3139753578125 0.6637911078125 0.3330559984375 0.6617659375 0.41347601875000006 0.6687788968749999 0.41933116718749996 0.6718664671875 0.43485405468750005 0.672095421875 0.46198900624999995 0.6792809578125001 0.49982406562500004 0.6882808875 0.52216475625 0.696086771875 0.5306478609374999 0.6964722953125 0.5306501031249999 0.7081029609375 0.503867978125 0.7121411015625 0.48451031718750004 0.7147256609375 0.44963926875000004 0.712205303125 0.4321815640625 0.7119650734375 0.4060156046875 0.7074690203125 0.371103365625 0.69917160625 0.335199953125 0.6822949015625001 0.28761793281250003 0.67365923125 0.2807842859375 0.67126963125 0.2804865546875 0.664722328125 0.2804484640625 0.6610981734375 0.28361838281249996 0.659029915625 0.3020725984375
0 0.7199492078125 0.23339732500000002 0.7130637281250001 0.263398059375 0.7124401390624999 0.2701778359375 0.7145624109375001 0.275035471875 0.7110914828125 0.2924583203125 0.710588665625 0.3026949359375 0.7099824390625 0.35479381249999997 0.7101556375 0.37288467812500004 0.7136976671874999 0.396162671875 0.709327615625 0.41106932812499997 0.7091462796875 0.426653253125 0.7152674546875 0.4485009296875 0.7195458265625 0.45530922343749997 0.73473999375 0.46024291093749997 0.73862028125 0.4544511390625 0.7421137609375 0.4350903078125 0.741670575 0.42636620625 0.7462533796875 0.40701171093750005 0.747861365625 0.36244440624999996 0.7560504 0.31403915625 0.758725159375 0.271416171875 0.757361778125 0.248150853125 0.750994959375 0.23357794375 0.7461784484375 0.2090424953125 0.7364734296875 0.208986034375 0.7249526453125 0.22470491250000002 0.7199492078125 0.23339732500000002
0 0.720253728125 0.1425041625 0.7114602046875 0.14923640625 0.7107849078124999 0.15153990781249999 0.7107484000000001 0.154677296875 0.7124142250000001 0.1608706515625 0.7226613328125 0.1696517875 0.7241374671874999 0.1832271859375 0.7145997765625001 0.25391291875 0.716068084375 0.31497210781249996 0.7292223578125 0.35478000625 0.731765265625 0.370299728125 0.73771145 0.3742105515625 0.7391579296875 0.3824508921875 0.7518869609375 0.3825249484375 0.7540625953125 0.3733366234375 0.7646670578125 0.304595209375 0.7652759203125 0.2522696296875 0.7624815078125 0.21155294375000003 0.7453758453125 0.1368359703125 0.7391474625 0.129308696875 0.736135296875 0.129291171875 0.7285702406250001 0.12995479375000002 0.720253728125 0.1425041625
0 0.7073232625 0.0854047890625 0.7032400203125 0.1086384203125 0.7018878953125001 0.11040723593749999 0.7018615875 0.11266806562500001 0.7117516625 0.12613098125 0.7082807343749999 0.1435538296875 0.7108687421875 0.1551975796875 0.7079424765625 0.1726235984375 0.7104515578124999 0.19105029375 0.7101584015625 0.21624409218750001 0.70889995 0.23077263750000002 0.7026380578125 0.2539935953125 0.7025027546875 0.265621503125 0.7057143531250001 0.2704854765625 0.7165512234375 0.2753938125 0.7212727796875 0.2909262078125 0.7232146484374999 0.3112877203125 0.7319066953125 0.3132764046875 0.74070021875 0.3065441578125 0.751623840625 0.257185759375 0.7579386578125 0.1826050453125 0.755328096875 0.17289927968750002 0.7545319296875 0.1476991421875 0.7514894609375 0.12830028437500002 0.7345622281249999 0.0683403953125 0.7286977015625 0.0683062765625 0.7162069875 0.0709206046875 0.7073232625 0.0854047890625
0 0.5343055609375 0.1792812359375 0.515869359375 0.1813527734375 0.5091307765625 0.1775006765625 0.5022781140625 0.1834524984375 0.4828095421875 0.1909650234375 0.4634170234375 0.1919416 0.44311255000000005 0.1880105765625 0.44132033125000003 0.17547206875000002 0.4321691921875 0.16815049843750002 0.43151931406250005 0.16814671875 0.42776077656249994 0.17484848125000002 0.426595315625 0.1917273765625 0.35379414374999996 0.202197815625 0.3195712125 0.199859634375 0.31954672031250003 0.2019645234375 0.3245215703125 0.21945788593749999 0.3534645828125 0.23052025625 0.3959988375 0.2394829 0.41538502031249996 0.2390509859375 0.5046654 0.2281317203125 0.5590874078125 0.214830859375 0.5737870734375 0.20075420156249998 0.5709941734374999 0.1909333671875 0.5595500609374999 0.175070509375 0.54524779375 0.168808371875 0.542828109375 0.16879429375 0.5401575421875 0.17604708593750001 0.5343055609375 0.1792812359375
0 0.40067836718749994 0.2126083890625 0.40053620624999997 0.22482576562499998 0.4094156375 0.226740575 0.410981975 0.232564034375 0.406151115625 0.273236359375 0.4063462453125 0.3032782875 0.4033297765625 0.3284562421875 0.40446765312500005 0.37110140625 0.40865582343750007 0.385661640625 0.41401224374999995 0.393445265625 0.42079969687499996 0.41868025781249996 0.4226062640625 0.450669678125 0.4277675546875 0.42841137500000004 0.44556883281250004 0.3965360296875 0.44840489687499996 0.3868619515625 0.45401719687500003 0.325843959375 0.4539348203125 0.2861121078125 0.45110658125 0.2483023984375 0.4444318796875 0.2133774828125 0.4451569453125 0.197876775 0.4420693765625 0.18235388749999998 0.4303123109375 0.1629043296875 0.424048446875 0.16185283125 0.4179654140625 0.161817440625 0.40210607343750004 0.1995644296875 0.40067836718749994 0.2126083890625
0 0.3902134765625 0.3060691578125 0.3812282734375 0.329274271875 0.37723523281250004 0.3447559671875 0.37367225312499996 0.3848679953125 0.3735027125 0.39943829218750004 0.37633321406250003 0.42227534687499996 0.38204261875 0.44653500937499996 0.3833721734375 0.47270730624999996 0.388536915625 0.49696379999999996 0.396582821875 0.5076702453124999 0.40633036718750004 0.51257224375 0.41912820625 0.4893893109375 0.4203190078125 0.48067471875 0.4156200015625 0.4632043390625 0.417321640625 0.4573998921875 0.41646909687500006 0.4370447171875 0.4297517703125 0.37219511875 0.4325089078125 0.36930398593749997 0.43018022968749997 0.33537341249999997 0.4243693484375 0.31983468125000003 0.42031648125 0.293646540625 0.42210832187499997 0.2800901546875 0.4179314265625 0.264560928125 0.4110409546875 0.261783925 0.40703872656250006 0.26176064062500004 0.40045713281250006 0.26833549843750004 0.3902134765625 0.3060691578125
0 0.271457996875 0.44028886875 0.2714393296875 0.4418932015625 0.27900535937500004 0.44958721874999996 0.2992527921875 0.4584202015625 0.30690966406250003 0.46663523281249997 0.4095531296875 0.4732240890625 0.43769192968750004 0.4701196 0.5036974812499999 0.4606990234375 0.5173711140624999 0.4515186875 0.515547209375 0.44170349218749994 0.49629411875 0.430697496875 0.48952384843749996 0.4295687078125 0.4361849109375 0.43307128749999996 0.3955379375 0.42847721875 0.3857069546875 0.4241475375 0.37045443125 0.42405879999999996 0.28987975625 0.4311307109375 0.271457996875 0.44028886875
0 0.3958386734375 0.3956170984375 0.38005819218750003 0.441071009375 0.374863075 0.46623628906250003 0.376917696875 0.476907878125 0.37405005625 0.4866896703125 0.37368833125 0.517776328125 0.37370955 0.518558703125 0.38048917968749996 0.5912774828125 0.38121769687499996 0.6222915718750001 0.38705112656249996 0.6358923187500001 0.3989885984375 0.6398380015625 0.407260009375 0.6311646015625 0.4145435734375 0.6137639359375 0.411966840625 0.6011511921875 0.41436754374999996 0.5352692265625 0.41891652031250004 0.5188217093749999 0.413650303125 0.5032861453125 0.41448467187500004 0.4315807171875 0.41094264062499997 0.40830272343749996 0.410331090625 0.3711622 0.40437770312500004 0.37112756406249997 0.3993096015625 0.3781942515625 0.3958386734375 0.3956170984375
0 0.38814958593750004 0.6178791734375 0.387859078125 0.6428453249999999 0.38900363437499996 0.64754579375 0.390708721875 0.6882561421875 0.3938864953125 0.6960270937499999 0.39378501718750003 0.7047480234375 0.3975074515625 0.7125221421875 0.40637990156250003 0.6990069515624999 0.4276859328125 0.6468017828125 0.4431168796875 0.63138663125 0.4400969625 0.6100497890625001 0.448785559375 0.565523678125 0.4621280609375 0.5423439140624999 0.4622408125 0.532653990625 0.45909686718750004 0.5219760640625 0.4602538421875 0.5161684484375 0.45196770468749997 0.479296040625 0.4506770203125 0.47921672343750005 0.43387987499999997 0.47911900156250004 0.425143946875 0.49076868124999995 0.38814958593750004 0.6178791734375
0 0.40132516249999994 0.5598930390625 0.401215096875 0.5693519703125001 0.40358326875 0.57815656875 0.40393625312500003 0.59463260625 0.41030307187500004 0.609205515625 0.407331703125 0.6305075 0.4088416640625 0.641175921875 0.4044461640625 0.7380561343750001 0.4236142734375 0.77596090625 0.4312169953125 0.777943253125 0.4440148328125 0.7547603203125 0.4526921546875 0.7112032015625 0.45244065000000006 0.686006234375 0.44308428749999995 0.600674709375 0.4327548046875 0.552161721875 0.4245979609375 0.5431318375 0.42007024218750005 0.5431054953125 0.4022424390625 0.5529532640625 0.40132516249999994 0.5598930390625
0 0.44994215625 0.7087078296875 0.42567298593749997 0.7123795312500001 0.3956405640625 0.711660109375 0.3723594 0.713703459375 0.3169367109375 0.72972199375 0.2956125421875 0.730142634375 0.286777534375 0.73989581875 0.321439434375 0.7591619453125 0.33883693125000003 0.76307605625 0.38921819062499996 0.7639138640625001 0.406691740625 0.7612920265625001 0.457199753125 0.751236590625 0.53300930625 0.7320684671875 0.540837296875 0.7255776171874999 0.53909578125 0.7086818109374999 0.5233600515625 0.7030922078125 0.5080744140625 0.703003278125 0.45961940468750007 0.7098535296875 0.44994215625 0.7087078296875
0 0.3860982328125 0.745146146875 0.381823309375 0.7848526484375 0.3855942953125 0.8352655953125 0.385924728125 0.8536796171875001 0.3836558765625 0.8614188796875 0.389478034375 0.8759886203124999 0.4051188375 0.9361612015624999 0.4114856578125 0.9507341109375 0.4240128921875 0.9508069921875 0.43284024062500004 0.94116776875 0.44013507812499997 0.922798109375 0.43372315937500006 0.9121011703124999 0.43489141093750006 0.9053245625 0.4296702921875 0.8859130296875 0.4310414984375 0.8616945609375 0.43841526406250003 0.8365419562499999 0.4319807921875 0.8277830015625 0.43276223593749996 0.8074373328125001 0.43393048749999996 0.800660725 0.4394673125 0.7929404734375 0.436244440625 0.7890454921875001 0.43693567968749997 0.7764517625 0.434824684375 0.7706251328125 0.42034430624999997 0.7511597328125 0.4173018359375 0.731760875 0.41083353906250003 0.725908896875 0.4099815984375 0.7164960421875 0.40610144375 0.7164734687500001 0.4011198203125 0.7180999203125 0.3860982328125 0.745146146875
0 0.3364865171875 0.8937612484375 0.324725515625 0.9051315093750001 0.312096928125 0.9077815328125001 0.3014443515625 0.907174859375 0.28675736406249996 0.9201621921875001 0.2847116375 0.9294101765624999 0.3011781671875 0.9300506765625001 0.32720786562500004 0.9416407953125001 0.36205989843749997 0.9445670546875 0.3794447203125 0.9495704890625 0.3881719875 0.9490765640625 0.45705282656249996 0.9423962109374999 0.49203161250000005 0.9344292234375 0.51828313125 0.9269561625 0.5261047859375 0.9210099765624999 0.5281314984375001 0.9133959796875001 0.5156550171875 0.9029741093749999 0.49922017187499995 0.8996103 0.4662681 0.8999632875 0.4488515890625 0.8976831640625 0.439117303125 0.901439428125 0.43039637500000005 0.901388690625 0.3684997359375 0.8928291609375 0.36237205625 0.8927935109374999 0.3480890703125 0.8960075484375001 0.3364865171875 0.8937612484375
0 0.439829828125 1 0.44070870781249993 0.924469153125 0.4381157671875 0.9132493359374999 0.4336873671875 0.87252314375 0.42995365625000004 0.865718015625 0.42148188124999997 0.8571974687499999 0.41705013125 0.8571716859375 0.4126033890625 0.8588336703125 0.402085678125 0.8733083484374999 0.3963571734375 0.8975014671875 0.40061299375 0.906247746875 0.3998541015625 0.92465543125 0.3970405890625 0.9323915250000001 0.401779059375 0.9464704312500001 0.39855770625 1 0.439829828125 1
0 0.10413654375 0.9385403906249999 0.061418493750000004 0.9453729531249999 0.049733546875 0.950207265625 0.034229671875 0.950117065625 0.033114912499999996 0.9626386609375001 0.028206575 0.9680570984375001 0.013702821875000002 0.97102260625 0.013683348437500001 0.9726961671875 0.0183835578125 0.9794386328125 0.0241784984375 0.9811064437500001 0.0619121578125 0.9862282640625001 0.1035788234375 0.9864706734375 0.1414392375 0.9806992484375 0.1637323953125 0.980284246875 0.225032415625 0.9588529140625001 0.24154964843750001 0.9551361125 0.2542479515625 0.9464948015625 0.256293678125 0.9372468171874999 0.2525064359375 0.929598996875 0.22456737968749999 0.9185560859375 0.22448189687500003 0.9185555875 0.14774119375 0.938794075 0.10413654375 0.9385403906249999
0 0.1270611109375 1 0.13102704999999998 0.9920551078125 0.13612068906250002 0.9756107578125001 0.1407718515625 0.9282277828125001 0.14097995937500002 0.9103431578125001 0.1407078671875 0.862257678125 0.13706436093750002 0.8477006125000001 0.13739134375 0.8195998375 0.128958625 0.79532433125 0.1220020453125 0.7846242234374999 0.1079197515625 0.7777588890625 0.08594158125 0.7941050078125 0.087496640625 0.800897459375 0.0840257125 0.8183203078125001 0.0826578 0.8195167703124999 0.0826208078125 0.8226959 0.0897125640625 0.8445179546875 0.095624921875 0.8513357562499999 0.09873504375 0.8649206609375 0.0986448421875 0.8726725984374999 0.0941071390625 0.888151125 0.0926344578125 0.9210905234375 0.0881644046875 0.9307550953125 0.0862710875 0.9530324109375 0.0882129578125 0.9733939234375001 0.0876454890625 1 0.1270611109375 1
0 0.0800281671875 0.778481440625 0.080155646875 0.8143373234375 0.085913603125 0.8812358124999999 0.09013559843749999 0.8928890703125001 0.0935536 0.9268259796875 0.0977304953125 0.94235520625 0.1041424140625 0.9530521453125 0.119903796875 0.9560510156250001 0.1327805625 0.9260851375 0.12645884375 0.907636259375 0.1246601015625 0.8281630515625 0.13272510937499998 0.7904167171875 0.1325976296875 0.754560834375 0.1267190984375 0.7448360562499999 0.126940746875 0.7257876000000001 0.0981269046875 0.725619965625 0.0880255234375 0.746549059375 0.0800281671875 0.778481440625
0 0.1262190734375 0.7053982328124999 0.10352021250000001 0.6432464718750001 0.093630709375 0.6334000671875 0.09062005468749999 0.6333825515625 0.07852212187499999 0.638255746875 0.07282744375 0.6595418890625 0.066133640625 0.6730697546875 0.0741231703125 0.6886211640625 0.1071064171875 0.80316188125 0.1089806375 0.8293373468749999 0.1159259421875 0.8410064484375 0.1219984546875 0.865268221875 0.14521144375 0.8654032703125001 0.147903165625 0.854759296875 0.1478095140625 0.8159964359374999 0.15001991875 0.804900975 0.1500327 0.8038024874999999 0.144038528125 0.7655834890625 0.1262190734375 0.7053982328124999
0 0.056555090625000005 0.645557846875 0.0651739328125 0.67369505 0.06438121718749999 0.6950097109375 0.07185991093750001 0.7076509718749999 0.075969153125 0.7289941515625 0.0797366890625 0.7328923015625 0.09709040625000001 0.7862914437499999 0.09860036562499999 0.796959865625 0.1099142453125 0.8076853234374999 0.1274223671875 0.8010037796875 0.1314943328125 0.7787391390625 0.12351607812500001 0.7622187390625 0.1215065578125 0.74767118125 0.1250113109375 0.72734135625 0.1154684859375 0.6054002109375001 0.05859490625 0.60506933125 0.05664315625000001 0.6379894968750001 0.056555090625000005 0.645557846875
0 0 0.6724008703125001 0.036373853125 0.679442984375 0.13053722031249998 0.6652839328125 0.175231278125 0.655194671875 0.1888732234375 0.648737646875 0.1996525546875 0.638451075 0.237646059375 0.621241740625 0.24357409218749998 0.6114716437500001 0.2368988875 0.6021729234375 0.2136530078125 0.598158403125 0.2082786 0.5981271359375 0.11367209062500001 0.6156181890625 0.0943049203125 0.614416115625 0.07776233593750001 0.6203115640625 0.054506523437499996 0.620176265625 0.0477616046875 0.6168688312499999 0.0379892921875 0.623893065625 0.036888792187500005 0.635189171875 0.030990865625000003 0.642372121875 0 0.6594995031249999 0 0.6724008703125001
0 0.067386675 0.5204338765625 0.07168084999999999 0.5420230218750001 0.0720225578125 0.55946805 0.0794787015625 0.574047296875 0.078231525 0.58760685 0.0797640328125 0.5963372875 0.1093743796875 0.673065125 0.11525291093750001 0.682789903125 0.125079384375 0.6809089562499999 0.133452271875 0.6635146265625 0.1363334390625 0.6499645796875 0.150209325 0.6277569765625 0.149754865625 0.6200018703125 0.14101771875 0.6218891546875 0.1388954453125 0.61703151875 0.13293798437499998 0.614089684375 0.1249484546875 0.598538278125 0.121293671875 0.5849502046875 0.12033275000000002 0.48028636718750006 0.1171324265625 0.4744534015625 0.1072157515625 0.4840862859375 0.0958067625 0.4537130625 0.07315587343749999 0.4535812828125 0.06775163437500001 0.4890693234375 0.067386675 0.5204338765625
0 0 0.4913674765625 0.0221741265625 0.49856790625 0.0318450359375 0.50025826875 0.101618815625 0.5001195 0.13558424687499998 0.4959595125 0.1686313859375 0.48743658749999996 0.2103424171875 0.4838663625 0.224028725 0.4735967 0.22700541406250002 0.46762232968750006 0.2251815109375 0.45780713281249996 0.204591778125 0.4449703203125 0.18420080781249998 0.4448516890625 0.10313918749999999 0.4527395171875 0.0741264609375 0.447668434375 0.0149989203125 0.4489585375 0.0052012546875 0.45816142187500003 0 0.46075648593749996 0 0.4913674765625
0 0 0.3946451328125 0.0106069515625 0.3949056359375 0.096929653125 0.38832675625 0.1367343890625 0.38202194375 0.1931260703125 0.3660090453125 0.1981104609375 0.35405466093750004 0.189478259375 0.346378653125 0.1730687671875 0.34083619375 0.16250491875 0.332604246875 0.145101084375 0.32923479843750003 0.13136407187500002 0.34386175625000004 0.11103425156249999 0.342109384375 0.10228163125 0.344781959375 0.058626279687500005 0.3488855734375 0.01310265625 0.3469866265625 0 0.3491721203125 0 0.3946451328125
0 0 0.3058424265625 0.01692360625 0.3054125640625 0.061376832812500004 0.31602046875 0.09427820625 0.32002477812499996 0.1466291375 0.31815055000000003 0.2563851078125 0.296456425 0.2642384515625 0.287786928125 0.26336452499999996 0.27961135625 0.248988084375 0.26591023593749996 0.2373728515625 0.26475326250000003 0.2238956890625 0.257049065625 0.217884915625 0.25597235937499996 0.2078433 0.2559139390625 0.1996518671875 0.25854211562499996 0.1801199171875 0.2715012625 0.165559684375 0.2735953515625 0.13939689375 0.273443140625 0.10363290781250001 0.26560928437500003 0.07846446093750001 0.2632840609375 0.0678942734375 0.2555967765625 0.0581346359375 0.2615316890625 0.0561206 0.2680563609375 0.059920515625000004 0.274614859375 0.053029828125 0.28383465625 0.0345556 0.2891741671875 0.0044597984375 0.29390136718750004 0 0.29674642812499996 0 0.3058424265625
0 0.144839228125 0.09771921875 0.14847897968749998 0.11259896093749999 0.14833615625000002 0.1248731859375 0.1434827484375 0.16748349375 0.13718702968750002 0.193611428125 0.13329546718750002 0.2003721921875 0.12782629375000001 0.2022784890625 0.1297230625 0.2265159703125 0.12735273281249998 0.24297616249999998 0.1369537 0.2604750609375 0.1357403484375 0.27112763906250004 0.140055996875 0.3215437546875 0.137991171875 0.36029405625 0.1426006296875 0.36032087343749997 0.1418174625 0.35740914375 0.1415095796875 0.3370571359375 0.150291828125 0.331293884375 0.15217387031250001 0.3099855609375 0.15822153125 0.30517545625000003 0.1773376390625 0.2539266046875 0.184891809375 0.2132701234375 0.18973394375 0.1716288046875 0.1906923390625 0.089264465625 0.1851858890625 0.0475629421875 0.1792479265625 0.040107978125 0.1706425375 0.0400579140625 0.1601426984375 0.0464481859375 0.144839228125 0.09771921875
0 0.26169063124999997 0.059338885937499995 0.2511570703125 0.059277603125 0.2443514296875 0.0663242046875 0.231716503125 0.0695188921875 0.1920321859375 0.0654751203125 0.12808503437500002 0.0645583890625 0.1009152265625 0.06766851406249999 0.07075605 0.0778423375 0.0584617140625 0.078832975 0.058455904687500004 0.07933225 0.063859025 0.087606796875 0.063757621875 0.09632139375 0.070483528125 0.10126281562499999 0.0878873625 0.10463226562500001 0.11210583125 0.1053178625 0.1391615609375 0.1120116578125 0.1905118125 0.1128551046875 0.19927076875 0.10963786874999999 0.25547231875 0.10996483906250001 0.276828175 0.1068208875 0.299286115625 0.09224466718749999 0.30215092499999996 0.0854752875 0.30216426093750004 0.0843292328125 0.30049594062499996 0.0715531359375 0.26169063124999997 0.059338885937499995
0 0.43464667187500006 0.0292740234375 0.4309100265625 0.03172615625 0.43088930000000003 0.033507390625 0.4334445921875 0.038957609375 0.43544283906250003 0.054474159375 0.43674984375000003 0.082584440625 0.43354169843749996 0.1242352640625 0.43073945937499997 0.131002365625 0.429912915625 0.155224003125 0.44123807031249995 0.164980471875 0.45121457343750004 0.1970174203125 0.45716075624999997 0.2009282453125 0.463934328125 0.2152134765625 0.46416255624999997 0.21521480468749998 0.47312509374999995 0.1864852546875 0.47674259843750005 0.1564655078125 0.47524391406250005 0.14482809531250002 0.47667932031250004 0.068280878125 0.47472617812499995 0.04888835625 0.4705492828125 0.0333591296875 0.4678458484375 0.002721846875 0.44098548437499996 0.0025655781249999997 0.441351746875 0.014777165625 0.43464667187500006 0.0292740234375
0 0.6948329875 0.0452544546875 0.696934090625 0.049083965624999996 0.694588703125 0.0662481015625 0.6945834015625 0.06670377499999999 0.7011595374999999 0.1072520203125 0.7091377921875 0.12377241875 0.7072783 0.14314275781250002 0.708266146875 0.151870025 0.7119998562500001 0.158675153125 0.7096971812499999 0.1693213921875 0.71859563125 0.20038301249999999 0.7255522140624999 0.211083121875 0.72936485 0.211105303125 0.7321896375 0.202400215625 0.7409380624999999 0.1995439390625 0.7493673265624999 0.1773046484375 0.7460508015625 0.134646809375 0.74179498125 0.12590052812500002 0.743654471875 0.10653019062499999 0.7415963999999999 0.049343803125 0.7291328734375 0.0042419703125 0.6982989640625 0.004062584375 0.69507756875 0.0242351015625 0.6948329875 0.0452544546875
0 0.9011910656250001 0.17145609374999998 0.9010764671875 0.1813046796875 0.9080516109375001 0.22238729375 0.9490612546875001 0.22262588125 0.9482133078125001 0.1780442859375 0.940821365625 0.111136290625 0.9139941609375001 0.07609413125 0.9096143109374999 0.078006765625 0.902137215625 0.0901442125 0.9019353656250001 0.107491096875 0.902980334375 0.1332044671875 0.9011910656250001 0.17145609374999998
0 0.9048518890624999 0.0135070859375 0.9013696859375001 0.0318989265625 0.900704446875 0.08906946875 0.90632365 0.12108106874999999 0.9071874703124999 0.1404672515625 0.9080523359375 0.14337945624999998 0.9554729703125 0.14365534062500002 0.9556511406249999 0.1417182625 0.951008509375 0.11940292187499998 0.9502461671875 0.09129580937500001 0.9368403875 0.026290940625 0.934729390625 0.0204643125 0.9293278687500001 0.01655665625 0.9263241578124999 0.005389196875 0.9103386015625 0.0052961953125 0.9092993921874999 0.005780496875 0.9048518890624999 0.0135070859375
0 0.47626510624999996 0.028330523437499998 0.4762227140625 0.0319736796875 0.4794012671875 0.06760776406249999 0.48550875781249997 0.1044674921875 0.48638385 0.122884684375 0.49591716718749995 0.146197534375 0.5057531328125 0.14350059531249998 0.507388565625 0.0029519 0.4774684921875 0.0027778296875 0.47837614375 0.015272675 0.47626510624999996 0.028330523437499998
0 0.6153532562499999 0.026935146875 0.615251678125 0.0356648625 0.637149590625 0.0438545625 0.6914448453125 0.0414469484375 0.7225159734375 0.036180721875 0.775975328125 0.0223295609375 0.79355661875 0.0104484640625 0.816863134375 0.0062264640625 0.8178338625 0.004758018750000001 0.6296343921875 0.00366310625 0.6298286171874999 0.0067724265625 0.6153532562499999 0.026935146875
0 0.912945153125 0.0923918546875 0.9246649421875001 0.0682335921875 0.9325527203125 0.0277523140625 0.93280834375 0.0057841109375 0.932808915625 0.0054269234375 0.9125 0.005308770312500001 0.91147673125 0.09324821093749999 0.912945153125 0.0923918546875