0 0.06254073593750001 0.6696704734375001 0.0630551375 0.699893246875 0.0676847671875 0.7447919749999999 0.0728288015625 0.756726665625 0.0697423828125 0.7649504671875 0.07523724375 0.7738752171875001 0.07584693125 0.7738787640625 0.0784872359375 0.7723273500000001 0.1047218046875 0.7083774140625 0.1047218046875 0.684567890625 0.10780822500000001 0.662607825 0.10626501562499999 0.6094852937499999 0.1056220125 0.603987046875 0.0629946203125 0.6037390484375 0.0625 0.6074784328125 0.0625 0.6146760390625 0.0656271546875 0.6385528984375 0.06254073593750001 0.6696704734375001
0 0 0.620471440625 0.013395720312500001 0.621489971875 0.0307949875 0.625706421875 0.06284626875 0.62434968125 0.083487290625 0.628610715625 0.09360093750000001 0.6286695546875001 0.146179603125 0.6186616625 0.159375 0.610832053125 0.159375 0.6098535953125 0.14801110312500002 0.596038571875 0.13702209375000002 0.5898018015625001 0.11962282500000002 0.5860997515624999 0.08940304375 0.5818087125 0.039952496875 0.582549825 0.0307949875 0.579410125 0.0170587234375 0.5834454390625 0.006069712499999999 0.5833815062500001 0 0.5867557234375 0 0.620471440625
0 0.1159412375 0.6238624765624999 0.12005646406249999 0.5982453921875 0.1203125 0.573177859375 0.1203125 0.5442469734375 0.11542683437500001 0.4755078359375 0.11285481718749998 0.4663353625 0.1111401390625 0.46174663125000004 0.075074753125 0.46153680937499997 0.081476215625 0.468900059375 0.0830194265625 0.48813980625 0.081476215625 0.4954568359375 0.077360990625 0.5009273999999999 0.078389796875 0.5485524328125 0.075303378125 0.5714282484375001 0.075303378125 0.5915747687499999 0.077360990625 0.6227222718750001 0.08559144375 0.652074184375 0.0952178765625 0.6568039609375 0.09747782187500001 0.656817109375 0.10771078593750001 0.6421296109375 0.1159412375 0.6238624765624999
0 0.1905362875 0.47936532187500003 0.1921875 0.47288219375 0.1921875 0.47206032656249997 0.168558265625 0.45711811874999997 0.1529904984375 0.45291232187499997 0.095298190625 0.44949025625 0.0531736484375 0.449759584375 0.000060095312500000005 0.453903625 0.000060095312500000005 0.48257815312499996 0.0128806078125 0.4855334 0.039437384375 0.4800294671875 0.05500515 0.480634440625 0.0879721828125 0.4890566890625 0.1163623703125 0.4913019765625 0.1401735625 0.49144050625 0.1713055171875 0.4885127015625 0.1905362875 0.47936532187500003
0 0.0772784953125 0.4885239890625 0.07862169687500001 0.49108240781249995 0.10136094843750001 0.4912147 0.10351306406250001 0.487760865625 0.10351306406250001 0.4685300953125 0.11020030624999999 0.44475947812500005 0.1091715 0.43559598125 0.1153443390625 0.41914837812499994 0.118430759375 0.3962725609375 0.1266612109375 0.365184915625 0.12769001875 0.29650958125 0.1168875484375 0.2891207265625 0.10042664375000002 0.3036769734375 0.0844801421875 0.3392984859375 0.0783073015625 0.3914603765625 0.075 0.4032165859375 0.075 0.43874868281249996 0.0752208828125 0.46470249218750004 0.0772784953125 0.4885239890625
0 0.203125 0.3593736234375 0.203125 0.3561693140625 0.1954097984375 0.3373444234375 0.1853365390625 0.3311129796875 0.1596955140625 0.3222189484375 0.15328525625 0.31858083125 0.149622253125 0.31187227812499996 0.08735119062499999 0.2960778953125 0.0159226203125 0.2946335296875 0.0040178578125 0.29970830312499996 0.0003548546875 0.3074030421875 0.0040178578125 0.31977003125 0.012259615625000001 0.3239332078125 0.0287431328125 0.327115525 0.0443108984375 0.327206096875 0.05346840781249999 0.330860196875 0.062625915625 0.338629521875 0.07544642968750001 0.336646496875 0.112076465625 0.3517773 0.1358859890625 0.3575742546875 0.1441277484375 0.3581366078125 0.149622253125 0.3555965578125 0.16061126406249998 0.35771810312499996 0.170684525 0.3562334984375 0.18899954218749998 0.3583976640625 0.193578296875 0.3609963203125 0.19272455156249998 0.3667462390625 0.193902628125 0.3667530921875 0.20182005625000002 0.3641306875 0.203125 0.3593736234375
0 0.1285653875 0.3586461125 0.12393575781249999 0.3329781515625 0.1265077734375 0.29819457968749996 0.140625 0.246218053125 0.140625 0.2362511109375 0.139882259375 0.2131075546875 0.1331950171875 0.209405646875 0.12959419375 0.1974799328125 0.128050984375 0.1754929328125 0.12959419375 0.1599341453125 0.13165180625 0.15903036875 0.1321662109375 0.15353885312499999 0.129079790625 0.14619489218749998 0.1234213546875 0.14524621875 0.1223925484375 0.1489032375 0.1259933703125 0.1525871921875 0.1265077734375 0.1580846875 0.11621970781249999 0.16260359062500002 0.11159007812499999 0.1699026625 0.0951291734375 0.21193143750000001 0.088956334375 0.23570505000000003 0.0868987203125 0.3501619421875 0.09152835000000001 0.3593463859375 0.0941486359375 0.37242274062499997 0.1237949515625 0.3725952171875 0.1234213546875 0.3659421890625 0.1285653875 0.3586461125
0 0.136219290625 0.25101027343750004 0.12901764531249998 0.246389621875 0.1295320484375 0.222583090625 0.1310752578125 0.219844815625 0.1300464515625 0.21068132031250003 0.1357048875 0.1374541671875 0.140625 0.11040988437499999 0.140625 0.10620121874999999 0.13673369375 0.105408871875 0.11770077187500001 0.074162609375 0.11204233593749999 0.074129690625 0.10432628749999999 0.08507381093750001 0.09558143125 0.1134112125 0.0909518015625 0.1866443515625 0.0909518015625 0.219611384375 0.095067028125 0.2535181109375 0.0919806078125 0.26815216875000003 0.096095834375 0.2709233625 0.1027830765625 0.2856142828125 0.11033606874999999 0.2928294171875 0.12035250625 0.29288769062500003 0.137248096875 0.26017376875 0.136219290625 0.25101027343750004
0 0.11867139062500001 0.19762469375 0.11867139062500001 0.1875514328125 0.12278661718749999 0.18024936875 0.12278661718749999 0.1427035796875 0.127416246875 0.1234997453125 0.13125 0.08734995625 0.13125 0.06643443906249999 0.129473859375 0.054830396875 0.13125 0.045354971875 0.13125 0.0372790125 0.12690184375 0.016353896875000003 0.11867139062500001 0.0117272578125 0.1063257125 0.0171499375 0.088836 0.04909946875 0.0831775640625 0.11408486250000001 0.08369196718750001 0.1589596515625 0.0862639828125 0.19011014531249998 0.0938584609375 0.22710855312499997 0.119842221875 0.22725972187500001 0.12278661718749999 0.21230064999999998 0.11867139062500001 0.19762469375
0 0.18695055 0.07499132343750001 0.203434065625 0.0776592390625 0.2180860796875 0.0844317234375 0.225 0.083986478125 0.225 0.083537984375 0.2107600734375 0.068957003125 0.2043498171875 0.05091559375 0.18145604375 0.0420375453125 0.1054487171875 0.02616325 0.014789376562500001 0.0240926 0.0074633703125 0.026107590625 0.0001373625 0.03063744375 0.0001373625 0.040952406250000004 0.014789376562500001 0.0570144109375 0.0367673984375 0.053541451562499995 0.097206959375 0.0688107734375 0.157852128125 0.08841835625 0.1661747359375 0.0884667765625 0.1759615390625 0.0785282140625 0.18695055 0.07499132343750001
0 0.3200256203125 0.06268555625 0.3184824125 0.0718340890625 0.324140846875 0.08010876875 0.32619845937499997 0.0901939984375 0.32568405624999996 0.13231554843749999 0.3225976390625 0.14053935 0.3225976390625 0.14878110625000002 0.333914509375 0.197381746875 0.3431737703125 0.21849788593750002 0.3454863171875 0.21919748125 0.3464429109375 0.2192030453125 0.35500504374999997 0.208493459375 0.36477870625 0.18016204062500002 0.36875 0.1370595140625 0.36875 0.10653635312500001 0.3632354984375 0.0565266890625 0.3575770609375 0.0390945015625 0.35500504374999997 0.022596021875 0.3447537953125 0.00200571875 0.3196790484375 0.0018598390624999998 0.31591039374999996 0.0104638140625 0.3200256203125 0.06268555625
0 0.3942182640625 0.270779615625 0.3942182640625 0.2533803484375 0.3984375 0.2358788390625 0.3984375 0.21773582187499999 0.3978190875 0.1929617375 0.3916462453125 0.1416437734375 0.37569974375 0.0774484359375 0.3710701140625 0.0691797421875 0.369012503125 0.058178759375 0.36026821875000004 0.0489709796875 0.3602649484375 0.0489709609375 0.35203719218749996 0.050753993750000004 0.3432923375 0.0717653875 0.3402059171875 0.087315196875 0.33300427187500004 0.0991780625 0.3432923375 0.105648171875 0.34895077343750003 0.12033310625 0.3484363703125 0.1725279171875 0.3412347234375 0.18622228125 0.3355762875 0.20542013125 0.333518675 0.22372317812500003 0.3355762875 0.2484604234375 0.3432923375 0.26041007656250004 0.35100838749999996 0.2558762140625 0.35872443593750003 0.2623313609375 0.3659260828125 0.2816040265625 0.36849809843750003 0.29901825937500004 0.3759614203125 0.3006247796875 0.37784602968750003 0.30063574375 0.38547340625 0.297285515625 0.3942182640625 0.270779615625
0 0.33551968906249996 0.264156215625 0.3574977109375 0.2617120625 0.42068452343749996 0.26876691406250003 0.456398809375 0.2545714015625 0.46875 0.2472096734375 0.46875 0.24468634374999998 0.4673878203125 0.2381744296875 0.4298420328125 0.22458150937500002 0.4014537546875 0.2187579140625 0.38863324062500004 0.2109672765625 0.3712339734375 0.214466875 0.3547504578125 0.21488537968750002 0.24943910156250002 0.244622490625 0.238450090625 0.2522746078125 0.24119734375 0.26257865625 0.24943910156250002 0.2677706375 0.2643023625 0.271850165625 0.277764996875 0.2719284890625 0.31537316875 0.2635246015625 0.33551968906249996 0.264156215625
0 0.36359667500000004 0.20689798593750003 0.3608834046875 0.2036620578125 0.35839573593749996 0.2036475859375 0.3517653984375 0.2049976515625 0.34096292968749997 0.22233407187499998 0.327074040625 0.2643778125 0.3255308296875 0.3696801890625 0.3322180734375 0.3898656125 0.33324688125 0.41001811874999994 0.344563753125 0.4238202234375 0.3517653984375 0.4229463703125 0.356395028125 0.4138157953125 0.3620534640625 0.41018571093749995 0.36308227187500003 0.39096092968749996 0.35742383437499997 0.36528698125000003 0.3615390609375 0.3195233796875 0.3671875 0.291903721875 0.3671875 0.26284948125 0.3610246578125 0.22519804062499998 0.36359667500000004 0.20689798593750003
0 0.378563125 0.4841255578125 0.3796875 0.47732654375 0.3796875 0.452024959375 0.3636454296875 0.37964316249999996 0.3440981046875 0.3273316375 0.33895407187500004 0.301660684375 0.32866600625000003 0.2842015640625 0.3219787640625 0.2841626578125 0.312205103125 0.291431803125 0.3106618921875 0.3051590890625 0.3147771171875 0.31983504687500003 0.3163203265625 0.341822046875 0.315291521875 0.3702043390625 0.32455078125000003 0.39406773125 0.3271227984375 0.4105662125 0.3271227984375 0.4352914859375 0.3322668296875 0.450889178125 0.32763719999999996 0.45910400312500005 0.326093990625 0.4673367828125 0.32763719999999996 0.47467176875000006 0.3312380234375 0.479271471875 0.3445266046875 0.47934878281250004 0.3628756421875 0.5005486484375 0.3647816078125 0.5005597374999999 0.3718758828125 0.4950756625 0.378563125 0.4841255578125
0 0.386364003125 0.5724470671875 0.3925368421875 0.552336459375 0.396137665625 0.503822609375 0.3984375 0.49646641406249997 0.3984375 0.48784152968749994 0.398195278125 0.48094080781250004 0.394080053125 0.46077034687499996 0.38687840625000003 0.3892998765625 0.3817343734375 0.3654604265625 0.3760759375 0.3553542453125 0.35961503125 0.359837234375 0.35447099843749996 0.37354357031249996 0.358071821875 0.3964582921875 0.358071821875 0.462392359375 0.35447099843749996 0.47793917500000005 0.3524133859375 0.47884295468750004 0.3441829328125 0.5026045953125 0.3426397234375 0.519079134375 0.34469733593749996 0.5218383578125 0.35498540156249997 0.519150959375 0.35961503125 0.5292511531249999 0.3606438390625 0.5521509109375 0.36475906406249997 0.5686583703125 0.37394253593750004 0.583425534375 0.379023671875 0.5834550953125001 0.37916235625 0.5833941796875 0.386364003125 0.5724470671875
0 0.355182578125 0.5714368921874999 0.360677084375 0.5647816140625 0.375329096875 0.5617804390625001 0.400970125 0.561415209375 0.4366844109375 0.55442134375 0.45774668125 0.5457990234375 0.4640625 0.5399228078125 0.4640625 0.5373083265624999 0.4403474125 0.527179278125 0.4220323953125 0.5234719015625 0.3890653625 0.5212224921875 0.372581846875 0.5236986109374999 0.347856571875 0.5240691671875 0.3148895375 0.5285070000000001 0.2810067546875 0.536540328125 0.2361349578125 0.552740178125 0.2297247015625 0.5609333359375 0.228808953125 0.5686440578124999 0.23247195625 0.5727805953125 0.25250399687499997 0.5749065250000001 0.26020724375 0.5749513421875 0.27917525312499997 0.5699658859375 0.355182578125 0.5714368921874999
0 0.31296571875 0.7120491046875 0.312451315625 0.7038043546874999 0.316566540625 0.6855132765625 0.3175953484375 0.6433947203125 0.32479699375000004 0.5976490734375 0.3265625 0.563086478125 0.3265625 0.5532061734375 0.3253113984375 0.535381003125 0.3191385578125 0.5216088265625001 0.31399452499999997 0.49685362499999997 0.306278475 0.49680873437499995 0.29444720156250004 0.51322341875 0.289817571875 0.5214382421875 0.28364473125 0.5497906078125 0.2831303265625 0.556197871875 0.2851879421875 0.5607885968749999 0.2821015203125 0.5772541578125 0.2810727140625 0.6047206984375 0.2821015203125 0.6532614828125001 0.28570234375000003 0.6752604546875001 0.2805583125 0.6935455453125 0.2810727140625 0.7017902968749999 0.28775995625 0.7247229749999999 0.2918751828125 0.731157171875 0.3024239265625 0.7345719515625 0.30708150624999997 0.7345990484375 0.3098792984375 0.7303461671875 0.31296571875 0.7120491046875
0 0.293402565625 0.802506834375 0.29931135468750003 0.8095538421875 0.30292003749999996 0.8095748374999999 0.3093490671875 0.8090098671874999 0.31706511718749997 0.79714999375 0.3252955703125 0.7907876203125 0.3263243765625 0.7871306031249999 0.3242667625 0.7797926234375 0.3144931 0.7714940046875001 0.312949890625 0.7586645140625 0.32118034375 0.6918625796875 0.3191227296875 0.634158303125 0.3062626484375 0.596537696875 0.30369063125 0.5818707203125 0.29803219531249997 0.5781747937499999 0.2964889859375 0.5699240578125 0.284657709375 0.5698552265625 0.282600096875 0.5790007640625 0.2734375 0.6432870109375 0.2734375 0.6946208875 0.27642725625 0.73189525625 0.293402565625 0.802506834375
0 0.3307274015625 0.8151252375 0.334375 0.7651463015625 0.334375 0.7393056796875 0.333299415625 0.735469871875 0.33227060937499997 0.7116543625 0.32918419062500004 0.6933213874999999 0.3122088828125 0.6355303203125 0.2952335734375 0.6390945640625 0.287003121875 0.6527829453125 0.28340229843750003 0.6747400171875 0.281344684375 0.6774753 0.29163275 0.69127141875 0.28854633125 0.707736978125 0.291118346875 0.7187409515625001 0.28854633125 0.73520950625 0.291118346875 0.7526237359375 0.291118346875 0.776433259375 0.29008954062500003 0.7901635390624999 0.2844311046875 0.8121086406250001 0.2844311046875 0.8230976515625 0.2875175234375 0.8276943625 0.2978055890625 0.8323329718749999 0.30243521875 0.8470119203124999 0.3044928328125 0.8662546609374999 0.3096240046875 0.8674263390625001 0.31360879375 0.867449521875 0.3209537390625 0.8617716734374999 0.3307274015625 0.8151252375
0 0.6039021875 0.8461495890625 0.609375 0.8334408312500001 0.609375 0.8301812734375 0.60287338125 0.8278285859375 0.5997869609375 0.8223161234375 0.597729346875 0.8049048859375001 0.6013301703125 0.798515578125 0.595671734375 0.7920724031249999 0.5884700890625 0.7737154859375 0.5874412812500001 0.75539448125 0.5910421046875001 0.7361846625 0.60287338125 0.7344219921875 0.609375 0.726192453125 0.609375 0.7249188625 0.603387784375 0.7216044734375 0.5874412812500001 0.720595946875 0.577153215625 0.651854775 0.5792108296875 0.6188997125 0.5606923109374999 0.62428648125 0.5504042453125 0.651699153125 0.5421737921875 0.6919443109375 0.5426881953125 0.7102623218749999 0.5534906640624999 0.794574253125 0.566350746875 0.8459311218750001 0.5780846578125 0.8580506984375 0.5854041484375 0.8580932812500001 0.5889844921875 0.8570518109374999 0.6039021875 0.8461495890625
0 0.5827212078125 0.7257833921875 0.58940845 0.7496318203125 0.5914660640625 0.779863571875 0.5960956937499999 0.758828234375 0.6125565984375 0.728704221875 0.6151286140625001 0.7195616765625 0.61975824375 0.661896303125 0.619243840625 0.6243475218750001 0.616157421875 0.5886152796874999 0.609470178125 0.5556093421875 0.60998458125 0.5409603203125 0.6068981625000001 0.5262903484375 0.5955812890625001 0.5079094921875 0.5842644171875 0.50601215 0.569346721875 0.5425553984375 0.567289109375 0.5636056984375 0.5678035125 0.56635594375 0.5765483671875 0.568238321875 0.578091578125 0.5737418062499999 0.5739763515625 0.6121794015625001 0.5744907546875 0.6405706734375001 0.5719187390625 0.6643652343750001 0.5734619484375 0.704667253125 0.5775771749999999 0.7184274562499999 0.5827212078125 0.7257833921875
0 0.62747309375 0.642431875 0.6357035453125001 0.6205017374999999 0.63930436875 0.605870671875 0.6421875 0.5684927390625 0.6421875 0.553891028125 0.63930436875 0.5326105984375 0.6336459328124999 0.50968390625 0.632102721875 0.484949653125 0.6269586890625 0.46202595312500006 0.619242640625 0.451907803125 0.61003110625 0.44729905781249996 0.6099706765625 0.44729870624999996 0.5981521046875 0.46918436874999997 0.5971232984375 0.47742014218750006 0.601752928125 0.49393059375000004 0.6002097187500001 0.49941612031249993 0.6012385250000001 0.5186528734375 0.58940725 0.579939353125 0.5868352328124999 0.5826716421875 0.58940725 0.6147378875 0.5950656859375 0.629422821875 0.5991809124999999 0.6541720390625 0.5976377015625001 0.6669835734375 0.601752928125 0.68165953125 0.6095672140625 0.6847963578125 0.611574121875 0.684808034375 0.618213834375 0.6780922921875 0.62747309375 0.642431875
0 0.7390625 0.516374071875 0.7390625 0.5154787234375 0.7314159796874999 0.50779820625 0.7121852109375 0.49945587187499996 0.7048592031250001 0.4916972015625 0.60778960625 0.48547403125 0.5812328296875 0.4884059484375 0.5189617671875 0.49730292499999995 0.5061412546875 0.5059731937499999 0.5079727562499999 0.51524310625 0.526287775 0.525637728125 0.53269803125 0.5267038281249999 0.58306433125 0.5233960265625 0.6215258703125001 0.527735015625 0.6307967046875 0.5317948671875 0.645587225 0.5318809171875001 0.7213427203125 0.5252293124999999 0.7390625 0.516374071875
0 0.689669184375 0.47091695624999996 0.71164720625 0.46744399843749995 0.74827724375 0.4666282984375 0.7473614921875 0.4614789375 0.7400354859375 0.4562922828125 0.72355196875 0.45310996562500006 0.680511675 0.4384562734375 0.6567021515625 0.4336881234375 0.6466288921875 0.43568713125 0.6338083796875 0.4320117203125 0.607251603125 0.4328860234375 0.538570284375 0.43968809531249997 0.5092662546875 0.44054641562499997 0.49644574218750004 0.4461302640625 0.49278273749999996 0.45742582656249997 0.5010244968750001 0.46518982343750004 0.5175080125 0.471972965625 0.5294127750000001 0.46947020781250004 0.5916838375 0.4713757 0.6065948390625 0.475404065625 0.6077461078125 0.47541076406249994 0.6219036171875 0.47052270781249994 0.689669184375 0.47091695624999996
0 0.6226895296875 0.28140521406249996 0.6196031109375 0.27406125000000003 0.6196031109375 0.2658194921875 0.6160022875 0.2584725359375 0.607771834375 0.2712451640625 0.588224509375 0.3205819921875 0.5738212171875 0.335150209375 0.5769076375 0.3553146859375 0.5691915875 0.39739433750000003 0.556845909375 0.41930053437500003 0.556845909375 0.42845804374999996 0.559932328125 0.43854925937499994 0.558903521875 0.44403778125000004 0.567133975 0.47888419843749996 0.5835948796875 0.4798957171875 0.5923397359375 0.46804182968749997 0.626290353125 0.3464444765625 0.6265625 0.342085728125 0.6265625 0.3269991 0.62474714375 0.319878721875 0.6226895296875 0.28140521406249996
0 0.52828811875 0.3298160328125 0.54202438125 0.32372310937500004 0.562170903125 0.32641233281250004 0.5722441625 0.324927728125 0.6638192546874999 0.3285469171875 0.6995335390624999 0.310236178125 0.7 0.3084047234375 0.7 0.3023024109375 0.6793870203125 0.291086046875 0.6396205312500001 0.283408703125 0.625678259375 0.2833275890625 0.614368703125 0.283506134375 0.533782625 0.2928109609375 0.48799507656249996 0.3028326421875 0.4779218171875 0.31203329687500003 0.48891082968750005 0.3316445546875 0.49628261562500003 0.33257478749999997 0.5040665109375 0.3326200734375 0.512720353125 0.33023986562499996 0.52828811875 0.3298160328125
0 0.6296875 0.31285575468750004 0.6296875 0.25689363906249996 0.6280892109375 0.2466412375 0.618315546875 0.198965328125 0.5997970296874999 0.12742901874999998 0.5936241890625 0.12006710000000001 0.5776776875 0.121805828125 0.5709904453125 0.140997690625 0.579220896875 0.19690638124999998 0.578192090625 0.20605790468750002 0.5817929140625 0.228972625 0.5812785125000001 0.2573579125 0.583336125 0.2793479046875 0.598768221875 0.3316354875 0.5992826265625 0.35178500156250003 0.60646041875 0.3582157828125 0.6095537109375 0.35823377968750003 0.6265460015625 0.3272183390625 0.6296875 0.31285575468750004
0 0.6257141234375 0.12517503593749998 0.6277717359375 0.1178609984375 0.6221133015625 0.1040918171875 0.6066812015624999 0.0472254796875 0.6005083625000001 0.033453300000000005 0.5886770859375 0.03338446875 0.5804466328125 0.04249409375 0.573759390625 0.0598544578125 0.57993223125 0.06996363125 0.5789034234375 0.0763679 0.58404745625 0.0947128453125 0.58301865 0.1176006328125 0.5763314078125 0.14137125156250002 0.582504246875 0.149648925 0.58198984375 0.1688766984375 0.5809610375 0.175280971875 0.575817003125 0.18257705 0.578903425 0.1862580109375 0.5783890203125 0.1981597796875 0.5804466328125 0.20366625625 0.5943355218749999 0.222062078125 0.59742194375 0.240395053125 0.60359478125 0.24592546875000001 0.6046235875 0.2560047171875 0.612854040625 0.25330534843749997 0.62674293125 0.227745125 0.6296875 0.1970592203125 0.6296875 0.18262267968749998 0.6262285265624999 0.142577296875 0.6257141234375 0.12517503593749998
0 0.6724616515624999 0.08730347031249999 0.6834506625000001 0.076564934375 0.695355425 0.074062178125 0.705428684375 0.0746351859375 0.7191649484375 0.062369421875 0.7203125 0.056896892187500006 0.7203125 0.0536086421875 0.705428684375 0.053030246875 0.680703409375 0.04208393125 0.6477363765625 0.039320117187499996 0.6324204453125 0.0349293140625 0.6259987437500001 0.0348919546875 0.623011103125 0.03506104375 0.5579927875 0.041370021875 0.5250257546875 0.048894275 0.5003004796875 0.055952071874999995 0.49297447187500004 0.061567887499999994 0.4911429703125 0.068758878125 0.5030477328125 0.07860180156249999 0.5186154984375 0.081778790625 0.5497510296875 0.081445528125 0.5662345453125 0.083599040625 0.5753920546875 0.08005149375000001 0.5836338125 0.08009944375 0.6416723859375 0.088108140625 0.648323440625 0.0881468359375 0.661472640625 0.0851819265625 0.6724616515624999 0.08730347031249999
0 0.5763145609375 0.1236654 0.5770975421875 0.1236699546875 0.5837341515625 0.121176859375 0.5935078140625001 0.10749745937499999 0.596875 0.0925312203125 0.596875 0.0810647 0.5945366203125 0.0763679125 0.5950510234374999 0.05897163749999999 0.596875 0.0537869234375 0.596875 0.0495107625 0.5929934109375 0.038355271875 0.594686128125 0.0034597828125000002 0.5749892953125 0.003345190625 0.5749892953125 0.12234698749999999 0.5763145609375 0.1236654
0 0.8914863765625001 0.0454578625 0.9317794171875 0.0390050390625 0.9427684281250001 0.034439340624999995 0.9574204421875001 0.034524584375 0.9583361953124999 0.0226986375 0.9629149484375 0.017581240625 0.9765625 0.014785809375 0.9765625 0.013163634375 0.9720724578125 0.0068320484375 0.968409453125 0.00578193125 0.8590188453125001 0.005145515625 0.8557720921874999 0.0056410296875 0.8347098203125001 0.006032896875000001 0.7770175125 0.026273384374999997 0.761449746875 0.029783635937500004 0.7495449859375001 0.0379448296875 0.747713484375 0.04667903125 0.7513764875 0.053901987500000005 0.7767880078125 0.0638942203125 0.7795752874999999 0.0639104359375 0.8502775874999999 0.045218117187500004 0.8914863765625001 0.0454578625
0 0.8565978218750001 0.058216826562500004 0.8576266296874999 0.11774662031250001 0.8612274531249999 0.131503834375 0.8612274531249999 0.15806061093749998 0.8694579046875001 0.1810022671875 0.8761451484375 0.1911144328125 0.8890190499999999 0.1973596609375 0.8898367468749999 0.19736441875 0.9100957656249999 0.18215444218750002 0.9085525562500001 0.17573520781250002 0.9116389765624999 0.159269646875 0.9125 0.15850825 0.9125 0.1538928359375 0.9059805390625 0.13451145312499999 0.9003221031249999 0.1280682765625 0.8972356843749999 0.11522980625000001 0.8972356843749999 0.1079038 0.9013509078125 0.09327572656250001 0.9023797171875 0.06214618125 0.90649494375 0.0530126140625 0.9080381531249999 0.0319593203125 0.9059805390625 0.012716581250000001 0.9060526515625 0.005271259375 0.86238264375 0.0050171953125 0.8607130484375001 0.010621721875 0.8565978218750001 0.058216826562500004
0 0.9019574171875 0.1550898984375 0.9376717031249999 0.162499325 0.9715544875000001 0.16218204687499999 0.980711996875 0.15657688593750002 0.9984375 0.15668000937499998 0.9984375 0.12933722812499998 0.9788804953125 0.12004359687499999 0.9486607140625001 0.11266613750000001 0.9147779296874999 0.112983415625 0.8515911171875 0.11878864687499999 0.8406021062500001 0.122839940625 0.808550825 0.12625429375 0.793898809375 0.130284278125 0.78382555 0.13639851249999999 0.781078296875 0.1513002265625 0.8076074500000001 0.16251102343749999 0.811650546875 0.1625345453125 0.8268658421874999 0.15722504531249998 0.9019574171875 0.1550898984375
0 1 0.1885961125 0.9901928812499999 0.18617808281249998 0.9535628421875 0.18647937812499998 0.94257383125 0.1843578328125 0.9059437953125 0.190317565625 0.8491672375 0.2074769625 0.79055918125 0.22925533125 0.78048591875 0.2394847921875 0.785980425 0.25289124375 0.8061269453125 0.2581524859375 0.8151614015625 0.26255497031249997 0.8224089937500001 0.2625971359375 0.8335994734375 0.25676910625 0.94165808125 0.224990365625 0.9663833546875 0.2230765984375 0.9773723656250001 0.2164532890625 1 0.2106533265625 1 0.1885961125
0 0.9390625 0.339638578125 0.9390625 0.3323719453125 0.9322701500000001 0.318628303125 0.9302125374999999 0.30488006875 0.93329895625 0.28566725625 0.92284628125 0.169306078125 0.8692862625 0.168994475 0.8674553359375 0.2074453609375 0.8762001921874999 0.234968765625 0.8756857874999999 0.2551122921875 0.882887434375 0.267058953125 0.8870026609374999 0.2872294140625 0.8906034828125 0.290913365625 0.9075787921874999 0.341378425 0.9091220015625 0.351460665625 0.9182544296874999 0.3600297484375 0.9239234796875 0.36006272968749997 0.9363853765625001 0.3552822828125 0.9390625 0.339638578125
0 0.9203125 0.4217029734375 0.9203125 0.41238175625 0.90365176875 0.32505023125 0.9046805750000001 0.30674119843750003 0.8990221390625001 0.29114051406249997 0.8990221390625001 0.269162490625 0.902108559375 0.262770190625 0.895421315625 0.253573778125 0.8847474468750001 0.252595925 0.8779316046875 0.24706176562499998 0.8594130859375 0.21398699687499997 0.8589558374999999 0.21032133437499997 0.8538118046875001 0.21029140625 0.8501538265624999 0.213933128125 0.8429521796874999 0.2523527671875 0.85684106875 0.3412614125 0.86661473125 0.3834428140625 0.8727875703124999 0.396299240625 0.882561234375 0.406429359375 0.8990221390625001 0.4422394140625 0.907748775 0.44746862812500005 0.9087125703125001 0.447474234375 0.9170262546875 0.441428409375 0.9203125 0.4217029734375
0 1 0.3613239546875 0.956121221875 0.3549066875 0.9378062046875 0.35582894062500003 0.9158281828125 0.36033070624999997 0.899344665625 0.3607492109375 0.8856084031250001 0.3678709421875 0.872787890625 0.366767546875 0.86454613125 0.368262809375 0.7922018093750001 0.39664850625 0.7830443 0.402253665625 0.7848758015625 0.4115235796875 0.80135931875 0.41933552656249995 0.8141798296875 0.4219821296875 0.8345575765625 0.43454281406249995 0.84119449375 0.4345814265625 0.8425681078125 0.43449296718749997 0.8407366078124999 0.42625185937500004 0.8453153609375 0.42422088437500005 0.8480626156250001 0.41857843125 0.8627146281250001 0.4109476265625 0.8755351421875 0.4074213890625 0.9744362421874999 0.4059391671875 0.9799307468749999 0.40288471406250004 0.9707732359374999 0.393572178125 1 0.38240631875000003 1 0.3613239546875
0 1 0.46991031406249995 0.9737093625 0.4614101171875 0.9645518546874999 0.45981362968750006 0.8986177890624999 0.4599444390625 0.8665665046875001 0.463873196875 0.8354309750000001 0.471922509375 0.796053684375 0.4752942421875 0.783233171875 0.48499331718749994 0.78048591875 0.4906357703125 0.782317421875 0.499905684375 0.8024639421875 0.512368571875 0.8030649078125001 0.5124845953125 0.8168393281249999 0.5125647328125 0.8977020359375001 0.5046922 0.9251745640625 0.509481659375 0.9810353718749999 0.5082634374999999 0.9901928812499999 0.49957185937500004 1 0.49465309843750005 1 0.46991031406249995
0 0.9248673015625 0.662012778125 0.93258335 0.651984409375 0.934375 0.642426240625 0.934375 0.6343161421875 0.9217808812499999 0.6226175328125 0.9233240921875 0.6033957421875 0.920752075 0.5951390187500001 0.9166368484375 0.5539062875 0.9181800578124999 0.5108749734375 0.9153310546875 0.49437488125 0.8731869171875 0.49412969375 0.87291256875 0.5087801109375001 0.8795998109375001 0.59032085 0.8857726515625 0.6279025500000001 0.90120475 0.681105884375 0.9067959468750001 0.683400584375 0.91454585 0.683445671875 0.91972326875 0.6775506171875 0.9248673015625 0.662012778125
0 0.8650101187500001 0.7794982218750001 0.8726319390624999 0.7863268234375 0.8778053 0.7863569218750001 0.8809566203125 0.786001253125 0.893816703125 0.77233980625 0.8948455093750001 0.7613567812500001 0.9020471546875 0.748578165625 0.9041047687500001 0.7366853765625 0.9005039453125001 0.7256754140624999 0.8881582671875 0.707288571875 0.886100653125 0.6935403375 0.886100653125 0.6688150625 0.8933023 0.634974178125 0.8953599125 0.6111766234375 0.902561559375 0.6011452625 0.8969031218750001 0.5919548328124999 0.8907302828124999 0.59008741875 0.88455744375 0.593714509375 0.8758125874999999 0.5872533765625 0.8706685546875 0.5698241828125 0.866038925 0.5414089703125 0.8612905874999999 0.5340553375 0.8560723609374999 0.5340249781249999 0.8547220531249999 0.5367643765625 0.8552364562499999 0.5532508843749999 0.84546279375 0.595318565625 0.8421875 0.62362025625 0.8421875 0.6342584875 0.8439195828124999 0.67589566875 0.8650101187500001 0.7794982218750001
0 0.833180178125 0.8736389546875 0.8414106312499999 0.8681923328125001 0.842953840625 0.8480547921875001 0.848612278125 0.84350895625 0.8661019890625001 0.7950759109375001 0.87278923125 0.7566532765625 0.8765625 0.720570025 0.8765625 0.6370794140625 0.8712460203125 0.6000508921875001 0.864558778125 0.591770228125 0.8594147453125001 0.5917403 0.8475834687500001 0.5989974765625 0.8336945796874999 0.647451471875 0.837295403125 0.6615136296874999 0.837295403125 0.673113446875 0.8331801765625 0.71338254375 0.8275217406250001 0.7380749 0.8239209171875 0.74446420625 0.8187768859375 0.74626578125 0.8208344999999999 0.769171525 0.8187768859375 0.7847273203125 0.8280361453125 0.8012647062499999 0.8270073375000001 0.8113319796875 0.83163696875 0.8589779625 0.8301188312500001 0.8954544906249999 0.8344255531250001 0.8954795453125 0.83369458125 0.8928727171874999 0.833180178125 0.8736389546875
0 0.853125 0.917440646875 0.8468583609375001 0.9114543234375001 0.843771940625 0.8995316062500001 0.8473727625 0.8620067671875 0.8478871671875 0.8015701984374999 0.844800746875 0.7759112171875 0.835027084375 0.7474660765625 0.8339982765625 0.7355553296874999 0.825767825 0.7410019515624999 0.8175373734375 0.74095406875 0.81290774375 0.747337390625 0.8098213218750001 0.7638029515625 0.8093069203125 0.78669373125 0.80313408125 0.81229884375 0.802619678125 0.8608306499999999 0.8057060968749999 0.8690903640625001 0.8057060968749999 0.9222039171875 0.8087925171875 0.94236839375 0.8226814046875001 0.9635114687499999 0.824263003125 0.964170421875 0.84231055625 0.96427541875 0.853125 0.9291823484374999 0.853125 0.917440646875
0 0.5877407734375 0.8802924624999999 0.5861975640625 0.8537267078124999 0.588769578125 0.8143643796875001 0.591341596875 0.8079690875000001 0.591856 0.7850783078125 0.5810535296875 0.77585795 0.57127986875 0.7455813109375 0.5656214312500001 0.7418853859375 0.5590031062499999 0.728252184375 0.5588917765625 0.7282515375 0.5507037359375 0.7555348609375 0.5476173156249999 0.783905184375 0.5491605265625 0.7949031734374999 0.5486461234375 0.867244503125 0.5507037359375 0.8855714921875 0.5548189625 0.9002474484375 0.5589341875 0.9414801796875001 0.563049415625 0.9506616296875 0.5753950921875 0.9543964609375 0.583625546875 0.9425395828124999 0.582596740625 0.917808321875 0.588769578125 0.9041079703125 0.5921875 0.9018461125 0.5921875 0.8999323515625001 0.5897983859375 0.894956446875 0.5877407734375 0.8802924624999999
0 0.28262935 0.8669895828125 0.30094436875 0.868639346875 0.354973671875 0.8663816640625001 0.4245707421875 0.8467248375 0.4296875 0.83525769375 0.4296875 0.82992933125 0.42823374531249997 0.8271988234375 0.4025927203125 0.8260208421874999 0.3677941859375 0.8206743578125 0.3613839296875 0.8206370640625 0.354973671875 0.82420059375 0.33849015625 0.82204708125 0.3000286171875 0.8285105625 0.2844608515625 0.836136040625 0.266145834375 0.8344862765625001 0.257904075 0.8354671343750001 0.25149381875 0.8390306640625 0.241420559375 0.8369144468749999 0.2121165296875 0.845488815625 0.2020432703125 0.8521174546875001 0.2020432703125 0.8557182781250001 0.210285028125 0.8583382437499999 0.21303228125 0.8665846796875 0.230856228125 0.8732180828124999 0.24736966875 0.8733141546875001 0.2743875921875 0.8710568609375 0.28262935 0.8669895828125
0 0 0.8234375 0.017872578125 0.8235414796875 0.04644001875 0.8141796890625 0.09680631875 0.8129295031250001 0.1599931328125 0.8055810625 0.1921875 0.7806510171875 0.1921875 0.7783120875 0.1911286625 0.7759268140625 0.1784555109375 0.7682257234375001 0.176610875 0.7682149921875 0.1389308609375 0.7699647 0.0949748171875 0.7681657609375 0.035451007812500004 0.77862193125 0 0.7885413625 0 0.8234375
0 0.1203125 0.906334996875 0.1203125 0.899552159375 0.116081603125 0.8802792890625 0.115052796875 0.8537165265625 0.10167831093749999 0.7922834046875 0.0996206984375 0.786776928125 0.09447666406250001 0.7830839968750001 0.091390246875 0.7720770296875 0.0831597921875 0.76928189375 0.0754437421875 0.7729000078125 0.07132851875 0.780202071875 0.068242096875 0.7975833828125001 0.068242096875 0.8516126875 0.0739005328125 0.8818653875000001 0.074929340625 0.9001863921875 0.080587778125 0.9185343296875 0.07955896875 0.9267701031250001 0.0841886 0.93320729375 0.088255946875 0.9567634578125 0.1203125 0.9569499578125 0.1203125 0.9470887593749999 0.11865361875 0.9269975484374999 0.1203125 0.906334996875
0 0.835284784375 1 0.8377144515625 0.9693042125 0.8390625 0.9333147343749999 0.8390625 0.9013141203125 0.8382288546875 0.885973871875 0.8330848218750001 0.86213441875 0.8238255625 0.8419340296875 0.8083934640624999 0.8473387546875 0.8006774140624999 0.861945878125 0.7996486078125 0.8793391609375 0.8017062218750001 0.9095709125000001 0.7867885265625 0.9433669078125 0.7883317359374999 0.9497861406249999 0.78575971875 0.9607601875 0.7796875 0.9670306265624999 0.7796875 0.9673398328125 0.7867885265625 0.981828446875 0.7883317359374999 0.9919106828125 0.7874421234375 1 0.835284784375 1
0 0.5507871921875 1 0.5574207624999999 0.9686830984375 0.5578125 0.959619434375 0.5578125 0.9373150515625 0.5569063578125 0.9265555624999999 0.5578125 0.9205115906250001 0.5578125 0.90140385 0.5553631484375 0.8770960343749999 0.5491903078125 0.8422615875 0.548161503125 0.8248563359375 0.5389022437500001 0.80282444375 0.5291285796875 0.805514834375 0.5162685 0.8164290281250001 0.5203837250000001 0.8384309921875 0.518840515625 0.8622315390624999 0.512153271875 0.8969911671874999 0.51369648125 0.9217254203125 0.520898128125 0.9776281234375 0.5217357406249999 1 0.5507871921875 1
0 0.35625 1 0.35625 0.9821939578125001 0.354568475 0.9486571234375001 0.349424440625 0.9193231671875 0.33604995625 0.86887905625 0.324733084375 0.8523297 0.32061785781249996 0.8303277359375001 0.31526924843750004 0.8268341828124999 0.31360745 0.8268245140625 0.30261374218750003 0.8283914890625 0.29746970781250004 0.843929328125 0.29695530625 0.8521680937499999 0.3000417234375 0.8668380640625 0.29644090312500004 0.8814691296875001 0.30107053125 0.8869905687499999 0.30724337031250004 0.9172462625 0.307757775 0.9474690359375 0.30724337031250004 0.9511290453125 0.298498515625 0.951993921875 0.29644090312500004 0.94557169375 0.28666723906249997 0.9500935875 0.292325675 0.9574525140624999 0.291811271875 0.9656912796875 0.3020993390625 0.9813189 0.30572766875 1 0.35625 1
0 0.12384376718750001 1 0.12486966875000001 0.9904177375 0.13104250625 0.9904536500000001 0.1233264578125 0.9345479531249999 0.12898489375 0.91718160625 0.126412878125 0.90617763125 0.1228120546875 0.8502958765624999 0.11406719843749999 0.8273512265624999 0.10635114999999999 0.8263905859375 0.1042935375 0.833704621875 0.09812069531249999 0.8373317140625 0.087318228125 0.8601626390625 0.0801165828125 0.8994980312499999 0.080630984375 0.9507830734375 0.0858115375 1 0.12384376718750001 1