0 0.9330626078125001 0.648988521875 0.9363105656249999 0.6217523953125 0.9340947265624999 0.6063893953124999 0.92785826875 0.5956264796874999 0.894499184375 0.5962087656249999 0.8947941640625 0.5989215578125 0.892501296875 0.620705128125 0.8920670656249999 0.6456177359375 0.8924551765625001 0.6789718421875001 0.894893065625 0.6949538265624999 0.8951671031249999 0.7185045531250001 0.9218723078125001 0.781457084375 0.9236569453125 0.7824771765625 0.9254098093750001 0.78244658125 0.93044379375 0.774059621875 0.9272939453125 0.7659607703125 0.9322485765625 0.754096534375 0.9363146062500001 0.7096324875 0.936475953125 0.6797322968749999 0.9330626078125001 0.648988521875
0 0.941342028125 0.58639971875 0.9369208921875 0.5565795140625001 0.9331564796875 0.53943158125 0.9269200203124999 0.5286686671874999 0.91252638125 0.51714215625 0.904537840625 0.5308713125 0.8944926578124999 0.58545620625 0.8945540281250001 0.5907303671874999 0.8993869921875 0.6134054984375 0.89822839375 0.645135059375 0.9025019734375 0.6622741046875 0.9042824250000001 0.683986571875 0.903897784375 0.6937414859375 0.9313558890625 0.6932622015625001 0.934779625 0.6789243359375 0.9402645 0.6688628046875 0.9401380203124999 0.6579932390625001 0.9440532421875 0.6443351828125 0.940892853125 0.6353305375 0.941342028125 0.58639971875
0 0.9196324 0.5131693125 0.915495840625 0.5078056296875 0.913884025 0.500585915625 0.9151901828125 0.4815375140625 0.9222236328125 0.47326091562499994 0.9121806843750001 0.4553165953125 0.8926509875 0.4556574875 0.8840994999999999 0.4793622625 0.881659075 0.4884646703125 0.8783781234375001 0.5436583765624999 0.8791968546875 0.6140199796875 0.8828573734375 0.6352126890625 0.8912148125 0.65318643125 0.9012442500000001 0.6672199078125 0.904531246875 0.6671625328124999 0.9132248453124999 0.662768034375 0.9210342062500001 0.633640328125 0.922712509375 0.6028076765625 0.92248063125 0.5828801390625 0.9191621453125001 0.5602885375 0.9196324 0.5131693125
0 0.8991003140625 0.3688855640625 0.8919930828125 0.3708215828125 0.88304945 0.390003296875 0.8801045843749999 0.423413671875 0.8803082890624999 0.44092008437499997 0.8829902531249999 0.47244860781250003 0.891516328125 0.504915103125 0.8922046734375 0.5203047671875 0.8869095140625 0.5466706453125 0.8933356921875 0.5737379078125 0.8973852359375 0.5766438609375 0.91136465625 0.5763998484374999 0.9177018312499999 0.566970728125 0.9220873078125 0.5061934484374999 0.9221116374999999 0.46451789374999997 0.9183926328125 0.40750600156249994 0.914140134375 0.39217855 0.8991003140625 0.3688855640625
0 0.899885471875 0.3473404859375 0.8929922890625 0.32390529843750004 0.8927709500000001 0.304883559375 0.8818782281249999 0.2878600515625 0.8742618328124999 0.28980495781250004 0.8667929984375 0.304431025 0.866295084375 0.3110937796875 0.867268925 0.3947853828125 0.8689285578125 0.4004277421875 0.8756393125 0.45195152656250004 0.8918344828125001 0.4870021015625 0.9067802046875 0.49990182031249997 0.9102504859374999 0.499841246875 0.9189045437500001 0.493777440625 0.9170957218750001 0.4258604328125 0.908590725 0.39520553125 0.9052722390625 0.3726139296875 0.8989725406250001 0.35641623125 0.899885471875 0.3473404859375
0 0.8262781359375 0.3270751328125 0.8010165359375 0.3361736390625 0.7911238625 0.34245753749999996 0.78403886875 0.36034618749999997 0.78409984375 0.3655863390625 0.7850913671875 0.369044790625 0.7901638453125 0.3706607078125 0.7939689000000001 0.370594290625 0.7932079921875 0.3658475046875 0.7977073546875 0.363222625 0.8157995984375 0.3608697515625 0.8257811390625 0.362223328125 0.83662700625 0.3599969390625 0.8420914125 0.3624478984375 0.8502376609375 0.36179643906250003 0.8737232140625 0.35578454375 0.9097832828125 0.3403863296875 0.9224881421875001 0.3422016390625 0.9314572421875 0.3344060578125 0.940473740625 0.33068379531250003 0.9558722906250001 0.3304150125 0.9721410921875 0.327075428125 0.9802458671875 0.3228598125 0.9835093015625 0.3113443125 0.9834948593749999 0.31010321875 0.9800148046875 0.303002378125 0.9681801968749999 0.29811626874999997 0.8975398718750001 0.3003678359375 0.836123409375 0.3167179171875 0.8325772421875 0.323400303125 0.8262781359375 0.3270751328125
0 0.8988097421875001 0.208357084375 0.8820316281249999 0.16697481875 0.8773648234375001 0.1598084296875 0.8671288265625 0.15545719375 0.8675747484375 0.15001352343750002 0.8710967437500001 0.146328121875 0.87003625625 0.142722709375 0.8644459812499999 0.14372626875 0.8614753109375 0.1510259703125 0.862047715625 0.156451865625 0.8640949156250001 0.1573221125 0.8658015890625 0.1726940015625 0.8645270515625001 0.19445979375 0.8610999156249999 0.20629736875 0.8545229296875 0.2100360953125 0.8543039234375 0.220733215625 0.8545773562500001 0.2442320921875 0.8687414312499999 0.29404415 0.8716877703125 0.328420003125 0.86740040625 0.353862309375 0.8725763734375 0.3610198109375 0.87217260625 0.37008666875 0.8763407859375001 0.37816774375 0.8863962046875 0.3861719578125 0.8957259875 0.3860091046875 0.8957839140624999 0.3859821921875 0.8992742890625 0.3795794 0.904070821875 0.35412820625 0.9085479078124999 0.344990246875 0.9051937578125001 0.231801159375 0.8988097421875001 0.208357084375
0 0.9355842828125001 0.20927202656250002 0.9446541046875 0.21013224843749997 0.9770672843750001 0.19276061875 0.976954715625 0.183086484375 0.9696194703125001 0.1755754953125 0.95504969375 0.16920932187499999 0.9522849062500001 0.165183434375 0.9378277015625001 0.1684913953125 0.9042658093749999 0.1650030734375 0.8716571140625 0.165572259375 0.7992466703125001 0.17141960625 0.771267678125 0.18056554375 0.7604869828124999 0.1883927453125 0.7605521546875 0.1939935609375 0.79156846875 0.21229510000000001 0.792326440625 0.21590404218749998 0.7978009046875 0.21580848437500003 0.8232595171874999 0.21072339375000002 0.8956581140625 0.2038577203125 0.9047279343750001 0.2047179421875 0.907427553125 0.2031430140625 0.930972353125 0.2022227703125 0.9355842828125001 0.20927202656250002
0 0.9670406703125 0.13984440468749998 0.985115140625 0.1359640359375 0.9931784453124999 0.1281842640625 0.9957951171874999 0.1194810265625 0.982107440625 0.1110623828125 0.9448808890624999 0.10407314999999999 0.9140541640625001 0.10206489062499999 0.8696641828124999 0.10233045156250001 0.8054177593749999 0.10905382968749999 0.7739163 0.1269188140625 0.7689544953125 0.13846396249999998 0.7689704921875 0.13983870625 0.7732474890625001 0.14730122343750002 0.7966447265625 0.1517531546875 0.7990003625 0.1517120359375 0.8113205921875 0.149182996875 0.8264384687499999 0.151233103125 0.8382661062500001 0.15102664999999998 0.879231675 0.14596053281250002 0.8982000906250001 0.14104602187499998 0.935337771875 0.14039778125 0.942536753125 0.136197975 0.9525005203125 0.13602405625 0.9670406703125 0.13984440468749998
0 0.84940965625 0 0.8488132953124999 0.0018964234375 0.8393657296875 0.01141358125 0.8394777140624999 0.021037578125 0.8588846953125 0.079635 0.8743461140625 0.13915986875 0.8710349171875 0.1609612125 0.8870207484374999 0.1751807125 0.8972258046875 0.1750025828125 0.9016691343750001 0.1676743390625 0.9036214749999999 0.1603924125 0.9010505296875 0.0707451609375 0.8857995843750001 0 0.84940965625 0
0 0.8871367906250001 0 0.892207025 0.018213982812499998 0.8956203703125001 0.0489577578125 0.8993110046874999 0.059765109375 0.8955644218750001 0.087915921875 0.8925410515625 0.0906866375 0.8931029171875 0.0952067359375 0.8979960874999999 0.107787990625 0.9100527203125001 0.1075775421875 0.9088009421875001 0 0.8871367906250001 0
0 0.6313782125 0 0.6326308515625 0.10765161406249998 0.63590175625 0.11261775468749999 0.6401647953125 0.128851 0.6440694765625 0.11428714531249999 0.648069015625 0.1078754671875 0.6573110140625 0.0705689234375 0.659667121875 0.0542201375 0.6618050453125 0 0.6313782125 0
0 0.642629246875 0 0.6337283499999999 0.0209423578125 0.623085334375 0.0691451296875 0.62318019375 0.07729730312500001 0.62633004375 0.0853961515625 0.6273240453125 0.12705393125 0.6254033234375 0.1370532484375 0.61989736875 0.1453031859375 0.6215302625 0.15433449375 0.6181342296875 0.20489687499999998 0.6181498546874999 0.2062397390625 0.6253757453125 0.2222159515625 0.6316858515625 0.22808493749999997 0.633797259375 0.2280480828125 0.64070339375 0.2264783125 0.6566172375 0.1935852171875 0.6589733421874999 0.17723643125 0.6643739 0.1599285234375 0.6693844765625 0.1091061234375 0.6700116421875 0.09675215625 0.66993425625 0.0901017171875 0.6644785062499999 0.037619253125 0.654477634375 0.0097084046875 0.6465229640625 0 0.642629246875 0
0 0.6524883109374999 0.257520328125 0.6542403921875 0.23302825624999998 0.651992934375 0.2149478640625 0.6461707828125001 0.1960238875 0.6388843750000001 0.18256135625 0.637774434375 0.1309398078125 0.6432066109375 0.11634929218750001 0.65331613125 0.10983096249999999 0.646050803125 0.098180025 0.642816634375 0.0828348 0.6339184125 0.062152553124999996 0.6257506921875 0.060483159375 0.6172002875 0.0696922171875 0.61529010625 0.0805973328125 0.61080248125 0.08882949531249999 0.5957561609375001 0.1525108046875 0.590236415625 0.2033420921875 0.590102353125 0.21339085781249997 0.5904968375 0.24729275468749998 0.5944962031250001 0.2630624875 0.5946964625 0.2802726328125 0.6036579234375 0.3063896609375 0.6079245734375001 0.308203378125 0.6201181906250001 0.3079905375 0.6204814468750001 0.30790796875000004 0.6228270140625 0.2906533859375 0.6297339859375 0.271507221875 0.63729768125 0.2650333296875 0.6449878546875001 0.2694290015625 0.6524883109374999 0.257520328125
0 0.6642076593749999 0.1678899203125 0.658364428125 0.1471543484375 0.65317791875 0.13909105 0.6429630000000001 0.13655140937500002 0.6354520046875 0.1475542859375 0.6066233609375 0.2522453171875 0.6063039125 0.268558553125 0.6048938890625 0.275798503125 0.6050502015625 0.28923208749999996 0.61072505 0.2983787578125 0.6166526015625 0.326360703125 0.6303230265625 0.36326730937499996 0.6341852140625 0.364006421875 0.6395936343749999 0.3639120171875 0.6464898265625 0.35211334375000003 0.6603353890625 0.3165384078125 0.652988990625 0.2541539453125 0.6552818578124999 0.23237037656249998 0.654540815625 0.21245172812500002 0.6642076593749999 0.1678899203125
0 0.6462931515625 0.2134082828125 0.6391543015625001 0.212626909375 0.6281107703125001 0.22640939375000002 0.62732431875 0.2463547046875 0.62093705 0.266397778125 0.6236766359375 0.3705377828125 0.6379089265625 0.411964484375 0.6488016484375 0.42898799218750006 0.65072490625 0.42935604843749997 0.6586510453125001 0.42921769843749996 0.6604913625 0.42697198593749996 0.6577347375 0.40890048125 0.6638020734375 0.368952365625 0.663522765625 0.3449487140625 0.65715829375 0.3155944921875 0.652557978125 0.2703757375 0.6578636765625 0.24491565624999997 0.6566240078125001 0.2259116921875 0.650981034375 0.22238626562500002 0.6462931515625 0.2134082828125
0 0.6567335187500001 0.3824143921875 0.5831743656249999 0.3674017828125 0.5697576109375 0.3666938265625 0.5682086921875 0.3667208625 0.553300834375 0.36945103281249997 0.5425082890625 0.37625990468750004 0.5362625046875 0.3845172203125 0.5582218375 0.403061896875 0.558374890625 0.41621515468750003 0.5629453468750001 0.41970025624999996 0.5702094984375 0.42110126562500005 0.5783438984375 0.41943147343750004 0.58644275 0.4147066921875 0.6019005484375 0.419529559375 0.62635706875 0.4191026703125 0.642691040625 0.4213639015625 0.6663484093750001 0.43011779062500005 0.6944162703125001 0.428609328125 0.716173175 0.429757365625 0.72739635625 0.4327061953125 0.7389679078125 0.43250421406250006 0.7442825078124999 0.43181305625000005 0.751416315625 0.42201243593750004 0.7513392953125 0.41539329062499997 0.7340106578125 0.405510396875 0.7085890921875 0.40086144843750005 0.6567335187500001 0.3824143921875
0 0.6438614203124999 0.44242321718750005 0.63973865 0.3944781828125 0.63339679375 0.374657296875 0.6261420046875 0.36391215625 0.62204760625 0.3621716625 0.6120540234375 0.3786537609375 0.6081704218749999 0.3950292078125 0.6074155890624999 0.4176919109375 0.60294904375 0.42773566562500004 0.592734125 0.425196025 0.592569559375 0.42542197656249997 0.5927998062500001 0.4452093625 0.600866975 0.46763517656250003 0.6029141765625 0.4685054234375 0.606657509375 0.4838417609375 0.60741638125 0.549059153125 0.604115725 0.5717662921875 0.609365471875 0.5852643750000001 0.6245966968750001 0.5892194890625 0.6258814765625 0.5891970625 0.6311963265625 0.5794474296875001 0.6360139390625 0.5558078296875 0.6423201359374999 0.48503123125 0.646161578125 0.46503259531249996 0.646502103125 0.450530953125 0.6438614203124999 0.44242321718750005
0 0.6671421484375 0.561870165625 0.66524900625 0.48670678125 0.6706074046875 0.46577568437499994 0.6677664625 0.44045780468749995 0.66365098125 0.436905715625 0.656024046875 0.43794482500000004 0.6479511875 0.44442760468750003 0.6321743640624999 0.4890960640625 0.6244177 0.52275275625 0.6202146515625 0.5554414390625 0.6199900640625 0.5799068484375 0.617972328125 0.593907721875 0.618067690625 0.6021030781250001 0.6200500546875001 0.6288287796875001 0.6238250078124999 0.6468825093749999 0.6340543750000001 0.6703209078125 0.6364318875 0.6702794078125 0.6423552046875 0.6637727046874999 0.6507685921874999 0.6427882828125 0.6574858453125 0.6073377718749999 0.6576998921875 0.5819665640625 0.66058624375 0.5674204859375 0.6671421484375 0.561870165625
0 0.8011378125 0.6239718171875 0.8065311218750001 0.6203127984375 0.8018362453125001 0.606135234375 0.79544826875 0.6021725890625 0.7727263203125 0.5959487140624999 0.7645682218750001 0.5955818453124999 0.7465115265625 0.6009897093750001 0.7247309234375 0.5978050125000001 0.676711828125 0.597624653125 0.6495497640625 0.5991173046875 0.6332809640625 0.6024568875 0.6287282796875 0.6004992812500001 0.6223936250000001 0.6011191218749999 0.5943850109375 0.6077192359375 0.586286159375 0.6124440171875001 0.5714317343750001 0.6234647796874999 0.5715348859375 0.6323295546875001 0.5947227171875 0.6367416390625 0.6083807703125 0.6426144578125 0.6087207218749999 0.6426323953125 0.6595444140625 0.6417452640625 0.6699690484375 0.6410301609375 0.7151759578125 0.6331113140625 0.756830775 0.631365690625 0.7748993203125 0.6269761546875 0.78305741875 0.6273430234374999 0.8011378125 0.6239718171875
0 0.7057399703125 0.5740907984375 0.6940291765625 0.5742952109374999 0.6925965390625 0.58247405 0.687037884375 0.5861949984375 0.6846606984375 0.6007321906249999 0.672363709375 0.638092059375 0.6709910640625 0.6951928265625 0.6799071156250001 0.7611738156250001 0.6785271796875 0.7738816374999999 0.6689479046875 0.7822026734375 0.668624703125 0.7834081625 0.6687433921875 0.7936082843750001 0.676276471875 0.7992883921875 0.684050965625 0.8109304421875001 0.691898825 0.8115276078125 0.6938784953125 0.811493053125 0.6997613 0.8043143515625 0.715752171875 0.7342746859375 0.7183644859375 0.6961778843750001 0.71779533125 0.6472648390625 0.707882028125 0.5831132203125 0.7057399703125 0.5740907984375
0 0.70915534375 0.8139219421874999 0.7033015703125 0.792280575 0.7021251421875 0.77871139375 0.7018511046875 0.75516066875 0.704196671875 0.7379060859375 0.7014611281249999 0.721646175 0.703880475 0.7107321734375 0.7006357671875 0.6944811484375 0.7106609671874999 0.6807164421875 0.7085926859375 0.678034603125 0.704775575 0.656357684375 0.6964708359375 0.642912928125 0.6796262343749999 0.6395830265625 0.663487803125 0.6969415328124999 0.6606436125 0.7151107999999999 0.6598993203125 0.7386792984375 0.6574588921875 0.7477817078125 0.6633621171875 0.817439209375 0.6735737859375 0.8634659984375 0.6795919765625 0.86800385 0.68941305625 0.867832421875 0.6899197640625 0.867710584375 0.6917350859375 0.8486532953125 0.6961489328125 0.834080553125 0.70627953125 0.8293738171875 0.709281821875 0.8247915062500001 0.70915534375 0.8139219421874999
0 0.434030115625 0.7481974953125 0.430244621875 0.72923796875 0.4310521546875 0.7111042515625 0.437969665625 0.692863884375 0.44349670156250004 0.6864255421875 0.4398587671875 0.680147175 0.44169516875000003 0.6629014796875 0.4446869203125 0.6574133718749999 0.4522927734375 0.65456266875 0.4454944515625 0.6392796546875 0.4306021890625 0.628667828125 0.42140559843750003 0.6261104109375 0.4083254078125 0.6399284421875 0.39618651875 0.6908752703125 0.38714464375 0.7685460765625 0.38749496250000004 0.7986524734375 0.394775753125 0.8322329421875001 0.40527525000000003 0.8592291031249999 0.4194394359375 0.863167925 0.42357584375 0.8630957234375 0.42125233125 0.831770790625 0.4306451390625 0.7636582578125 0.4464187125 0.7624769484375 0.4529956984375 0.7587382234375 0.445761990625 0.7498046765625 0.434030115625 0.7481974953125
0 0.48734803906249996 0.6324537234375 0.45466232343749996 0.6264037640625 0.4193006875 0.6239653953125 0.3821570828125 0.6241044703124999 0.3251451875 0.6296830328125 0.3161168390625 0.6323869640625001 0.286415125 0.6492019984375 0.2656351125 0.654148128125 0.295550115625 0.6556630359375 0.3191778625 0.6618711 0.326483484375 0.666836265625 0.34011783906250004 0.670672421875 0.3799906859375 0.6715042453125 0.40351178593750003 0.668547340625 0.431597421875 0.668566371875 0.46959350312500003 0.663829 0.475046059375 0.6652616328125001 0.47677663125 0.6730662 0.4932892296875 0.672777971875 0.5004913234374999 0.6719472390625 0.5365513921875 0.656549025 0.5346094546875 0.6453790171875 0.51636316875 0.6344936046874999 0.5018348687499999 0.6316915843750001 0.48734803906249996 0.6324537234375
0 0.40691327031249996 0.5811012953125 0.40281158125000005 0.5349678546875001 0.39907878750000003 0.5205373140625 0.390679190625 0.498940384375 0.3811031640625 0.46377427187500003 0.3738905359375 0.45665232031249997 0.3647677265625 0.46043548437500004 0.36086304375 0.47499933906249997 0.362538096875 0.4876538359375 0.35874935625000004 0.5121814578125 0.3533171796875 0.5267719734375 0.3517740453125 0.5492763625 0.3518906515625 0.559297515625 0.353717696875 0.5611922625 0.3661346640625 0.62167625625 0.365337671875 0.6407157703124999 0.36692840625 0.646123890625 0.36253563906249997 0.6625082265625 0.3636488296875 0.6706426249999999 0.37552766875 0.6920244984374999 0.37592301875 0.692017596875 0.3847248484375 0.68748838125 0.3922463859375 0.6773913 0.3970745390625 0.654657496875 0.39831745625 0.6301743140625 0.40365477343749995 0.6074316234375 0.40691327031249996 0.5811012953125
0 0.394709809375 0.527045325 0.3894811421875 0.5153588375 0.384965146875 0.477386459375 0.38794960624999997 0.42750540625 0.386857496875 0.42118260156250004 0.3764633984375 0.40324440937499995 0.3672773484375 0.401592790625 0.3587691046875 0.41442503906250006 0.35032085 0.47617921562500004 0.3480507390625 0.49791268593750004 0.34821023906250004 0.5116200125 0.354289559375 0.5984173875 0.3620113546875 0.6055304515625 0.37037933125 0.624409990625 0.3786208296875 0.6324199640625 0.3875750015625 0.614144046875 0.394709809375 0.527045325
0 0.390647096875 0.437783371875 0.3925678171875 0.427784053125 0.38771129531250004 0.40431331562499995 0.3729593 0.3619897015625 0.36971459218749997 0.3457386796875 0.3645386234375 0.33858117656250003 0.35943643281250004 0.33776425625 0.3588397 0.3740139140625 0.3555285015625 0.3958152578125 0.3563084546875 0.46284424375000005 0.35246364531249996 0.47423230937499994 0.3525496328125 0.48162200312500003 0.3556379421875 0.49275332031249997 0.35788215156250003 0.5543208625 0.35547334531249997 0.5661406625 0.36228220625 0.5823294734375 0.36871199374999997 0.5889975203125 0.37424423125 0.5889009546875 0.38117401093750003 0.5865296203125 0.3866272671875 0.5737506984375 0.38730831875 0.5447474171875 0.3936461359375 0.4766882078125 0.394358809375 0.45040231875 0.390647096875 0.437783371875
0 0.367066165625 0.3114033875 0.36472708125 0.31937563125 0.36486905625 0.331577 0.3767054296875 0.35200428125 0.38482774062499997 0.3935376359375 0.38200462968750004 0.413518496875 0.39642988749999997 0.4277623984375 0.41634730937500003 0.47633771718749995 0.424068853125 0.488010953125 0.4250619578125 0.4879936171875 0.4281213421875 0.4815680875 0.42802648281250005 0.47341591406249994 0.43099715468750005 0.46611621249999996 0.4325911390625 0.42803718437500005 0.434656453125 0.41953057656250003 0.43456789687499997 0.4119200171875 0.433812978125 0.4017424046875 0.39880628281249997 0.281857965625 0.39001345781249996 0.27023369218750004 0.37373071874999997 0.2714238890625 0.3659845953125 0.30598637968750003 0.367066165625 0.3114033875
0 0.42219697343749996 0.25761825 0.42252695781250005 0.2422108109375 0.4254554703125 0.2312879203125 0.423780415625 0.21863342187499998 0.40430566875 0.2081015828125 0.39525663906249997 0.2182253265625 0.38560033437499996 0.26369293437499997 0.3768537109375 0.343571940625 0.3766185828125 0.3671315515625 0.38473035312500004 0.40775911093749995 0.39572851249999996 0.42755575781250005 0.403577609375 0.4274187515625 0.4038013359375 0.42735780781250005 0.42172021875 0.39171177031250004 0.41761123749999995 0.301185384375 0.41902279375000007 0.2911949546875 0.4162450921875 0.27131185625 0.42219697343749996 0.25761825
0 0.412125934375 0.21742746406250002 0.4110022046875 0.2083872671875 0.418505909375 0.15299144375 0.4116654265625 0.134085240625 0.3958602328125 0.1325491609375 0.389834571875 0.1399021875 0.372326746875 0.21087431093750003 0.3632006875 0.2581446234375 0.3610616671875 0.2729870765625 0.3613316390625 0.29618837343750004 0.3619018203125 0.321585971875 0.36565569375 0.3378281046875 0.38287946875 0.3683929796875 0.385802340625 0.3683419609375 0.3929260140625 0.3618135890625 0.3932033015625 0.34187716562500003 0.4078774765625 0.28998010625 0.409661178125 0.268205425 0.40882527656249995 0.240134603125 0.412125934375 0.21742746406250002
0 0.410601990625 0.1977790046875 0.413614821875 0.194102490625 0.40843885 0.1869449890625 0.40734674374999996 0.180622184375 0.40661623750000003 0.1616093328125 0.412631359375 0.153350509375 0.4057381765625 0.129915321875 0.40445634999999996 0.10728816875 0.40933720156250003 0.089083353125 0.4082450921875 0.0827605484375 0.414239134375 0.07269012968750001 0.4074197296875 0.055595521875 0.3991676921875 0.046679751562499996 0.38745689843750003 0.046884165625 0.38150501718749996 0.060577771875 0.366883540625 0.1170038171875 0.36144082499999997 0.13068853593750002 0.3635618046875 0.13789936249999998 0.363252896875 0.1551183953125 0.36017014375 0.19636981250000002 0.3603009296875 0.20760950312499998 0.36372394375 0.2393664125 0.3777665140625 0.2644887703125 0.3850191671875 0.266772503125 0.385972628125 0.266755859375 0.386847165625 0.2570824171875 0.39289390625 0.251540984375 0.395738096875 0.23337171875 0.40927475312499995 0.2150158125 0.4112481734375 0.20954547968749998 0.410601990625 0.1977790046875
0 0.3654823203125 0 0.356806075 0.0090787859375 0.3589692140625 0.0199128 0.3566759453125 0.030387228125 0.3568348609375 0.044044476562500004 0.36444758906249997 0.09682556718749999 0.3645424484375 0.10497774062500001 0.36108369375 0.1140979234375 0.3633100703125 0.130366721875 0.3631592640625 0.16117271093750002 0.36639343125 0.1765179359375 0.375453396875 0.1872357890625 0.37974164374999997 0.1871609375 0.383311815625 0.1861884171875 0.388828309375 0.17884427812499998 0.3956720421875 0.15426333125 0.4029300796875 0.1215213234375 0.40880089062499997 0.057094190625 0.40921519687499996 0.0489331296875 0.40444299531250005 0.03270876875 0.4015177328125 0.0001445109375 0.40145237187499994 0 0.3654823203125 0
0 0.3703877140625 0 0.3714167359375 0.088433921875 0.3725914265625 0.10775283124999999 0.3742243203125 0.1167841390625 0.3794213703125 0.125753234375 0.3876417875 0.131951615625 0.4010308875 0.10091455 0.414676190625 0.048129467187500004 0.4117780640625 0 0.3703877140625 0
0 0.1561342734375 0.022364090625 0.135295015625 0.0222185734375 0.09990375625 0.0172343765625 0.0609544828125 0.0179142390625 0.02568171875 0.02311334375 0.020264707812499998 0.024735703125 0.015987978125 0.030921571874999998 0.01600841875 0.03267819375 0.029447098437500003 0.0352700609375 0.034035328125 0.04028265625 0.035077395312499995 0.051977640625 0.049570146875 0.05172466875 0.060493035937499995 0.0561174234375 0.100425128125 0.0620408953125 0.141185996875 0.0613294125 0.21179436406250002 0.0791324359375 0.213782196875 0.0790977375 0.239118728125 0.0687868203125 0.242658971875 0.06159526875 0.240746659375 0.052971084375 0.2288765015625 0.0450299859375 0.2134364765625 0.041734614062499995 0.1561342734375 0.022364090625
0 0.0881872921875 0 0.08873921093750001 0.0258735859375 0.086923890625 0.044930874999999995 0.0886938015625 0.0657375453125 0.092872521875 0.0747244171875 0.094249209375 0.10550374375 0.098491165625 0.11992539687499999 0.098575484375 0.1271717734375 0.095668053125 0.1399062578125 0.09014101875 0.1463446 0.0847268015625 0.1630691390625 0.0848178390625 0.17089289375 0.08482477968749999 0.170898884375 0.08806948906249999 0.18714990781250002 0.08661577499999999 0.19351715 0.105809965625 0.20757060625 0.10926473125 0.207510303125 0.1203260625 0.20198854375000003 0.1268292671875 0.1919092375 0.134712409375 0.16912211093750001 0.13440675156249998 0.1428539953125 0.1378128078125 0.129204825 0.13814604375 0.0703102390625 0.13352465 0.023279890625 0.1287629859375 0.0079613265625 0.12476598125 0 0.0881872921875 0
0 0.1404450171875 0.13487751718750002 0.0778739203125 0.1298584796875 0.044353503125 0.1299343140625 0.01454514375 0.137584378125 0.0032282609375 0.143127925 0.00358671875 0.1739337125 0.0131542 0.1737667109375 0.0222773421875 0.17920941875000002 0.0557977625 0.1791335859375 0.09104090312499999 0.17138865781249998 0.1653458890625 0.1726380015625 0.1816415546875 0.1781162484375 0.1834586 0.17808453125 0.210570571875 0.1662466484375 0.207681365625 0.1515282953125 0.19764650156250002 0.145592234375 0.18310635 0.1417718875 0.15136197812500002 0.138761109375 0.1404450171875 0.13487751718750002
0 0.14498641875 0.13571103125 0.1445289125 0.1339070546875 0.1187263734375 0.134357440625 0.11509324531250001 0.14891655312500002 0.10860057812499999 0.15990165625 0.106848496875 0.184393728125 0.0760148109375 0.2918377 0.0691896890625 0.3052031953125 0.0692201203125 0.3078184546875 0.07480351562500001 0.319038275 0.0801270421875 0.3388769375 0.09262397812499999 0.34376587812500004 0.0937607296875 0.3437460359375 0.10349593125 0.333939125 0.1247154703125 0.2755859484375 0.1413736046875 0.219124353125 0.147061990625 0.18278581875 0.14489885 0.171951803125 0.14498641875 0.13571103125
0 0.1218241171875 0.264827909375 0.1210830734375 0.2449092625 0.12942268125 0.21758426250000001 0.1276509296875 0.1877178125 0.0735147828125 0.1886627609375 0.065145459375 0.295714615625 0.06842178593750001 0.3146830296875 0.066543225 0.3283055359375 0.060234479687499995 0.34144346875 0.0603421625 0.3506976796875 0.0628915 0.3646085203125 0.0790065875 0.370571465625 0.079362178125 0.370565259375 0.0898350859375 0.36051429687500003 0.091246640625 0.3505238640625 0.1074693890625 0.3004117359375 0.110991384375 0.296726334375 0.114832828125 0.2767277 0.1218241171875 0.264827909375
0 0.0375020046875 0.346967225 0.0385307390625 0.35751658750000004 0.047665731249999996 0.363977625 0.053970762500000005 0.360811959375 0.0757098921875 0.3604325015625 0.09117361562500001 0.365764534375 0.10927770781249999 0.3644299890625 0.19606215 0.37946797499999996 0.20462603124999998 0.3793184921875 0.22446798124999998 0.3756603125 0.230707840625 0.366893834375 0.2251664140625 0.35782372812499996 0.18965073906250002 0.34214706875 0.17957440156249999 0.33264685312500003 0.1668221453125 0.3267582234375 0.125042909375 0.317811384375 0.037458696875 0.3056583578125 0.036656271875 0.3056723640625 0.0036356921875 0.312450675 0.003782328125 0.3250525078125 0.0319887203125 0.340315653125 0.0375020046875 0.346967225
0 0.1421005390625 0.37978579375 0.1464300671875 0.3579666765625 0.1472375984375 0.339832959375 0.141862184375 0.304593525 0.1167251921875 0.3050322921875 0.1088815859375 0.3260067671875 0.09961121875 0.317108771875 0.09661946875 0.3225968796875 0.09572111718750001 0.42045851562500003 0.092304521875 0.4332018875 0.084835684375 0.44782795468750003 0.07926649062499999 0.45064310937499996 0.0772825296875 0.4552076453125 0.069353475 0.45358703125 0.0694514078125 0.462003409375 0.08166150625 0.48140466093749995 0.084354890625 0.49404138125 0.0921820828125 0.5102124171875 0.0961497640625 0.5109257921875 0.10199249531250001 0.5108238078125 0.10686354843750001 0.502708303125 0.13454413437499999 0.43065263125 0.1359767703125 0.42247379531249996 0.1348108796875 0.4098104109375 0.14178109218749999 0.3960990296875 0.1421005390625 0.37978579375
0 0.087585596875 0.46000059843749996 0.092484278125 0.48709452343750004 0.084788040625 0.5712566765625 0.0848739 0.5786354421875 0.0854337890625 0.581439621875 0.09788562656250001 0.6011538578125 0.10707167656250001 0.6028054765624999 0.1126408703125 0.5999903234375 0.122167446875 0.5871403 0.12527838593750001 0.5481288125 0.1330666671875 0.5171895109375 0.13677109062499998 0.48541551250000003 0.1366956359375 0.4657058140625 0.13614155781249998 0.41808847812499994 0.1348884875 0.41115792500000004 0.1289219125 0.3931424515625 0.097919265625 0.39368360468749997 0.09702056249999999 0.395511253125 0.08847015625 0.4047203125 0.087585596875 0.46000059843749996
0 0.05783040625 0.613675915625 0.098638675 0.6170377499999999 0.1068204703125 0.6194412796875 0.1258244375 0.6175817593749999 0.13665765000000002 0.6289928437500001 0.1501130359375 0.6287579796875 0.15493436249999998 0.6277682796875 0.1648092578125 0.6199568875 0.18014856562499998 0.6145964546875 0.18821779375 0.6073258484374999 0.1835584640625 0.5962032734375 0.13084449375 0.5818453484375 0.0936357140625 0.576383609375 0.012942751562499999 0.57117161875 0.006648834375 0.5713994609374999 0.0071525171875000005 0.6146858578125001 0.0152757171875 0.6159465156249999 0.05783040625 0.613675915625
0 0.052078646875 0.675095409375 0.0585199453125 0.6836405390625 0.0549678546875 0.6898137609375 0.05685054375 0.6958921203124999 0.0659736859375 0.7013348265625 0.075854509375 0.6940325984375 0.0993815359375 0.6915848609374999 0.13281308281249998 0.683871553125 0.1572696046875 0.6834446625 0.170880259375 0.6852441609375 0.18913839375 0.69714790625 0.19776493125 0.6998158109375 0.20435531875000001 0.6997007749999999 0.21180109531250002 0.6982801328125 0.224399309375 0.690930471875 0.23525702499999998 0.6897224125 0.248695865625 0.676756128125 0.2495127921875 0.669102840625 0.2421716203125 0.6610826890625 0.1395736359375 0.6419935390625 0.09063689375 0.6408106609375 0.059881264062499995 0.6449123796875 0.0183271671875 0.6553138093750001 0.0076235515625 0.6551664328125 0.007753899999999999 0.666368575 0.0348092546875 0.6703041640625 0.052078646875 0.675095409375
0 0.24645022499999997 0.7640616453125 0.2942975046875 0.749476221875 0.3014076140625 0.737638940625 0.3013483671875 0.7325472921875 0.2931191734375 0.7260704437500001 0.25410472500000003 0.7211494921875 0.177111971875 0.7224934046875 0.1382100953125 0.7272465859375 0.1002436390625 0.7345297828125 0.05243782968750001 0.7526793625 0.047974015625 0.7583592296874999 0.028064253125 0.7602345609375 0.0227242640625 0.768476065625 0.010503521875000001 0.7683622953125 0.0105380421875 0.77132895625 0.0372347921875 0.7697505890625 0.0843895640625 0.7735109140625 0.0943414828125 0.7723186656250001 0.110464715625 0.7810433265625 0.1119656453125 0.781017128125 0.1261273265625 0.7788935984375 0.1470072625 0.780405475 0.1488512609375 0.7803732875 0.150548303125 0.7754117203125 0.1568474078125 0.7717368890625 0.181238759375 0.765709184375 0.2210464328125 0.760940190625 0.2325201640625 0.760739915625 0.24645022499999997 0.7640616453125
0 0.1881635578125 0.798053871875 0.1957167125 0.79067418125 0.1951232296875 0.7834366921875 0.18296975937499999 0.7455976265625 0.170552271875 0.7440496953125 0.1701049546875 0.744057503125 0.16363202968749999 0.7468411484375 0.15012699375 0.7679144453125 0.14730388125 0.78789530625 0.14791519687500002 0.8404315375 0.145812246875 0.8462609265625 0.1464164671875 0.8981874703124999 0.1524279421875 0.9218910640625 0.15320060468750002 0.9445271046875 0.1564453125 0.9607781281250001 0.1611015765625 0.9670387203124999 0.1692482171875 0.9668965203125 0.1773242609375 0.9721028234375 0.177464725 0.972100371875 0.17833940625 0.960395965625 0.187686803125 0.93214739375 0.1904466765625 0.9067317484374999 0.18924187812499998 0.8469580265625 0.1852455875 0.809882559375 0.1881635578125 0.798053871875
0 0.52604131875 0.8336204875 0.48523305 0.8302586515625 0.47069289999999997 0.8264383046875 0.452553259375 0.8247178578125001 0.3810012125 0.8264760734375001 0.3701138734375 0.8251383062500001 0.3420697109375 0.82868343125 0.31499059375 0.8373043921875001 0.3286545703125 0.8436863750000001 0.33234293125000003 0.8492239484375 0.362346803125 0.8583763265625001 0.37134199218749997 0.8686959203125 0.38122151875 0.8685234734374999 0.39416819531249997 0.8680062515625 0.40047915156249997 0.8653497484375 0.43939880468750003 0.8621240625000001 0.46568469375 0.8631930453125 0.4802011453125 0.8649767328125 0.4839969359375 0.8667295218750001 0.48738765781250004 0.8666703359374999 0.48924726874999996 0.8638002953124999 0.502763128125 0.8574531562500001 0.5272315 0.8580445953125 0.5389120671875001 0.849692415625 0.5351466859375 0.8375356999999999 0.52604131875 0.8336204875
0 0.7039594703125001 0.7672339828125 0.6960795765625 0.7465339625 0.68790131875 0.7439587703125 0.685260634375 0.735851034375 0.6816964796875 0.735913246875 0.6751932734375 0.745992553125 0.6668747453125 0.775129146875 0.6690273453125 0.785057365625 0.6655369703125 0.7914601578125 0.6646134984375001 0.79963010625 0.666351790625 0.8177193859375 0.6588934937500001 0.83325125 0.6527170265625 0.871410265625 0.6549434046875 0.8876790625 0.6514530281249999 0.8940818546875 0.6515268078124999 0.900422434375 0.657018975 0.9347538500000001 0.658332421875 0.9600983937500001 0.6621883078125 0.9620766734374999 0.6649593406250001 0.9620283046875 0.6776385312500001 0.9561374796875001 0.6966949328125 0.8869502875 0.6986189031250001 0.8334638218749999 0.696880609375 0.8153745421874999 0.7008590703124999 0.80715126875 0.7039594703125001 0.7672339828125
0 1 0.7903808953125 0.954514546875 0.77821453125 0.8955133171874999 0.768549765625 0.85205283125 0.7708361765625 0.8130798578125 0.7694793796875 0.8004875671875 0.777338203125 0.799848046875 0.77882624375 0.7998887531250001 0.7823246328125 0.8316283 0.8063322062499999 0.8942171703125 0.8128787390625 0.9440537843750001 0.8135366421875 0.9717735265625 0.82227055 1 0.8217778546875 1 0.7903808953125
0 0.9273966015624999 0.889089096875 0.9282041328125 0.8709553796874999 0.9334571296874999 0.8409663125 0.9328352765625001 0.787524284375 0.9295800265624999 0.7703674640625 0.9254223906249999 0.7631921875 0.91774275625 0.7597023109375 0.9096277359375 0.762561903125 0.9066992234375 0.7734847921875 0.9016497343750001 0.77719685625 0.8996763140624999 0.7826671890625 0.8871442 0.8435866687500001 0.8864315265625 0.8698725625 0.8824000156249999 0.8892990546874999 0.882464459375 0.894837234375 0.8844232375000001 0.91611265 0.88295319375 0.936839065625 0.88309665 0.949167678125 0.886435565625 0.9577526546874999 0.8926388359375 0.9643054140625 0.9095161062500001 0.9640108203125 0.9099309328125 0.963684409375 0.9129121437500001 0.9572905046875 0.91861106875 0.9218577671875 0.9231197734375 0.9154372000000001 0.9220065859375 0.9073028015625001 0.9273966015624999 0.889089096875
0 0.2869865671875 0.9737408078125 0.3013904515625 0.9658503609375 0.30664749375 0.9504805468749999 0.2866133125 0.9416634140625 0.26300334062499997 0.9369828453125001 0.2349058578125 0.9359454828124999 0.1805817296875 0.9389307875 0.1163293828125 0.9451449999999999 0.094631725 0.9490886125 0.088350390625 0.9542909375 0.09299786875 0.9643951843749999 0.083981371875 0.9681174468749999 0.0754245234375 0.975331746875 0.075572834375 0.9880774859375 0.0933415 0.9939267515625 0.1168922265625 0.9935156718749999 0.158505571875 0.98820589375 0.1684871109375 0.9895594703124999 0.18103913437500002 0.995480240625 0.18407833906249998 0.995427190625 0.189332296875 0.990214153125 0.2001722359375 0.9874785984375001 0.20653059062499998 0.98889541875 0.2398732703125 0.9735446359375001 0.269788271875 0.9750595421874999 0.2869865671875 0.9737408078125
0 0.48550523749999996 0.936683728125 0.4833104796875 0.9231323218749999 0.4846271765625 0.9049897171874999 0.48333480937499995 0.8814567671875 0.46775745156250004 0.811968128125 0.4652666015625 0.8076694015625 0.4593493203125 0.8077726875 0.450488003125 0.8158934906249999 0.452619521875 0.824010115625 0.448131896875 0.8322422765624999 0.44707869687499996 0.873029809375 0.44059332187500005 0.9284078578124999 0.439350403125 0.9528910421875001 0.44637006562500003 0.98719579375 0.446768978125 0.9924047265624999 0.47908314374999994 0.99184068125 0.4823521390625 0.9720720281249999 0.48550523749999996 0.936683728125
0 0.7002200203125 0.9306688390625 0.7049743921875 0.9015944578124999 0.7069198515624999 0.8510884000000001 0.706916375 0.8507896359375 0.699050090625 0.8301253624999999 0.6947284828125 0.8286692062500001 0.6935420578125 0.8286899156249999 0.6722224437500001 0.84418335625 0.6599919453124999 0.843490859375 0.6569685765625 0.846261575 0.652660128125 0.8698922874999999 0.642656009375 0.8854685874999999 0.64326003125 0.893611875 0.6387210078125001 0.8996547015624999 0.6387413546875 0.90140329375 0.64747036875 0.9053161375000001 0.6494332515625 0.8989400078124999 0.6580995953125 0.899694715625 0.65865091875 0.9033090171874999 0.658489571875 0.933209209375 0.652727409375 0.9632071640625 0.6482081625 0.968721934375 0.6519409578124999 0.983152475 0.6508117671875 0.988843146875 0.6825085046875 0.988289878125 0.687561425 0.9807187562499999 0.7002200203125 0.9306688390625
0 0.9454065734375 0.949260109375 0.9644046124999999 0.946891421875 0.9688980515625 0.9437573796875001 0.9842551296875 0.9399244421875 0.9995351859375001 0.929472359375 0.9976110234375 0.919829846875 0.978500415625 0.9125243968750001 0.9059477765624999 0.906151784375 0.8552172140625001 0.9065280203125001 0.816350884375 0.9143361921875 0.793830375 0.9254239249999999 0.7902782828125 0.931597146875 0.784455 0.9333411843749999 0.7845506765625 0.9415636890625001 0.80679591875 0.9496424921875001 0.8620910140625 0.9522421921875001 0.8729902031250001 0.9545982875 0.8901351765625 0.9486970687499999 0.94547766875 0.9553700875000001 0.9454065734375 0.949260109375