0 1 0.33841750625 0.9988994953124999 0.33775403437499996 0.9871135203125 0.3355869875 0.9799163156249999 0.33520979687499997 0.9566102234375 0.337054721875 0.9258734499999999 0.332409925 0.8961614093750001 0.3313584421875 0.8521764796875001 0.333604215625 0.8406416734375 0.3380562875 0.8324274203125 0.33459184531249997 0.8244186984375 0.33922594687499996 0.824484996875 0.341124453125 0.8255209499999999 0.3428260875 0.8894862203124999 0.3719669484375 0.9129096453125 0.3731945171875 0.9346374093750001 0.37736717343750004 0.9868365906250001 0.378585840625 1 0.37773013906249997 1 0.33841750625
0 0.9061204484375001 0.381351028125 0.9026655046875 0.3982557515625 0.9052863656250001 0.42986692968750007 0.9016453703125 0.45158231875 0.9018769734375001 0.45821455312500003 0.9142282671874999 0.5121675015625 0.9228055390625001 0.5261058000000001 0.9365809546874999 0.5151374609375 0.9422824609375 0.5046452375 0.9452308171875 0.4877139640625 0.9482453171874999 0.45819662812499995 0.9455332984375 0.409494878125 0.9482582109375001 0.40064516406250006 0.943733621875 0.386919259375 0.9433560999999999 0.376108446875 0.937437596875 0.3659065 0.9333600390625 0.35148557187499996 0.9060480984374999 0.3500542140625 0.9068851609375 0.3598090546875 0.9061204484375001 0.381351028125
0 0.9221873859375 0.3997839546875 0.9130034703125001 0.3769326171875 0.8926435546875 0.3758655984375 0.8840047015625 0.392387371875 0.8913800437500001 0.4008671671875 0.8935604640625 0.4198657328125 0.8922923875000001 0.42699329218750004 0.8884284625 0.43218630625000004 0.8910775640624999 0.47908625000000005 0.8888245546875 0.501449478125 0.8895166781249999 0.5212692984375 0.8926126625 0.5520061265625 0.9017247578124999 0.5812597390625001 0.9130584031250001 0.587249221875 0.9231618781250001 0.5724914375 0.930638046875 0.5548982031249999 0.9338098453124999 0.5298853703125 0.9333183406250001 0.5099946015625 0.9321342937500001 0.4760879328125 0.9250349140624999 0.40892570937499995 0.9221873859375 0.3997839546875
0 1 0.5610704 0.986007071875 0.557219959375 0.9600755390625 0.5614231890625 0.944742534375 0.5601139609375 0.91202705625 0.5503088796875 0.8864601296875 0.5471019874999999 0.858825315625 0.5456537078125 0.8300804546875 0.5470255578125001 0.8114799625 0.5551526 0.8103082875000001 0.5604282671874999 0.8103789484374999 0.5624517109375 0.8338622687499999 0.578068921875 0.8493191078125 0.58292425 0.9061820046875001 0.5889382578125 0.9476057546875 0.5906035265625 1 0.5889472546875 1 0.5610704
0 0.8901333593749999 0.5893427734375 0.8858475609375001 0.6403755359375001 0.8835982265625001 0.6493758734374999 0.8859862390625001 0.7177595906249999 0.888169165625 0.735817934375 0.8962713125 0.750630584375 0.9039330171875 0.7528306203125 0.913973571875 0.7362710328125 0.913312909375 0.7173521140625 0.919080559375 0.6942738281249999 0.9177527859374999 0.6852117203125 0.92326553125 0.66931409375 0.9255185390625 0.6469508640625 0.9325542640625001 0.61674501875 0.931207925 0.54923055 0.92209210625 0.5427308187500001 0.9190384484375 0.5425707828124999 0.9046105687500001 0.5550306578125 0.8901333593749999 0.5893427734375
0 1 0.720839478125 0.9922124999999999 0.7166126937499999 0.975890140625 0.7127233234375 0.9605748265624999 0.7119206828125 0.9514419843749999 0.7079024421875 0.9421676203124999 0.699831515625 0.92962576875 0.701196859375 0.8930767124999999 0.6846173078125 0.8694586953125001 0.6778172953125 0.861332896875 0.67688578125 0.8560159421875 0.679135425 0.8451343703124999 0.6765425109375001 0.83527753125 0.6775429125 0.8171887531250001 0.674572284375 0.812595796875 0.6718032859374999 0.8132041640625 0.6664744 0.811209396875 0.6663698578125 0.8043815453125 0.6683388453125 0.8033131953125 0.67275081875 0.80343596875 0.6762665812499999 0.8116077515625 0.695011796875 0.8217299453125 0.7016101796875 0.84725590625 0.7115441328125 0.8536860453124999 0.7154207312499999 0.8575196234375 0.722195203125 0.919311596875 0.7406033359374999 0.9896172468750001 0.7452992171874999 1 0.7412918015625001 1 0.720839478125
0 0.8908980468750001 0.671030553125 0.8917192328124999 0.6800661125 0.886905059375 0.6870078281249999 0.8923452140625001 0.7124719953125 0.8910077718749999 0.7465734828125 0.8793335671875001 0.79522554375 0.880289753125 0.822607140625 0.880762340625 0.8296669937500001 0.8874737937500001 0.8336157343749999 0.8914288750000001 0.845513290625 0.893703675 0.867214559375 0.8927187406250001 0.882450225 0.890723859375 0.8832449312499999 0.890406034375 0.8886237875 0.8936972296875 0.8959902890624999 0.8993011296875 0.8971832296875 0.9001884609375 0.8936327234375 0.8965165203125001 0.889843278125 0.895821175 0.8844113218749999 0.9057955874999999 0.8804377999999999 0.9101031765625001 0.8734695312499999 0.9248667484374999 0.8328776609374999 0.9301278125 0.8097728265624999 0.9282216359375 0.697266409375 0.9233477640625001 0.6880184593750001 0.9174010234375001 0.66252774375 0.913697971875 0.6561446515625 0.9041375015625001 0.655643609375 0.894667590625 0.6631348375 0.8908980468750001 0.671030553125
0 0.8727663703124999 0.779862403125 0.8707239124999999 0.851695534375 0.871856478125 0.8841279671875 0.8770731875 0.9176736921875 0.8745370375 0.9319288109375 0.8786841031250001 0.93484390625 0.885773078125 0.9496034578125 0.8936235437500001 0.9572089015625 0.9032486703125 0.9577133328125 0.9188334296875 0.9261570171875 0.9175056578125 0.9170949109375 0.9102561578125 0.9122187187499999 0.909944778125 0.8888218453125001 0.91137015625 0.8861987906250001 0.9100423828125 0.8771366828125 0.9130980125000001 0.80535665 0.9176008093749999 0.775018059375 0.9130100796875 0.7738782171875 0.8932906140625001 0.7424150125 0.8875274093750001 0.7421129750000001 0.8804030624999999 0.7523858078125001 0.8727663703124999 0.779862403125
0 0.9286319453124999 1 0.933323996875 0.9910864015625 0.9366627671875 0.9274144765625 0.9346146359375 0.88324378125 0.9310120625 0.8524804078124999 0.9221234109375 0.815145234375 0.9130395531250001 0.8011803859375 0.9045219781249999 0.80343175625 0.8972063359375 0.8111416281249999 0.8942894390625 0.8289738046874999 0.8988454875 0.8436006109375 0.8991915484374999 0.8535105203125 0.8953905437499999 0.8605053359375001 0.8966804109375 0.8974422734375 0.892781803125 0.9161222499999999 0.889725478125 0.9588241906249999 0.8900094781250001 0.9669568640625 0.893114971875 0.983583621875 0.8910567328125 0.9969463062499999 0.8910579437499999 0.9969810078125001 0.8917841875000001 1 0.9286319453124999 1
0 1 1 1 0.9804348953125 0.9995242578125 0.979910653125 0.9780264687500001 0.9823236124999999 0.9180539890625001 0.9645164906250001 0.8605251921875 0.9434511062500001 0.84871374375 0.9428320953125 0.840258084375 0.9513375265624999 0.8295711062500001 0.9543170562500001 0.8132664390625 0.950934271875 0.79862205 0.94359323125 0.7924997265625 0.9437029734375001 0.7925404281249999 0.9448685171875001 0.8063599671875 0.9591685125 0.8132854359374999 0.977229509375 0.8361086953125 0.9870218203125001 0.8872339468750001 1 1 1
0 0.691061965625 1 0.6887348890625 0.9728810359375 0.6856356781249999 0.9565320749999999 0.6747206859375 0.9190907062499999 0.670447778125 0.9125720078124999 0.66620633125 0.898955196875 0.666165790625 0.8989530718750001 0.6696944265625 1 0.691061965625 1
0 0.697521853125 1 0.69912545625 0.9949159406250001 0.7020525265625001 0.9440450312499999 0.7017208359375 0.9345466453125001 0.700692790625 0.9239571609375 0.6933585796874999 0.873214671875 0.68718839375 0.8558055140624999 0.6840891828125 0.839456553125 0.6667458796875 0.8061745515625001 0.663034259375 0.8052105296875001 0.6570304609375001 0.8048958828125 0.6517056109375 0.8098825859375 0.6451796953125 0.8257271171875 0.6510256078125 0.877290859375 0.649820453125 0.8862202218749999 0.6556760374999999 0.8946203703125001 0.658048440625 0.9046364765625 0.658989021875 0.9460513671875 0.65623265 0.9540001796875 0.656515790625 0.9621082890625001 0.6665604953125001 1 0.697521853125 1
0 0.6237884218749999 0.7440414328125 0.6212837312499999 0.7591974515625 0.6148758890625 0.7700702203125 0.61489909375 0.770734684375 0.6249524453124999 0.7773747640625001 0.6310282515625001 0.79208121875 0.63231489375 0.8434060203125 0.6256945984375 0.856547846875 0.62078281875 0.8751747265625 0.619385678125 0.8930865499999999 0.622261446875 0.9175170703125 0.6302692109375 0.9296270171875 0.6377106968749999 0.925520746875 0.6455297015625 0.9322252890625 0.6532825640625 0.9515158953125 0.656413234375 0.96876575625 0.6650881109375 0.97101889375 0.6730676375 0.9678400734375 0.6807672499999999 0.9421652796875 0.68016950625 0.9250481625000001 0.6840681140625 0.906368184375 0.6816392359375001 0.8657745468750001 0.6737984406249999 0.8150055078125 0.6558920765625 0.7511194234375 0.6510496640625 0.742772375 0.6486457999999999 0.73185536875 0.6402079453125 0.72291295 0.6375177453124999 0.7227719625 0.63167679375 0.7237720421875 0.6237884218749999 0.7440414328125
0 0.6298293687500001 0.67735793125 0.626207878125 0.6926156 0.6266056484375 0.7040062296875 0.6366537703125 0.7424617359375 0.6368393078125 0.7622550078125 0.6401272796875 0.7840093734375 0.6357124187500001 0.8458264 0.6511237609375 0.8817049062500001 0.6591629875 0.8947157546875 0.667712021875 0.8933652859375 0.67959338125 0.857118625 0.684190559375 0.8294827359375001 0.6913489015625001 0.817268359375 0.687205059375 0.7999653984374999 0.686132190625 0.7837226328125 0.6526257203125 0.6785526374999999 0.645547284375 0.6686053578125 0.6401299328125 0.6683214468750001 0.6346120843749999 0.6695153125 0.6298293687500001 0.67735793125
0 0.6545890203125 0.6213941015625 0.642358378125 0.6621187203125001 0.642440575 0.6661743390625 0.646070221875 0.7701138296875001 0.6517342734375 0.785807634375 0.65343956875 0.8056805515625 0.6650563546875 0.81977814375 0.6721170937500001 0.8192489296875 0.6763617625 0.8104788624999999 0.6818083640625 0.8071672968750001 0.68216086875 0.7883014765625 0.67570754375 0.7627842125 0.6781872203125 0.717951559375 0.6832280640625 0.6885404171875 0.6830425265625 0.668747146875 0.674440240625 0.6251322171875 0.676343965625 0.60724694375 0.6741153765625 0.60459765 0.6681185578125 0.6042833703125 0.6646295765625 0.6048345140625 0.6545890203125 0.6213941015625
0 0.6262892375 0.541379175 0.6245163046875 0.5548507640625 0.624718390625 0.560637746875 0.6258076640625 0.5710292578125 0.6445666765625 0.6448518 0.6656101578125 0.6972120125 0.6715569 0.7227027296874999 0.6822863546875 0.740350828125 0.688871965625 0.740695965625 0.6982454125 0.7339931890625 0.69929326875 0.7205593218749999 0.6947372203125 0.705932515625 0.6924624203125 0.684231246875 0.6925003249999999 0.6563564171875 0.6825638203125 0.6324551109375001 0.679464609375 0.61610615 0.6786151859375 0.591781825 0.67301450625 0.5762010203125 0.6772906359374999 0.5683318515625 0.6785272515624999 0.5603033921875 0.6767558140625 0.5530165375 0.6730524140624999 0.548326190625 0.6599657875 0.54764035 0.64163051875 0.526472809375 0.6386595515625 0.5263171078125 0.632497328125 0.5309135015625001 0.6262892375 0.541379175
0 0.5854640078125 0.538208353125 0.5757133125 0.54224826875 0.55322616875 0.542081084375 0.5371514765625001 0.5452839140625 0.523092865625 0.55351028125 0.5232755890624999 0.5587428 0.53429086875 0.5663716515624999 0.554322971875 0.5734893921875 0.602194553125 0.5795378453125 0.6103911125 0.5824957015625001 0.6247878359375 0.5827445421874999 0.6444661328125 0.5797305703125 0.7144887390625 0.5763210812499999 0.7377352578124999 0.5724827953125 0.7474505734375 0.567429709375 0.7423799796874999 0.5509828984375 0.7286895624999999 0.5452088296875 0.7062908718750001 0.547574571875 0.64142600625 0.5441751484374999 0.625986859375 0.539826409375 0.625015196875 0.5377528515625001 0.601308728125 0.5284199125 0.5912167 0.5269500140625001 0.584289953125 0.5265869984375 0.5824075 0.527935 0.5854640078125 0.538208353125
0 0.6248452015625 0.3856201015625 0.6250640781250001 0.391887875 0.6308423390625 0.41117261406249994 0.632440359375 0.48589428906250004 0.639214734375 0.49164483125 0.642757609375 0.5062185421875001 0.6441450796875 0.531470315625 0.6524642234375 0.5669771359375 0.6617997640625 0.588149190625 0.6696816890624999 0.596655534375 0.6794391015625 0.5719878375 0.6823559984374999 0.5541556640625 0.6832497765625 0.5218294265625001 0.680150565625 0.5054804671875 0.6787945546875 0.48112959375 0.6731027187499999 0.44845821875 0.6638333234375 0.41470010156250003 0.6460810359375 0.3697063890625 0.6377554453125 0.3629753 0.6337859531250001 0.362299446875 0.62965420625 0.3620829109375 0.62619835625 0.3650673734375 0.6248452015625 0.3856201015625
0 0.6827778078125 0.3214342671875 0.6835675343750001 0.3295689234375 0.6801440515625 0.3473745515625 0.6805780484375 0.38876289375 0.6750588578125 0.4334362515625 0.6749969453125 0.43724812343749997 0.6770269234375 0.49537907031249995 0.683242490625 0.5085030671874999 0.6891577718749999 0.53309288125 0.69675655625 0.5334911171875001 0.7078417421875 0.517885528125 0.7121178718750001 0.5100163625 0.717221634375 0.48240702031250005 0.7175079984375 0.4761272640625 0.71532435625 0.4715165625 0.7177975875 0.455459640625 0.7178669531249999 0.42848571093750004 0.7151863953125 0.38068486562500004 0.7108852515625 0.3588774015625 0.7153219046875 0.3411248734375 0.7145321765625 0.3329902171875 0.7071600609375001 0.31012255624999996 0.702887153125 0.3036038578125 0.692718825 0.2998830890625 0.6877313140625 0.2996217046875 0.68518811875 0.30357554375 0.6827778078125 0.3214342671875
0 0.6753369874999999 0.235928084375 0.6681537984375 0.241286015625 0.66851470625 0.2516210546875 0.6688425328125 0.2526735140625 0.6787508 0.2612860546875 0.680711 0.2739783140625 0.674902221875 0.3393192953125 0.6789105515625 0.396182246875 0.692865059375 0.4337829109375 0.69590135 0.4483300703125 0.70159963125 0.4522257140625 0.7034025296874999 0.46041346875 0.7150540000000001 0.46102409531250005 0.7167657390625 0.45212128281249997 0.7236506125 0.3886352015625 0.7219517640625 0.33998655312500004 0.7175909234375 0.301989421875 0.698451165625 0.2317439328125 0.6927988015625 0.2250245390625 0.68389663125 0.224557996875 0.6825267890625 0.22461460625 0.6753369874999999 0.235928084375
0 0.72876576875 0.2643290078125 0.7180434109375 0.266295365625 0.70173874375 0.26291258125 0.6847100765625 0.26454843906250003 0.6612866546875 0.26332086875 0.6477377609375 0.26159948593750004 0.625921546875 0.25489390312500004 0.6151107359375 0.25432733125 0.6107123718749999 0.257130775 0.606561675 0.2670264140625 0.5923064734375 0.270830259375 0.573458315625 0.271865103125 0.572669275 0.27602703281249996 0.572844125 0.28103409375 0.5785289109375 0.2883119125 0.624810975 0.3003449640625 0.694357246875 0.30904631562499996 0.7032778046875 0.30698552968750004 0.7266658484375 0.307199928125 0.7445777234375 0.3051046984375 0.8007506984375 0.29136186875000003 0.7965633140625 0.27445568593749997 0.782766753125 0.2656421046875 0.7610213 0.2609628625 0.75941680625 0.25970865 0.7571385125 0.25958925 0.7450881296875 0.268218378125 0.72876576875 0.2643290078125
0 0.392259428125 0.1755485671875 0.387126065625 0.18824895156250002 0.3872195578125 0.19092622343750001 0.393901803125 0.1936196828125 0.397130078125 0.1991843828125 0.3997541625 0.21640769531249998 0.396428284375 0.222528159375 0.402220946875 0.2291265046875 0.40994234843750005 0.2475162078125 0.41158472343749997 0.265587325 0.4086992875 0.28432040000000003 0.3971107390625 0.285511575 0.3908032515625 0.2935497921875 0.3908344734375 0.294443859375 0.3970445953125 0.2980976375 0.412780209375 0.299821559375 0.4252714328125 0.36792010625 0.4243776546875 0.40024634375 0.4424259765625 0.395796703125 0.45161388437500005 0.36930065624999997 0.458335009375 0.3300858015625 0.45719922031250004 0.312041234375 0.4436665875 0.22860082187500003 0.429240178125 0.1774866453125 0.4160268546875 0.1637303234375 0.414175596875 0.163633303125 0.40657288906250005 0.165507678125 0.392259428125 0.1755485671875
0 0.3811213109375 0.284268853125 0.3816551875 0.2995570625 0.38961520781250003 0.30162452812499996 0.3913237265625 0.30710957968749997 0.3885923671875 0.3447350265625 0.39007421875000003 0.37268950312500004 0.3883592546875 0.39598018125 0.391263259375 0.43569946875000004 0.3957878453125 0.449425375 0.4011053828125 0.45689807031249996 0.40850895937500004 0.48066663125 0.41157348593750004 0.5105025578125 0.4154091734375 0.490020778125 0.4305817296875 0.4611406171875 0.43280005624999995 0.4522643546875 0.43537733593750005 0.3957465390625 0.433580884375 0.3587830515625 0.42931442343750004 0.32348862343749996 0.42159624687499997 0.290711053125 0.4215994703125 0.27632318906250003 0.41805659375 0.2617494796875 0.40628250781249997 0.243147384375 0.403876571875 0.242635215625 0.3945472484375 0.2421462875 0.38164212656249996 0.2760276171875 0.3811213109375 0.284268853125
0 0.32853173125 0.42718261875 0.304348928125 0.42996051875 0.2916832453125 0.42777976406249996 0.2774103546875 0.4310770203125 0.2742535046875 0.43965788437500003 0.2742707796875 0.44015260156249997 0.2815800484375 0.44747661718750004 0.3170336109375 0.45843651249999995 0.33893827656250003 0.46767502343749995 0.353476525 0.47197655000000005 0.39933035625 0.477902665625 0.39966818437499996 0.4779203703125 0.425548596875 0.4757536875 0.447876525 0.4713616015625 0.4721477796875 0.471116628125 0.494493396875 0.467231128125 0.504137953125 0.46015170000000005 0.5083240296875 0.45126922968749994 0.48629553124999997 0.43848461875 0.47815204062500005 0.43704652031249996 0.46209503906249993 0.440755934375 0.45663656250000006 0.4389528921875 0.43775302343750006 0.438974565625 0.3769857859375 0.42415974375000004 0.3747607125 0.422027609375 0.3678175828125 0.42166373593750006 0.34275155156250003 0.422365603125 0.32853173125 0.42718261875
0 0.372003428125 0.41831144531250003 0.364656325 0.42512041875 0.3625924453125 0.5129299656249999 0.3629813421875 0.524066509375 0.3663705171875 0.54660929375 0.3776283484375 0.6083484375 0.386680746875 0.621412384375 0.3957363671875 0.6200884640625001 0.4052388765625 0.6026014265625 0.406031828125 0.5963482171875001 0.40075541875000004 0.5466128265625 0.4034867765625 0.508987378125 0.4081436515625 0.49754115781249997 0.3970181078125 0.41062988906250003 0.387766859375 0.3930760640625 0.3863849828125 0.39300364375 0.37944813593750004 0.39981730937500004 0.372003428125 0.41831144531250003
0 0.3206446140625 0.540315678125 0.2991468234375 0.5427286375 0.2637860234375 0.5418687953125 0.2639124203125 0.545488315625 0.264223971875 0.546966309375 0.2716080828125 0.552409878125 0.287930440625 0.556299246875 0.3307681140625 0.5727027125 0.3543507515625 0.5784895546875 0.3641899 0.57698256875 0.3769263453125 0.581189665625 0.403017090625 0.58154570625 0.47033699218749997 0.5779945750000001 0.499130440625 0.57849225625 0.5115484593749999 0.5735808140625 0.514762875 0.5626247875 0.5063894125 0.554601075 0.48994322031250004 0.5471656078125 0.4783199609375 0.5490847515625 0.4170056296875 0.544354428125 0.4050084703125 0.5405858609374999 0.39899938281249997 0.5402709375 0.387311278125 0.5438095296875 0.3206446140625 0.540315678125
0 0.3872565015625 0.666239521875 0.38699371875 0.6757438890625 0.3872840375 0.684057559375 0.38968860312500003 0.692445296875 0.393036271875 0.7303893296874999 0.3963274671875 0.73775583125 0.3966106078125 0.7458639390624999 0.4004083890625 0.753256990625 0.408073315625 0.7410691625 0.4256247203125 0.693429375 0.43930575625 0.679758334375 0.43557411874999996 0.659779221875 0.44172573593750003 0.6187360125 0.45312874687500004 0.59775156875 0.4528141453125 0.5887425609375 0.44942857031249994 0.57867335625 0.45025298124999996 0.5733210484375 0.44095212500000003 0.5386620296875 0.42521366250000003 0.5369658484375 0.42469035625 0.5369384234375 0.41650695156250006 0.5481719375 0.3872565015625 0.666239521875
0 0.4845472109375 0.6875759718750001 0.47124598281249996 0.6929467875 0.45133771093749997 0.689375146875 0.4414808734375 0.690375546875 0.3512846390625 0.6826146109375 0.31678635625 0.6990103390625 0.31616106093749996 0.7018258453125 0.31632934375 0.7066448421875 0.3372607203125 0.71879271875 0.378066615625 0.7285161437500001 0.40147234843749996 0.7292371265625001 0.48041551250000003 0.7237668515625 0.5251067500000001 0.71599585 0.534698234375 0.7073966656249999 0.5232151875 0.6875798421875 0.5196133796875 0.6869596890625 0.5067192421875 0.6862839359375 0.49984483593749995 0.6878720281249999 0.4845472109375 0.6875759718750001
0 0.38378180624999997 0.673091265625 0.3837881515625 0.6732729796875 0.3937893078125 0.7285240984375 0.39309073906249997 0.737480009375 0.397423340625 0.7601883734375 0.397892021875 0.788089753125 0.40067340781249994 0.8098175718749999 0.4176642046875 0.86196539375 0.4188629125 0.8818117624999999 0.4282645953125 0.890397753125 0.4448625265625 0.8588945359375 0.4478423421875 0.8428641640625001 0.4467130015625 0.796043865625 0.443613790625 0.779694903125 0.4323527359375 0.732343625 0.4116617609375 0.661117590625 0.4060920046875 0.6544963984375001 0.3978107328125 0.6540623953125 0.38968981875 0.6545705765625 0.38378180624999997 0.673091265625
0 0.3876818703125 0.781403928125 0.394106959375 0.7916324265625 0.393314009375 0.797885634375 0.39900906875 0.8161691453125 0.3987824 0.8386385671875001 0.3930147515625 0.861716853125 0.3993769203125 0.8701435500000001 0.399530996875 0.8890359203125 0.3987380484375 0.895289128125 0.3939238734375 0.9022308453125 0.39708922812499997 0.9059937421875001 0.3969916234375 0.9176789062499999 0.3992067265625 0.9231905062499999 0.413513740625 0.94192535 0.4171824578125 0.960102659375 0.423450246875 0.96582665625 0.4248094796875 0.9757896625000001 0.43282046875 0.973511746875 0.4456173953125 0.9490033421874999 0.4478736296875 0.9122522500000001 0.4421850171875 0.8651930109375 0.44108068749999996 0.84804934375 0.44285534843749996 0.8409483328125 0.43681100468749995 0.8271427828125001 0.41966290624999997 0.7704904546875 0.413666703125 0.7578296390625 0.4004709375 0.7571380796875 0.393669740625 0.76463195 0.3876818703125 0.781403928125
0 0.44019552656250005 1 0.4412527296875 0.9883350125 0.4373920328125 0.9791401609375001 0.43710889062499997 0.971032053125 0.44307496874999996 0.9101955734375 0.4389940484375 0.8946944171875 0.4406428671875 0.8839898015625 0.42962704687500003 0.8726214609375 0.4266851390625 0.860777003125 0.4268456625 0.8508936453124999 0.414215703125 0.8367429515625 0.4098625109375 0.8356122921875 0.4055424859375 0.8353858890625 0.40556906562500006 0.8497785859375 0.3957801921875 0.8735453796874999 0.39437982968749996 0.9058450656250001 0.390844146875 0.9199925125 0.391197425 0.9301090890625 0.39999585312499997 0.9942660999999999 0.4015207890625 1 0.44019552656250005 1
0 0.4451022203125 1 0.4455088140625 0.970232 0.429499728125 0.9172363750000001 0.41545059375 0.8873732859375 0.4129387234375 0.88724164375 0.4070109109375 0.8916631921875 0.4107941140625 1 0.4451022203125 1
0 0.1987777609375 1 0.19859842656249999 0.994864515625 0.1917990390625 0.959437340625 0.1905688703125 0.9386900703125001 0.16832345625 0.880871353125 0.164242534375 0.8653701937499999 0.15591229375 0.853496134375 0.143080553125 0.8528236515625001 0.1400869484375 0.85421248125 0.13199125 0.8766880546875001 0.132261878125 0.8844378390625 0.1526031859375 0.9519876593750001 0.1540188921875 0.9925282 0.1555081890625 1 0.1987777609375 1
0 0.0722267015625 0.9354499671875001 0.119215071875 0.941957790625 0.17773825000000001 0.94401354375 0.1911279296875 0.9411756578125001 0.21725405625 0.9425448703124999 0.23949353437499998 0.93561985625 0.24917346875000002 0.9295536 0.2550198265625 0.916712871875 0.23899689531249999 0.8956468078125001 0.23274366093749999 0.8968360640625 0.21642130312500002 0.8929466937500001 0.21459994375 0.8908839125 0.2143864484375 0.890872725 0.19229157187499998 0.8972443515625 0.18617985937499998 0.9024862953125 0.17367338906250002 0.9048648078125 0.16646618124999998 0.9044870953125 0.1519102453125 0.8996789828124999 0.12124423437500001 0.897060528125 0.11209370156250001 0.8925357015625 0.0913199109375 0.88993001875 0.07247175312500001 0.8909648609374999 0.0310233203125 0.8883916703124999 0.0320219125 0.916987603125 0.056752175 0.9300880546875 0.0722267015625 0.9354499671875001
0 0.12296366562500001 0.8414831703125 0.087580865625 0.8325496171875001 0.054265221875000005 0.8313092765625001 0.0454508078125 0.836409575 0.030740785937499997 0.8356386562499999 0.031725868750000004 0.8638477343750001 0.048508626562500004 0.8724715843749999 0.0784860203125 0.8811218515625001 0.11180166250000001 0.8823621906250001 0.173751540625 0.87954094375 0.1844208296875 0.8760548296874999 0.215828528125 0.874161228125 0.23010141874999998 0.8708639703125 0.23979904375 0.8653043 0.24198872656249998 0.8507549609374999 0.2140600796875 0.8378278453125001 0.21318947656249998 0.8377822187499999 0.1967490875 0.8428218078124999 0.12296366562500001 0.8414831703125
0 0.0926907734375 0.689177103125 0.0936400546875 0.7085729749999999 0.09341835625 0.7100123109375 0.0941081828125 0.729766396875 0.0993286671875 0.7556322140625 0.118503109375 0.8123907359375 0.142299740625 0.871190003125 0.1527775125 0.8816308921875 0.16575997656250002 0.8769157609375 0.17013371093750002 0.8573614328125 0.175772296875 0.8450674078124999 0.1676701484375 0.830254759375 0.1320429578125 0.7222758625 0.12916719062499998 0.6978453453125 0.12220405625 0.6866893953125001 0.1165451609375 0.66739541875 0.0931979484375 0.66617184375 0.0920752625 0.671551153125 0.0926907734375 0.689177103125
0 0.0829852609375 0.6792211421875 0.09069555 0.7013926984375 0.0908810890625 0.7211859671874999 0.09838226718750001 0.7332693671875 0.103127078125 0.7533015796875 0.1067990171875 0.757091025 0.1252466515625 0.80751669375 0.1271124703125 0.8175062499999999 0.1376909921875 0.82758695 0.1390252296875 0.8276568734374999 0.154087346875 0.8225169515624999 0.1569098625 0.801982075 0.14877625625 0.7862685234375 0.14627801093749998 0.7726488140625001 0.1486568609375 0.7538891890625 0.1347279796875 0.6418344515625 0.081584825 0.6390493375 0.08158418437500001 0.639099528125 0.0829852609375 0.6792211421875
0 0.097141996875 0.5853056828125001 0.11751192343750001 0.6762984390625 0.1171279546875 0.694263359375 0.12323521875000001 0.7098707140625 0.1239902625 0.7314923359375001 0.12117097031249999 0.7376393484375 0.128071184375 0.74699349375 0.1386142953125 0.7484452875 0.145515315625 0.7542024671875 0.1648849640625 0.7875906640625 0.165029 0.788497465625 0.17313436875 0.7889222499999999 0.1740035046875 0.788068546875 0.1797743765625 0.7506023953125001 0.16304493125 0.662498184375 0.1519726375 0.6205523125 0.1454531671875 0.6076211109375 0.1354819796875 0.59720676875 0.11804429375 0.561222065625 0.11031185937500002 0.5563342734375001 0.107519896875 0.556187953125 0.1003452578125 0.5611937499999999 0.097141996875 0.5853056828125001
0 0.080812625 0.6421526421875 0.102275034375 0.6387265125 0.11847356093750001 0.6390697828125 0.1317394078125 0.6326857968749999 0.1443874 0.6343599671875 0.1524424375 0.6332651390625 0.22262294843750002 0.6086262671875 0.23143736406249998 0.6035259671875 0.2293171359375 0.5943129984375 0.21283556250000002 0.5858643578125 0.20013450000000002 0.5826704312500001 0.179591859375 0.569322928125 0.173702946875 0.569014303125 0.171782003125 0.5690487359375 0.173866853125 0.577248534375 0.169433109375 0.57903880625 0.1669249984375 0.584469603125 0.1527759390625 0.5913129609375 0.140287159375 0.5941980609375 0.0430606234375 0.59112526875 0.0377613625 0.593881496875 0.0470887984375 0.6034721796875 0.021379384374999998 0.612225465625 0.0221540859375 0.634410025 0.06282998906250001 0.642221528125 0.080812625 0.6421526421875
0 0.0509523421875 0.5398866296875 0.11579951718749999 0.5427794687499999 0.1471895265625 0.5403792796875 0.1775371109375 0.5338791953124999 0.21615201874999998 0.53236330625 0.22842851406250003 0.523399178125 0.23093662187500003 0.517968378125 0.2288163921875 0.508755409375 0.209273178125 0.49601571875 0.18929428125 0.49496866875 0.1151613578125 0.498753734375 0.0879751171875 0.49277803750000004 0.03307323125 0.4914177265625 0.024364959375000002 0.49955753906249994 0.0175552046875 0.5027152874999999 0.0184844078125 0.5293241828124999 0.0418902625 0.53789473125 0.0509523421875 0.5398866296875
0 0.09015560624999999 0.44909137499999996 0.1071778640625 0.502140096875 0.118480046875 0.5072286796875 0.12528910625 0.4994922609375 0.1298201390625 0.484442434375 0.13707286093749999 0.474930759375 0.1395460921875 0.4588738375 0.1254278390625 0.44554440156249997 0.1262869328125 0.42670512812499994 0.12347086249999999 0.4184642765625 0.11800247187499999 0.37771134375000004 0.1180436 0.3354486484375 0.11540725468749999 0.322655246875 0.07357643124999999 0.3204629859375 0.0741922625 0.3380980703125 0.0827867140625 0.41183584843750004 0.09015560624999999 0.44909137499999996
0 0.179209490625 0.3331098015625 0.1657667421875 0.3344279328125 0.14144241562499998 0.3331531484375 0.10786141875 0.32431402343750004 0.084367234375 0.32106011093750003 0.0742096578125 0.31344855625 0.06539524375 0.31854885624999996 0.06380572500000001 0.32453345625 0.0676216125 0.330801340625 0.06161604375 0.3390827953125 0.0446758296875 0.3432515828125 0.0169071140625 0.3463472109375 0.013722221875000001 0.348290753125 0.0140362171875 0.35728239687499996 0.0289903234375 0.35759929375 0.07076788125 0.3693962734375 0.1015223453125 0.3745476578125 0.1501002328125 0.37507088125 0.25117673125 0.359636078125 0.258100890625 0.3519084234375 0.25693463437499997 0.3442624234375 0.2429788609375 0.3308895703125 0.2321326703125 0.329309828125 0.2192723921875 0.3215566328125 0.21195436875 0.3199168640625 0.20517599999999997 0.319561625 0.1968029421875 0.3218960328125 0.179209490625 0.3331098015625
0 0.184211240625 0.2282845 0.1840575125 0.22388233125 0.174873471875 0.2080514515625 0.17554058125 0.1981946390625 0.1693453828125 0.15110885000000002 0.1695683390625 0.11806153125 0.16616820000000002 0.11788333749999999 0.1673222640625 0.1366147890625 0.1594056546875 0.1415954109375 0.158578021875 0.1613355828125 0.1531628796875 0.16554804843749998 0.1376063578125 0.2123931296875 0.132342071875 0.2498858296875 0.1299903765625 0.283443446875 0.13296584375 0.3686496890625 0.13924151406250002 0.40401953125 0.1461102671875 0.4124727765625 0.1511761234375 0.4127382671875 0.1625759125 0.4061416875 0.1745863359375 0.35911076406250003 0.1705578578125 0.34511140625 0.1701593515625 0.33369969374999997 0.172827790625 0.294272446875 0.17755080781250002 0.2702401609375 0.1808766859375 0.2641196984375 0.1854139765625 0.262726378125 0.1852251125 0.257318 0.1830667765625 0.23995466875 0.184211240625 0.2282845
0 0.15624224375 0.051863281250000004 0.15190319531250002 0.057930645312499994 0.1494299640625 0.0739875671875 0.14970988125 0.096483540625 0.1459291546875 0.11459870000000001 0.1480383421875 0.1749979453125 0.1489951953125 0.1773787796875 0.150819884375 0.22963103125 0.15455152187500001 0.2496101453125 0.1689529171875 0.2710476890625 0.1756329109375 0.2740955296875 0.18823463125 0.2729574546875 0.1985647734375 0.2357302421875 0.198819678125 0.22854958593750002 0.1909692125 0.22094414218749997 0.187520715625 0.20907313749999998 0.18977695 0.1723220421875 0.1882071640625 0.11288913281249999 0.18428676718749998 0.0875046140625 0.1736863765625 0.059072253124999995 0.172350784375 0.048023532812500005 0.171220190625 0.047964281250000004 0.16434761250000002 0.052288065625000005 0.15624224375 0.051863281250000004
0 0.5005727453125 0.172568315625 0.48684694687499996 0.165781075 0.4847248890625 0.1626517140625 0.48190370937499993 0.1625038609375 0.4778025578125 0.1642957625 0.4634589046875 0.1655666765625 0.43738584999999996 0.165717221875 0.398558659375 0.16115408125 0.3921639015625 0.1582906546875 0.37032802343750004 0.156656428125 0.3696108375 0.1566188421875 0.3609861765625 0.16676986875 0.33159256406250004 0.1748369265625 0.328183553125 0.18022051249999999 0.3153012890625 0.1859203640625 0.3153125109375 0.1862417296875 0.3422100875 0.1956197078125 0.37024415781250003 0.2001228625 0.3810018984375 0.199169675 0.452190759375 0.203406184375 0.470138015625 0.20232412656249998 0.4844109078125 0.1990268703125 0.524809925 0.19709882343750001 0.5336774109375 0.19351828124999998 0.5366453390625 0.18234391249999998 0.5366113609375 0.181370928125 0.5248616890625 0.172829928125 0.5005727453125 0.172568315625
0 0.6498368390625 0.10234824687499999 0.6459664703125 0.13631699218749999 0.6461866921875 0.1426232984375 0.6499530109375 0.149115446875 0.6484929515625 0.16522546875 0.656399890625 0.20340844374999997 0.6645334984375 0.21912199375000002 0.6636429453125 0.23706036406250003 0.66493925625 0.24522157031249997 0.668705578125 0.2517137203125 0.667025296875 0.261517434375 0.6766439765625 0.290797596875 0.6835132234375 0.300960284375 0.6871465156250001 0.301150696875 0.6893715375 0.2932631234375 0.697382528125 0.29098520625 0.704257728125 0.2706627203125 0.69932738125 0.2308372375 0.69499155625 0.22251673749999998 0.6958821093750001 0.20457836562499998 0.6914930312500001 0.1512924671875 0.669345221875 0.0817885875 0.6552511921875 0.0748909109375 0.654690484375 0.074861525 0.649969128125 0.0771761203125 0.6498368390625 0.10234824687499999
0 0.8748407203124999 0.2199446484375 0.87563370625 0.242652796875 0.8875196734375 0.29805296875 0.9045733890625 0.35200259375 0.9056180218750001 0.35295659218750003 0.9272745562500001 0.35409156406250003 0.93135950625 0.35160789062500003 0.9341473406249999 0.344559978125 0.932728409375 0.3184073015625 0.9220965578125 0.289074040625 0.9188464937499999 0.2394448453125 0.9090769578125 0.1768844484375 0.8826151125000001 0.14312456406250001 0.8786253484375001 0.1447139734375 0.8725741703125 0.155039178125 0.8734269156250001 0.179458584375 0.874846134375 0.195773284375 0.8748407203124999 0.2199446484375
0 0.8750589265625001 0.09220649375 0.8760537921875 0.1206957453125 0.8769112 0.128017378125 0.8765704281250001 0.13549024062499998 0.8774151703124999 0.1596805 0.8810485937499999 0.17409606875 0.8829741109375 0.20027529375 0.8982531671875 0.261325928125 0.9004682718750001 0.26683752968749996 0.9056599671875001 0.2707066234375 0.9090770015625 0.281676728125 0.9172767531250001 0.284804215625 0.9247496953125 0.2815988484375 0.9285507000000001 0.2746040328125 0.930992471875 0.257646209375 0.929136321875 0.20449305624999997 0.9225256953125 0.17447128750000002 0.9208833203125 0.1564001703125 0.9146816765624999 0.1380901140625 0.9154117078124999 0.13003510468749999 0.9106322140625001 0.12348985625 0.9033262421874999 0.0880361328125 0.90006650625 0.0815705328125 0.8978431625000001 0.079806415625 0.8840274406249999 0.0790823640625 0.8769837890625001 0.08665558281249999 0.8750589265625001 0.09220649375
0 0.157168515625 0.0791538234375 0.1582143640625 0.10910300625 0.159618025 0.124859634375 0.1655018453125 0.14854854687500002 0.175312509375 0.1688462515625 0.1903213171875 0.164237315625 0.19741673906249999 0.1502211359375 0.19783216718750002 0.13315711875 0.1947676390625 0.103321190625 0.208294596875 0.07075778125 0.20655461874999997 0.064371828125 0.20871002500000002 0.0536937609375 0.21456883124999998 0.047706043749999996 0.2069732703125 0.03291994375 0.2051074515625 0.0229303859375 0.20602389062499998 0.0107972546875 0.158799328125 0.008322320312500001 0.15726173593749998 0.042904203125 0.157168515625 0.0791538234375
0 0.402959965625 0.08520492187499999 0.362472496875 0.0846000375 0.3545236 0.0887343796875 0.34634473125 0.08628311093749999 0.33863619218749996 0.09488616562499999 0.3388357609375 0.100601084375 0.3433426 0.10331816406250001 0.41322498906250005 0.1216446421875 0.43668379375 0.12388538125 0.454648740625 0.123309909375 0.467368084375 0.12587035156249998 0.4695068578125 0.125982440625 0.50324431875 0.124339721875 0.53726626875 0.1200548328125 0.5543480046875 0.1199387328125 0.5756512 0.11195333125 0.5726123796875 0.1021865625 0.5613593109374999 0.08895535156249999 0.5398792109375 0.091874896875 0.5164027171875001 0.08912756875 0.485380790625 0.081584784375 0.4714336046875 0.08085384375 0.45766725625 0.080992790625 0.402959965625 0.08520492187499999
0 0.643053534375 0.052742425 0.6400107968750001 0.066970996875 0.644758828125 0.072615340625 0.6518760421875001 0.10266366093749998 0.6534208125000001 0.1324199390625 0.6530400671875001 0.13599699375000002 0.6444595718749999 0.13644656093750002 0.6422130078125 0.1300340578125 0.6332088312499999 0.13383824375 0.6332378234375 0.1346684640625 0.63856930625 0.141533378125 0.6383458609375 0.1496149375 0.649012396875 0.165461234375 0.65438963125 0.189123596875 0.657523525 0.19198559531249998 0.6696501203125 0.19172187031250001 0.6919681234375 0.2081787953125 0.696971059375 0.20664248437500002 0.7038462609375 0.18631999531250001 0.6995515640625001 0.1357368 0.6934789828125 0.10664248437499999 0.678577446875 0.056402659375 0.6668662828125 0.0396023640625 0.6658296703125 0.0348946546875 0.6396391328125001 0.0335220671875 0.639510659375 0.0381687171875 0.643053534375 0.052742425
0 0.8630795890625 0.0891595875 0.8523572296875 0.09112594375000001 0.7975261078125 0.091791975 0.775484871875 0.0991631953125 0.7757633125 0.10713669374999998 0.7819467421875 0.109179203125 0.78576263125 0.1154470859375 0.8086566515625 0.1272657390625 0.8476430546874999 0.13638814999999999 0.8980758156249999 0.138525559375 0.96988253125 0.13470391406249999 0.9885360953125 0.128096628125 0.9900017812499999 0.11856592968749999 0.9743326578125 0.1076315765625 0.9588935109375001 0.10328283437500001 0.9542828640625001 0.1000072484375 0.9352931828125 0.0969894078125 0.9350880859374999 0.09111618125 0.933599725 0.0910381796875 0.8803913 0.0956290984375 0.8630795890625 0.0891595875