0 0.0694105796875 0.3476049984375 0.0653087171875 0.376296790625 0.0672720921875 0.3926053671875 0.0677991609375 0.393569484375 0.10960038125 0.39405588593749996 0.11157275468750001 0.378751090625 0.11328579218749998 0.3366754875 0.1134748984375 0.320423759375 0.11087205781250001 0.3001882421875 0.11116184375 0.2752840265625 0.0844931703125 0.207914821875 0.0833989453125 0.2072483609375 0.080491434375 0.20721452812500002 0.07525438437500001 0.21547119062500003 0.07838335156250001 0.22412945781250002 0.072856325 0.2365189390625 0.067466271875 0.283397440625 0.06656025 0.3150003734375 0.0694105796875 0.3476049984375
0 0.06694023593750001 0.47594920625 0.0668801609375 0.47690649062499996 0.0977772 0.47726600937499997 0.09928875312499999 0.4715356953125 0.10533169843750001 0.4610681859375 0.105465446875 0.44957393124999995 0.10897749062499999 0.43833188125 0.10904532812500001 0.4325019640625 0.1068205140625 0.42564009687500004 0.10849880468749999 0.37392848437500004 0.10456090468749998 0.3422691875 0.1010051828125 0.324026115625 0.094680371875 0.3124567109375 0.08112080625 0.3009845453125 0.0790592234375 0.30096055625 0.070976703125 0.3140968609375 0.058433837499999995 0.37430391093750004 0.063503890625 0.401186459375 0.0614991546875 0.43469257656250004 0.06559309218750001 0.45294191250000004 0.06694023593750001 0.47594920625
0 0.121644109375 0.5069515640625 0.12417591406249999 0.4744095640625 0.12442111874999999 0.45333676718750004 0.1214704796875 0.42935283125 0.12312647968749998 0.379556928125 0.1188876484375 0.37375970000000003 0.11736217499999999 0.36607807812500004 0.1192108734375 0.345981921875 0.1268461671875 0.337448909375 0.1227039875 0.3295972171875 0.09164658906249999 0.32923583125 0.08641330781249999 0.342726334375 0.0836107859375 0.3522735640625 0.07792604374999999 0.42090459375 0.0772791296875 0.4765003359375 0.077273353125 0.48056969218749995 0.08126697968749999 0.507439715625 0.089655475 0.5266970078125001 0.10076847656250001 0.54311205 0.11267603906250001 0.5375027015625 0.121644109375 0.5069515640625
0 0.0890041921875 0.583534959375 0.082760625 0.611243846875 0.08765997343750001 0.634292475 0.1141235 0.6346004062499999 0.11479706249999999 0.633650259375 0.1198175609375 0.58113139375 0.1207939828125 0.49721789843749997 0.1194497609375 0.46509919687499995 0.1153335328125 0.44876557031250003 0.10061715625 0.42466561875000003 0.09615409999999999 0.42461368750000006 0.09245786406249999 0.4255077703125 0.0825359671875 0.445509984375 0.07772870937500001 0.48856333125000007 0.08044528749999999 0.532662209375 0.0886554546875 0.567245171875 0.0890041921875 0.583534959375
0 0.101872425 0.7083811953125 0.118916915625 0.723907271875 0.13030855624999998 0.716375953125 0.130068053125 0.6445243484375001 0.12183559531249999 0.6118570953125 0.1188849578125 0.5878731578124999 0.112627021875 0.5705566265625001 0.1138149046875 0.5609906078125 0.10710792031250001 0.5360049796874999 0.10734197812499999 0.5158900359375 0.09941433125 0.5027872015625 0.0863926453125 0.5026356796875 0.0799042546875 0.5146127859375 0.07746161562500001 0.5394919484375 0.076187790625 0.6027040765625 0.0797992421875 0.616157878125 0.0856224984375 0.6708307296875 0.101872425 0.7083811953125
0 0.0982227125 0.7353698375 0.10706025781249999 0.7622962265625 0.1133962140625 0.772907778125 0.134286215625 0.7817727109375 0.1413052765625 0.779938415625 0.14416537499999998 0.7717701234375001 0.1441806078125 0.770460946875 0.1381763078125 0.7712801515625001 0.1355409703125 0.7664595656250001 0.13361103125 0.7472774281250001 0.1353482734375 0.7367598171874999 0.13332916718750001 0.7252405140625 0.1360871078125 0.7195247 0.1356492046875 0.710897746875 0.130018646875 0.6859246437500001 0.11485629374999999 0.6474288500000001 0.11716518281249999 0.6340439390625 0.10920344374999999 0.6243714546875 0.10554740781250001 0.614749071875 0.1057368828125 0.598465546875 0.1027082265625 0.5811865921875 0.0985028328125 0.5725158 0.089961509375 0.5698738046875 0.08289891875 0.5697916234375 0.0775125203125 0.57227155625 0.07198549531250001 0.5846610359375 0.0721925625 0.65938620625 0.0875810515625 0.7247081859375 0.0945332390625 0.72862101875 0.0982227125 0.7353698375
0 0 0.7699537828125 0.0147771578125 0.7730985046875001 0.0242993390625 0.7780538781249999 0.1440561890625 0.7772942328125 0.1690355578125 0.7711254609375 0.2132972640625 0.754415340625 0.2210164640625 0.7496605875 0.225930990625 0.738952053125 0.231671853125 0.739557140625 0.2354594328125 0.743369215625 0.23826731250000002 0.742615484375 0.2383399453125 0.7363734734375 0.23078915156250002 0.7330874374999999 0.2250357625 0.7335587765625 0.22405285625000002 0.735700484375 0.20775054375000002 0.737125646875 0.1847808265625 0.7352435125000001 0.1723725578125 0.7313311265625 0.1686225546875 0.7242897734375 0.1575739421875 0.7238062796875 0.13244180781249998 0.723513840625 0.079379265625 0.7372467687500001 0.042949484375 0.7395143 0.016185925 0.7343583046875 0.0084604640625 0.739651271875 0 0.7390770609375 0 0.7699537828125
0 0.095131659375 0.8259163031250001 0.09908392499999999 0.9026010203125001 0.10788803437500001 0.932400971875 0.1158274828125 0.9439891656249999 0.121747828125 0.9440580546874999 0.142040665625 0.9117227218749999 0.14567014375 0.9110488 0.14575122499999998 0.9040806937499999 0.14135433749999998 0.87818529375 0.13632564375 0.8014880515625 0.1375135265625 0.791922034375 0.1359323234375 0.7890296828125 0.1356838984375 0.76411920625 0.143274609375 0.7594176109374999 0.1444624921875 0.7498515921875 0.12734230156249998 0.71564094375 0.1163697015625 0.7155132671875 0.108714290625 0.72261206875 0.10153919062500001 0.737856325 0.097200046875 0.7406797875 0.10025099687500001 0.7560430328125001 0.095532903125 0.7914335453125 0.095131659375 0.8259163031250001
0 0 0.9093813562499999 0.038026560937499995 0.9176608046875 0.070562296875 0.9207308218750001 0.1165377671875 0.9217931484375 0.11761659687499999 0.9218057015625 0.1855674515625 0.9166861687500001 0.21930528749999997 0.89877701875 0.22406930468750003 0.8883964343749999 0.2241213015625 0.8839279171875001 0.22051365 0.8772596390625 0.19471420625 0.8715765765624999 0.1803150765625 0.8741004578125 0.1598988703125 0.8707282187500001 0.15838239375000002 0.8707105734375 0.10845094687500001 0.8754173859375 0.0882796390625 0.8800272453125 0.049007609375 0.8795702734375 0.041294671875 0.8837868140625 0.0307582734375 0.8836642109374999 0.015482704687500001 0.8791801765624999 0 0.8820383546875 0 0.9093813562499999
0 0.147870175 1 0.1477108546875 0.9704414140625 0.1324895515625 0.890751615625 0.12361856874999999 0.866698790625 0.1048591296875 0.859774615625 0.090071040625 0.8449123140625 0.0893770890625 0.8449042390624999 0.0888018984375 0.8519239015625001 0.095620340625 0.8673309874999999 0.09811078437500001 0.88460368125 0.09420954375 0.8960540937499999 0.08332267812500001 0.9064652390625 0.0827175921875 0.9122061031250001 0.1029388546875 0.9785423015625 0.10797246875 1 0.147870175 1
0 0.3084130484375 0.9386318734374999 0.36198400625 0.9451763734374999 0.37921285937500004 0.9464534203125 0.43770460624999996 0.9417511734374999 0.46751708125 0.9318706390625 0.47838369218750004 0.9234253000000001 0.47841896406249995 0.9203940640624999 0.47819752187500003 0.9196143390625 0.4562795984375 0.909670153125 0.40565109374999997 0.8972387453125 0.3970304046875 0.897138434375 0.3883721390625 0.9002674015625001 0.3443045734375 0.9002929156249999 0.333793225 0.8980174609375 0.3252414265625 0.8919968046875001 0.31564409375 0.8934999906250001 0.267893653125 0.889174678125 0.25986256874999997 0.889081228125 0.2437674375 0.8958933437500001 0.2369810421875 0.9028120953125001 0.238790284375 0.911984009375 0.2730726390625 0.9296080734375 0.29028270312500004 0.9324997609375 0.3084130484375 0.9386318734374999
0 0.352131515625 0.7650371234375 0.34967773125 0.7908741421875 0.3516076703125 0.81005628125 0.35729395625000004 0.8302401140625 0.3646617546875 0.84469560625 0.364564665625 0.8992995703125001 0.3584659921875 0.9145563515624999 0.3476237078125 0.9211360796875001 0.3550137984375 0.9336758656249999 0.358053603125 0.9499969640625 0.366946875 0.9721340812499999 0.37553599375 0.97414999375 0.3847970734375 0.964677915625 0.3870836734375 0.9532087125 0.392027903125 0.9446443875 0.4094927046875 0.8777887218749999 0.4165754203125 0.8242240265625 0.4172410453125 0.8060473437500001 0.41756110625 0.778541415625 0.4135435390625 0.760961796875 0.41375530625 0.7427625640625 0.404928909375 0.7148783203125 0.3998803640625 0.7125613656249999 0.388828509375 0.712432765625 0.38719016562499997 0.7127559437500001 0.3842873328125 0.7309238640625 0.3765182921875 0.7509511296875 0.368367071875 0.7575621703125 0.3603496046875 0.7526789578125 0.352131515625 0.7650371234375
0 0.2832223015625 0.737848240625 0.26112275937499996 0.7435122359374999 0.2524394453125 0.7487940562500001 0.24944062812499998 0.7595248828125001 0.2608409390625 0.7677318265624999 0.3706246984375 0.8007681515625 0.3878598140625 0.8015069859375 0.40601521093750004 0.8054862453125 0.4195191109375 0.7975690875 0.44928148749999997 0.7919942578125 0.4887163484375 0.7784576875 0.48948730312500005 0.7749778921875 0.4895614828125 0.76860295 0.47742250156250005 0.76110111875 0.440241534375 0.745596471875 0.374068165625 0.7518241921875 0.35111097343750003 0.7488656312499999 0.3300319140625 0.7491586421875 0.2832223015625 0.737848240625
0 0.35238372500000004 0.75101821875 0.3461513015625 0.777769253125 0.3469936703125 0.7978967203125 0.3528694328125 0.8017970265625 0.35760189375 0.8114319343749999 0.3651257328125 0.8124774671875 0.37713360625000003 0.7982474296875 0.3784552375 0.7771871578125 0.3849799875 0.7582746984375001 0.3855543484375 0.708914303125 0.38536432187499997 0.6460237328125 0.371345265625 0.6017933359375001 0.3602545578125 0.5834625859375 0.355169803125 0.5823360515625 0.3504022140625 0.582280575 0.3478533640625 0.585234253125 0.3503215171875 0.6044226546875 0.3422515421875 0.6503119890625 0.34254455156249997 0.67139105 0.348635303125 0.703075396875 0.35238372500000004 0.75101821875
0 0.45905457031249997 0.649578253125 0.4706302390625 0.6427152296875 0.47705566875 0.6346580359375 0.47706504843750003 0.6338519046875 0.45467968125 0.6139105781249999 0.45484146562500005 0.6000069171875 0.45009603125000003 0.5961836968750001 0.44245198593749996 0.5944798921875 0.43381250624999995 0.5959942203125 0.42513545312499995 0.600737828125 0.40891455624999995 0.595166221875 0.3830524875 0.5948652890624999 0.3658424203125 0.5919736015625 0.341050934375 0.5819959796874999 0.311344921875 0.5827268890624999 0.2883752046875 0.5808447546875 0.27427812500000004 0.5767066578125 0.270139878125 0.5766585046875 0.25871303125 0.5778081734375 0.2510071984375 0.5878460671875 0.2509241078125 0.5949869609375 0.2689237703125 0.605917859375 0.2956810671875 0.61161206875 0.3500407859375 0.6326994703125 0.4274265875 0.6508250875 0.4427397328125 0.6520798421875 0.45905457031249997 0.649578253125
0 0.36326468125 0.48336644531250006 0.36467869999999997 0.5006266109374999 0.373000321875 0.5256310296875 0.3751420296875 0.5266139359374999 0.378720046875 0.542941296875 0.377917559375 0.6119068140625 0.3738714265625 0.6358093375 0.37908637343749996 0.6502397796875 0.39625346562499997 0.6552294562500001 0.40229641093749996 0.6447619484375 0.4079683296875 0.6199203609375 0.41637267343750006 0.5452953953125 0.42049685312499996 0.52624395625 0.42073328749999994 0.5059248390625 0.4190493703125 0.5003012874999999 0.41587259843749996 0.449491165625 0.4096592453125 0.4283432171875 0.402258009375 0.41676128749999997 0.3998268625 0.415645546875 0.397447759375 0.4156178640625 0.38700971093750003 0.4319116015625 0.382503384375 0.44910287968749996 0.3811483171875 0.4730367140625 0.376181796875 0.48351675 0.3654509703125 0.48051793125 0.36326468125 0.48336644531250006
0 0.34135730937500003 0.47779124062499995 0.3384656203125 0.4950013078125 0.34021723125 0.529509115625 0.343761809375 0.54871004375 0.35475220625000004 0.5756614828125 0.362925715625 0.5671347328125 0.3723316875 0.545210546875 0.3803013515625 0.507941903125 0.38115164375 0.4811282421875 0.38455925468749996 0.465840146875 0.3916228984375 0.4601744359375 0.391471559375 0.3806599953125 0.3958040265625 0.3652555421875 0.39608556250000004 0.34106039843749997 0.395269265625 0.3318469953125 0.3910810984375 0.3280319328125 0.3904544890625 0.3280246421875 0.3829238015625 0.32882939218749996 0.3742343734375 0.3354341703125 0.356465415625 0.3821686296875 0.34744161562500003 0.4175090390625 0.3421964546875 0.451935434375 0.34135730937500003 0.47779124062499995
0 0.301158071875 0.34205099375 0.2994909265625 0.39280475 0.3002329828125 0.4215529078125 0.3032616390625 0.4388318640625 0.3010530578125 0.44359608437500003 0.301513253125 0.4503073265625 0.3076262953125 0.48007596875 0.3123699015625 0.4887530203125 0.324548184375 0.506138440625 0.33262138124999996 0.50623238125 0.33830444375 0.48043294062499997 0.34461545625 0.46681919531249993 0.34532858437499997 0.4055331265625 0.34514987656249996 0.4009999140625 0.3381721765625 0.353019515625 0.33760844843750004 0.30894568906250003 0.3335256578125 0.2897384984375 0.33416418124999997 0.28112407031250003 0.331157815625 0.26192940625 0.32799230156250003 0.2569758078125 0.32483260625 0.2569390421875 0.3123315 0.2607523578125 0.3079477765625 0.2674072375 0.30067236406250003 0.291272184375 0.30003383906250003 0.2998866109375 0.30519305937499996 0.319106325 0.301158071875 0.34205099375
0 0.3144383109375 0.2054263421875 0.3005260125 0.24454180625 0.29767098281250004 0.304861584375 0.30546876093750003 0.3748851578125 0.30369808125 0.38827633125 0.293371721875 0.3967780296875 0.29112970312500003 0.404415815625 0.29216154843750003 0.4082597578125 0.3006949375 0.4150649421875 0.308623240625 0.42761098750000004 0.3188381453125 0.42868783437499997 0.32538586875000003 0.4211001515625 0.344005115625 0.34755203125 0.346292596875 0.3226861265625 0.347173553125 0.246976871875 0.33940788125 0.18751519218749998 0.33736648593749996 0.177911596875 0.3249875828125 0.1777675546875 0.3232726328125 0.1863694578125 0.31730770625 0.1901319859375 0.3144383109375 0.2054263421875
0 0.30536538593749996 0.175456075 0.3110182359375 0.19851347187499999 0.311927478125 0.21289381093749998 0.311637690625 0.237798028125 0.3087348578125 0.2559659484375 0.3112253015625 0.273238640625 0.3084004890625 0.28470158125 0.3114291453125 0.30198053593749996 0.30049769843749996 0.31622309843749996 0.30261711406249997 0.3191217109375 0.30611710937500003 0.34215405625 0.3145613359375 0.35662207343749996 0.3322777859375 0.3606601625 0.3507409984375 0.3005220015625 0.3541931875 0.2814024890625 0.3555594015625 0.2565108015625 0.35647518749999996 0.2533910359375 0.35683910937499996 0.222115590625 0.35383800625 0.1731461546875 0.3441803859375 0.1241765890625 0.336425965625 0.11799261406249999 0.33288855 0.117951453125 0.32701329375 0.11918690937500001 0.32462638125 0.139276803125 0.3196041328125 0.1545461078125 0.3087841421875 0.1592101265625 0.305499134375 0.16396182343750001 0.30536538593749996 0.175456075
0 0.6394615046875 0.29165581875 0.65861233125 0.29241694687500003 0.7008581281249999 0.28429594375 0.7297190125 0.27386604999999997 0.7356915953125001 0.2545572515625 0.7011837875 0.2563088609375 0.6294699593749999 0.244708675 0.6287062484375 0.228012921875 0.6251662812500001 0.2213659515625 0.6244535171875001 0.2213576578125 0.615290025 0.228395096875 0.6132302734375 0.24075170781250002 0.5930714921875 0.244285140625 0.5739269296875 0.2429858015625 0.55485751875 0.23522790468750002 0.548221428125 0.229229540625 0.5414726078125 0.2329190140625 0.523298425 0.23055439375 0.5175888734375 0.22725824062500002 0.5151294875 0.2200855578125 0.51263381875 0.22005651875 0.49844431250000004 0.2259589015625 0.486768440625 0.241433334375 0.48378215 0.251087734375 0.4979871359375 0.265248459375 0.5514704171875 0.2793279453125 0.6394615046875 0.29165581875
0 0.5352839671875 0.3729350921875 0.5696853109375 0.38033310625 0.60700405625 0.38399706562499997 0.646269825 0.38499225 0.7066710171875 0.38085050625 0.716280875 0.37827089687500004 0.7480904749999999 0.361415884375 0.769388240625 0.35699224531249996 0.7693908781250001 0.3567655375 0.7385933453125 0.35430765625 0.7137705453125001 0.34702109999999997 0.7061703390625 0.341549803125 0.6918526234375 0.3370769140625 0.649725815625 0.3349718640625 0.624790290625 0.3373731453125 0.595103065625 0.336489415625 0.554823078125 0.34032700312499997 0.5490947390625001 0.338645490625 0.5473598296875 0.3298504015625 0.535053128125 0.3297072 0.52236249375 0.330798428125 0.4838667 0.3459607828125 0.48564463125 0.3578237640625 0.504663940625 0.369887365625 0.5199520328125 0.373294975 0.5352839671875 0.3729350921875
0 0.5470543171875 0.4190635453125 0.523921771875 0.43117495312500004 0.528598315625 0.4409185171875 0.539040771875 0.44911431718749995 0.5629245046875 0.4547750890625 0.5887677874999999 0.4566906609375 0.6126452578125 0.462889646875 0.6397044109375 0.46688083281250004 0.6415688296875001 0.466902528125 0.6892736078125 0.46378129843749993 0.7046431203125 0.4601921375 0.7277318265625 0.4518482234375 0.7652008765625 0.44259506562500006 0.7729513921875 0.4351492484375 0.7692327015625 0.42541682812500003 0.7539571328125 0.4209327921875 0.7405283828125 0.4223913921875 0.714716415625 0.41778475625 0.6994596328125 0.41168608124999995 0.67543843125 0.4094763078125 0.6651445078125 0.409356528125 0.6630611656250001 0.411262546875 0.59874088125 0.422894690625 0.5786384609375 0.4215842046875 0.572872546875 0.4231319703125 0.555687534375 0.41808743125000003 0.5470543171875 0.4190635453125
0 0.6519825531250001 0.6124854875 0.660493653125 0.6212063796875 0.6704044031249999 0.60216201875 0.68008579375 0.5103082 0.67484855625 0.49779346562500004 0.67101096875 0.457513478125 0.6753914703125 0.404875325 0.6743930640625 0.3981578203125 0.6638517140625 0.378875478125 0.659875334375 0.378040984375 0.6534036921874999 0.3779656796875 0.6448805078125 0.3901505375 0.6344347671875 0.455171909375 0.6308822640625 0.4829121109375 0.6356211703125 0.584513565625 0.643605203125 0.5922703421875 0.6519825531250001 0.6124854875
0 0.5222102515625 0.561024946875 0.5355513234375 0.5671013312500001 0.5661901359375 0.56853441875 0.637941540625 0.576905325 0.6613467765625 0.5780851859375 0.6663104140625 0.5781429421875 0.67916059375 0.574693521875 0.6896719421874999 0.5769689765625 0.7146325203125 0.5724148453125 0.7598270312500001 0.5578687234374999 0.7771059890625 0.5548400640625 0.7843335203125 0.5498882468749999 0.7844006578125 0.544118434375 0.7475502796875 0.5426538609375 0.7246056140625 0.5386188749999999 0.6537243859374999 0.537794096875 0.6392173375 0.5325090515625 0.6374500640625 0.5324884875 0.6221277171875 0.5363498640625 0.556974828125 0.5372065984375001 0.5445540359375001 0.534370640625 0.5272312421875001 0.5411667890625 0.518516609375 0.5491396749999999 0.5222102515625 0.561024946875
0 0.606146365625 0.6575689078125 0.6026718843750001 0.6786041296875001 0.617563521875 0.694105153125 0.6374137546875 0.7460672734375 0.645869125 0.7595774390625001 0.649725784375 0.751958440625 0.6498260953125 0.743337753125 0.6531445375 0.73571249375 0.6557655062500001 0.695507659375 0.657706484375 0.68826084375 0.6579000734375 0.67162385 0.6577033703125 0.66774866875 0.6236636765625 0.5399406953125 0.6158995140625 0.5291123 0.5972369109375 0.528895140625 0.5883900328125 0.5644378375 0.5893995859375 0.5701974890625 0.5860477078125 0.5806963109375001 0.5859362515625001 0.59027485625 0.5985858703125 0.613413665625 0.606146365625 0.6575689078125
0 0.668610834375 0.7354888421875 0.7118082234374999 0.7279172 0.7339528171875 0.7163230484375 0.734003903125 0.7119326890625 0.7331127390625001 0.70824851875 0.6959818734375001 0.6884381640624999 0.60015885625 0.6905528796875 0.5896412453125001 0.6888156375000001 0.5685371359375 0.6912614984375 0.5542444703125 0.6846357578125 0.5379672078125 0.6839080671875 0.5288973375 0.681245671875 0.520915225 0.681152790625 0.5130817828125 0.6820036421875 0.501349546875 0.7023219921875 0.5117732171875 0.7121324312499999 0.559540684375 0.7234539765625 0.64371288125 0.7346608421874999 0.668610834375 0.7354888421875
0 0.60106230625 0.8695543515624999 0.6194985234375 0.9042563031249999 0.6292866703125 0.8957483421875001 0.6300700875 0.8746818078124999 0.6468517828125 0.8202719875 0.6492721312499999 0.79730853125 0.6490794328125 0.76760878125 0.653125565625 0.7437062609375 0.652160596875 0.7341151921875 0.6609396421875 0.679002065625 0.6609930078125 0.674415859375 0.654689178125 0.65558991875 0.6459114390625 0.6544784453125 0.6372522703125 0.6543776875 0.6314791390625001 0.6610677500000001 0.61123410625 0.7355549375 0.6004284828124999 0.7852443765625 0.5975367968749999 0.8024544421875 0.5974954359375 0.8522691328124999 0.60106230625 0.8695543515624999
0 0.6552969265625 0.9078466437499999 0.6532332375000001 0.9001587546875 0.65398321875 0.8819657859375001 0.6588685 0.8322074562499999 0.6555579765624999 0.7928915859375001 0.6413382999999999 0.765902571875 0.635107584375 0.763742540625 0.6326708437499999 0.7637141859375001 0.6315612984375 0.773452678125 0.6250358687500001 0.779124653125 0.6215836765625 0.7982441640625 0.606829009375 0.8172321609375001 0.6046092828125 0.8229542375 0.6050026015625 0.8354126078125 0.601728740625 0.83920645 0.6070217078125 0.8469319093750001 0.6080201140625 0.8536494187500001 0.60832426875 0.8737706234375 0.6017653984375 0.8823161609374999 0.6084723828125 0.9073017906249999 0.6092701671875 0.9312606750000001 0.6036651234375 0.9503551375000001 0.60466353125 0.9570726421875 0.5982014343750001 0.967344628125 0.5981956796875 0.9678391734374999 0.6048673734375 0.9858145359374999 0.613367328125 0.9954932828124999 0.6257462296875 0.995637325 0.6323719718749999 0.9813446609375 0.6492093984375 0.9221455687500001 0.6552969265625 0.9078466437499999
0 0.6536167734375 1 0.659348946875 0.9500052078125 0.659480265625 0.9387197796875 0.6554069609375001 0.9235454328125 0.6531171390625 0.8890313624999999 0.64211559375 0.8630377749999999 0.6417668578125 0.8467479890625 0.63259494375 0.84855723125 0.6195106421875 0.8627747421875 0.6199262546875 0.8733174046875 0.6170902953125 0.8857381984374999 0.605654071875 0.8971009359375 0.6076731765625001 0.9086202390624999 0.603716209375 0.924859925 0.6115697124999999 0.990094228125 0.6114694015625 0.9987149171875 0.6109465984375 1 0.6536167734375 1
0 0.90567563125 1 0.9070059531249999 0.8856724421875001 0.8965230609375 0.8855504640625 0.8964814828125001 0.8891237109375 0.891503815625 0.9005615984374999 0.8840166375 0.9426257781249999 0.8835150828125 0.9857292265625001 0.8794792546875 1 0.90567563125 1
0 0.8210189546875 0.9645661531249999 0.8448651109374999 0.973456203125 0.8726428890625 0.9737794281250001 0.8869668671875001 0.9777141046875 0.9492148765625 0.9795149984375 0.9872080359375 0.9766756140625 0.9877834515625 0.9272245703124999 0.9776189234375 0.9260169078124999 0.9555694828125001 0.927375196875 0.9459408375 0.931569446875 0.9133612624999999 0.9322669203125 0.8979854906250001 0.9363942937499999 0.8903226562500001 0.936305128125 0.8769502703125 0.9329198109375 0.870314178125 0.9269214484375 0.8487600390625 0.91937434375 0.8457605078125001 0.9193394421875001 0.8445209984375 0.9207001703125 0.8272420437499999 0.923728828125 0.8205558515625 0.9220361703125001 0.8040218203125 0.9433752171875 0.8105639703125 0.95744678125 0.8210189546875 0.9645661531249999
0 0.8757924875 0.9434748875000001 0.87489326875 0.9769938687499999 0.9269253875000001 0.9775993171874999 0.92718230625 0.9680224640624999 0.9200820046875 0.9305784640624999 0.9236870125 0.8520657187499999 0.9294574046875 0.836386859375 0.929510296875 0.831841346875 0.91850184375 0.8045452078125 0.9159345078125 0.804515334375 0.90268233125 0.8067960515625 0.8961011734375001 0.8172572984375 0.8916171374999999 0.8325328687500001 0.8874595484375 0.8660139328125 0.8830200937500001 0.8774580859375 0.8757924875 0.9434748875000001
0 0.8862029390625 0.887087875 0.8970898046875 0.8766767312500001 0.9209462890625 0.8156433453125 0.9399365656249999 0.7564693015625 0.9464331140625 0.720489025 0.94648315 0.7161889718750001 0.9461396984375 0.714229534375 0.9047806109375 0.7137482765625001 0.9043109671874999 0.71869338125 0.869088353125 0.831325653125 0.860836825 0.8465573828125 0.8671393437500001 0.8600424953125 0.8722762703125 0.8811779187500001 0.8862029390625 0.887087875
0 0.8863661921875 0.8215252984375001 0.9035109921875 0.8284306859375 0.9149360718749999 0.8180258031250001 0.9166733140625001 0.80750819375 0.9350473562499999 0.7550328687500001 0.93885943125 0.7512452890625 0.943410340625 0.73022259375 0.9510902187499999 0.717858165625 0.9507972109375 0.6967791046875 0.9530385796875 0.69001311875 0.9531013453125 0.6846190203125 0.89702910625 0.6839665609375001 0.8904425421875001 0.748765940625 0.8934377609374999 0.768918459375 0.891117725 0.7832612234375 0.8828550500000001 0.799450809375 0.8863661921875 0.8215252984375001
0 0.8542103125 0.7855409156250001 0.9138457546875 0.7862348359375 0.9111446750000001 0.7804555015625 0.9114121703125001 0.7574669953125001 0.917521990625 0.7412523609375 0.9166684765625 0.722082746875 0.934960715625 0.6320316375 0.9350989953125 0.6201480125 0.9320775156250001 0.6005980671875 0.924910153125 0.5952164265625 0.92061700625 0.595166471875 0.9132512015625001 0.59942101875 0.8955937015625001 0.6365769359375 0.88524505 0.64699434375 0.878630453125 0.660329153125 0.8678917046875 0.7042714640625001 0.8542103125 0.7855409156250001
0 0.8792455390624999 0.6209161296875 0.8775305890625 0.6295180328125001 0.8784509765624999 0.6429405187499999 0.870748809375 0.6572206578124999 0.8700099734375 0.674455775 0.864898559375 0.697387915625 0.864248890625 0.706960196875 0.9175917921875 0.7075808984374999 0.9200159890625 0.632886346875 0.9239395203124999 0.619520225 0.9321910484375 0.6042884921875 0.938144828125 0.6014838203124999 0.940353409375 0.5967195984375 0.9489425296875 0.5987355125 0.9494903499999999 0.5920498578125 0.9495029578124999 0.5909663968750001 0.9363709281249999 0.5688917203125 0.9338359015625001 0.5554504453125 0.9259633265625 0.538115125 0.9162977828125 0.5360866875 0.91026598125 0.5455963421875001 0.8792455390624999 0.6209161296875
0 0.94281915625 0.508797403125 0.8586530703124999 0.49912005156249994 0.8437594765625 0.4989467484375 0.8433025000000001 0.499026846875 0.8220794 0.5116987578125001 0.8200509640625 0.5213643015625 0.8228556359375 0.5273180843749999 0.8361466078124999 0.5377001734375 0.8772905078125 0.5419469265625 0.9097573562499999 0.5509372890625001 0.943232159375 0.5556330921875 0.9936586140625 0.556613478125 0.9942571265625 0.5051774531250001 0.9716111515625 0.5042878546875 0.94281915625 0.508797403125
0 0.9459823578125001 0.40186778125 0.93739298125 0.3990764046875 0.9172592515625 0.40045698593749995 0.905260590625 0.38714714687499996 0.8967236671875 0.3870478109375 0.8867394265625 0.38879785 0.8761090875 0.3967484453125 0.8597629359375001 0.4019411 0.8510545687500001 0.409375771875 0.8557060609375 0.42127218906249997 0.9110737375 0.43806502968750005 0.9502706140624999 0.444980559375 0.994908859375 0.4491676328125 0.9954050999999999 0.40652077656249996 0.9890357046875 0.406675040625 0.9459823578125001 0.40186778125
0 0.993746128125 0.326289859375 0.9919055703125 0.319809009375 0.9823959171875 0.31377720625 0.9717718390625001 0.3211895890625 0.946842575 0.32305265625 0.911314284375 0.33017525000000003 0.8854522140625001 0.3298743171875 0.8711094515625 0.3275542828125 0.8521026656249999 0.314414253125 0.8433027203125001 0.311416046875 0.835598025 0.31132639375000004 0.82817509375 0.31252097343749996 0.8146774546875 0.3198999171875 0.8031706765625 0.3208425953125 0.7886462937500001 0.3341307375 0.7875944984375 0.3421927921875 0.79515713125 0.35089336718749997 0.9031379093749999 0.3742195625 0.950293165625 0.3767321671875 0.9564748078124999 0.376804096875 0.9874478859375 0.37358573906250003 0.9958097265625 0.3717473296875 0.9961611703125 0.3415442453125 0.9898395578124999 0.3327038328125 0.993746128125 0.326289859375
0 0.954282296875 0.23786126406250002 0.9374168218750001 0.2281247390625 0.9360260578125 0.22810855624999998 0.9208450703125 0.2299361828125 0.8985777015625 0.2276728046875 0.8968690484374999 0.2276529234375 0.8949454234375 0.2328645296875 0.88819660625 0.2365540015625 0.862265646875 0.24217341406249998 0.8200699515625001 0.245988709375 0.8079368109375 0.24584752812500002 0.7932938671875001 0.24190913906249997 0.7423584921875 0.255850175 0.7345516125 0.2681399125 0.7344889859375 0.27352204375 0.7430282640625 0.28061912499999997 0.7841471125 0.28701873125 0.8655647359374999 0.2879661109375 0.906802578125 0.2841396703125 0.9471138781249999 0.277611015625 0.9971071734375 0.26024496406250003 0.9973374968750001 0.24045096250000003 0.9648312203125 0.23690743906249997 0.954282296875 0.23786126406250002
0 0.8549397796875 0.20760316875 0.84677741875 0.21517206406249997 0.8472264656249999 0.22284116250000002 0.8591372484375001 0.2632150875 0.8696809734375 0.2648416390625 0.873578371875 0.26488698906249997 0.8796004953125 0.2624952171875 0.8943885999999999 0.24063365781249998 0.8978630828125 0.2195984359375 0.8985095296875001 0.1640428796875 0.8998149140624999 0.16067782343749998 0.9005354734375001 0.0987531203125 0.8957451437499999 0.0777921453125 0.895485575 0.0538395234375 0.8924569171875 0.0365605671875 0.8876910171875 0.029799221874999997 0.87907960625 0.02969901875 0.871043928125 0.0241999171875 0.8705015015625 0.02419360625 0.869313753125 0.036291271874999996 0.8587421875000001 0.06586576875 0.85520083125 0.0926481140625 0.8550034312499999 0.15587276875 0.8583139515625 0.19518863749999998 0.8549397796875 0.20760316875
0 0.585047809375 0.120280409375 0.5872596109375 0.1614994625 0.5853217484375 0.1892584515625 0.5829905656250001 0.20455907187500003 0.5796832671875001 0.2112264765625 0.5839555359374999 0.2141501421875 0.5902469078125 0.228593109375 0.5888695515625 0.25444265312500003 0.59733606875 0.2669949640625 0.610297765625 0.26331384999999996 0.614714928125 0.25378540781250003 0.619522184375 0.2107320609375 0.624006221875 0.19545649062499998 0.6261352015625 0.17831181406250002 0.6265242109375 0.14488042343750002 0.6267242796875 0.10064769375 0.6270649203125 0.0984119109375 0.627311709375 0.0772029640625 0.6255889031249999 0.059441165625 0.61776723125 0.0321917578125 0.6165236015625 0.0321772859375 0.61014790625 0.04489173125 0.604182978125 0.0486542609375 0.593589121875 0.08014446562500001 0.5821751921875 0.0895914921875 0.5824347624999999 0.1135441140625 0.585047809375 0.120280409375
0 0.253139934375 0.109461415625 0.2310153421875 0.1172782640625 0.2280415765625 0.1258562375 0.21938957343749999 0.128446990625 0.219345734375 0.132214484375 0.229800715625 0.13933385781250002 0.26034559375 0.1488401390625 0.27090704374999997 0.146809890625 0.2775681828125 0.1506554 0.28617634999999997 0.15183213906249998 0.305352225 0.1504404109375 0.3215418109375 0.158703084375 0.3616902796875 0.16616797187500001 0.3789567109375 0.164215740625 0.3856178515625 0.1680612515625 0.3923228328125 0.168139271875 0.428783928125 0.163180675 0.45561637499999996 0.162416328125 0.4575891296875 0.15882267187500002 0.45763433750000004 0.15493744843749999 0.4520229390625 0.141919646875 0.37947025 0.1200822640625 0.322988153125 0.1167336046875 0.303812278125 0.1181253328125 0.2952416890625 0.113719315625 0.253139934375 0.109461415625
0 0 0.1917349453125 0.0449284265625 0.20513875625 0.10705744843750001 0.21716570000000002 0.153053246875 0.2160860515625 0.1942159359375 0.218718165625 0.2077198375 0.210801009375 0.20853380625 0.20902740625 0.20857335625 0.20562853749999999 0.1755160234375 0.1792056953125 0.10951800781250001 0.1703634484375 0.0568548046875 0.16813579843749998 0.0280750484375 0.15816055 0 0.1578338671875 0 0.1917349453125
0 0 0.121751546875 0.034278275000000004 0.1280895546875 0.040926890625000004 0.13301149375000001 0.0495601046875 0.132035378125 0.0686483046875 0.138178634375 0.08779286562500001 0.13947797343749999 0.119333171875 0.1457661234375 0.1758465828125 0.1464237171875 0.19408339375 0.14340620625 0.2017963296875 0.1391896671875 0.20472808125 0.13319329375 0.204785678125 0.12824341718750001 0.20294832812500002 0.12251620468749999 0.19149164999999999 0.119153178125 0.187722859375 0.1137264640625 0.182000784375 0.1115067375 0.11798736875 0.0967664390625 0.090222115625 0.0953667890625 0.0735315828125 0.0914928875 0.053724265625 0.09126240937499999 0.041402853125 0.0921072953125 0.029456146875 0.0909800234375 0.004301234375 0.0906873203125 0 0.0922417203125 0 0.121751546875
0 0.7330783015625 0.043571715625 0.7540383703125 0.05350475624999999 0.7788799578125001 0.059176675 0.8085546578124999 0.061136828125 0.8660509718749999 0.0596527140625 0.9341212609375 0.05506192343750001 0.95715360625 0.051561926562500006 0.9639212140625 0.046257815625 0.9592571953125001 0.035437825 0.968879578125 0.031781789062499996 0.9779720578125 0.02452530625 0.97810681875 0.0129440140625 0.8278074375 0.0111951234375 0.8042288234375 0.021253328125000002 0.772644678125 0.01873266875 0.75443291875 0.019597328125 0.7390133078125001 0.027492195312500002 0.7330783015625 0.043571715625
0 0.46557704843750003 0.0751448609375 0.48376375781250003 0.076433053125 0.5200870734375 0.0833151453125 0.55739955625 0.08751731874999999 0.571792421875 0.08553165 0.5909307234375001 0.08736920312499999 0.6158474625 0.0865825640625 0.6897838703125 0.071832596875 0.693028725 0.0700586859375 0.693128321875 0.061499415625 0.6861653828125001 0.053488767187499994 0.67751964375 0.055541309375 0.6689553171875 0.050597079687500005 0.6258706562499999 0.0484808875 0.567529215625 0.04026601875 0.5540019 0.0392633390625 0.5376740171875001 0.039073346875 0.505206053125 0.044923684375 0.48028305 0.0462485359375 0.4573446453125 0.0416753359375 0.44569382500000004 0.05499691718750001 0.442701271875 0.06518952812499999 0.46557704843750003 0.0751448609375
0 0.315218571875 0.022871653125 0.3092090625 0.0304655984375 0.3193793828125 0.0353738609375 0.32161025468750004 0.02869393125 0.3307487328125 0.029758250000000003 0.3312423625 0.03359593125 0.33033634375 0.0651988640625 0.3235099796875 0.0967329078125 0.3185991875 0.10242367031249999 0.32218835 0.1177931796875 0.318780740625 0.1330812734375 0.31921864218749996 0.141708225 0.3244112984375 0.158054378125 0.33730612187500003 0.160120390625 0.3432710484375 0.1563578625 0.3478442484375 0.1334194578125 0.359885559375 0.1163158578125 0.3744921125 0.0637966953125 0.380230903125 0.033207981250000004 0.38200963906249996 0.004445084375 0.321898025 0.0037456218749999997 0.31478066875 0.0142447015625 0.315218571875 0.022871653125
0 0.08812856718749999 0.08324749218750001 0.09518428749999999 0.12452290937499999 0.1062081234375 0.14860078593749998 0.1126220984375 0.1525073546875 0.11468578437500002 0.1601952421875 0.12277012812500002 0.1593313265625 0.1321983921875 0.13549143125000002 0.13664576875 0.0771061515625 0.13947058125 0.0656432125 0.1337620046875 0.0473750890625 0.1406250203125 0.0016363203125 0.09263350000000001 0.0010778890625 0.08929093593750001 0.0296139078125 0.08812856718749999 0.08324749218750001