0 0.6163500187500001 0.0885456984375 0.6256873265625 0.09424309843749999 0.6344396 0.090813171875 0.6466724015625 0.09590547656250001 0.6906967390625 0.099439196875 0.7332941859375001 0.0984477296875 0.7576957906249999 0.0954721890625 0.7759783203125 0.09745424531249999 0.7966018375 0.09697422812499999 0.8015652375 0.096206625 0.80330595625 0.053486323437500004 0.7900796421875 0.0522399328125 0.734589878125 0.0519183625 0.7114697875 0.055682706250000005 0.6865655734375 0.0562623578125 0.6183973109374999 0.08527183125 0.6163500187500001 0.0885456984375
0 0.6079530875 0.0498597546875 0.5761684484375 0.054901171875 0.5578157 0.059092256249999996 0.5460582828125 0.0658183453125 0.5329921203125 0.0811781390625 0.5470090484375 0.0894551328125 0.5986579765625 0.0984593859375 0.6150332390625 0.0980782484375 0.6339106343750001 0.093884909375 0.6673697468750001 0.094719246875 0.685744425 0.08998995 0.7066759703125001 0.088038184375 0.7079704828125 0.05626854375 0.7053252796875 0.05565893281249999 0.6950301171875 0.049983824999999996 0.6835358640625 0.050251356250000004 0.6693434921875 0.046280065625 0.6596333640625 0.0497322875 0.6079530875 0.0498597546875
0 0.5618990109374999 0 0.558999990625 0.009070659375 0.550534521875 0.084866428125 0.548926109375 0.13753589375 0.5521389859375 0.1642556 0.5599698046875 0.1832122546875 0.5704679671874999 0.1990206765625 0.571061584375 0.1990068609375 0.58268364375 0.193209990625 0.592544 0.16235821718750001 0.5955086781250001 0.1345699078125 0.596660090625 0.106312234375 0.5946289703125001 0.08479706406250001 0.5977349328125 0.03496358125 0.5936634062499999 0.029316671875 0.592361003125 0.021691415625 0.5947952640625 0.00153889375 0.5961749828125 0 0.5618990109374999 0
0 0.37784607812500004 0.10413269375 0.39756627031249997 0.11335234999999999 0.42027603593749996 0.11509941718750001 0.4682462421875 0.11398289843750001 0.48468715937500007 0.1123999953125 0.5195208078125 0.1029859890625 0.5358262625 0.102068771875 0.563362803125 0.10734257968750001 0.5843400453125 0.10218675156249998 0.58546975625 0.0744616640625 0.522752346875 0.0706486109375 0.478712975 0.0711359375 0.4182365640625 0.0757697578125 0.40177759531249996 0.080454465625 0.3762373953125 0.0966422984375 0.37784607812500004 0.10413269375
0 0.3019710203125 0.101889478125 0.28594357187499997 0.119469009375 0.2931161578125 0.1305472421875 0.29625935000000003 0.1304740828125 0.3650288078125 0.12784463125 0.39794674531249996 0.11847521406249999 0.4220246890625 0.1146885765625 0.43952923593750004 0.107828721875 0.44906391875 0.10868220625 0.474253228125 0.1011057828125 0.49436817031249997 0.100637603125 0.5066671890625 0.092908725 0.507245178125 0.078723884375 0.49644448125 0.0731664375 0.4716279890625 0.0715932359375 0.4084315296875 0.0725264484375 0.394868053125 0.0766060625 0.34000718750000003 0.0843353953125 0.3019710203125 0.101889478125
0 0.36005774687500003 0.149790771875 0.3598707984375 0.141182609375 0.354965225 0.116416190625 0.340918225 0.0784653 0.34361749218750004 0.0650052296875 0.3359345921875 0.0556145921875 0.3325573953125 0.0461237375 0.333220896875 0.0298402125 0.33069415 0.0126739953125 0.3267397109375 0.004153521875 0.313978715625 0.000622753125 0.30574939843750004 0.004642078125 0.2998598828125 0.0172194546875 0.29789200312499997 0.09190704375 0.3113843859375 0.1566653328125 0.31822503750000003 0.1603338984375 0.3217193234375 0.1669511890625 0.32977611875 0.193558153125 0.33580535 0.2039442265625 0.3557994296875 0.21182223281249998 0.357439290625 0.211784065625 0.3635192265625 0.2099978015625 0.36464940156250003 0.20698353125 0.364904409375 0.2007251765625 0.3606412140625 0.2014522734375 0.3581452984375 0.1967256375 0.3567730359375 0.1776186578125 0.358817 0.16704467812499998 0.357132503125 0.1556005328125 0.36005774687500003 0.149790771875
0 0.242422528125 0 0.2385525984375 0.016104509375 0.2333183828125 0.025795796875 0.23059253750000003 0.14547749062499998 0.2360363265625 0.1702313796875 0.2514637859375 0.21389181875 0.25599546875 0.2214419078125 0.2665645828125 0.22598063906250002 0.26579219374999996 0.23174029375 0.2618685828125 0.23565940156249998 0.2626681 0.2389661796875 0.265917559375 0.238890546875 0.26874826406249996 0.2383701125 0.2722897796875 0.2306321140625 0.27198574375 0.22489751406249997 0.2698719203125 0.22398976875 0.268920784375 0.20774382500000002 0.2714721328125 0.1847177375 0.27574700937499996 0.172177940625 0.2828999 0.168183671875 0.284254703125 0.1495739234375 0.28493501875 0.132877759375 0.27253610781250004 0.079428915625 0.27132816718749997 0.043093084375 0.2772649140625 0.0161604171875 0.27219501875 0.0086228515625 0.27302979375 0 0.242422528125 0
0 0.1838500875 0.098314528125 0.10702435937500002 0.1049419921875 0.0769580546875 0.1147827390625 0.06513484375 0.1231234671875 0.06489360937500001 0.1290438109375 0.0966492296875 0.148199690625 0.0972922015625 0.15227629375 0.10155741874999999 0.1521770203125 0.13021799375 0.1463429625 0.2070875828125 0.138639075 0.216622265625 0.1394925578125 0.219561621875 0.137811034375 0.24448776562500002 0.1366931703125 0.2489700109375 0.1441166828125 0.25850469375 0.14497016406250002 0.29298826093749997 0.12678770625 0.2934501953125 0.11545101093750001 0.2867939609375 0.10828564375000001 0.2717533875 0.1016455828125 0.26905526874999997 0.0974067609375 0.2535980140625 0.10099274843749999 0.21833284531250002 0.09751193281250001 0.1838500875 0.098314528125
0 0 0.1294149 0.0029862015624999997 0.13129585625 0.0419292734375 0.13845498750000002 0.0735806453125 0.1403400421875 0.128274446875 0.1390670296875 0.18954850625 0.13233059687499998 0.223819046875 0.1132510515625 0.2300677796875 0.1002516078125 0.23007151406249998 0.1001599671875 0.22565412187499997 0.09170023125 0.2000113578125 0.0869200453125 0.18553388906249998 0.0899455265625 0.1645926734375 0.0872067234375 0.11360708593749999 0.0937704515625 0.09329476875 0.0990825515625 0.054022739062500005 0.09999661875 0.046184459375 0.10448067812499999 0.0356480625 0.10472591406250001 0.020497834375000003 0.10077691875000001 0.0011872312499999998 0.1049902953125 0 0.1060878765625 0 0.1294149
0 0.019907515625 0.014847782812499998 0.0174424265625 0.0225607265625 0.0151931390625 0.11735073124999999 0.0281000796875 0.1964768359375 0.0362739609375 0.2202102359375 0.054838215625 0.2264767703125 0.069821921875 0.24143915625 0.0706723734375 0.23376379374999998 0.064300075 0.21860097656250002 0.0623115421875 0.20142223124999997 0.0665473875 0.1898402890625 0.07696879375 0.17979748125 0.0773969109375 0.1692907296875 0.060216095312499995 0.10769029687500001 0.047183865625 0.044835190625 0.0518880671875 0.0217589953125 0.0347905375 0.0058888640625000006 0.0256409125 0.0061018234375 0.019907515625 0.014847782812499998
0 0.10509421249999999 0.33915670625 0.111365825 0.33039821875 0.11014148125 0.32085725468750004 0.11667187187500001 0.2661593375 0.10983941875 0.2490933375 0.10311585781249999 0.2425512078125 0.0938881734375 0.244679878125 0.0752602890625 0.2795635015625 0.071866690625 0.29686751562499997 0.065204784375 0.315204546875 0.057098782812500005 0.36898219062500004 0.055319825 0.386248625 0.05832115156249999 0.4445524734375 0.067337284375 0.47400794687500003 0.07482261875 0.4837351234375 0.0795874546875 0.483624221875 0.0898723796875 0.46200008593749997 0.1037816359375 0.41095820468750005 0.10413290312500001 0.40233751562500003 0.10125488906249999 0.3937919875 0.1025120359375 0.3497432125 0.10509421249999999 0.33915670625
0 0.23655313281249998 0.35334355156249997 0.21077878593750002 0.3517926453125 0.19153397656249999 0.354391384375 0.171177796875 0.36077990781249997 0.156502953125 0.3686493078125 0.101883321875 0.370458296875 0.0867988875 0.3648946609375 0.080532515625 0.3542864578125 0.0677733828125 0.36211126875 0.051358274999999995 0.36571955 0.028954804687500002 0.3753819421875 0.026688206250000002 0.38403794062499996 0.035893934375 0.3929646203125 0.0473004625 0.39484994218749997 0.055723779687499995 0.39949321250000003 0.12209374218749999 0.41461721718750005 0.16822800468750002 0.4191203640625 0.226718628125 0.4177589796875 0.2388423265625 0.4145883765625 0.25704156093749997 0.41416478437500004 0.28519215781249996 0.40436862656250006 0.2881745890625 0.3981641765625 0.288489175 0.390443703125 0.287831571875 0.3865630046875 0.2697419921875 0.38429553125 0.249934075 0.377228728125 0.24355805312499998 0.369311590625 0.24867628281249998 0.361126921875 0.23655313281249998 0.35334355156249997
0 0.23673430468749998 0.26248566093750003 0.20049132812499998 0.3733780140625 0.19925058281250002 0.3906319203125 0.1947415296875 0.40891884218749996 0.2022683125 0.42214089843749997 0.20697874062500002 0.4516965875 0.21937206874999998 0.49064291562499995 0.2284436328125 0.4923456640625 0.23706324374999999 0.478747796875 0.2536553640625 0.4410407171875 0.24935163437500002 0.37511161406250004 0.2529794109375 0.352060475 0.25329984843750003 0.3310002046875 0.2659765609375 0.283814796875 0.2609538953125 0.26192194375 0.2559230296875 0.2534265234375 0.24527585625 0.250803503125 0.23673430468749998 0.26248566093750003
0 0.19073639375 0.3704267 0.188447865625 0.37962091249999996 0.1921477015625 0.3827610125 0.2114144421875 0.3796240609375 0.2555248109375 0.3858681453125 0.267169728125 0.3855971078125 0.278179153125 0.38506023125 0.31005151406250003 0.3778659609375 0.358119678125 0.372445540625 0.3846983671875 0.37774164374999997 0.404857171875 0.3761970375 0.40892982343749995 0.37018751562499996 0.4187057421875 0.3651206546875 0.419207721875 0.3621214828125 0.41941230156250003 0.3571007140625 0.4060852796875 0.34605710156249997 0.38505634375 0.3454711515625 0.36426864375 0.338964853125 0.25404959374999997 0.343143340625 0.20939616874999997 0.35870063281250003 0.19073639375 0.3704267
0 0.34886368437500004 0.4241415796875 0.347162784375 0.4394923046875 0.349190346875 0.45571319375 0.3557187625 0.46704459531250003 0.36252705625 0.47235567500000003 0.365177609375 0.4722939828125 0.38499744375 0.4500950453125 0.3989011046875 0.44977143281250004 0.4028637421875 0.4448944703125 0.40479061875 0.4371940546875 0.40352724531249995 0.428610946875 0.3990345921875 0.420103 0.405080228125 0.40369420468749995 0.4061340265625 0.3778321359375 0.40952762343750004 0.36052812031250003 0.42023022968749996 0.3353984203125 0.4203637203125 0.3057299875 0.4229150703125 0.2827039 0.4259531 0.273198303125 0.426779365625 0.25292030312499997 0.4169022390625 0.2455229578125 0.40990546875 0.245685809375 0.39839964375000003 0.2641355828125 0.391924684375 0.2910807765625 0.3692479 0.34615450625 0.34886368437500004 0.4241415796875
0 0.4871371046875 0.2833801875 0.4823404171875 0.26913764218749997 0.4653127453125 0.2647492359375 0.45896307500000005 0.27542343125 0.452566175 0.300452915625 0.4419868828125 0.37534093749999997 0.436822528125 0.3965139515625 0.4356598421875 0.41185215 0.437999640625 0.42041020468749996 0.439698565625 0.471088796875 0.44529847343749995 0.49201127031249997 0.452190275 0.5030501203125 0.4580559578125 0.5029135953125 0.46805954375000003 0.48765371718750006 0.47306777968749997 0.47031212031249997 0.4751199453125 0.4463407078125 0.4803931890625 0.435691565625 0.4910403625 0.4383145875 0.49267897656250004 0.4362040625 0.4929720640625 0.42901116874999995 0.49239819687499997 0.41818711718749996 0.48480155625 0.39348333593749996 0.4826877328125 0.3925755890625 0.47958374375 0.37637975468749996 0.4823938734375 0.3074142375 0.4871371046875 0.2833801875
0 0.5248943609375 0.3330695609375 0.507762634375 0.33077979375 0.473192153125 0.333735240625 0.4538815515625 0.33794861875 0.42660108750000003 0.34987533437499996 0.43489281875 0.357747884375 0.45655065156249997 0.3663847375 0.49359994687500003 0.37305024375 0.520397940625 0.37296421562500004 0.5355920265624999 0.3758367859375 0.5410540578125 0.382699790625 0.620599834375 0.3797729359375 0.6405043859374999 0.3847127375 0.6475141625 0.38454958281249996 0.6693188265625001 0.38186520625 0.6730143453124999 0.377811815625 0.6731302203125 0.3749680296875 0.6726967921875 0.36941942031249997 0.6663426984374999 0.3609640703125 0.620109609375 0.34483367187499997 0.5850198828125001 0.3370471515625 0.5507345 0.333005828125 0.5248943609375 0.3330695609375
0 0.6341625625 0.1911744765625 0.630629246875 0.1855150390625 0.61536413125 0.19065506875 0.61078521875 0.1974602671875 0.602812709375 0.2215694796875 0.6019232296875 0.23020269531249998 0.6065247703125001 0.2492345125 0.60182056875 0.2723107078125 0.5986755734375 0.323102046875 0.5985811125 0.35181262343749997 0.601107859375 0.36897884062499997 0.598759859375 0.3738182203125 0.599024865625 0.380510675 0.60427350625 0.4100538359375 0.6087661578125 0.418561784375 0.620183053125 0.4351383015625 0.6286110703125 0.43494213750000005 0.6349516546875 0.4093397953125 0.64199565625 0.39482165468749997 0.643049415625 0.3853113984375 0.6443552609375 0.3532636859375 0.6441114546875 0.32970008125 0.6385279484375 0.281982740625 0.6392468828125 0.237946490625 0.6357217703125 0.2188896203125 0.6366112484374999 0.210256403125 0.6341625625 0.1911744765625
0 0.677715953125 0.2617044375 0.67304901875 0.30034061875 0.6708353 0.354669146875 0.677656571875 0.42151579687499996 0.679056703125 0.4290849484375 0.6922471859375 0.4287779359375 0.6937639359375 0.4220978390625 0.6998404 0.4181286234375 0.7031559390625 0.40274031718750003 0.7182114796875 0.3631551125 0.72282319375 0.3027601765625 0.71706094375 0.2330372375 0.719221996875 0.21958969375 0.7297993140625 0.21073099062499998 0.731560503125 0.2052204578125 0.73173881875 0.2008442546875 0.7313440953125 0.199211684375 0.723005890625 0.1927071359375 0.715440078125 0.1804429359375 0.7052530578125 0.1797230921875 0.6984822640624999 0.1875362546875 0.677715953125 0.2617044375
0 0.7415868609375 0.27077114375 0.7394956640625 0.2957004125 0.736414303125 0.305341590625 0.7387911578125 0.378971109375 0.7470266984375 0.4275836703125 0.752755490625 0.43205264374999997 0.764081353125 0.43178903125 0.7670268453125 0.41180702656249996 0.7724952359375 0.3963686125 0.783454646875 0.39132880000000003 0.7868790734375 0.38646436562500003 0.787347428125 0.3749701125 0.78236379375 0.35211940468749997 0.7818728125 0.33777664218750003 0.78288758125 0.312872428125 0.7863202078125 0.294610559375 0.784331675 0.2774318140625 0.7874910953125001 0.265874928125 0.7849643484375 0.2487087109375 0.7959265703125 0.23458942968750002 0.7959665453125 0.23360838281250002 0.7942782921875 0.2312668984375 0.791447509375 0.20836608124999997 0.7834215421875 0.19419869843749998 0.765816628125 0.1907806734375 0.74559673125 0.25153889218750003 0.7415868609375 0.27077114375
0 0.7019510906249999 0.624334253125 0.7006322875000001 0.6435038671875 0.7075263953125 0.6854490281250001 0.7171197703125001 0.7139341203125 0.73250275 0.71819035 0.7362367953125 0.7181034390625001 0.735513478125 0.684797621875 0.7492049578125 0.6127080015625 0.7659285953125 0.6113618078124999 0.772928453125 0.6074529921875 0.772939546875 0.607180734375 0.7659367968749999 0.5979643734375 0.753635953125 0.5963367875000001 0.7506880828125 0.5763095328125 0.7525451000000001 0.557127390625 0.7608606765625 0.537794925 0.7670542265625 0.5309521453125 0.76355994375 0.5243348546875 0.7664543578125 0.5060855109375 0.7699178140625 0.500263225 0.7774102187499999 0.4974626171875 0.7774854296875 0.4956168109375 0.77177483125 0.48108108125 0.75663500625 0.4699501125 0.7470642578125 0.4673020375 0.7324852734375 0.48199555624999996 0.7168442890625 0.535948578125 0.7019510906249999 0.624334253125
0 0.623708403125 0.5222549625 0.6153065703125 0.556900571875 0.6105551375 0.5943320546875 0.6084167125 0.6336166140625 0.610801765625 0.6938486968750001 0.6131025359375 0.7033646046875 0.6290373796875001 0.7345729359375001 0.6326892578125001 0.754855934375 0.6331625015625 0.75484491875 0.6364244453125 0.724831540625 0.6444359859375 0.6997644734375 0.6501303546874999 0.6919763671875 0.6550215046875 0.6775083359375 0.6583534453125 0.6353251609375 0.656677146875 0.6104835796875 0.6584252765625 0.5807775687500001 0.6557588140624999 0.5406479 0.6576076296875 0.5348631921875 0.6667004609375 0.5327656328125 0.6670988640625 0.5229881109375001 0.66623544375 0.5078678890625 0.652188446875 0.46991699843749996 0.6402696984375 0.47210830000000004 0.627648415625 0.491540984375 0.6237946640625001 0.50694181875 0.623708403125 0.5222549625
0 0.5737543640625 0.6080179796875 0.5707711484375 0.610775928125 0.5060905015625 0.6246485500000001 0.4860194203125 0.6240403046874999 0.4802065015625 0.625788709375 0.463162496875 0.6213460890625 0.454497946875 0.6226231640625 0.43100503906250004 0.635537128125 0.43539956249999995 0.6451134953125 0.445607003125 0.6529414546875 0.46933405937500006 0.6577662281250001 0.4951303359375 0.6587789203125001 0.518835459375 0.6641419078124999 0.53956843125 0.66648429375 0.5586845390625 0.6660393609375 0.5954638125 0.6623583625 0.610942996875 0.6582341625 0.6342823906249999 0.6490876875 0.6720334625 0.6385303734375001 0.6798711609375 0.63094494375 0.67988934375 0.6304986875 0.6765666546875 0.6212183765625 0.6614164296875 0.6172693796875001 0.647940675 0.619196140625 0.62225405 0.6154923812499999 0.6071696156249999 0.6099287453125 0.5737543640625 0.6080179796875
0 0.39442036874999997 0.6322790296874999 0.374824671875 0.6434891796875 0.372514215625 0.653221603125 0.3855513578125 0.66205910625 0.45029070625 0.6702309296875 0.47612164218749997 0.6726440890625 0.4815819125 0.672517 0.5797107046875001 0.6645301328125 0.5877024984375 0.6562785812499999 0.6081683296875 0.6471989890625001 0.61550056875 0.639997121875 0.61559714375 0.6376269984375 0.5983775687499999 0.6291449828125 0.50677443125 0.6226738265625 0.4941030203125 0.62834578125 0.45369769218749995 0.633587846875 0.4011692125 0.63104654375 0.39442036874999997 0.6322790296874999
0 0.41189794375 0.627214375 0.40144926718749996 0.6253067609375 0.3763476765625 0.63073033125 0.3307144671875 0.6468481296874999 0.31334150312500003 0.6504787078125001 0.30545936406249996 0.6560391937500001 0.30428220625 0.66144361875 0.34255251875 0.6616282734375 0.3653875109375 0.6648607015625 0.4362687375 0.6632109234375 0.4478342484375 0.6670584125000001 0.4561974734375 0.6668637562499999 0.46783407343750005 0.6635516359375 0.5330339625 0.660420984375 0.54537641875 0.6628222234375001 0.56290289375 0.65542415625 0.569864690625 0.648988053125 0.5701788765625 0.64127739375 0.56850359375 0.6353987984375 0.5553348703125 0.629790575 0.5247273875 0.629427565625 0.453195334375 0.6235646546875 0.42546141875 0.6231347625 0.41189794375 0.627214375
0 0.3198639765625 0.5466776453125 0.31620537187500003 0.55728920625 0.31581507656249996 0.56686775 0.32779548125 0.58955560625 0.33407332031250003 0.6334290031250001 0.3299853890625 0.6545769625 0.3444308828125 0.6695518765624999 0.3627753859375 0.7207999859374999 0.3708403828125 0.7340095140625 0.374920109375 0.726258990625 0.37527137499999996 0.7176383000000001 0.37881289218749997 0.709900303125 0.3826049859375 0.6696203093750001 0.38518028437499996 0.6608727875 0.385562090625 0.651502603125 0.3853514828125 0.6418049515625001 0.3550203515625 0.5152370984375 0.34637811093750004 0.5029979531250001 0.3291162609375 0.5043566734375 0.31902172812499996 0.5409555734375 0.3198639765625 0.5466776453125
0 0.17015478281250002 0.6128686453125 0.170049365625 0.615455771875 0.171172221875 0.6206840453125 0.2077390453125 0.6391902390624999 0.30365606875 0.6337315296875 0.314126675 0.6351009328125 0.335309125 0.6319193921874999 0.34941377500000004 0.638043534375 0.36567536875 0.63820274375 0.375077684375 0.6406535140625 0.3816878703125 0.640499659375 0.39051379375 0.6392377312499999 0.402492384375 0.6191047140625 0.4025281703125 0.6182264578125001 0.3926997546875 0.6090755031249999 0.34524564375 0.5994259546875 0.2613711359375 0.5911618046875 0.236488853125 0.59120324375 0.193056446875 0.600279684375 0.17015478281250002 0.6128686453125
0 0.1246899453125 0.60558111875 0.0894396171875 0.625221175 0.0976655578125 0.6347083609374999 0.1187164265625 0.6347561015625 0.17265620937499998 0.6496317171875 0.19555699531249998 0.65124950625 0.2252724109375 0.6500201703124999 0.24906525937500001 0.6532303046875 0.2586876640625 0.6519309343749999 0.316762815625 0.65918200625 0.316767221875 0.6591819046875 0.33716171093749997 0.651718984375 0.33790755 0.6334147828125001 0.3323618171875 0.6287080421875 0.25843867187499997 0.6110713249999999 0.209046921875 0.6020045781250001 0.191915196875 0.5997148109375 0.142084834375 0.6014123296875 0.1246899453125 0.60558111875
0 0.0896353328125 0.6072640203125 0.091475946875 0.6148767484375 0.0901961734375 0.6330885109375 0.0838609296875 0.682997153125 0.086028209375 0.722181496875 0.09946713593749999 0.7486631890625 0.10370544687500001 0.7499969703125 0.1081672140625 0.7498931203125 0.10946720937500001 0.7407748671875 0.11615994375000001 0.734877415625 0.1201698140625 0.7156451640625 0.1354821609375 0.696149846875 0.137869190625 0.6903526140625 0.1378383609375 0.6779130328125 0.141223759375 0.674006453125 0.13615386406250002 0.6664688875 0.13535064531250002 0.6597889609375 0.1356320515625 0.6396865453125 0.1424418765625 0.63091553125 0.136459875 0.6061741671875 0.1363591875 0.5822528625000001 0.1425219109375 0.5629705046875 0.141718690625 0.5562905765624999 0.14787294374999999 0.5467421015625 0.1479915796875 0.5438305671875 0.142351365625 0.5275674718750001 0.1341302515625 0.5181893609375 0.12175134843749999 0.5184774828125 0.11470734687499999 0.5329956234375001 0.0961411203125 0.5927584078125 0.0896353328125 0.6072640203125
0 0 0.6739181578125 0.0026341625 0.6848129671875001 0.003920162499999999 0.719233090625 0.014168840625000002 0.7448320921875 0.014052901562500001 0.759888746875 0.0198973609375 0.759752715625 0.02327123125 0.7589744203125 0.0367737921875 0.7443059562500001 0.036664906250000004 0.733782084375 0.039863356249999995 0.7212673406250001 0.0516341859375 0.7095100203125 0.0499496875 0.6980658765625 0.053221501562499995 0.685977490625 0.0536988390625 0.6742627984375 0.048423284375 0.6167609953125 0.04877455 0.6081403046875 0.0529323390625 0.598474071875 0.05148201718749999 0.5812828015625 0.0533472375 0.548703225 0.0507814609375 0.5324948609375 0.041062796875 0.5202807671875 0.033449753124999995 0.52237185625 0.0272171703125 0.5301724875 0.0186283875 0.5562099359375 0.0091501265625 0.5908806 0 0.6547398359375001 0 0.6739181578125
0 0 0.6172195781250001 0.00054823125 0.6171803015624999 0.0121258421875 0.6210029859375 0.016399809374999998 0.6209035078125 0.02201223125 0.6188315328125 0.0402333984375 0.617869725 0.045100443750000004 0.6202354921875 0.056869721875 0.619961559375 0.072844309375 0.6160352921875 0.08762880468749999 0.605474828125 0.0877321625 0.6052277921875 0.0878099078125 0.603319803125 0 0.6053636015625 0 0.6172195781250001
0 0 0.9301862796875 0.012000046875 0.929906975 0.0262143484375 0.933340053125 0.0884310265625 0.9329673484375001 0.129195040625 0.9285103953125 0.131189 0.87957514375 0.1184018546875 0.8784995 0.096305409375 0.880626909375 0.0865514203125 0.8851555578125 0.0539405125 0.886989990625 0.0384393953125 0.8916524046875001 0.0307765625 0.8918307593750001 0.01749818125 0.8889136000000001 0.011034437499999999 0.883149315625 0 0.8796377921874999 0 0.9301862796875
0 0.0080127359375 0.8971982562499999 0.0102503125 0.912739553125 0.0205235453125 0.9189528734374999 0.035673775000000005 0.9229018703125 0.0690451625 0.9258890609374999 0.080363971875 0.9299272343749999 0.129468571875 0.933597465625 0.1805498015625 0.9324085375 0.182581871875 0.8825379968749999 0.17224445 0.8826216656250001 0.1345811015625 0.8910261281249999 0.0561466921875 0.8901631953125 0.038210625 0.8841282296875 0.0080127359375 0.8971982562499999
0 0.09812744375 0.8916532125 0.1082252328125 0.9021722375 0.1685849015625 0.9238885671875 0.22722623749999998 0.9408055671875 0.263356625 0.94609136875 0.2670310484375 0.9460058453125001 0.2705648984375 0.9452673468749999 0.2722363109375 0.9042479406249999 0.26605190312500004 0.9038758078125 0.15440670625 0.8725991109375 0.13940999375000002 0.8648826218749999 0.1257368640625 0.8716533 0.10444476250000001 0.87752590625 0.09812744375 0.8916532125
0 0.1937057421875 0.8894378921874999 0.17261101406249998 0.8904665812499999 0.15748418125000002 0.885943490625 0.1551001890625 0.9444508468749999 0.2228587203125 0.9489820531250001 0.2431052453125 0.9452845921874999 0.257385340625 0.94710303125 0.2710984484375 0.953716265625 0.2800184578125 0.9535086500000001 0.2955240734375 0.9505169625000001 0.302210634375 0.9348279171874999 0.30230736875 0.9324538984374999 0.292854971875 0.9220808453125 0.2823843640625 0.9207114421875 0.2304260796875 0.904176596875 0.226748175 0.90049828125 0.2058508234375 0.8966830515625 0.1937057421875 0.8894378921874999
0 0.335607125 0.8033319578125001 0.326730709375 0.7968399374999999 0.3168086953125 0.80281255 0.298063721875 0.8405697375000001 0.287408346875 0.8513441500000001 0.2804033765625 0.8649044359375001 0.268381965625 0.909203753125 0.2521923484375 0.9916207453125001 0.31227468593749996 0.9902223140625 0.30943210625 0.9838470328125 0.310368815625 0.960858528125 0.3169526640625 0.9444372046874999 0.316656828125 0.9253051703124999 0.33885903125 0.829093809375 0.335607125 0.8033319578125001
0 0.381002840625 0.9002636390625 0.38970051250000004 0.8847500640625 0.3957379453125 0.8817387015625 0.39808594531249997 0.876899321875 0.4059726265625 0.8784846125 0.40635839375 0.8690172359374999 0.394912096875 0.849221759375 0.39276744531249996 0.8358744343750001 0.38539678125 0.8188209609375001 0.3757870046875 0.8171307390625 0.369476365625 0.8268470812500001 0.3362530921875 0.90321909375 0.3342871875 0.9118773640625 0.3348171984375 0.9252622703125001 0.326696771875 0.9398054671875 0.325456025 0.957059371875 0.3196753984375 0.9801606218750001 0.318564378125 0.9916369375 0.37197389062499997 0.9903938171875 0.37668893593749997 0.9137612890625 0.381002840625 0.9002636390625
0 0.371378959375 0.8973906843749999 0.3740112875 0.9032441468749999 0.3870045671875 0.9131580749999999 0.42803879531250005 0.9159669109375 0.46025495625 0.923820315625 0.49360441718750003 0.9273457203125 0.5460674234375 0.926533796875 0.548161625 0.875138396875 0.523487521875 0.8750307234375001 0.49455451562499997 0.880543471875 0.401079534375 0.8730404765625 0.395288546875 0.8742506671875001 0.3736894171875 0.887658259375 0.371378959375 0.8973906843749999
0 0.54905523125 0.8821008812500001 0.53168226875 0.8857314578125 0.5208169125000001 0.8940498937499999 0.504314084375 0.899811028125 0.49538636875000003 0.9075466593750001 0.4996931671875 0.9192758765625 0.5545908078124999 0.9341292031249999 0.5935996734375 0.9396736921875 0.6350991828125 0.9421220187499999 0.63909713125 0.942028965625 0.6408260796875 0.8995975156249999 0.6334928468750001 0.9000305765625001 0.5905648421875 0.896728115625 0.5820538046875 0.8942376968750001 0.5618730703125 0.896320515625 0.54905523125 0.8821008812500001
0 0.5410641390625 0.8997944531250001 0.542716684375 0.906208421875 0.5520539921875 0.9119058234375 0.5628974171875 0.9041256015625001 0.5878893515625 0.9013930984374999 0.6236369953125 0.8930332249999999 0.6494990640625 0.892431278125 0.6637791578125001 0.8942497171875001 0.6824099125 0.9067209437500001 0.6916886140625 0.909584521875 0.697740759375 0.9094436578125 0.7062904828125001 0.907778225 0.7200074703125 0.899931121875 0.7315455828124999 0.8985871640624999 0.7464616640624999 0.884797421875 0.7477484750000001 0.8767019296875 0.7404365281249999 0.8682688734375 0.6330981312499999 0.84872139375 0.5904864109375 0.8479382859375001 0.5781938859375 0.8482243984375 0.5487411515625 0.8522979312500001 0.5381051125 0.854988528125 0.5369339375 0.8837312031250001 0.5388265624999999 0.8842531546875 0.5451587234375 0.8932467187500001 0.5410641390625 0.8997944531250001
0 0.748042925 0.7757448140625 0.7355797374999999 0.7253167609375 0.7235130734374999 0.7179420484375 0.7181309421875001 0.71806731875 0.7107829031249999 0.726850859375 0.7031842875 0.7681763968750001 0.6998667734375 0.849594021875 0.7024942078125 0.8906815437500001 0.7078517359375 0.930748578125 0.7239379078125 0.9806407453125001 0.743489409375 0.9801856796875 0.7480534015625 0.9470379 0.7474063 0.9365265562499999 0.7553830734375 0.9231171 0.7572181453125 0.878081178125 0.754131840625 0.8770393671875001 0.7506375546874999 0.8704220765624999 0.7457710078125 0.8446978046875 0.7431826046875 0.8026524281249999 0.7436769921875 0.7905192859375 0.748042925 0.7757448140625
0 0.8192482375000001 0.835786584375 0.815667690625 0.8444824375 0.8141373359375 0.89523619375 0.819503065625 0.9219057921875 0.819065540625 0.945839625 0.8215922859375 0.9630058421875001 0.8261629984375001 0.9695980796875 0.8347744078125 0.969397646875 0.8428593093750001 0.9747507828125 0.84317715 0.9747433859375001 0.8447354499999999 0.9624671781249999 0.8561714171875 0.9325356781249999 0.8604935250000001 0.90564059375 0.8625312624999999 0.8424347296875 0.8603639828125 0.8032503875 0.8641006484375 0.7907231171875 0.8702849046875001 0.784933196875 0.8708884625 0.7701208140625 0.8615204437499999 0.73528030625 0.848143175 0.7336777734375 0.841029315625 0.7367141890625 0.8255998828125 0.7590830703125 0.8215119515625 0.7802310296875 0.8192482375000001 0.835786584375
0 0.8216220375000001 0.63257768125 0.8195390437500001 0.6441095156250001 0.8215584046875 0.673727840625 0.8289035968749999 0.7018974328125 0.8291932234375 0.7018906921875 0.8365811421875 0.6877323718749999 0.8426576046875001 0.6837631578125001 0.8541716312500001 0.6519159484375 0.8651544828125 0.6426718609375001 0.8661689453125 0.617775175 0.8638840703125 0.6114981562499999 0.8628712765625 0.570373053125 0.865617771875 0.54255769375 0.868395096875 0.527181915625 0.8699858109375 0.5241025968749999 0.8701828687500001 0.5192664328125 0.86770896875 0.5176284250000001 0.8618358546874999 0.5034109328125 0.8639660796875 0.47752380937499994 0.8560471218749999 0.46555192187500005 0.8548917765624999 0.4655788125 0.8427888203125 0.46940420312500003 0.8380928203125 0.4790829625 0.8320307828125 0.522286628125 0.8271006046875 0.5377125140625 0.8241671578125 0.5569197124999999 0.8216220375000001 0.63257768125
0 0.855850021875 0.24038711875000002 0.85757355 0.25087340937499997 0.8535328484375 0.2576660796875 0.852105159375 0.26631182343750004 0.85293920625 0.28543133125 0.8442025078125001 0.3019027609375 0.83556649375 0.3422954984375 0.8370168140625 0.35948676874999996 0.8329761140624999 0.3662794390625 0.8327029078124999 0.3729844203125 0.836601915625 0.40925761562499996 0.8365855140624999 0.4360524859375 0.84185055625 0.4388007796875 0.85719373125 0.43174504062499997 0.881150290625 0.3584595515625 0.8861440999999999 0.3018835046875 0.885310053125 0.2827639984375 0.889967025 0.27404309375 0.893895753125 0.24379161875 0.8945018093750001 0.22891791874999998 0.8882763015625 0.2099670640625 0.8797819812500001 0.2072939328125 0.87744218125 0.1987358796875 0.8736746890625 0.19882356875 0.86624859375 0.20952281875 0.855850021875 0.24038711875000002
0 0.909664434375 0.11307488437499999 0.923350515625 0.1047218171875 0.92464875 0.10202105624999999 0.9247383734374999 0.0998215421875 0.892055434375 0.0742634609375 0.8262924375 0.0677285703125 0.7736762374999999 0.06734011875 0.7434415750000001 0.0578274859375 0.7329932328125001 0.057868264062499994 0.7175877625 0.0582268296875 0.716173725 0.0929298078125 0.7606687796875 0.10474435625 0.8224687749999999 0.1145977015625 0.8685115796874999 0.1119129359375 0.9090188515625 0.11308991093750001 0.909664434375 0.11307488437499999
0 0.8859961296875 0 0.8832123875000001 0.013082645312499998 0.8780952624999999 0.0199003671875 0.8788204234375 0.02849600625 0.8721194859375 0.0477908890625 0.87026246875 0.0669730328125 0.8630541484375 0.098720025 0.860751403125 0.15523343437499998 0.8632391203124999 0.17335750625 0.8672325890625 0.18092012500000001 0.8742404421875 0.184145203125 0.8764862171875001 0.1840929328125 0.8838781656249999 0.181489640625 0.8875757984374999 0.1699202265625 0.89311405 0.16596353749999998 0.8955010796874999 0.16016630468749998 0.912109603125 0.0956643546875 0.9143178859375001 0.067861521875 0.9189659890625 0.04993536875 0.919605246875 0.034246834375 0.9189994609375001 0.0189483125 0.920836471875 0.0040304437499999995 0.9210006999999999 0 0.8859961296875 0
0 0.866988859375 0.821354215625 0.8438468421875 0.8256567718750001 0.83692255625 0.8311949625 0.8412732171874999 0.8418477531249999 0.831541159375 0.8458381890625001 0.8221555374999999 0.8534732546875 0.9644101484375 0.8501622421875 0.9659437171875 0.8125257781249999 0.9352158296875 0.8143891890624999 0.866988859375 0.821354215625
0 0.9304647906250001 0.5231475703124999 0.91137349375 0.5219788171874999 0.88642541875 0.5236348937499999 0.81203464375 0.5409597374999999 0.80713571875 0.5437622734375 0.806894484375 0.54968261875 0.8151204249999999 0.55916980625 0.8238288359375 0.5568163046875 0.8322521515625001 0.561459575 0.8752898078125 0.5620709703125 0.9334119 0.5682460015624999 0.934906325 0.56830466875 0.9671831953125001 0.5675534156250001 0.9760024171874999 0.565667625 0.9777321765625 0.5232162703125 0.9449203296875 0.5206603015625 0.9304647906250001 0.5231475703124999
0 0.9683947625 0.2830221859375 0.9734728578125 0.277162315625 0.9703298390624999 0.261924334375 0.9741835921875 0.24652349999999998 0.9739966453125 0.2379153390625 0.969278015625 0.221757084375 0.9564389609375 0.2201420234375 0.950362496875 0.224111240625 0.9451200828124999 0.24719996093750002 0.9325768609375 0.2647169359375 0.9164366921875 0.31772463125 0.909805615625 0.3485012421875 0.90492889375 0.402203725 0.9121044093749999 0.42404647031250003 0.9153614421875 0.4251459125 0.918489409375 0.42507310781249996 0.94121515 0.40901472187500004 0.9540932359375001 0.40967192656250007 0.957439603125 0.40672319999999995 0.9632982906249999 0.38170624375 0.97472605625 0.3651721765625 0.9745391078125 0.356564015625 0.9801245281250001 0.3495733609375 0.98016868125 0.34848978124999996 0.9707407874999999 0.3442121234375 0.968314728125 0.35096721249999996 0.9592041359374999 0.35022231875 0.9588220406250001 0.346403428125 0.9606482296875001 0.31478170625 0.9683947625 0.2830221859375
0 0.9269424359375 0.0661714984375 0.88544766875 0.0746651375 0.86104076875 0.0865249703125 0.856946184375 0.09307270625 0.8491956265624999 0.0954039140625 0.8498245234375 0.103454815625 0.8733980656250001 0.11204707968750001 0.9316736703125 0.1144546203125 0.9430582703124999 0.11687815312500001 0.961498740625 0.1105342171875 0.9943928124999999 0.11433499843749999 0.9963312921874999 0.06676128906249999 0.980560353125 0.0654612296875 0.9269424359375 0.0661714984375