0 0.068902765625 0.3103255921875 0.0645647546875 0.3385441359375 0.06629953281249999 0.3543882203125 0.0713447578125 0.3635677234375 0.106698659375 0.36233313749999996 0.106629709375 0.3613999765625 0.10978432656249999 0.3388361703125 0.11155507656250001 0.3049764109375 0.11213042499999999 0.280257115625 0.10999243125 0.26211228124999997 0.1105590578125 0.2377677109375 0.08524248437500001 0.1731619875 0.0831104640625 0.1719554796875 0.08174921562500001 0.172003015625 0.07612076875 0.18096507343749998 0.079082525 0.1892817640625 0.07353605468749999 0.20163784218749997 0.06773133906249999 0.24768340625000002 0.0664858421875 0.27860066250000004 0.068902765625 0.3103255921875
0 0.064642246875 0.43575331093749997 0.0639458453125 0.44513331562499997 0.09247140625 0.44413718125 0.09633016250000001 0.4299689015625 0.1023593625 0.419467103125 0.10262088124999999 0.40823114687500006 0.1062969515625 0.396733284375 0.10641416875000001 0.391697121875 0.1042183453125 0.38478614843750003 0.10644781562500001 0.334187590625 0.10295646875 0.303435753125 0.0996863328125 0.28577414375 0.0936320609375 0.2747587421875 0.080490834375 0.26415953124999997 0.07849016875 0.2642293953125 0.07043058125 0.2774400921875 0.0574786546875 0.3368332015625 0.062131598437500005 0.3628666390625 0.059789885937499995 0.3956933109375 0.0635863390625 0.4133365390625 0.064642246875 0.43575331093749997
0 0.08751652343750001 0.492044884375 0.0981986703125 0.507576521875 0.10990837656250001 0.5015542 0.11902681562499999 0.47129758125 0.12057868593750001 0.45389978593749997 0.1215602875 0.41172623281250004 0.119739440625 0.39549164375 0.12192532656249999 0.346765746875 0.117845559375 0.3412948046875 0.1164409578125 0.33385930625000004 0.118477565625 0.314141246875 0.1239785921875 0.3078259484375 0.12411829999999999 0.30182355781250003 0.11754370624999999 0.2894065265625 0.0951853859375 0.2901872953125 0.08643768125 0.31245339843750003 0.0835881703125 0.32190858906250003 0.076603340625 0.3960624203125 0.075931025 0.44754216874999997 0.0795313375 0.4736123640625 0.08751652343750001 0.492044884375
0 0.08503351718749999 0.5395154640625 0.0786120375 0.5668711921875 0.0842740265625 0.594740528125 0.08799812031250001 0.5974171859374999 0.10299407187500001 0.5968935156249999 0.1096897375 0.5873040125 0.11564927968750001 0.5315336140625 0.11730642499999999 0.460335840625 0.116156940625 0.42241810781250005 0.11231690000000001 0.406647540625 0.098188353125 0.38375623124999997 0.0938964421875 0.3839061078125 0.0902083609375 0.384965940625 0.0802770171875 0.404959690625 0.07508579062500001 0.4472415578125 0.07724119375 0.4902024421875 0.0848776875 0.5236162375 0.08503351718749999 0.5395154640625
0 0.083542146875 0.631406521875 0.0990079984375 0.667353615625 0.1150604921875 0.6813619765625 0.11610167812500001 0.6813256171875001 0.12638176875 0.6741133296874999 0.126917015625 0.6511169484375 0.12731025625 0.6036821859375 0.11963017499999999 0.57214105 0.1170171140625 0.5488430859375 0.1110936046875 0.5322097078125 0.11236416874999999 0.5228096515625 0.10608868906249999 0.4987040140625 0.1065463484375 0.4790410921875 0.0960637390625 0.46189192500000004 0.0948023078125 0.461935975 0.08796946875 0.463785146875 0.0797260375 0.4790421125 0.07705415 0.503460196875 0.07508947187500001 0.5652763296875001 0.0784685765625 0.5782562875 0.083542146875 0.631406521875
0 0.0825064765625 0.5738269296875 0.0843502203125 0.58498936875 0.08158788125000001 0.5906992421874999 0.0819180578125 0.5991078296875 0.08714090468749999 0.6232502249999999 0.10153232968749999 0.6601704078124999 0.0991219609375 0.6733525390625 0.1067987640625 0.68244014375 0.1102650421875 0.691674784375 0.10989455625 0.7075923875 0.11266017187499999 0.7243360437499999 0.1166745578125 0.7326159765625 0.1292189625 0.7359201890625 0.1372008734375 0.73189918125 0.14248426875 0.7201291671875001 0.14290084218750002 0.7022314609375 0.1433945921875 0.646546153125 0.1290870625 0.5834271234374999 0.12233213125 0.5799207359375 0.1188004734375 0.5734950828125001 0.1104633171875 0.5475903062499999 0.10438725468750001 0.53751123125 0.0869647578125 0.5309037890625 0.0796254296875 0.531160084375 0.0771713875 0.53191265 0.073795559375 0.5413862218750001 0.080133140625 0.5402293421875 0.0826557546875 0.5448190921875 0.08432515 0.563472165625 0.0825064765625 0.5738269296875
0 0.104136678125 0.8058423359375 0.108699175 0.81316755625 0.1191165265625 0.8174816171874999 0.1184594484375 0.8231179734375 0.11468806718749999 0.8269919484375 0.115653525 0.830700509375 0.12146479218749999 0.8295620046875 0.12479703281250001 0.8219610953125001 0.1244014765625 0.816361496875 0.12231800625 0.8154986828125 0.121109546875 0.79963621875 0.1232115328125 0.7771091703125 0.1271790546875 0.7648082281249999 0.1337258171875 0.7610439234374999 0.1346160796875 0.722794665625 0.122450903125 0.674223190625 0.12064746875000001 0.6387345640625 0.1259945234375 0.6123519203125001 0.1209057125 0.6050450781250001 0.1216499625 0.5956634015625 0.11763557499999999 0.5873834703124999 0.11042599374999999 0.5816050953125 0.09643152968749999 0.5820937921875 0.0939949515625 0.5863378828125 0.088121578125 0.6127389046875 0.083166803125 0.6222676140625001 0.08254790468749999 0.739235296875 0.0882970671875 0.7633593125 0.104136678125 0.8058423359375
0 0.10393775937500001 0.8233429375 0.1038974484375 0.8476691265625 0.0964200609375 0.8526080859375 0.0951494953125 0.8620081390625 0.1117333578125 0.8951094859375001 0.12173335781250001 0.8947602781249999 0.129802440625 0.8869939515624999 0.136993240625 0.8717737453125001 0.1405735421875 0.8692986078124999 0.1406598109375 0.8655921093750001 0.13845994374999998 0.8539467249999999 0.1414064578125 0.8335131406249999 0.1431633328125 0.75803065625 0.14126800625 0.710706678125 0.1329962296875 0.681992909375 0.1257724390625 0.6716205265624999 0.11919085625 0.6718503609375001 0.09935888125 0.7037500609375 0.0946002453125 0.7048518046875001 0.099648746875 0.7364848359375 0.10369475624999999 0.8111890296875 0.102424190625 0.8205890859375 0.10393775937500001 0.8233429375
0 0 0.8661015015625001 0.035992465625 0.8722759609375 0.06776642187500001 0.8737958296875 0.113634321875 0.8727199765625 0.18024847187499998 0.8646089890624999 0.2134365140625 0.845569846875 0.2193484953125 0.8327420812499999 0.214862846875 0.8244845171874999 0.1931637234375 0.8207064828125 0.18582525 0.820962746875 0.17559825625 0.823226225 0.163197284375 0.8217529328125 0.1432573640625 0.8224492515625 0.10532453593749999 0.827783790625 0.085551365625 0.8332072765625 0.0471618515625 0.83454786875 0.0395732140625 0.8390199718750001 0.0292735890625 0.8393796421875 0.014390317187500001 0.8356922750000001 0 0.8390107062500001 0 0.8661015015625001
0 0.1310234078125 0.9770107109374999 0.14142894374999998 0.966700696875 0.14163210937499998 0.9579718156249999 0.1234239484375 0.8968171953124999 0.10959915 0.8355524437499999 0.1138064 0.812951878125 0.0983589984375 0.79903745625 0.08692044531250001 0.7994369 0.08240179843749999 0.806564003125 0.0801221875 0.81412815625 0.0795435984375 0.9067696484375001 0.0935242265625 0.9839336218750001 0.09783077031250001 0.9957708843749999 0.12792528125 0.9947199609374999 0.12707767812499998 0.988375321875 0.1310234078125 0.9770107109374999
0 0 0.9990064359374999 0.19704145312500002 0.9921255984374999 0.19717724375 0.9862914796875 0.1907999921875 0.9812999046875 0.1693991640625 0.9762624703125 0.1677592578125 0.9663278671875 0.16095472187499998 0.9592194875000001 0.15893100468750002 0.95929015625 0.13684813125 0.9679331937500001 0.1275460859375 0.9656285890625 0.10315251562500001 0.9685839843749999 0.0692364 0.97870845625 0.0373276921875 0.9829780609375 0.0260059875 0.9870546390625 0 0.9841806703125 0 0.9990064359374999
0 0.35763526875 0.934194784375 0.3521814703125 0.921990034375 0.3479022890625 0.9024925265625001 0.35127484062500003 0.870565425 0.3439249359375 0.847432875 0.3363867296875 0.8422459359375001 0.33586330625 0.8422642140625 0.327630940625 0.8470663046875 0.326542646875 0.8486352374999999 0.3233012875 0.9878972796875001 0.3555324734375 0.9867717421875 0.356812959375 0.9695245609375001 0.35763526875 0.934194784375
0 0.320367271875 0.8796404656249999 0.3243010375 0.936572778125 0.333625446875 0.9652497875 0.3423112953125 0.9761732921874999 0.3454909828125 0.9751266859375001 0.3554659140625 0.9532602765625 0.36819990625 0.9032304640625 0.36839604531250003 0.8948034968749999 0.365434290625 0.8864868078124999 0.36591046718750003 0.8434340265625 0.3682554578125 0.8330608843749999 0.3742410703125 0.8244317453125 0.3728800578125 0.8151235859374999 0.37694835625 0.77519386875 0.37732066875000003 0.75919784375 0.37135666093749997 0.7450091453125001 0.3657750328125 0.739739721875 0.3594553109375 0.7399604109375 0.355676153125 0.740878875 0.3380494875 0.77517488125 0.3350256296875 0.7921207078125 0.328822084375 0.81011314375 0.32181218437500003 0.8627497749999999 0.320367271875 0.8796404656249999
0 0.26548079062499996 0.7924208203124999 0.27379750468749997 0.796863384375 0.338960821875 0.8108903609375 0.3912482765625 0.8153750984375 0.4333586078125 0.8149563484375 0.45313178125000003 0.8095328609375001 0.47092204375 0.8089116125 0.49828385312499995 0.799016021875 0.50145230625 0.79214114375 0.5015724140625 0.7869807765625 0.5005607671875001 0.7815822046875 0.48283175624999997 0.779571875 0.4633403359375 0.7728900984375 0.45696978125000004 0.76522424375 0.46183518125 0.7571660203125 0.4498466484375 0.7496963484375 0.42629029531249996 0.7485550921875 0.4233679421875 0.74865714375 0.40583915781249996 0.7512331234375 0.3860414859375 0.7577092421875 0.371825040625 0.7655681234375 0.31844200312500004 0.7679581890625 0.30359548125 0.762691871875 0.2976854390625 0.7530460734375 0.2961702765625 0.753098984375 0.28494238906249997 0.7601879234375 0.2689512875 0.763901675 0.247207453125 0.773601084375 0.24513879218749998 0.782087528125 0.25429383437499997 0.7907079234375 0.26548079062499996 0.7924208203124999
0 0.333369775 0.7345331984375 0.3292714921875 0.7524521171874999 0.3368611203125 0.7652850421874999 0.341975003125 0.7941090843749999 0.3547656875 0.8320207343750001 0.3632226765625 0.8335026531249999 0.36372825 0.8334849984374999 0.3718693125 0.820196640625 0.38745609375 0.7831651671875 0.3821177265625 0.7187973546875 0.3852723453125 0.696233546875 0.3852254828125 0.6756526765624999 0.395865328125 0.6332116906249999 0.39602824375 0.6262122140625 0.39153144375000004 0.60807153125 0.3864644265625 0.599828359375 0.37600348906250003 0.59738695625 0.3678472328125 0.6088986015625 0.3342883703125 0.7176608875 0.333369775 0.7345331984375
0 0.344093928125 0.7451064875 0.3486128359375 0.7543043703125 0.35595946562499997 0.7549833890625 0.36786531093749997 0.7405340984375 0.3693973953125 0.7198980890625 0.37671895312500003 0.6990599046875 0.3776462375 0.5914371421875 0.364438203125 0.5488622234375 0.35379964531249997 0.531457928125 0.35139738125000003 0.5310369781250001 0.34371109375 0.5313053890625 0.3416507953125 0.5337533125 0.34384650781250004 0.55238800625 0.33585999375000003 0.595290084375 0.335465378125 0.6122443375 0.33547887187500003 0.618170009375 0.34107548125 0.6488483328125 0.3441963421875 0.6955177781249999 0.33779665625 0.7219371796875 0.3383916265625 0.7415633421875001 0.344093928125 0.7451064875
0 0.3228349234375 0.6552023703125001 0.3294155109375 0.66619939375 0.337684009375 0.67245963125 0.357768628125 0.649304615625 0.37136494375 0.6488298218749999 0.3751581203125 0.64401951875 0.3769114140625 0.6364737453125 0.3755286078125 0.6281019156250001 0.3709879046875 0.6198403640625 0.3766215484375 0.6037389671875 0.37720996875 0.57845806875 0.3802338265625 0.5615122390625 0.3902741375 0.536836840625 0.3898970984375 0.5078473828125001 0.391999084375 0.485320334375 0.394843528125 0.475881959375 0.39530165781250004 0.45619887812500004 0.3870077 0.4501707078125 0.3779225625 0.4504879671875 0.3676981109375 0.467457571875 0.3618247375 0.49385859375 0.34058251875 0.547927796875 0.32197515625 0.6243586328124999 0.32057383125 0.6393766656250001 0.3228349234375 0.6552023703125001
0 0.4048497078125 0.382625109375 0.3999134484375 0.368763959375 0.3831803109375 0.36467045 0.3771511125 0.3751722484375 0.3713213265625 0.3997006125 0.3622530265625 0.47299163125000004 0.3575630484375 0.49373791562499997 0.35668804062500004 0.50873756875 0.35912347968749997 0.5170726390625 0.36165264375 0.56656945 0.36748898125 0.58694815 0.3745958796875 0.59792679375 0.378762821875 0.5996524187500001 0.389681415625 0.5824308984375001 0.3942842234375 0.56542993125 0.3958816859375 0.5419849328125 0.40085825625 0.53151989375 0.411319190625 0.53396129375 0.4122554140625 0.5327180375 0.41259004218750006 0.5183410765625001 0.41230316718750004 0.5142799953125 0.4044487421875 0.49022949374999997 0.4023652703125 0.48936668125000005 0.399051546875 0.47357773593749997 0.40062066406249996 0.4061620046875 0.4048497078125 0.382625109375
0 0.3396182625 0.3943799203125 0.3388620515625 0.47205851875000004 0.33257132968750003 0.49379627031249995 0.33459269687500004 0.5199216015625 0.33871605 0.5235198859375 0.3466325796875 0.522307865625 0.35520618593750003 0.515459490625 0.3731161625 0.46899120156249996 0.38234356875 0.4340529359375 0.3878649703125 0.40017965625 0.3889797046875 0.37488037812499997 0.391244909375 0.36218608125 0.391589375 0.347386415625 0.39068285937499997 0.3243002015625 0.3874345140625 0.305702265625 0.37780394687499996 0.28187926874999997 0.37503511562499997 0.2819759578125 0.3689012203125 0.288573659375 0.35945260625 0.3104216890625 0.35123424375 0.34719585468749997 0.35009771562499997 0.3734314609375 0.3465911296875 0.3885230109375 0.3396182625 0.3943799203125
0 0.2817404296875 0.3585048703125 0.33134139687499997 0.35782454375 0.3594557859375 0.35579099062499997 0.37638321874999997 0.35204454375 0.3810158671875 0.3539863203125 0.3875824234375 0.35323112343749996 0.4167556421875 0.345901715625 0.4252928609375 0.340870596875 0.441988253125 0.3285029421875 0.44218134375 0.32020701093750004 0.41745390000000004 0.3159017140625 0.40355595781250003 0.3100763875 0.38941710937499996 0.30957586875 0.3696810875 0.310265065625 0.3398732953125 0.3128261203125 0.29288531562500003 0.3218294109375 0.2497896515625 0.32438612031249997 0.23096506093750002 0.32925059375 0.22255034375 0.329018553125 0.20375025156249998 0.33283039531249997 0.1982485296875 0.336573359375 0.198230915625 0.337330159375 0.20238516718750002 0.351284146875 0.20884147187500002 0.35526579062499997 0.2320904609375 0.3612904625 0.2405051765625 0.3615225015625 0.25935427031249997 0.35560539687500003 0.2817404296875 0.3585048703125
0 0.30352703281250004 0.328924675 0.3016429796875 0.342088428125 0.29144684062500004 0.350864603125 0.28916723125 0.35842875625000004 0.2901326890625 0.36213731562499996 0.2984011890625 0.3683975546875 0.3060126125 0.3802941484375 0.31599081875 0.3808812703125 0.3224809546875 0.37317008125 0.34152746093749997 0.300466184375 0.343069615625 0.285535325 0.3451357234375 0.1967668890625 0.3388511546875 0.1443196953125 0.33727043437500004 0.1365391078125 0.32453814375 0.1369837296875 0.3230834734375 0.14393474687500002 0.3172068265625 0.1478822375 0.31422655625 0.1629554078125 0.300175134375 0.2018044046875 0.29669689374999997 0.2608666859375 0.30352703281250004 0.328924675
0 0.30477634062500003 0.1342889171875 0.31004277343750003 0.156558653125 0.31076850624999997 0.17056683749999998 0.3102018796875 0.1949114078125 0.30715622656249997 0.21279356562500001 0.3093955265625 0.2295556 0.306502428125 0.240883453125 0.30926804375 0.2576271109375 0.298414828125 0.2720396421875 0.3004547109375 0.27477511250000003 0.30361588125 0.29711836875 0.3117100359375 0.3108692421875 0.3289912828125 0.314008040625 0.34773268281249997 0.25441275937499996 0.35132644218750003 0.23557589218750002 0.3529457015625 0.21119456250000002 0.3557952125 0.20173937031250003 0.352210140625 0.1298257859375 0.3433216 0.082422184375 0.336477084375 0.07724007187500001 0.32995092656249997 0.0774679703125 0.3265884609375 0.078328675 0.32402553749999996 0.0980651140625 0.318940003125 0.11321180156249999 0.3083047203125 0.1182610359375 0.305037859375 0.1230529609375 0.30477634062500003 0.1342889171875
0 0.71936129375 0.2125478609375 0.72452720625 0.1962259859375 0.7245910046875 0.1934849421875 0.691663409375 0.196686675 0.6216836921875 0.1886126609375 0.6211271171875 0.17232956875 0.61762725625 0.1657795828125 0.6173282203125 0.165790025 0.608006253125 0.173313646875 0.605851840625 0.1854843046875 0.58610316875 0.189855159375 0.5674010765624999 0.189456475 0.5488459875 0.18274200000000002 0.5424264328125 0.1771814078125 0.5357863734375 0.1810945015625 0.5180451109375 0.1796104875 0.5125006359375 0.1766487765625 0.5101051078125 0.16953433906249998 0.5082522515625 0.1695990421875 0.49379854375 0.1762500921875 0.48220733437499996 0.19190561875 0.4793009171875 0.2010885390625 0.47928937187500004 0.20158459374999999 0.49290428437499995 0.21467114375000002 0.5450324875 0.2259979875 0.6306619546875 0.234018521875 0.652380746875 0.23326008437499998 0.691026403125 0.224055096875 0.71936129375 0.2125478609375
0 0.5277354609375 0.31835303593750003 0.5612840734375 0.3240180375 0.597727428125 0.325900734375 0.6361046906250001 0.32508645937499997 0.6952037046874999 0.3182896859375 0.704628253125 0.3153311328125 0.7359191328125 0.297410015625 0.7575649640625 0.291921134375 0.7267150890625 0.29089488281250003 0.702529771875 0.284902909375 0.6951616359375 0.27990132968750003 0.6812146921875 0.2761812640625 0.6400529421875001 0.276041 0.615647121875 0.279522709375 0.5866331546875 0.2800100109375 0.5472093109375 0.2855938265625 0.541628084375 0.2842110640625 0.5401288937500001 0.27621075624999997 0.5226647953125 0.27682061562500004 0.51558235625 0.2777581671875 0.4777739203125 0.2943292203125 0.4793770765625 0.3058427734375 0.49783416562499994 0.3167677734375 0.5127419375 0.31940250937500003 0.5277354609375 0.31835303593750003
0 0.5390126468750001 0.3619119625 0.5162589828125 0.3748019625 0.5207201296874999 0.384112159375 0.530836003125 0.391647225 0.5541217421875 0.39609295 0.5793658890625 0.39678906875000003 0.602639378125 0.4017611078125 0.6297071859375001 0.40449709375 0.6775457453125 0.3991453203125 0.69261276875 0.394937953125 0.7152806828125 0.3857321625 0.7520180375 0.37498328281250004 0.759572428125 0.367460578125 0.759581040625 0.3670905109375 0.7561553609375 0.3580103859375 0.7412720890625 0.35432301875 0.7281267234375 0.35635972968749996 0.7029438265625 0.3530320328125 0.6880973046875 0.3477657171875 0.665915634375 0.346757228125 0.6544631625 0.34715715625 0.6525167796875 0.349008215625 0.58950094375 0.3633042015625 0.5698625234375 0.36293821249999997 0.5642077953125 0.36471334375 0.5474641140625 0.360565053125 0.5390126468750001 0.3619119625
0 0.6239265171875 0.53494284375 0.6340169671875 0.5533018484375 0.6434470640625001 0.554843678125 0.652699540625 0.5414226156249999 0.6636551703125 0.47742137656250005 0.6670261515625 0.4531711625 0.6672352906250001 0.444185684375 0.6639656875 0.3511087765625 0.6562452984375 0.34389383125 0.6482819046875 0.3245249796875 0.640099528125 0.3164341453125 0.640033928125 0.3164364359375 0.6301474406249999 0.335449503125 0.61963423125 0.4256312125 0.624614075 0.43761970312500004 0.6279092828125 0.4767985125 0.6230264390625 0.52842529375 0.6239265171875 0.53494284375
0 0.6215915453124999 0.5845764015625 0.618676653125 0.596840584375 0.625126478125 0.6134555828125 0.6328250765625001 0.621606859375 0.644491196875 0.6174571953125 0.6505857765624999 0.6041464109375 0.6523357937500001 0.574147103125 0.6611289859375 0.5053069906250001 0.6619004578125 0.47216144687500006 0.659644246875 0.46349479687499995 0.6619892375 0.4531216546875 0.657819021875 0.42894250156249997 0.644106465625 0.38544963125 0.6413408484375 0.368705975 0.636554625 0.36183360625 0.6309396781250001 0.362029684375 0.629086309375 0.3981365390625 0.624879059375 0.420737103125 0.6232663546875 0.49002549218749997 0.617654503125 0.5051905578125 0.62149454375 0.520961128125 0.6215915453124999 0.5845764015625
0 0.5880361828125 0.4666595375 0.5841776249999999 0.4742788296875 0.5839814859375 0.4827057953125 0.5806492453125001 0.490306709375 0.5776286625 0.52970606875 0.5747573578125 0.5400975906250001 0.575417709375 0.556914765625 0.607256040625 0.6802335640625 0.6158348375 0.691976690625 0.6180774609374999 0.6918983765625 0.63278399375 0.6905689296874999 0.64203319375 0.6546943359374999 0.641111321875 0.6491131171875 0.6439319359375 0.6404710953125 0.6442127875 0.6284045640625 0.6326183359375 0.6073091125000001 0.62572609375 0.5645136421875 0.6293634390625 0.543804115625 0.6149752921875 0.5293374640625 0.5961521296875001 0.47947408124999996 0.5880361828125 0.4666595375
0 0.6548595703125 0.6651330015625 0.6971781546875 0.6557668828125001 0.718800059375 0.6435180265625 0.7189164390625 0.6385178875 0.718230659375 0.63557385625 0.6821548109375 0.6179016859375001 0.5884483515625 0.6243293140625 0.5781854765625 0.6231100390625001 0.557524975 0.6264609578125 0.5436270328125 0.6206356296875 0.5277216796875 0.62066516875 0.5202509734375 0.6188142828125 0.507864121875 0.619246840625 0.5034138609375 0.6199363531250001 0.4917124015625 0.640328721875 0.5017915234375 0.649442734375 0.5483629999999999 0.65833418125 0.6305272515625 0.665456815625 0.6548595703125 0.6651330015625
0 0.585984003125 0.8004433328125 0.603620496875 0.833507921875 0.613290321875 0.8247501249999999 0.614296090625 0.8041324953125001 0.6313277828125 0.750210328125 0.6339560843750001 0.7276649015625 0.6341053609375 0.6986570640624999 0.6383344046875 0.675120165625 0.6374997062500001 0.6657936296875 0.646079596875 0.6152756296875 0.6463068140625 0.6055134546875001 0.64086570625 0.588959465625 0.6330558625 0.5883341390625 0.6237497046875 0.5886591171875 0.6181033671875 0.5953677546875 0.5974561203125 0.669063121875 0.5863228687500001 0.7181014671875 0.583299009375 0.7350472953125 0.582692071875 0.78371805625 0.585984003125 0.8004433328125
0 0.5909432546875 0.7662874703125 0.5876981875 0.770143065625 0.5927870000000001 0.7774499078125 0.5936870765625 0.78396745625 0.5937557328125 0.8036119984375001 0.587243803125 0.8122595171875 0.5935192828125 0.8363651546875 0.5940270828124999 0.8597366359375 0.5883280562500001 0.8786470203125001 0.589228134375 0.8851645703125 0.58267261875 0.895684746875 0.5891006546875001 0.913236078125 0.5971453484375 0.9221301546875 0.6094945609375 0.9216989109375 0.6160517249999999 0.9076170828125001 0.6331923828125 0.8490132671874999 0.6393087562499999 0.8347661499999999 0.6373778406249999 0.8273490328124999 0.6383182281249999 0.809540390625 0.642433365625 0.77193263125 0.6429287109375 0.7506505703124999 0.6408713234375 0.7224433593749999 0.627271009375 0.6967223734375 0.6212497015625 0.6949100593749999 0.6188168671875001 0.694995015625 0.617622978125 0.7045438374999999 0.6111764296875 0.71038236875 0.60758266875 0.729219234375 0.5929362765625 0.7484420703125 0.590700253125 0.754133565625 0.5909432546875 0.7662874703125
0 0.640442103125 0.959918725 0.638598359375 0.9487562875 0.64172853125 0.9363687890625 0.6419608390625 0.926387875 0.6357139484375 0.8693336875 0.6359100890625 0.8609067203125 0.63981223125 0.8514147703124999 0.6380992484375 0.8346343562499999 0.6393665375 0.8027807703125 0.6365791296875 0.7869734421875 0.6274597515625 0.7758771609374999 0.6239008171875 0.7760014421875 0.619450434375 0.7772803374999999 0.6134866140625 0.78497314375 0.6055297734375 0.8105113546875 0.596850478125 0.8444949109375001 0.588461046875 0.911213240625 0.587738590625 0.9196585875000001 0.592083153125 0.9363471062500001 0.5939301734375 0.9699630734375001 0.5974445578124999 0.9783239859374999 0.62776739375 0.9772650890625 0.6291279515625 0.9715406453125001 0.640442103125 0.959918725
0 0.6277990859375 0.8583676546874999 0.626438071875 0.849059496875 0.621392846875 0.83987999375 0.6137853203125 0.8341201921874999 0.612878275 0.8341518671875001 0.59817285 0.8659512046875 0.5821719953125 0.9207729421874999 0.5836399234375 0.9788060546875 0.6267247421875 0.9773014999999999 0.628690984375 0.892823678125 0.6277990859375 0.8583676546874999
0 0.8821616578125001 0.9113490640625 0.903154684375 0.839185334375 0.9032527171875 0.8349734140624999 0.8939890187499999 0.8098946421875001 0.886707771875 0.8064066328124999 0.8777168171874999 0.8085917421875 0.8690124499999999 0.8210580953125 0.8649577531249999 0.8371043546875001 0.84253214375 0.8968282921874999 0.84150458125 0.9183822515625 0.8348879874999999 0.9549750859374999 0.8345372421875 0.970044528125 0.8783512953124999 0.96851450625 0.8811809578125 0.9534838953125 0.8821616578125001 0.9113490640625
0 0.8694992218750001 0.8697705234375 0.8693248765625 0.8772611593749999 0.8658618734375001 0.8904800515625 0.859919846875 0.8972365296874999 0.8514802765624999 0.9209204609375 0.8535419546874999 0.9227196015624999 0.8563075687499999 0.9394632578125 0.8545760687499999 0.9460727046875 0.8752582140625 0.9612551328125001 0.889094978125 0.9542229624999999 0.8961768093750001 0.94368440625 0.9051426953125 0.9199820953125 0.9057747015625001 0.8928285375 0.9097858109375 0.8786549375 0.9103876468750001 0.8638117718749999 0.9116732015625001 0.808579115625 0.9091777343749999 0.7692146531249999 0.9083060078124999 0.7660697937500001 0.8628869640625 0.7676558609375 0.8628183578125 0.7727046953125 0.8602554343750001 0.7924411328125001 0.8613331375 0.8139215765625 0.8653257296874999 0.8231378375 0.8656373890625 0.854936284375 0.8694992218750001 0.8697705234375
0 0.8682517546874999 0.8270171171875 0.93271149375 0.8310767890624999 0.9673434390625 0.830393303125 0.9783681265625 0.8273959046874999 0.9794876859375 0.7792950656250001 0.9729883562499999 0.7794233359375 0.9561082921875 0.7800128015625 0.920607390625 0.788376659375 0.8438896140625 0.7884262625 0.8313233906249999 0.7843703859375 0.8218461734375 0.7847013375 0.7969383828125001 0.795850603125 0.7993921187499999 0.8110156703125 0.8095447437500001 0.8169717875 0.8244280156249999 0.82065915625 0.8571137984374999 0.8231989593750001 0.8682517546874999 0.8270171171875
0 0.8715906484374999 0.8114111671875 0.8823566906250001 0.80074395625 0.906383040625 0.74002855 0.9256289640625001 0.6813512171875 0.9326665703125 0.6444632703125001 0.9327011171875 0.6429790140625 0.9309727421874999 0.63251504375 0.9312038499999999 0.6263207109375 0.8931723859374999 0.6276488 0.8912157453124999 0.64606578125 0.8554862390625001 0.7577105703125 0.8472428109375001 0.772967534375 0.8532534921874999 0.7858555968750001 0.8580371984375 0.8062710546874999 0.8715906484374999 0.8114111671875
0 0.8758435515624999 0.7077215703124999 0.8758904140625001 0.72830244375 0.8666092843750001 0.755758034375 0.926605775 0.7536629109375 0.9355100984375 0.67476420625 0.9328098640625001 0.6552115625 0.9352420265625 0.6410931015625 0.9424406578125 0.626989484375 0.9426270750000001 0.6189802203125 0.9403242859375001 0.6034928828125 0.9260714703125 0.5983977984375 0.9225855453125 0.5985195296875 0.912342375 0.60821230625 0.9105237015625001 0.6185670703125 0.8919566484375 0.6706717171875 0.8881852640625001 0.6745456890625 0.8834952843749999 0.6952919750000001 0.8758435515624999 0.7077215703124999
0 0.8414372640625001 0.7111441359375 0.8418981984375 0.7139347468749999 0.8806481984375001 0.7125815656250001 0.884200421875 0.7096508140625 0.8951432671875 0.7083331125 0.90220330625 0.6987308859375 0.8991979656250001 0.6922868546875 0.8997210046875 0.6698149453125 0.9058809640625001 0.65369516875 0.9052642000000001 0.6350053359375 0.924006415625 0.547001190625 0.9243169265625 0.533660378125 0.9217161609375 0.5156136140625 0.9156829078125 0.51133169375 0.909402928125 0.5115509953124999 0.9033169015625001 0.5153205625 0.88562485625 0.55242555625 0.8753851296875 0.5630743890625001 0.8687642343749999 0.5764035546875 0.8577617421875001 0.6198239234375 0.8414372640625001 0.7111441359375
0 0.8874659515625 0.5708960453125 0.8958561671874999 0.5721807171875 0.90898928125 0.570670321875 0.9228627234375001 0.5775482828125 0.93970440625 0.5774860453125 0.962066065625 0.5814381515625 0.9807681562499999 0.5818368359375 0.9840971265625 0.58125468125 0.9853065046875 0.529294915625 0.8996329171875 0.530503678125 0.886610053125 0.5272772296875 0.87181253125 0.51990565 0.8691382937500001 0.51421426875 0.8645056468749999 0.5122724921875 0.8665743078125001 0.5037860453125 0.8650552625 0.5037322703125 0.8583997140624999 0.5039646875 0.8372540875000001 0.517431240625 0.8240842234375 0.5205205828125 0.8070465375 0.5290038734375 0.8049533765625 0.53854295 0.8141819218749999 0.5440054515625 0.8874659515625 0.5708960453125
0 0.8800430468749999 0.5418162093750001 0.8894731437500001 0.5433580390625 0.895327996875 0.540346878125 0.9056331046875 0.52688905625 0.9102544265624999 0.486498228125 0.9194164515625 0.4543689515625 0.9236999062500001 0.42601646875 0.9252831015625 0.35799590625 0.8763449062499999 0.35970486562500004 0.8744954343750001 0.3960612421875 0.8785784781249999 0.42398571562500004 0.8669690484375 0.51607684375 0.8678909203125 0.5216580625 0.8800430468749999 0.5418162093750001
0 0.881874434375 0.371270296875 0.8846400484375 0.3880139546875 0.8922950578125001 0.3980378890625 0.8971877296875 0.41377169843750006 0.9043600109375 0.421941353125 0.916047925 0.41685536093750003 0.9331014124999999 0.36199686249999996 0.9403107265624999 0.32338679843749996 0.9441019265625 0.2873073671875 0.9445799218750001 0.26677070468749997 0.9030474984374999 0.26822105 0.9032877234375001 0.28725692812500003 0.8980964968749999 0.3295387953125 0.8952687765625 0.33805765625 0.8963900671875 0.357665440625 0.881874434375 0.371270296875
0 0.8799959125000001 0.382256290625 0.8844779359375 0.368066246875 0.8935778593749999 0.3611994875 0.8998064749999999 0.36472425625 0.90616585 0.36263104375 0.91217325625 0.35306557656250004 0.9050445625 0.3430232609375 0.9035059249999999 0.31875220937500004 0.8969438578125001 0.2843653265625 0.8975322765625 0.259084425 0.8999644390625001 0.244965965625 0.913031884375 0.22579827031250002 0.9160741437500001 0.217035865625 0.9162475499999999 0.2095856171875 0.9151556640624999 0.20233489218749998 0.9080923500000001 0.1894835859375 0.9073012374999999 0.178284390625 0.8944702437500001 0.1646989328125 0.8878999562500001 0.1641476015625 0.886419525 0.1641993 0.8780019015624999 0.17182299843749999 0.8539603078125 0.27838179531249996 0.8506782062499999 0.329017109375 0.8536214453125 0.3607236625 0.8583157968749999 0.3830133765625 0.8799959125000001 0.382256290625
0 0.8360720484374999 0.1689290421875 0.8396037062499999 0.17535469374999998 0.8448047593749999 0.20043341875 0.8480563796875 0.2414848859375 0.8477803234374999 0.2533453734375 0.8437619562500001 0.2678307703125 0.8568174375 0.3169599953125 0.8687483531250001 0.3240279078125 0.8740115093749999 0.3238441140625 0.88104975625 0.315178215625 0.8864428203125 0.282735790625 0.888736478125 0.18419090625 0.8863553609375 0.15501071875 0.880428575 0.1159238078125 0.863688884375 0.0669232375 0.8580083765625 0.0624437609375 0.857575703125 0.054359217187499996 0.846313621875 0.0547524984375 0.8408208546875 0.10046670625000001 0.8416337593750001 0.11072957187500002 0.8317677953124999 0.1279143328125 0.833502571875 0.14375841875 0.8308524765625 0.167240175 0.8360720484374999 0.1689290421875
0 0.8485787625000001 0 0.8476778265625 0.002479053125 0.84390971875 0.0288065578125 0.842997675 0.09058593125 0.8457883609374999 0.1288467875 0.842347153125 0.14112935 0.8342780703124999 0.1488956765625 0.8346300390625 0.15636793437500002 0.8458199828125 0.1952710515625 0.8589342906249999 0.1966842265625 0.865841775 0.19363630625 0.8805535484375 0.17160448281250001 0.884190896875 0.15089495625 0.885454909375 0.096587840625 0.8877914265625 0.090640546875 0.8890476843749999 0.036666584375 0.8837320953125 0.0124468328125 0.8837419484375 0 0.8485787625000001 0
0 0.49580177656249996 0.11065777968749999 0.53783860625 0.1133969265625 0.5527218781250001 0.11708429218750001 0.5713994703124999 0.11853561093750001 0.6453817578125001 0.115426203125 0.6565809625 0.11661278281250001 0.6856806796875 0.11244126875 0.712634778125 0.10348197343750001 0.7126590015625001 0.1024411859375 0.700080878125 0.0966876515625 0.6964703125 0.0910289671875 0.6658041890625 0.0821079796875 0.65669814375 0.071382321875 0.6332776546875001 0.07272607187499999 0.626662096875 0.0755865328125 0.5863386734375 0.0796240984375 0.5592218671875 0.0789933734375 0.5442895937500001 0.077411265625 0.5386526421875 0.07486363593749999 0.5375249 0.0749030171875 0.5349017984375 0.07879087343749999 0.5207098515624999 0.085597121875 0.495453453125 0.0854273203125 0.4830851671875 0.09427343593750001 0.4865364828125 0.10677422656249999 0.49580177656249996 0.11065777968749999
0 0.2617524296875 0.111131634375 0.2721010546875 0.1086667 0.2785696109375 0.11212202812500001 0.2869720765625 0.112880384375 0.30573541875 0.11064748906249999 0.3214692703125 0.11798637187500001 0.3606358609375 0.1234551875 0.37753879375 0.1207613734375 0.38358862656250003 0.12399303125000001 0.39217945468750004 0.12369303281249999 0.426264684375 0.1174821640625 0.4525064125 0.11551400625 0.454851603125 0.1112250078125 0.4549055046875 0.108909215625 0.4492265984375 0.0956447953125 0.3785433046875 0.077603478125 0.3233611109375 0.07690104375 0.30459776875 0.0791339375 0.296268803125 0.07521768749999999 0.26479185781250003 0.0734984546875 0.252780496875 0.0739179015625 0.23343672031249998 0.0816189359375 0.23043172812499998 0.09013808125 0.2219435125 0.0930639359375 0.2218577609375 0.096748146875 0.231998134375 0.1032305796875 0.2617524296875 0.111131634375
0 0.07342203124999999 0.230268096875 0.0722637078125 0.2574400359375 0.0752472578125 0.2648203953125 0.076672834375 0.26570618281249997 0.1033878203125 0.264773275 0.12017368749999999 0.2099241234375 0.1323308484375 0.150209415625 0.132549540625 0.14081353125 0.132110015625 0.1037880515625 0.13399209375 0.0788355390625 0.13438051875 0.062147240625 0.12756276093750002 0.05061943906250001 0.1233958203125 0.0488938140625 0.09629547187500001 0.0835206453125 0.0868969984375 0.148403078125 0.084119415625 0.1999563421875 0.07342203124999999 0.230268096875
0 0.10190618124999999 0 0.10066989374999999 0.000907890625 0.0984338734375 0.0065993859375000005 0.0832895109375 0.06981133125 0.081604871875 0.0970016484375 0.0763667828125 0.1187026421875 0.0778618328125 0.144846353125 0.07448928437499999 0.17677345625000002 0.0784382890625 0.1878623765625 0.08431444375 0.1942061578125 0.10249626249999999 0.19357123437499998 0.1058067109375 0.18690665 0.11297243906250001 0.1501692453125 0.1178618328125 0.1434495234375 0.1170053421875 0.135059315625 0.1232306828125 0.11613055312500001 0.12471918125 0.0973672 0.12939737812500002 0.0750128265625 0.1310989359375 0.001906978125 0.130802984375 0 0.10190618124999999 0
0 0.5441009375 0 0.54172859375 0.01564869375 0.539561228125 0.0409847296875 0.5455751859375 0.0763263234375 0.546587509375 0.10061575468749999 0.5418539421874999 0.12323469843749998 0.5547503171875 0.1340111703125 0.5644471421875 0.1364120734375 0.5647148468750001 0.136402725 0.5746816609375001 0.11366821406250001 0.576148365625 0.09584119218750001 0.5832923015625 0.060040115625 0.58782645 0.023394607812500003 0.5860480875 0.009423181249999999 0.5870589609375 0 0.5441009375 0
0 0.32592946875 0 0.3211170125 0.016806748437499998 0.31515646875000003 0.046953089062499995 0.31157893593749997 0.09573671875 0.31148007031249997 0.0999843921875 0.3186979546875 0.12073933125 0.32391752500000004 0.1224281984375 0.3469195921875 0.105720284375 0.3595293765625 0.10621550937499999 0.36275265 0.10329624374999999 0.3680561203125 0.078786259375 0.377887090625 0.0640939484375 0.378362384375 0.0436733765625 0.37469553125 0.0420672328125 0.3724377171875 0.0486950578125 0.3635121421875 0.048071178125 0.36307299843749996 0.0443442390625 0.36431849375 0.013426982812499998 0.3673538453125 0 0.32592946875 0
0 0.0986732453125 0 0.098449975 0.009592626562500001 0.10138201093749999 0.019186128125 0.09769235937500001 0.042142848437500005 0.0968947234375 0.0764125109375 0.0984736703125 0.0763573734375 0.10012127500000001 0.0959467765625 0.103170203125 0.10051815 0.10648392656250001 0.11630709531250001 0.11657382812499999 0.1317561640625 0.11719396875000002 0.1317345078125 0.12668334375 0.129635246875 0.13503574062499998 0.1096966328125 0.144328303125 0.0372107015625 0.14519439218750002 0 0.0986732453125 0