0 0 0.30310160937499997 0.051694928125 0.30279935 0.07381244375 0.29892202968750003 0.0977535125 0.2980859890625 0.16236381093750002 0.2694375953125 0.1640404359375 0.2665797296875 0.16404286562499998 0.26616193125 0.1550485203125 0.260895665625 0.146743159375 0.26429065625 0.1348027390625 0.25953269218749997 0.089710134375 0.256449921875 0.0744232921875 0.2567233859375 0.0567322578125 0.25734117031250003 0.0280007859375 0.2611923265625 0.0063002078125 0.25910229687499997 0 0.2593223046875 0 0.30310160937499997
0 0 0.38816840468749997 0.0093952484375 0.3878403140625 0.023183314062499998 0.39149876875 0.032409484375 0.3880716265625 0.08212721875 0.3873704328125 0.1125380484375 0.3821685171875 0.13005452343749999 0.377934375 0.14114038281250002 0.3713373296875 0.152578003125 0.3571900140625 0.15258445781250002 0.356080465625 0.139431259375 0.34862731406249997 0.0894703390625 0.3405557890625 0.07366194375 0.34110783125 0.05567365625 0.34534227500000003 0.02345433125 0.34491491875 0.0059348421875 0.3496666578125 0 0.3502906578125 0 0.38816840468749997
0 0.0938183609375 0.5045812671875 0.105237665625 0.49865875624999995 0.11369066718750001 0.4689036265625 0.1159432046875 0.437523778125 0.11606106093749999 0.41726595 0.1130894 0.394354140625 0.11440316406249999 0.3464358546875 0.1102945203125 0.34105559375 0.10878458124999998 0.3337433359375 0.11044987656250001 0.31435209375 0.111406009375 0.31323267499999996 0.0784115984375 0.314384865625 0.0762508875 0.3219907109375 0.070651690625 0.3949154765625 0.070874646875 0.44554196875 0.074865434375 0.47118005781249994 0.083039865625 0.489307065625 0.0938183609375 0.5045812671875
0 0.0982401609375 0.5905139625 0.1076694296875 0.5708515984375 0.1120512875 0.5292705343749999 0.109192125 0.487021709375 0.1011034078125 0.45416173593750003 0.10067687968750001 0.43852603593749995 0.10652581718750001 0.4116237140625 0.10520003281250001 0.40561816406249995 0.07423614218749999 0.406699446875 0.070058221875 0.45340461249999997 0.069294196875 0.4957799609375 0.0720622875 0.5536825624999999 0.07611200312500001 0.5691917375 0.0909830703125 0.59260863125 0.0982401609375 0.5905139625
0 0.111260071875 0.6776918281250001 0.1221724921875 0.6699457718749999 0.12153908124999999 0.6009211484375 0.11343965 0.569902796875 0.1104679859375 0.5469909875 0.10435323437499999 0.530633303125 0.10544200156250001 0.52138905 0.0988525078125 0.4976829546875 0.09895060781250001 0.48082116093750005 0.0722594078125 0.4817532390625 0.07036317187499999 0.5023603171875 0.06949200312500001 0.5631518734375 0.07304019218749999 0.5759166921875 0.078946015625 0.6281859828125 0.0947826375 0.6635372609375 0.111260071875 0.6776918281250001
0 0.0950261796875 0.7205324984375 0.10117843124999999 0.7304445125 0.121316553125 0.7380268828125 0.1280560453125 0.7359502890625 0.1301011546875 0.7299191390625 0.1301191015625 0.7268343374999999 0.12499866875000001 0.7277714453125 0.12243746250000001 0.72325776875 0.12047421250000001 0.7049138625 0.122085934375 0.6947307234375 0.120079828125 0.6837533 0.12269996093749999 0.6781380625 0.1222305765625 0.6698688453125 0.11667627968750001 0.6461266015625 0.1018802140625 0.6098183609375 0.10402560624999999 0.5968547171874999 0.096315203125 0.5879177390625 0.092745584375 0.578836159375 0.09283665625000001 0.563182384375 0.08982749375 0.5467162484375 0.0867583828125 0.5406098609375001 0.06464040625 0.5413822374999999 0.060302960937500004 0.5514297609375001 0.0609203015625 0.623216815625 0.07608396875 0.6852896687500001 0.0827913171875 0.6887379359375 0.08637700625 0.6950570828125 0.0950261796875 0.7205324984375
0 0.10979975 0.8050886046875 0.12012493125000001 0.8093311578125 0.1195751890625 0.8148740953125 0.11593057343749999 0.8186838609375 0.11693879062500001 0.8223109796875001 0.1170691765625 0.8223064265625 0.1226432796875 0.8212113171875 0.125791728125 0.8137363859375 0.125306271875 0.8082295984375 0.1232412359375 0.8073810859374999 0.12177951093749999 0.7917815375 0.12346087812499999 0.769627865625 0.12715370937499998 0.75753080625 0.13390391562499998 0.753612590625 0.13478514531250002 0.73035870625 0.13484370625 0.7202928078124999 0.12094457031250001 0.66844718125 0.11856015 0.6335467640625 0.1233685328125 0.6076014 0.1182354078125 0.6004156671875001 0.11833107968750001 0.5988702546875 0.08775691875 0.599937928125 0.08610680937500001 0.6079819843750001 0.081394853125 0.6173527609375 0.0827956078125 0.7323817515625 0.08886750156249999 0.7561059203125 0.10518422187500001 0.7978847984375 0.10979975 0.8050886046875
0 0.08552709375 0.8548710937499999 0.0844383265625 0.864115346875 0.1011278546875 0.896285690625 0.11157321875 0.89592093125 0.11896741562499999 0.888687015625 0.1257819078125 0.873719075 0.1299387640625 0.8708120453125 0.12691888906249998 0.8561875296875 0.131121528125 0.8230482 0.1313325859375 0.78677050625 0.1272209296875 0.7153216265625 0.11858782812499999 0.6870837812499999 0.1115391828125 0.6772165609374999 0.10461759687500001 0.6774582687499999 0.085861278125 0.7084803281250001 0.0817927234375 0.7094255390625 0.08177302187499999 0.7128120828125 0.086708975 0.7406725390625 0.0919739859375 0.8141385390625 0.0908852203125 0.8233827921874999 0.0924219421875 0.8260909984374999 0.0928002578125 0.8500139921875001 0.08552709375 0.8548710937499999
0 0 0.8704717531249999 0.0267741890625 0.8750483812500001 0.058066682812500006 0.876543090625 0.103183378125 0.8754850734374999 0.16859403281250002 0.867508459375 0.200924778125 0.8487846765624999 0.2060234171875 0.83729293125 0.206035003125 0.8353014734374999 0.20196604062499998 0.8280485859375 0.1771342765625 0.8237408 0.163307065625 0.826811121875 0.1437841265625 0.8244978859375 0.1420296078125 0.8245591546875 0.09423424687500001 0.8312931703125 0.074870128125 0.8366268203124999 0.03711690625 0.8379451906250001 0.0297263328125 0.8423432203125 0.01959741875 0.8426969296875001 0.0048885453125 0.8390706296875001 0 0.8402018140624999 0 0.8704717531249999
0 0.1265502046875 0.9749744828125 0.13654496875 0.964903378125 0.136596521875 0.9560421859374999 0.1176941453125 0.89611014375 0.1030373640625 0.8358608359374999 0.106789121875 0.8136348640625 0.09793804843750001 0.8057904921875 0.07627322187499999 0.8065470453125 0.0757760796875 0.8073528765625 0.073662828125 0.8147916593750001 0.07468526875 0.9058976546874999 0.089768578125 0.9817826625 0.0953705890625 0.996466421875 0.12426939687500001 0.9954572546874999 0.1228627296875 0.9861507296875001 0.1265502046875 0.9749744828125
0 0.1086889359375 0.881962009375 0.104248009375 0.8821170890625 0.10296625 0.8823895937499999 0.097752765625 0.889016015625 0.091935971875 0.9103934765625 0.0820908890625 0.91257851875 0.07431784218750001 0.920183075 0.0743171125 0.920308353125 0.0824317015625 0.9429471859375 0.0797901390625 0.9522456640625 0.081721246875 0.9761144328125001 0.08712995625 0.9967541921875 0.1082446703125 0.99601685 0.10890664531250001 0.8822330578124999 0.1086889359375 0.881962009375
0 0.3411237640625 0.8618962703124999 0.337177240625 0.8458637359375001 0.3369643828125 0.8458711687499999 0.3328529046875 0.8603438453125 0.32867461875 0.8669341203125001 0.3186206078125 0.9050307656250001 0.3159361890625 0.9216957265625 0.31211795468750003 0.9888974375 0.3457446703125 0.9877231671875 0.3464291 0.870079628125 0.3411237640625 0.8618962703124999
0 0.3138158015625 0.81623026875 0.3137675875 0.8245175609375 0.3168249640625 0.83269640625 0.317096134375 0.8750356046875 0.31496681249999997 0.8852368171875 0.3092250171875 0.8937229343749999 0.3107242390625 0.9028768140625001 0.3062780984375 0.9555076031249999 0.31342804687500003 0.9718291375 0.319748553125 0.97769569375 0.321827909375 0.97762308125 0.3289292109375 0.97589094375 0.3456852140625 0.942163371875 0.348369634375 0.9254984125 0.3541650015625 0.9078041921875 0.3601585828125 0.8560399890625 0.360608878125 0.8494302546875 0.3607062859375 0.8326873156250001 0.35644100624999997 0.783440575 0.34677270937500004 0.755238878125 0.33803782187500003 0.7444964281249999 0.33492687656250003 0.7455256890624999 0.3254868921875 0.7670296750000001 0.3138158015625 0.81623026875
0 0.25113734062500004 0.7966564875000001 0.2593975296875 0.8010254734375 0.323760903125 0.8148201437499999 0.3752901453125 0.8192306203124999 0.41672058593749994 0.8188188234375 0.43608470625000006 0.8134851765625 0.4535801015625 0.8128742234375 0.48033479218749997 0.8031425437499999 0.48276021562500004 0.79767591875 0.4828129125 0.788617940625 0.4822757859375 0.7859974890625 0.4647954453125 0.7840204484375 0.4455005890625 0.7774493359375 0.43910008281249996 0.7699104484375 0.44374930468749996 0.761985696875 0.4318239421875 0.7546397421875 0.4183118453125 0.7539860468749999 0.3985662171875 0.7546755796875 0.38854585468749997 0.7561510453125 0.369175715625 0.7625198906249999 0.355321403125 0.7702485984375 0.3028322046875 0.7725990546875 0.2881323640625 0.767419959375 0.2826488625 0.7587235031249999 0.279322928125 0.758839646875 0.269734225 0.764957478125 0.25406238124999997 0.768609709375 0.232832553125 0.7781484562500001 0.2309427515625 0.786494340625 0.24009966249999998 0.7949719578125001 0.25113734062500004 0.7966564875000001
0 0.36288550937499997 0.7478907312499999 0.3790180453125 0.75067166875 0.380823384375 0.750608625 0.3932963390625 0.742688815625 0.4218745828125 0.735998415625 0.4597061 0.7212224875000001 0.4597741234375 0.72090395625 0.45982969687499997 0.7113517218750001 0.4487527375 0.7050452046875 0.4129254515625 0.6918065125 0.34935039375 0.7007540140625 0.3272660015625 0.698937753125 0.3070051640625 0.7001627703125 0.265803896875 0.6921378921875 0.258643403125 0.6923879421875 0.24073392343750002 0.6978195734375 0.23241651718749998 0.7032849531250001 0.229593859375 0.7137333875 0.240598415625 0.7211114984375 0.346313934375 0.7479519296875 0.36288550937499997 0.7478907312499999
0 0.3252133578125 0.561131215625 0.31770984062499996 0.605583159375 0.31810958125 0.6258229109375 0.3241439765625 0.6559927531249999 0.32801690781250004 0.70188866875 0.322173325 0.7278701828125 0.323096025 0.7471710500000001 0.3287681765625 0.750655465625 0.3333729921875 0.7597008953125 0.336327584375 0.759973365625 0.34106656874999997 0.7598078765625 0.3520815328125 0.7461588531250001 0.353234584375 0.725864875 0.35988132031250003 0.705970396875 0.35996270625000004 0.6919814421875 0.35914449375 0.5995331140625 0.345415765625 0.5576638640625 0.3346479859375 0.540548040625 0.3258595265625 0.5390136937500001 0.32273250781249996 0.542805384375 0.3252133578125 0.561131215625
0 0.3251401703125 0.5871396640625 0.39962944375 0.601098221875 0.4143563875 0.60161893125 0.43002521875 0.5984842984375 0.4411140890625 0.59136965625 0.4465092046875 0.5843022906249999 0.44652288125000006 0.5819517234375 0.42562041562499997 0.564397146875 0.42569820625 0.551026028125 0.42111523437500004 0.5475636171875 0.4137577859375 0.546268065625 0.405461459375 0.548110259375 0.3971470640625 0.5530580421875 0.38152340156250003 0.5484287015625 0.3566615234375 0.5492968968749999 0.34010199375 0.5472877015625001 0.31621512812499997 0.5388069718749999 0.2876639875 0.5408389859375 0.2655735734375 0.5400579203125 0.250899171875 0.5364401203125 0.25077831875 0.536444340625 0.23704351093749998 0.5384667484375 0.22961981250000002 0.5485583578125001 0.22958066562499999 0.5552871374999999 0.2470158359375 0.5650281515625 0.27276841093750004 0.569303784375 0.3251401703125 0.5871396640625
0 0.41503605 0.461058603125 0.3984524296875 0.46319019531250005 0.37446318125 0.472307809375 0.373530325 0.4744103578125 0.357855471875 0.4785801875 0.2915571296875 0.48089537812499994 0.26855795 0.47807607343749997 0.2547156828125 0.4837343890625 0.2500152703125 0.5004583125 0.2601110578125 0.505798184375 0.2840220140625 0.510138128125 0.35580306093749997 0.5148763828125 0.37603679687499997 0.51830975 0.39076674843750003 0.5183128625 0.3990691 0.5154354734375 0.44789312499999995 0.510108046875 0.46818708750000004 0.5031894484375 0.47927896875 0.4955572078125 0.47983868281250003 0.494295678125 0.4798602296875 0.4905919734375 0.4646303203125 0.48157893906250004 0.4480798265625 0.47801695000000005 0.42506559062499993 0.4777856390625 0.414963778125 0.47348096249999994 0.4177864359375 0.46303253125 0.41503605 0.461058603125
0 0.313565534375 0.4551966921875 0.315443071875 0.48827356406250005 0.31895911875 0.5065632453125 0.3296786828125 0.5319663609374999 0.3374908734375 0.5234079421875 0.346413259375 0.50192203125 0.3538685640625 0.46575738125 0.3545361609375 0.43995661718749995 0.3577274640625 0.425115203125 0.3644883859375 0.4193553671875 0.3638978296875 0.3429642625 0.3683368703125 0.3266502234375 0.3684442171875 0.3081988578125 0.3672766328125 0.2958944859375 0.364443934375 0.29346111874999997 0.35509157187499996 0.2937877109375 0.34706886875 0.30028264843749997 0.3302432234375 0.345980753125 0.32176343749999997 0.3803399328125 0.3169121953125 0.4136517796875 0.3162499546875 0.43853173281249996 0.313565534375 0.4551966921875
0 0.18276579843750002 0.3443357484375 0.17721985468749998 0.3481518671875 0.1817395921875 0.3624838453125 0.1881611734375 0.36639954375 0.21114228281249997 0.3723244375 0.219426565625 0.3725526359375 0.23787288437499998 0.3667335453125 0.2599512546875 0.369585003125 0.30874817656250003 0.368915965625 0.33637851093750004 0.3669161046875 0.3529711640625 0.36323171875 0.3575631703125 0.3651413328125 0.36401185156250004 0.36439864843750003 0.3925931078125 0.35719065 0.400907503125 0.35224286718750003 0.41668448125 0.3404094921875 0.416734303125 0.3318457578125 0.3927647515625 0.32768754375000003 0.37898873437499997 0.3219586953125 0.3663788078125 0.3215128375 0.3438534375 0.32229944062500004 0.316370621875 0.3246628609375 0.2702879484375 0.3335170078125 0.22792464843750002 0.336031353125 0.2094843515625 0.3408152484375 0.2012000703125 0.3405870484375 0.18276579843750002 0.3443357484375
0 0.2818408484375 0.3413536875 0.280213053125 0.35429925624999997 0.2703304703125 0.3629299734375 0.2682172203125 0.37036875468749997 0.2692309890625 0.374015846875 0.2774750625 0.3801723203125 0.28516939375 0.3918717296875 0.29499840625 0.39244911562499996 0.30125244375000004 0.3848657359375 0.3187456875 0.3133668671875 0.3200766578125 0.2978686015625 0.320577146875 0.211841959375 0.313429146875 0.1598084453125 0.3116137796875 0.15158519374999999 0.29932987187500004 0.15201415625 0.2979065515625 0.15942988125 0.2921915421875 0.163311946875 0.2895178359375 0.17813528750000002 0.2763582375 0.21634038437499997 0.27395034687500003 0.2744237328125 0.2818408484375 0.3413536875
0 0.26295234375 0.23500474843750002 0.286887390625 0.2352039046875 0.2960804375 0.23747034218750002 0.36701294375 0.22981839375000002 0.41403148593749994 0.21834409843749997 0.4205253375 0.2098374375 0.41873189843749997 0.201620175 0.3994069265625 0.20022504375 0.38470106406250004 0.196081146875 0.3801572390625 0.18588995625 0.37557125468749997 0.1829451421875 0.3645215296875 0.1833310078125 0.34238895937499997 0.1897963203125 0.32857077968750004 0.1913138484375 0.30462971250000004 0.1921498890625 0.2871493734375 0.1901728484375 0.27055972968750003 0.1933396390625 0.25952506406250003 0.1911375109375 0.2429324109375 0.194821896875 0.230183940625 0.1856724375 0.22816823125000002 0.18574282656250002 0.2264060046875 0.1871191203125 0.2042854796875 0.191514040625 0.19042514375 0.2002779453125 0.1866425296875 0.2174873109375 0.2445542046875 0.2325422671875 0.26295234375 0.23500474843750002
0 0.6014783218749999 0.2468956671875 0.6198915171875 0.24677015781249997 0.6604553531249999 0.237073746875 0.6881398875 0.2257571171875 0.6923780421875 0.2115931359375 0.69240439375 0.2070638828125 0.6606119406250001 0.21015863281249997 0.5916113937499999 0.202218321875 0.5907839328125 0.186204928125 0.5871398390625 0.17960477187499999 0.5778895765625001 0.18717270156250002 0.5759786953125 0.19914177500000002 0.5566206015625 0.2034402265625 0.5382104171875 0.2030481375 0.5198363687499999 0.19644486875 0.513423821875 0.1909763765625 0.50695706875 0.1948246515625 0.48947371874999995 0.1933652109375 0.48396692343750003 0.190452553125 0.48137873437499995 0.1831492515625 0.48038957031249996 0.18318379375 0.465556740625 0.1900604640625 0.45441968906249997 0.20545668125 0.4516030546875 0.2148699171875 0.465336915625 0.22784514374999998 0.5168270109375 0.2389844 0.6014783218749999 0.2468956671875
0 0.563176415625 0.3298351046875 0.5674973015625 0.3876834796875 0.5700317234375001 0.3968012078125 0.586418084375 0.42660955156249997 0.5909532578125 0.4476255125 0.593200434375 0.41716647343749996 0.6000684984375 0.39299043125 0.605287340625 0.3854431984375 0.6095084828124999 0.37148644375 0.6112969921875 0.3309165671875 0.6088482843749999 0.307065871875 0.6095319515625001 0.278502678125 0.605616165625 0.23997324375 0.607201103125 0.2343941578125 0.6157105203125 0.232318553125 0.6157756203125 0.22112881718750002 0.6145974796875 0.20835842031250001 0.60071634375 0.1742953421875 0.5881314375 0.1747348171875 0.5769092265625 0.1931033046875 0.5737179234374999 0.20794471875 0.5741498093749999 0.2226596078125 0.567228175 0.25604375468749996 0.5639136546875 0.29206380625 0.563176415625 0.3298351046875
0 0.5133538265625 0.37361186874999996 0.49118511875 0.386288359375 0.4957349671875 0.395444353125 0.5058187109375 0.40285461875 0.5288088546874999 0.4072267171875 0.5536617015624999 0.407911315625 0.576648834375 0.4128010140625 0.6033312546875 0.41549169375000006 0.650313659375 0.41022858125 0.665067703125 0.40609090625000005 0.68721533125 0.39703760312499997 0.7231811375 0.386466771875 0.7288866578125 0.38068810468750003 0.7289212703125 0.37473875625 0.7269607390624999 0.369775003125 0.712251865625 0.36614870312500003 0.6993514859375 0.3681516734375 0.6745136984375 0.36487908281250003 0.659813859375 0.3596999875 0.64028454375 0.358813315625 0.62650691875 0.359294440625 0.6248230671874999 0.36092189375 0.563059515625 0.374981065625 0.543728521875 0.3746211328125 0.538194625 0.3763668609375 0.5216471421875 0.3722872734375 0.5133538265625 0.37361186874999996
0 0.6165185984375 0.3273454015625 0.6076444265625 0.3405440203125 0.5979633734375 0.403484471875 0.5947024265625 0.43029641874999996 0.5998281546875 0.5277034890625 0.607549271875 0.5347988453125 0.6157183453124999 0.5538466640624999 0.6239517046875 0.5618447578125 0.6333756187499999 0.543103203125 0.6409009703125 0.4672264828125 0.64099135 0.45169147968749995 0.637065134375 0.4426264296875 0.6331493453125 0.404096996875 0.6370671765625 0.3533259046875 0.6360694796875 0.34691638281250003 0.6258246546875 0.328861675 0.6165185984375 0.3273454015625
0 0.4900531453125 0.51138011875 0.5029113640625 0.516623525 0.532371271875 0.5166297484375 0.6013898875 0.52146446875 0.6280873640625 0.521567159375 0.6409997875 0.5174937953125001 0.6511166562499999 0.5192104796875 0.675084825 0.5137160546875 0.7184472265624999 0.49771199531250004 0.7350398796875 0.49402760937499995 0.7423180140625 0.4886813984375 0.7423487796875 0.4833933234375 0.706561009375 0.4836372625 0.684482640625 0.48078580468750004 0.616342678125 0.4831653046875 0.6027333500000001 0.47885050625 0.600182271875 0.47893959218750004 0.585961959375 0.4831912359375 0.5233378234375 0.486930596875 0.511382346875 0.4847606265625 0.49476861406249995 0.492068203125 0.48643615156250003 0.5001215765625 0.4900531453125 0.51138011875
0 0.5546501546875 0.517302671875 0.5514856359375 0.5275400359375 0.551432065625 0.5367481390625 0.5637258546874999 0.5584137874999999 0.571243403125 0.6004999375 0.5680199578125 0.6208662140625 0.582426996875 0.63509308125 0.60180645 0.684129990625 0.6100130234375001 0.6967321359375 0.6136790671875 0.6892391296875 0.61372728125 0.6809518359375 0.6168757296875 0.673476903125 0.6191711234375 0.6347305703125 0.621226434375 0.6267953796875 0.6212934859375 0.61527010625 0.620879271875 0.607972846875 0.587430278125 0.486698021875 0.57870075 0.47503476093749997 0.562132246875 0.47653396875 0.553647103125 0.5118139609375 0.5546501546875 0.517302671875
0 0.5612258203125 0.7099312921875 0.5606171515625 0.7256031421875 0.557447275 0.7367613171875 0.5589250703124999 0.7495984359375 0.578529521875 0.7599613125 0.587905221875 0.74950705 0.59852504375 0.7031050359375 0.60875495625 0.6223294828125 0.6089160312499999 0.5946428671875 0.6019648171875 0.5566058203125 0.5905111078124999 0.5355158875 0.5878038734375 0.5356104265625 0.5829315359375 0.5370167671875 0.5640890671875 0.5735790656249999 0.5666589453124999 0.6655516484375 0.565047221875 0.6757347859375 0.56751735625 0.6959022390625 0.5612258203125 0.7099312921875
0 0.571093296875 0.7504236609375 0.572074921875 0.759595615625 0.5634665640625001 0.8160542421875 0.5700828421875 0.8351562843749999 0.586117678125 0.83643758125 0.592371715625 0.8288542015625 0.6114231125 0.7563802984375 0.62153605 0.7081547390625 0.6239651984375 0.6930745109374999 0.6241068203125 0.66873194375 0.6239814421875 0.6436257171875 0.6204546828125 0.6271776578125 0.60326714375 0.5959955578125 0.6009942734375 0.596074928125 0.5931666124999999 0.6032737499999999 0.59253115625 0.6235496515625 0.5766978515625001 0.6765780859375 0.5744988859375 0.6987498328124999 0.5748504125 0.727276878125 0.571093296875 0.7504236609375
0 0.5676576468750001 0.8384474921875 0.5750361749999999 0.8361198578125 0.592528559375 0.836026503125 0.6403866046875 0.8384952078125 0.67816090625 0.8335536484375 0.7040249000000001 0.8186781421875 0.706065521875 0.812595334375 0.706079171875 0.810249184375 0.6967126203125 0.8096186140625001 0.6912238953125 0.8036003671874999 0.6728257578125 0.801137884375 0.65449085625 0.7878058375 0.6489780390625 0.7859283765625 0.63700449375 0.7868639953125001 0.6333393203125001 0.783887028125 0.625942725 0.7893202546875 0.6194910296875 0.7905805390625 0.6001510015625 0.7917734000000001 0.5918998453125 0.78585161875 0.5679196296875 0.7934164375 0.5448933484375 0.7952555203125 0.52650725625 0.79072264375 0.5200555609374999 0.791982928125 0.510922125 0.7866822234375 0.508424296875 0.78676945 0.49242824062499996 0.7934651890625 0.48317195625 0.8020683171874999 0.48310269687499996 0.8139730796875 0.496878715625 0.819701928125 0.553878615625 0.8332362421875 0.5676576468750001 0.8384474921875
0 0.6234880515625 0.9616602546875 0.62148194375 0.95068283125 0.6240932031249999 0.93958870625 0.6241675765625 0.9268050546875 0.6172789140625 0.8725766281249999 0.617327128125 0.8642893359375 0.6210038875 0.8549547078125 0.6190299218749999 0.8384524234375 0.6197296640625 0.8071267984375 0.61671514375 0.791581471875 0.607154484375 0.78019735 0.6059646125 0.7802389015625 0.5996933265625 0.7820490296875 0.5939568875 0.7896143359375001 0.5865658703125 0.8147292640625 0.5786090374999999 0.8481495593749999 0.571499903125 0.91376206875 0.570934090625 0.9220674343749999 0.5754960484375 0.9384793468750001 0.5778911843750001 0.9715381421875 0.58137670625 0.979494715625 0.6113736390625 0.9784471984374999 0.6125542015625001 0.9730895515625001 0.6234880515625 0.9616602546875
0 0.5240583765625 0.9718143421875001 0.5580801765625 0.978906165625 0.568755553125 0.9795683593750001 0.616392140625 0.977904853125 0.6796391828125 0.9725912578125 0.6888563203125 0.9707169109375 0.6980945375000001 0.9652193718750001 0.703657796875 0.9579317484375001 0.7036671 0.9563326484375001 0.6733621421875 0.943830840625 0.6200394640625 0.9312030984374999 0.5560250765625 0.936543490625 0.542890115625 0.9324110375 0.5425112828125 0.932424265625 0.5353188906249999 0.9351965921875 0.5178204828124999 0.9363251437500001 0.511755421875 0.9334982843749999 0.5046518812499999 0.9337463453125 0.4865069109375 0.938453625 0.4726375421875 0.9487703249999999 0.4698329515625 0.9561131671875 0.4789868515625 0.9651083828125 0.48541144375 0.968506484375 0.5240583765625 0.9718143421875001
0 0.82814770625 0.9448150312499999 0.8493233328124999 0.9445930546874999 0.8852018109375 0.949032575 0.924796653125 0.9476498937500001 0.9607353578125 0.9417374484375 0.966269253125 0.9399917203125 0.97093415625 0.9333278078125 0.9709425968750001 0.9318769171874999 0.9571243875000001 0.9294437078125 0.9525504484375 0.9244285031249999 0.9516989 0.9125558953124999 0.936965934375 0.9130703828125 0.9259433125 0.9087978624999999 0.88546680625 0.9034839218749999 0.8440303421875001 0.904930915625 0.7739810171875 0.8884109656250001 0.7695942046875001 0.88856415625 0.74463703125 0.8990869281249999 0.74091163125 0.9064619265625 0.742702059375 0.9151967875 0.7546244125 0.923060340625 0.7702571093749999 0.9261368875 0.82814770625 0.9448150312499999
0 0.9027120875 0.94092166875 0.9028674453125 0.9142181687500001 0.9065709921874999 0.9002794906249999 0.9072472656249999 0.871003053125 0.9074608546875 0.8342903749999999 0.904092184375 0.792653134375 0.89952486875 0.7771620343750001 0.8863212656250001 0.7501402578125 0.8583585578124999 0.7511167375000001 0.8585328140625 0.79608535 0.8563499218749999 0.8154946640625 0.8577795015625 0.8366190781249999 0.86186671875 0.8456825828125 0.8627197734375001 0.87695398125 0.8667748468750001 0.8915423484374999 0.8667319906250001 0.89890883125 0.8635514015625001 0.911908625 0.8578203171875 0.918553121875 0.85060831875 0.9398217328125 0.8505931984374999 0.9424207234375 0.85198209375 0.9436138234375001 0.8549912578125 0.960079959375 0.8534009609375 0.9665798562499999 0.8578994812499999 0.9698383265625001 0.89139018125 0.96866880625 0.8942965875000001 0.964231128125 0.9027120875 0.94092166875
0 0.96682273125 0.7827967734375 0.9327557625 0.783468925 0.8968020015624999 0.7919693624999999 0.8213106140624999 0.7920181140625 0.8038513515625001 0.7864178859375001 0.7752369734375 0.799319465625 0.7779120749999999 0.8142333515625 0.7880048546875 0.8200908234375 0.8027137281250001 0.8237171234374999 0.8349210109375 0.826214871875 0.84594664375 0.8299697937499999 0.9094464171875 0.8339622515625 0.9435133890625 0.8332900984375 0.9739422875000001 0.82498259375 0.9950590546875 0.81435546875 0.995215309375 0.787497709375 0.9759977109375001 0.7881688015625 0.96682273125 0.7827967734375
0 0.9002249375 0.7574624109375 0.9370212140625 0.7623873734375 0.9480829828124999 0.7599311156249999 0.9849123843750001 0.7591624968749999 0.9938322703125 0.7567056062499999 0.993964184375 0.7340313640625 0.9721987078125001 0.729074371875 0.9611881312499999 0.72273145625 0.936338296875 0.7215292609375 0.8278723921875001 0.6927149015625 0.8132886359375 0.6855167640625 0.8130701328125 0.68552439375 0.8002571171874999 0.6921267703125 0.7799691765625 0.698010171875 0.7743660203125 0.7116606609375 0.7844347093749999 0.7216589171875001 0.8432370828125 0.7418577015625 0.9002249375 0.7574624109375
0 0.8599186921875001 0.6558774703125 0.8461185828125 0.654289409375 0.8312156156249999 0.6473983578125 0.8284562609374999 0.6474947171875 0.8093102609375 0.6514348375 0.8027682281249999 0.668223071875 0.8128339046875 0.678738928125 0.8229537828125 0.6799380140625 0.8734989765625001 0.6952502125 0.8771611406250001 0.698744778125 0.8973948765624999 0.702178146875 0.9093232531250001 0.709006503125 0.9295840906249999 0.7077814859375 0.9571572078124999 0.7156159953125 0.9956519890625 0.7124388500000001 0.9959656796875 0.6585200312499999 0.8792737781250001 0.6520966171875 0.8599186921875001 0.6558774703125
0 0.8603669437500001 0.557787209375 0.8602383734375 0.5798866578124999 0.8544537203125 0.59573925625 0.855381775 0.6141193109375 0.8372477187499999 0.706814890625 0.8412438625 0.73153216875 0.850005534375 0.7376705671875 0.8593544484375 0.7318203578125 0.876126521875 0.6953303578125001 0.8860198203125 0.6848580203125 0.8923059999999999 0.671749775 0.902386796875 0.629049078125 0.9153716968750001 0.548597434375 0.915471028125 0.53152385625 0.9098602140625 0.5008214703125 0.906864621875 0.4979114765625 0.9009376281250001 0.4981184515625 0.90054344375 0.50114681875 0.881717046875 0.5349466875 0.8748267249999999 0.5407110453125 0.864081203125 0.542006909375 0.8572988531249999 0.551449984375 0.8603669437500001 0.557787209375
0 0.9766631078125 0.5395386046875 0.9711563125 0.536625946875 0.87172084375 0.5380283375 0.8588505796874999 0.5348553234375 0.8441627828125 0.5276058359375 0.841433478125 0.5220087203125 0.8368414718749999 0.520099103125 0.8384950468750001 0.5127964546875 0.8288173296875 0.5131344078125 0.8101138812500001 0.5251723984375001 0.79720748125 0.5282105640625 0.780587725 0.5365533359375 0.7786919015625 0.5459344171875 0.78786688125 0.551306446875 0.8604422625 0.577751675 0.868720521875 0.579015071875 0.8816178875 0.5775297 0.8953878843749999 0.5842937453125 0.911959459375 0.584232546875 0.9340318046875 0.588119203125 0.9524419875 0.5885112921875 0.9964178296874999 0.5808020890625001 0.9965418015624999 0.55949294375 0.9674008015625001 0.549176928125 0.9766631078125 0.5395386046875
0 0.8597924984375 0.549279675 0.8720970015624999 0.5691037031249999 0.8814030578125 0.570619975 0.8871127109374999 0.56765871875 0.8970220796874999 0.5544239515625 0.9008756234374999 0.5147025828125 0.9093393390625 0.483105834375 0.9136676250000001 0.4507328734375 0.9145709359374999 0.3844164546875 0.9130717125000001 0.3752625765625 0.9049684656249999 0.3495703484375 0.8796960875 0.3504528796875 0.8748658640625001 0.3600255375 0.8660131203124999 0.3695409140625 0.864133540625 0.4257645671875 0.8686312109375001 0.453226203125 0.8587894437499999 0.5437909624999999 0.8597924984375 0.549279675
0 0.8836638125 0.388522215625 0.86961365625 0.4019015828125 0.8726228171875 0.41836771875 0.8803278671875001 0.428225509375 0.8854127796875 0.443698534375 0.8924467203124999 0.451549484375 0.8930796593749999 0.45152738125 0.9040248890625 0.446731078125 0.9198635546875 0.3927818328125 0.926294375 0.3548117109375 0.9325350578125 0.28363009375 0.9326841937499999 0.25799590625 0.890890684375 0.2594553671875 0.8879405703125001 0.276056834375 0.88924158125 0.31928069375 0.8848597234375 0.36086175625 0.8822235171875 0.3692394234375 0.8836638125 0.388522215625
0 0.9625182750000001 0.282945171875 0.9450529921875 0.27838014218749996 0.9386585125 0.2698060578125 0.9423778875 0.26346625625 0.9405724031249999 0.2573193859375 0.9313974249999999 0.251947359375 0.9212263546875 0.2595474453125 0.8972732406249999 0.2624538796875 0.8631610999999999 0.27089000625000004 0.838299221875 0.2717582015625 0.8244991125000001 0.2701701390625 0.8061551781249999 0.2583908875 0.7993804375 0.2564022453125 0.7870382921875 0.25683324218750003 0.7831439546875 0.257641978125 0.77021045 0.2653385296875 0.7591547046875 0.266759590625 0.7452672671875 0.2801818796875 0.7443012875 0.2879780109375 0.7516195890625 0.2960023421875 0.855547690625 0.3135903125 0.9052594015625001 0.313924315625 0.9365880328125 0.3092078421875 0.9790025218749999 0.297894325 0.9955740953125 0.2978331265625 0.9980717265625 0.2965212078125 0.998104078125 0.2909604546875 0.9910362921875 0.286606740625 0.9625182750000001 0.282945171875
0 0.81616528125 0.2000447796875 0.8213305500000001 0.20170565 0.8249162390624999 0.20802479843750002 0.830465178125 0.2326878515625 0.8343702484375 0.27305890625 0.834302390625 0.2847228109375 0.8305970625000001 0.2989681203125 0.8442882890625001 0.34728304374999996 0.8561501953124999 0.3542338015625 0.8613261796874999 0.354053053125 0.8681031718750001 0.3455307859375 0.8730035015625001 0.31261313125 0.8735533906249999 0.21809530625 0.8705720343750001 0.188017996875 0.8640682546875 0.1495789390625 0.8467538390625 0.10139053906249999 0.841087040625 0.0969853125 0.8396521046875 0.0767817109375 0.8314026734375 0.071546046875 0.832032771875 0.05219095625 0.8324846515625 0.050600306250000004 0.8284873515625 0.050739895312500005 0.8297641640625001 0.0863332375 0.824827209375 0.1343780484375 0.8258034750000001 0.1444708125 0.8163902796875 0.161370746875 0.8183696015624999 0.17695222187499998 0.81616528125 0.2000447796875
0 0.8095373625000001 0 0.8076905875 0.0028381625 0.804467140625 0.0232044375 0.804156428125 0.0766114359375 0.8010026234375 0.085007178125 0.8012362953125001 0.13379205 0.8072974765625001 0.159357840625 0.807681146875 0.1823600234375 0.8106903078125001 0.19882615937499998 0.81531119375 0.20510915624999998 0.8235927671875001 0.2048199578125 0.8318421984375 0.2100556203125 0.8329470375 0.19804893750000002 0.8429474750000001 0.16916039375 0.846203065625 0.14326925468750001 0.8460390375 0.08251385 0.842635490625 0.0448871515625 0.8458107234375 0.0328081671875 0.8528005890625 0.025969815624999996 0.852853503125 0.0168744890625 0.8477019421875 0 0.8095373625000001 0
0 0.465730715625 0.126530484375 0.5071430890624999 0.12922427812499998 0.5218519640625 0.1328505796875 0.540256125 0.1342778625 0.61300315 0.1312199875 0.6240438421875 0.13238691875 0.652607028125 0.12828451093749998 0.678854096875 0.11951455156249999 0.6788606125000001 0.11839475937499999 0.6665065109375 0.1127918265625 0.66285639375 0.1072268671875 0.6325268687500001 0.0984536265625 0.6233820015625 0.087905615625 0.6003587328125 0.0892271 0.5938980046875 0.0920401796875 0.5542881046875 0.09601085312499999 0.5275936406249999 0.095390565625 0.51287271875 0.0938346578125 0.50792145625 0.0916157703125 0.50596509375 0.0916840890625 0.50365859375 0.09519140937500001 0.48981030312499996 0.1018849203125 0.4649544484375 0.10171791875 0.4529357328125 0.11041751250000001 0.4565467015625 0.1227112515625 0.465730715625 0.126530484375
0 0.2365803515625 0.1262915109375 0.24672130937499998 0.123867409375 0.25314590312499996 0.127265509375 0.2614271734375 0.12801130624999998 0.27985241250000004 0.125815403125 0.29546101875 0.1330327359375 0.33409590625 0.1384109890625 0.3506825359375 0.1357617984375 0.3571071296875 0.1391598984375 0.36355280156249997 0.138934809375 0.39857370625 0.1325369234375 0.4243624171875 0.1306013734375 0.4257310546875 0.1280173234375 0.42576483437499996 0.1222110578125 0.42079360625 0.11106125781250001 0.3509294625 0.093318734375 0.2966167109375 0.0926279109375 0.2781914703125 0.0948238140625 0.26992826875000003 0.090972425 0.247782809375 0.089764734375 0.224945740625 0.0905622234375 0.20820988593749998 0.097267625 0.2053992734375 0.1056456640625 0.197096925 0.10852305625 0.197075846875 0.11214624375 0.2071656140625 0.1185213109375 0.2365803515625 0.1262915109375
0 0.1014264703125 0.26524936875 0.11028837968750001 0.2345593359375 0.12081442656250001 0.17804125312500002 0.12094689218750002 0.1552721546875 0.12021050312499999 0.130182421875 0.1211912328125 0.11327371718749998 0.12133487031250001 0.0885844359375 0.11482227656249999 0.07789505937499999 0.1133166109375 0.07727638906249999 0.1097717828125 0.077400178125 0.08461943125 0.11025095625 0.0764858171875 0.174057990625 0.0746383796875 0.22475678281249997 0.06463258281249999 0.2545661359375 0.0643309125 0.2665447734375 0.1014264703125 0.26524936875
0 0 0.114087609375 0.0185479890625 0.11665049218750001 0.024966559375 0.121083790625 0.0332598734375 0.11975919531250001 0.051642956250000004 0.1248096671875 0.0700531390625 0.12520175625000002 0.10040675624999999 0.1298342109375 0.1547345640625 0.1279370421875 0.172248028125 0.12422049843750001 0.1796386015625 0.11982246875 0.18210867343749998 0.11459362343749999 0.1821455984375 0.1082465734375 0.1806527609375 0.1037447640625 0.1696211046875 0.10102504062499999 0.165967978125 0.0959776765625 0.1604551609375 0.09410021562500001 0.0988391640625 0.08279707187499999 0.0721416859375 0.08269438125 0.05406610625 0.07934546249999999 0.0425499734375 0.079747615625 0.025195417187500003 0.081746315625 0.0083526828125 0.0809418109375 0 0.08123349375 0 0.114087609375
0 0.6921915546874999 0 0.6907825187500001 0.0039448796875 0.7109861421875 0.01255423125 0.7348970984375 0.0168941734375 0.763433184375 0.0174501515625 0.8186938484375 0.0134504328125 0.8841014921875001 0.0059914171875 0.90622201875 0.0015964984375000002 0.9081361921875001 0 0.6921915546874999 0
0 0.5151440515625 0 0.5108776015625 0.0317864203125 0.5091801640625 0.0567025234375 0.515705371875 0.0914583421875 0.5171188812499999 0.115345184375 0.512849525 0.13758923125 0.5257251968750001 0.14818708125 0.5355434953125 0.1506060890625 0.5449888359374999 0.12818129218750002 0.54612581875 0.110649746875 0.55254056875 0.07544205625 0.554228234375 0.059570843750000005 0.55442384375 0.025948504687500002 0.5543826484375 0.025664074999999998 0.5544284640625 0.025154264062499997 0.5545748078125 0 0.5151440515625 0
0 0.2990234390625 0 0.290961665625 0.029964201562499997 0.28561425625000003 0.059610881250000004 0.2827262640625 0.11126663437499999 0.2903670265625 0.132174146875 0.2955322953125 0.13383501874999998 0.3178800953125 0.11740402187500001 0.3302970984375 0.11789103281249999 0.333418759375 0.115020153125 0.33821643125 0.09091640937499999 0.34865946718749996 0.0749011359375 0.348190084375 0.0666319171875 0.352700209375 0.0606838921875 0.3527126859375 0.058539295312499996 0.3441189375 0.054805984375000005 0.3420110453125 0.06132395625 0.3332172328125 0.060710418749999995 0.3327210609375 0.057045253124999994 0.333415446875 0.026640437500000003 0.3389761609375 0 0.2990234390625 0
0 0 0.051546409375000005 0.0076543328125 0.0543589640625 0.0812739875 0.059550504687500005 0.132836353125 0.0582674015625 0.17247335625 0.04963834375 0.1955568515625 0.0379648921875 0.199276228125 0.031625090625000005 0.206036515625 0.029492484375 0.2060678015625 0.024114725 0.2057791125 0.021565634375 0.18281004843749998 0.0135703484375 0.12666170000000002 0.0119086390625 0.1156270328125 0.0097065109375 0.09809851093750001 0.0160110453125 0.0479257515625 0.01082385625 0.0419694625 0.0110318546875 0.0419381171875 0.016419729687500002 0.0225890546875 0.0191653890625 0.0179669359375 0.0224317546875 0.00229208125 0.0266015859375 0 0.028191282812500003 0 0.051546409375000005