0 0.0526724421875 0.7470467843749999 0.06993315156249999 0.7438645484374999 0.0929400078125 0.7449364515625 0.136705690625 0.7426427890625 0.17908711718749998 0.7360237578125 0.19114340624999998 0.730091225 0.1997288421875 0.73282169375 0.2085272125 0.72679221875 0.20849312343749998 0.7258160296875 0.2069476953125 0.7234322 0.14009201875 0.6999024453125 0.115609909375 0.7011854984375 0.0929001796875 0.6991952515625 0.0383416734375 0.7036447484374999 0.0246531578125 0.70597408125 0.0261138046875 0.747801509375 0.0309463734375 0.7481854 0.0526724421875 0.7470467843749999
0 0.1277688765625 0.5610480124999999 0.12158706875 0.550995215625 0.12023914375 0.5463491421875 0.0896766265625 0.5479508562500001 0.0888784953125 0.5706329125 0.08527045 0.5887455171875 0.0880086234375 0.621619015625 0.0836383171875 0.648261653125 0.0973501 0.7069736484375 0.106308940625 0.7206542796875001 0.12069628750000001 0.7076368125 0.1266509078125 0.69600463125 0.12972985312500002 0.6779197546875 0.13287755 0.6466244765625 0.130043715625 0.5958324765625 0.13174715312500002 0.5900965125 0.131466665625 0.582064396875 0.1281634625 0.572347446875 0.1277688765625 0.5610480124999999
0 0.05730990625 0.605921384375 0.06489829531249999 0.6071139 0.070695825 0.6110506140624999 0.11962309062500001 0.607426309375 0.1423505578125 0.6092913906249999 0.16586161875 0.608059228125 0.1959312296875 0.6044873046875 0.22576743124999998 0.5944425546875001 0.23016683124999998 0.5844272515625 0.230079371875 0.5819227812500001 0.21461512031250002 0.5722340625 0.195487103125 0.56475541875 0.16897394375000002 0.5619043625 0.11716638906250001 0.5640894140625 0.0429632078125 0.573278925 0.0336393953125 0.576417909375 0.02062916875 0.58204705625 0.02169975 0.6127044781250001 0.02715506875 0.6153285312500001 0.0306866640625 0.6151434484375 0.0375913265625 0.6085449984375 0.05730990625 0.605921384375
0 0.0667769125 0.50802923125 0.082802921875 0.5077194125 0.11699685156249999 0.5144084875 0.1604222125 0.5153130734375 0.20264728125000003 0.5088596 0.222088715625 0.49829947812500003 0.2224110890625 0.4968099875 0.222170709375 0.48992640156249995 0.19869535 0.47673251250000004 0.1825400046875 0.4733386265625 0.123107109375 0.473272959375 0.0798110875 0.47607207812499996 0.016924945312500002 0.4846670046875 0.017863746875 0.5115507625 0.0396731859375 0.5152804343749999 0.0667769125 0.50802923125
0 0.23235719062500002 0.42302079218750005 0.217209190625 0.4074040671875 0.1799132515625 0.3929265296875 0.1260192171875 0.3893901703125 0.11493577656250001 0.386881721875 0.049530000000000005 0.3903094921875 0.0261705875 0.3935628765625 0.014154715625 0.400652815625 0.014585937500000002 0.41300139687500004 0.0280545125 0.4204976578125 0.047828525 0.4194613453125 0.0725508296875 0.4250565984375 0.081930071875 0.423504915625 0.09910094375 0.42896585312499996 0.12275229375 0.4309067515625 0.155062984375 0.43769452343750004 0.175487684375 0.43693055468750003 0.226205178125 0.4342725640625 0.232401653125 0.42429404687499994 0.23235719062500002 0.42302079218750005
0 0.23072331093749998 0.3762326 0.23048061406250003 0.3692826453125 0.222524240625 0.3518120046875 0.21194470625 0.3460056265625 0.18526525625 0.33839266874999996 0.178544584375 0.33503440156250003 0.174537909375 0.3283534875 0.10995348125 0.31583615 0.036470198437500004 0.3186271078125 0.024413909375 0.3245596375 0.020924581249999998 0.332693540625 0.025134496875000002 0.345194559375 0.0337568875 0.3489832296875 0.0508169 0.3512695640625 0.0668244328125 0.3504306453125 0.07636996406249999 0.3536408703125 0.086063309375 0.36108389375 0.099172075 0.3582766171875 0.13737268281249998 0.3716466046875 0.1620580328125 0.376183659375 0.170551084375 0.3762686234375 0.1761084203125 0.3733270328125 0.1874817609375 0.3748512578125 0.197784146875 0.3727211265625 0.21669044531249998 0.37385056250000004 0.22149092656249997 0.3762493265625 0.2209195984375 0.3813273453125 0.224611903125 0.3811338390625 0.2300763609375 0.3789797953125 0.23072331093749998 0.3762326
0 0.1231815328125 0.391916546875 0.12245513906250001 0.3862945578125 0.1328727390625 0.38103187968749996 0.1373715875 0.3732493625 0.152790228125 0.329047534375 0.1582845 0.30423267656249997 0.1572983296875 0.24596168281250003 0.1551471625 0.1843603 0.1511999171875 0.177252678125 0.1458756 0.154891484375 0.1203695953125 0.156228196875 0.11730758906250001 0.16299207031250001 0.118165509375 0.1723805375 0.1131375609375 0.1801907828125 0.1188201640625 0.2063065703125 0.1174241796875 0.2422267609375 0.10451652656249999 0.297617109375 0.1067256015625 0.330518334375 0.11373543593749999 0.3339243375 0.11786660625 0.3459712890625 0.1202430765625 0.368486971875 0.119214771875 0.38457769062499997 0.1171312515625 0.38563022812500003 0.11679944375 0.3913076734375 0.119730184375 0.39758797343749996 0.12659505625 0.3972282015625 0.1270167640625 0.395488921875 0.1231815328125 0.391916546875
0 0.1363477390625 0.310622309375 0.14298323125 0.3102745578125 0.1501109296875 0.29920263281250004 0.1580862921875 0.26954103125 0.160200165625 0.19458127187500002 0.1589836359375 0.1597444453125 0.15358443593749999 0.1254455078125 0.1562329265625 0.1102132203125 0.151901475 0.10761019218750001 0.144497053125 0.09290475625 0.13629749062500002 0.0857877359375 0.1262445796875 0.0863145859375 0.1099680171875 0.12112794687499999 0.1113550390625 0.130488684375 0.11892685781250001 0.1348085765625 0.11925269062499999 0.159318415625 0.1177640359375 0.16222646093749998 0.11915105625 0.1715872 0.1159615171875 0.24722178437500003 0.1114616453125 0.278151753125 0.111511459375 0.27957825000000003 0.11605418906250001 0.28023392812500003 0.1363477390625 0.310622309375
0 0.13913928281250001 0.22448595624999998 0.134380365625 0.20964187500000003 0.1340186625 0.1992840609375 0.137988409375 0.1915292703125 0.13664024531250002 0.152922865625 0.140711625 0.1328992953125 0.143932540625 0.087345740625 0.14366053750000002 0.0795565953125 0.1403618734375 0.062166909375 0.1425141453125 0.047903973437500004 0.1363353203125 0.022757534375 0.127705303125 0.018493100000000002 0.1152041828125 0.0248083109375 0.0983656375 0.0587077828125 0.094880159375 0.1258677921875 0.09702048125 0.1719794234375 0.100783975 0.20385584375 0.1100686484375 0.2420463109375 0.11498948125 0.249127265625 0.1320355578125 0.24823391875 0.136093221875 0.2435124515625 0.13913928281250001 0.22448595624999998
0 0.10797943125000001 0 0.09508409375 0.0774931671875 0.096748878125 0.17061548124999998 0.09675558437500001 0.1708075046875 0.0991315765625 0.1782187328125 0.10410638593749999 0.18551788281249998 0.1146935921875 0.1849630296875 0.1306145515625 0.1690220375 0.126121678125 0.1466172703125 0.1392953765625 0.0836662359375 0.15720796875 0.0192439296875 0.156961971875 0.012199509375 0.15693504062500002 0.011991065625 0.1459913265625 0.0021878296875 0.145183934375 0 0.10797943125000001 0
0 0.10437308593750001 0 0.09974032968749999 0.020385009375 0.0984788609375 0.0449780359375 0.1014531859375 0.0542555875 0.09380962968749999 0.07823973906250001 0.10200919374999999 0.0853567625 0.11212786718750001 0.0867131484375 0.1187042609375 0.10806538125000001 0.121278496875 0.1110092890625 0.1174019671875 0 0.10437308593750001 0
0 0.345167371875 0 0.349201509375 0.046781359375 0.3524388890625 0.0635918671875 0.363839965625 0.10167141875 0.36830294375 0.1080409234375 0.37257189375 0.1213566953125 0.3733950703125 0.1213135546875 0.3736235859375 0.12023585781249999 0.36942485625 0 0.345167371875 0
0 0.34793780625 0 0.34021415 0.025407942187499997 0.33692895156249997 0.083124028125 0.33857902968750003 0.10001772187499999 0.3462405328125 0.1524434 0.352685396875 0.1700291546875 0.355922778125 0.18683966093749999 0.37403775 0.2198506375 0.3817802734375 0.221057115625 0.3833745234375 0.22097356562499998 0.3897463546875 0.214310671875 0.3965618859375 0.1969733125 0.3904548015625 0.14352282968750002 0.3917132828125 0.1340234453125 0.38559723749999997 0.1258538890625 0.3831191328125 0.1156069890625 0.38213565781250003 0.072264759375 0.385014321875 0.0636238078125 0.3847183828125 0.05514923125 0.371335421875 0.00585343125 0.368491415625 0 0.34793780625 0
0 0.42436086093750003 0.2727420984375 0.42373610156249997 0.254851328125 0.426394109375 0.24177890624999998 0.42450217031250004 0.187600903125 0.41707898749999994 0.1401123828125 0.398375125 0.075058609375 0.39331728125 0.06683359531250001 0.39080629375 0.05564507656249999 0.3814827640625 0.0467002734375 0.3730829203125 0.049027176562500004 0.3648444984375 0.07115581875 0.362228890625 0.087329725 0.35524895 0.0999589859375 0.3660611359375 0.10599574375000001 0.37240735625 0.1207566390625 0.3737525328125 0.174456684375 0.36683835625 0.1889691828125 0.361708775 0.20904821093749998 0.3602500140625 0.22799152031249997 0.3632542328125 0.25330433281250003 0.3716182078125 0.265129453125 0.3793903046875 0.260005421875 0.3875569875 0.266180825 0.39565491875 0.2855666296875 0.3989251796875 0.30331875625000004 0.405500759375 0.3043433953125 0.4091284921875 0.3041532734375 0.41631973437500003 0.30052046093749996 0.42436086093750003 0.2727420984375
0 0.4027307515625 0.322555546875 0.4075315125 0.2930603203125 0.41370455625 0.281831984375 0.413390965625 0.27285190937500003 0.4106792078125 0.261765040625 0.40955823125 0.24484361875 0.374559859375 0.1381933765625 0.3662287671875 0.12730987656249998 0.3557454015625 0.1306893125 0.350750334375 0.1394411796875 0.3456865171875 0.1614034484375 0.3578797484375 0.2069882296875 0.3580740546875 0.22773158906250002 0.361508728125 0.2501918140625 0.3568992828125 0.31552404218749996 0.3729965 0.35147079375 0.38094040156250003 0.363548853125 0.38476497187500003 0.36334841562500003 0.390322303125 0.36188290312500004 0.4027307515625 0.322555546875
0 0.3901596796875 0.4217937671875 0.3958482578125 0.41772227031250003 0.39621593125 0.3978928 0.3894751296875 0.371832471875 0.392063828125 0.324529659375 0.397327928125 0.2931234671875 0.397133621875 0.27238010625000003 0.388147875 0.2275705703125 0.3901357359375 0.20859953281250002 0.386951803125 0.20513249218750002 0.3861695625 0.20517348750000003 0.3779006609375 0.20735406250000002 0.3674143078125 0.22582714375 0.3546411703125 0.269890325 0.35683530625 0.3782597671875 0.36443702031249997 0.3986149203125 0.3662186265625 0.41927509374999994 0.3781556828125 0.43257061406249997 0.38014248125 0.432466490625 0.38572659531250003 0.431459525 0.3901596796875 0.4217937671875
0 0.41593361093750003 0.49254732656250005 0.41627465937499997 0.48990817187499996 0.41509924531250003 0.4562487328125 0.3968411390625 0.386006834375 0.3748610390625 0.33338821875 0.36864933906249997 0.307300159375 0.357442565625 0.2899639671875 0.35056426093750004 0.29032444375 0.34077440625 0.298384253125 0.3396803359375 0.312591734375 0.344439253125 0.3274358140625 0.346815725 0.349951496875 0.3467768671875 0.3791971640625 0.3571556109375 0.40318015156250003 0.3603929921875 0.4199906578125 0.3612808078125 0.44541438749999995 0.3671308078125 0.46114462968750003 0.3626648421875 0.46986876562499996 0.3613734796875 0.4784265296875 0.3632238375 0.4858763 0.3670919546875 0.49039029375 0.3807602078125 0.489673971875 0.399758003125 0.5097064625 0.40322499375 0.5095247656249999 0.4094498890625 0.5042072375 0.41593361093750003 0.49254732656250005
0 0.428076909375 0.5827964625 0.43370271093749996 0.561748084375 0.4356636640625 0.51164814375 0.4371883296875 0.5060589015625 0.43649000625 0.48606153281250003 0.43200180312500003 0.46750293750000005 0.42202959531250006 0.3944448171875 0.41588365468750005 0.370239996875 0.4097018453125 0.3601872015625 0.392935040625 0.365782625 0.388137265625 0.38018420937499997 0.392663021875 0.40353059843750005 0.39503053125 0.47132720624999996 0.3918858234375 0.48752884218750003 0.389802303125 0.488581378125 0.382191628125 0.5135071515625 0.381196203125 0.530539490625 0.383411253125 0.533253434375 0.3938946171875 0.5298739953125 0.399018225 0.5399822484375 0.40089847812499996 0.56346728125 0.40572315937500003 0.580194603125 0.4157874640625 0.5949611703125 0.420621184375 0.5947078453125 0.4210640875 0.594484103125 0.428076909375 0.5827964625
0 0.362348875 0.57044356875 0.36942447343749996 0.5757328109375 0.373125190625 0.5906323484375 0.3745749890625 0.61696996875 0.383264796875 0.6533049265625 0.3930157953125 0.674490784375 0.40053892968750004 0.6818550875 0.4015304609375 0.6818031234374999 0.4114386546875 0.65560176875 0.414484715625 0.6365752734375001 0.4154173640625 0.602566053125 0.4121799828125 0.5857555453125001 0.41076306718750005 0.5603595453125 0.40481740781250003 0.5267108015625 0.3951351609375 0.49231454062499996 0.376592721875 0.4470625078125 0.3678969390625 0.440914834375 0.35992755 0.44038915 0.3558262734375 0.44437746093749997 0.3544006609375 0.46628397499999996 0.35462 0.47256501562500003 0.3606778625 0.4922336859375 0.362348875 0.57044356875
0 0.3562563328125 0.7307763453125 0.35543129375000004 0.7223295000000001 0.35900645625 0.703275275 0.35855208125 0.659905315625 0.364315384375 0.61243613125 0.3647734453125 0.584017528125 0.363983975 0.561410053125 0.3626085046875 0.5483782703125 0.3557660671875 0.534586725 0.34958724375 0.509440284375 0.3416507359375 0.50985621875 0.33007330156250003 0.5274431390625 0.3256073359375 0.5361672765625001 0.3202774734375 0.56569023125 0.3199785484375 0.572309296875 0.3222593609375 0.5769064796875 0.319676634375 0.5940220046875 0.319604896875 0.6223260515625 0.322405846875 0.67217643125 0.326898721875 0.694581196875 0.3222653578125 0.7136908796875 0.32309039687499996 0.7221377265625 0.33079075625 0.7453177390625 0.335253734375 0.7516872453125 0.34308238750000003 0.7537420781249999 0.3516278265625 0.7532942312500001 0.35373937187500004 0.749775109375 0.3562563328125 0.7307763453125
0 0.37097108125 0.761494615625 0.36855313437500004 0.6922536453125 0.36535265625 0.664586884375 0.34536041875 0.59299723125 0.33874815625 0.5857970234375001 0.3287281265625 0.5872654953125 0.32121908593750004 0.5999224843750001 0.312983653125 0.606957484375 0.3120569796875 0.6107794203125 0.3144364375 0.6182014625 0.3247852875 0.6261491859375 0.3268329375 0.6392486734375 0.32076772187499997 0.7084305671875 0.3249556953125 0.7676416859375 0.33953137187500004 0.8055548640625 0.3427029890625 0.8204821328125 0.3486546234375 0.8239435890625 0.350379121875 0.83162765 0.3628427875 0.8309744578125 0.3644947578125 0.8221701031249999 0.37097108125 0.761494615625
0 0.2524431484375 0.799191628125 0.27517135625 0.801710975 0.27651882968749997 0.802625953125 0.27954231093750004 0.8024675 0.29182488281249996 0.7923571 0.30888489375 0.794643434375 0.320091946875 0.791405753125 0.33713348125000003 0.7931629890624999 0.35493187187499997 0.7895798703125 0.3794139796875 0.7882968171875 0.393575228125 0.7886147968749999 0.41637733906249996 0.7932505453124999 0.427676775 0.7926583671875 0.4322740125 0.7892370234375 0.4366125796875 0.778408271875 0.4515122046875 0.7728567953125001 0.47121230937499997 0.7697040828125 0.47272178125000003 0.7615613015625 0.472703075 0.7610255875 0.46591295937500005 0.75301960625 0.41753930468749995 0.7454834531250001 0.34484983125 0.743992259375 0.33552601718749997 0.74713124375 0.3110808625 0.749472496875 0.29235933125 0.7536340640625 0.23366304218749998 0.7741977062500001 0.233665828125 0.774277496875 0.2380232296875 0.79146624375 0.2524431484375 0.799191628125
0 0.65799273125 0.8310220484374999 0.6647197546875 0.790887871875 0.6642221968750001 0.7766396875 0.6638247859375 0.770342459375 0.6496885203125 0.684295765625 0.6346196140625 0.63225829375 0.62036976875 0.6188549531249999 0.6109446046875 0.622178934375 0.5959952734375 0.634282509375 0.5896759640625 0.65065051875 0.597711115625 0.6530594437499999 0.6010830125 0.6585427875 0.603824171875 0.6763226437500001 0.6003506453125 0.6831080828125 0.6064009265625 0.6893944015625 0.6144659734375 0.7078385875000001 0.6161818171875 0.726615521875 0.6131686375000001 0.7465836343750001 0.6010650875 0.7491046406249999 0.593986503125 0.75890904375 0.6009963375 0.7623150453124999 0.6174313359375 0.762397065625 0.630479503125 0.83246395625 0.6295729453125001 0.8655218687499999 0.63271055 0.865357434375 0.6483971828125 0.859825215625 0.65799273125 0.8310220484374999
0 0.6611661625 0.7125744390625 0.6640179203125001 0.672804584375 0.662469475 0.64364210625 0.6642600421875 0.6190213515625 0.6612259296875 0.5776732765625 0.6564998953125001 0.5637708140625 0.6509458328125 0.5565151484374999 0.6432125921875 0.532393515625 0.6400502046875001 0.5018093609375 0.639940846875 0.5018150921875 0.6360054640625 0.523337796875 0.6201593562500001 0.5552985703125 0.617842675 0.5648534109375001 0.615152340625 0.6244250046875 0.61702960625 0.6630036796875001 0.6214866109375 0.6995604703125 0.6295486734375 0.7330982968749999 0.629545684375 0.748191940625 0.6332464015625 0.76309148125 0.6455442546875 0.781313834375 0.6572502296875 0.7825870359375 0.6712788625 0.7441181125 0.6720485187499999 0.73180001875 0.6716187015624999 0.7194916499999999 0.66295075625 0.71814096875 0.6611661625 0.7125744390625
0 0.6839916296874999 0.653474009375 0.6786378484375 0.6367744171874999 0.6800278578125 0.6310415140625001 0.6782791328125 0.6113229609374999 0.6882453468749999 0.54759668125 0.6890631593750001 0.546645078125 0.6882148703125 0.5223532375 0.6869958281249999 0.5118151359375 0.6806496078125 0.4970542421875 0.6755289875 0.4718523453125 0.6766559390625 0.45858648437499994 0.671897021875 0.4437424015625 0.662241684375 0.4404750453125 0.655097334375 0.44839620937499997 0.6468559265625 0.48561849375 0.6391794859375 0.5086610281249999 0.6360018968750001 0.5239210437499999 0.633975178125 0.5721377453125001 0.6386324625 0.5992506109375 0.6452746203124999 0.62248608125 0.6477497375 0.6478266234375 0.6538627953125 0.6710898234375 0.6621610062500001 0.6810317046875001 0.6710575921874999 0.6848967609375001 0.6720429515624999 0.6848451203125 0.68322936875 0.66200404375 0.6839916296874999 0.653474009375
0 0.56930838125 0.52599483125 0.575936671875 0.5267075953125 0.6275964140625 0.520289740625 0.6672922484375 0.5224499218750001 0.67794156875 0.5264346703125 0.6877689671875 0.5259196390625 0.7698179234375 0.513896365625 0.78774684375 0.5037099484375 0.7877163078125 0.502835509375 0.779547534375 0.49536411718749995 0.7594778984375 0.48793482031249996 0.7516677921875 0.48039309843750005 0.6516528734375 0.4798039 0.6244567640625001 0.4844096015625 0.5607592125 0.4972890875 0.5483487953124999 0.5066298406249999 0.5484428625 0.50932358125 0.550106459375 0.516399784375 0.56930838125 0.52599483125
0 0.734464771875 0.46080005625 0.7569343046875 0.455911996875 0.7938007578125 0.452941221875 0.7936504656250001 0.448637396875 0.79343575 0.4476382109375 0.7857180265625 0.44274199062499997 0.7686580140625 0.4404556546875 0.72388455 0.42796020625000003 0.6992361515625001 0.42448135468750003 0.6889522421875001 0.42714058593750004 0.67564023125 0.42412775781249995 0.648370215625 0.4266170546875 0.5780074187500001 0.4377255765625 0.547912546875 0.4403629203125 0.534933115625 0.44687390000000005 0.5315731234375 0.4587115046875 0.540324846875 0.4662038796875 0.5575141953125 0.47219391875000005 0.5696628671874999 0.468906890625 0.633748428125 0.46713851406250007 0.6418576546875 0.46884208593750004 0.65583298125 0.46810966875000004 0.664784921875 0.4644518234375 0.734464771875 0.46080005625
0 0.6370219171875 0.4117644140625 0.6513106203125 0.395922090625 0.6474126109375 0.3753728328125 0.6538365421875 0.331642396875 0.66513103125 0.309578934375 0.6646867890625 0.2968575109375 0.661880659375 0.28877039375 0.6627415671875 0.28306521875 0.6530264390625 0.24772733750000003 0.636062340625 0.2476730453125 0.6274951 0.2603854921875 0.5969477796875 0.3874510109375 0.5964814578125 0.40445562187500006 0.5994886625 0.4146747921875 0.6029861125 0.4541118984375 0.6064237718750001 0.4614784796875 0.6067197109375 0.46995305624999995 0.610394865625 0.47675241875 0.611022746875 0.4767195125 0.61869173125 0.46366557343750003 0.6370219171875 0.4117644140625
0 0.564154890625 0.3242217203125 0.5780574640625 0.3171322921875 0.5988654796875 0.318692134375 0.609167865625 0.316562003125 0.7034406843750001 0.3148017875 0.7394986890624999 0.2938295890625 0.7410356828125 0.2867281171875 0.741019828125 0.2862741375 0.7180994265625 0.275338528125 0.67544939375 0.26962268906250003 0.6509857625000001 0.2714348421875 0.5684742953125 0.28583039375 0.521762846875 0.2988798140625 0.5117376109375 0.3089464546875 0.5237391546875 0.328460096875 0.5320129609375 0.3290203625 0.5390751203125 0.32865025000000003 0.548165834375 0.3255897421875 0.564154890625 0.3242217203125
0 0.6008703828125 0.2530655828125 0.624281534375 0.2481281734375 0.6534902203125 0.24712748125 0.6760151828125001 0.243826721875 0.7291332015624999 0.225140859375 0.74983035625 0.2235260984375 0.757293853125 0.21438881875 0.757252665625 0.2132093640625 0.7234273671875 0.196816171875 0.706348878125 0.1940007359375 0.6573661828125 0.19603774062499998 0.6405094124999999 0.1995715109375 0.5918962515625 0.2121905265625 0.51911508125 0.23508730625 0.51180384375 0.241831296875 0.5142598578124999 0.25813471718750003 0.5318925640625001 0.2632815703125 0.5397986515625 0.2628672296875 0.5914172343749999 0.2525008640625 0.6008703828125 0.2530655828125
0 0.661979765625 0.2141869984375 0.6638530484375 0.1833302203125 0.663270728125 0.16665473125000002 0.6583926328125 0.12664410625 0.657238771875 0.1087810625 0.6590921187500001 0.101137190625 0.65277878125 0.08731791562499999 0.6348670765625 0.029769370312499998 0.6280246390625 0.0159778234375 0.6158553265625 0.016615590625000003 0.6077185375 0.026475451562500002 0.601464990625 0.044726698437500004 0.6081759 0.0547517671875 0.6073478734375 0.06139856406250001 0.6132965203125 0.0799536640625 0.613060371875 0.10354961250000001 0.6070369984374999 0.1283921984375 0.61368214375 0.136534025 0.6138435656250001 0.1563357671875 0.613015540625 0.16298256093750002 0.607987590625 0.17079280937500002 0.611293721875 0.1743929125 0.6111920890625 0.186661696875 0.613505784375 0.1922004984375 0.628449140625 0.2102842078125 0.6322813859374999 0.228950225 0.638827884375 0.23426719375 0.64010344375 0.2435222421875 0.6433665171875 0.24335123281249998 0.64861475 0.2413010296875 0.661979765625 0.2141869984375
0 0.6095616765625 0 0.6091801046875001 0.0042699515625 0.613212628125 0.013492045312500001 0.6135085671875 0.021966621875 0.607278940625 0.0864404171875 0.6115416390624999 0.10225384687500001 0.6098198234375001 0.113664196875 0.62132551875 0.12438132500000001 0.6243984890625 0.136483734375 0.6242310921875001 0.146869278125 0.6374227375 0.1603280765625 0.6464832078125 0.16173992343750002 0.646453315625 0.1457046609375 0.656676609375 0.1196986234375 0.6581383562500001 0.0856616734375 0.662308384375 0.068462959375 0.66148334375 0.0600161140625 0.653168003125 0 0.6095616765625 0
0 0.8766017749999999 0 0.8778601437500001 0.036035 0.8861852656250001 0.077105784375 0.891341753125 0.0881556578125 0.8918678671875 0.103221571875 0.9040700609375 0.10352542499999999 0.9095254781250001 0.1079562328125 0.909749459375 0.10885800781249999 0.92262589375 0.10818318281249999 0.924922453125 0.08378025 0.9228970734375 0.0257809484375 0.917869103125 0 0.8766017749999999 0
0 0.8733166625000001 0 0.8729094953125 0.0079379453125 0.87610503125 0.069087759375 0.880301965625 0.0830179515625 0.8812555453125 0.11032491874999999 0.8905432062499999 0.1334217453125 0.8977832156250001 0.143419084375 0.9117700046874999 0.149289465625 0.93237503125 0.1321727734375 0.9305575562499999 0.125664625 0.9331402828125 0.1085490984375 0.93511258125 0.1066311234375 0.9351016937500001 0.106319365625 0.9264323578125 0.08343038750000001 0.9203820781250001 0.07714407031250001 0.916747125 0.06412776875000001 0.91648406875 0.0565948125 0.9201907593750001 0.041307067187500005 0.9201309703125 0.00923654375 0.923872328125 0 0.8733166625000001 0
0 0.9274382578125 0.075618184375 0.9335632640625 0.038506815625 0.9321949828125 0.01122158125 0.8851028703124999 0.0136895734375 0.881845928125 0.029897092187500002 0.8835916656249999 0.0647092875 0.892209734375 0.1293482921875 0.896837125 0.14042589375 0.9016917 0.1731884765625 0.9064506187499999 0.1880325578125 0.913161528125 0.198057625 0.9286040890624999 0.20007834375 0.938972578125 0.1723409546875 0.9388172062500001 0.16789170625 0.9327800921874999 0.1526923453125 0.9274382578125 0.075618184375
0 0.9515828515625 0.2621903546875 0.9558559515624999 0.25238322968750004 0.9556141609375001 0.24545925624999998 0.9490090875 0.23402495 0.9117956703125 0.12466076718750001 0.909013984375 0.10122297656250001 0.8711323468750001 0.10320826875 0.8716856625 0.114499384375 0.8699638453125 0.1259097359375 0.877628334375 0.1632417734375 0.8976564421875001 0.2206794 0.9225122171875 0.279750709375 0.9330798140625 0.289217025 0.9343102859375 0.28915253750000003 0.9470152531249999 0.2831832734375 0.9515828515625 0.2621903546875
0 0.958927340625 0.2846725234375 0.958733034375 0.2639291640625 0.9508981593750001 0.252076315625 0.9459419484374999 0.23158251718749998 0.942106715625 0.228010140625 0.922837884375 0.17713612031249998 0.92088888125 0.166861490625 0.9094160656250001 0.1570859859375 0.892715025 0.16456464843750002 0.889767609375 0.186416003125 0.8982631109374999 0.2020076015625 0.9008727453125 0.21602097968749998 0.898388665625 0.2359613640625 0.9085663953124999 0.31711283125 0.9688894890625 0.31395143124999997 0.9689085125 0.31244971875 0.958927340625 0.2846725234375
0 0.8868372750000001 0.34679425625000004 0.8932163750000001 0.3624967703125 0.8940055453125 0.385095640625 0.8910611171875 0.39185335 0.8982682453124999 0.40090907031249995 0.9092799625 0.4012753125 0.9164878375000001 0.4065576203125 0.91704241875 0.40745947656250003 0.951266878125 0.40566584843750003 0.9517132437500001 0.40270780625 0.951433171875 0.39468759531250003 0.9347941046875 0.3084339140625 0.92322861875 0.2656462640625 0.9164190640625 0.2527963375 0.90600445 0.242965371875 0.88779083125 0.20712953750000002 0.8780697296875 0.20197894062500002 0.8693051953125 0.20904167187499997 0.86600145625 0.2343709953125 0.8660219437500001 0.2349577046875 0.8872378328125 0.32790640625 0.8868372750000001 0.34679425625000004
0 0.9641399703125 0.43480300781250003 0.9585888953125 0.41245370000000003 0.9574679156249999 0.395532275 0.9495672781250001 0.3817961875 0.9501651296875 0.36855805625000004 0.9482818890625 0.3601666671875 0.9160545750000001 0.287331540625 0.90990565 0.2782203640625 0.9004476046875001 0.280602725 0.8931029734375 0.2979678125 0.8909178203125 0.31128913125 0.87844659375 0.3336396078125 0.8792387515625 0.341144834375 0.8876385953125 0.3388179328125 0.8899194093749999 0.3434151125 0.8958381609374999 0.345934953125 0.9043007812500001 0.36058493281250004 0.9084648359375 0.373573503125 0.9135098562499999 0.46399755468750004 0.96504723125 0.4612965953125 0.9658558125000001 0.4535799421875 0.9641399703125 0.43480300781250003
0 1 0.4324052546875 0.9490148859374999 0.43547600781250007 0.9162060140625 0.44143599843750003 0.8844865734375 0.45157944531250005 0.84412626875 0.45740512187500004 0.8312946484375001 0.46814890625 0.8286730312499999 0.47411705781249996 0.8308888515625 0.4835421703125 0.85204791875 0.49515492187500004 0.853336303125 0.4953275890625 0.86563621875 0.4946829765625 0.94968073125 0.481557103125 0.9780956078124999 0.48483856249999996 1 0.4830835875 1 0.4324052546875
0 0.9609172312500001 0.5490769921875 0.9431370546875 0.49529492656249996 0.9314403484374999 0.491234328125 0.9312963156249999 0.49124187656249996 0.9242209640624999 0.500059646875 0.9194889546875 0.5163444703125 0.91191415 0.5271182203125 0.909331421875 0.5442337453125 0.9240774875 0.5566677390625 0.923180709375 0.5765249359375 0.92612215 0.5848608671875 0.9318346484375001 0.6270119171874999 0.9318121234375001 0.6508815203125 0.9758086875 0.6485757578125 0.968614603125 0.5873506468749999 0.9609172312500001 0.5490769921875
0 0.8955440640625 0.6165533203125 0.8981536984374999 0.630566696875 0.8990415140625 0.6559904265625 0.8928507437500001 0.6912185578125001 0.8915892781249999 0.71581158125 0.884543571875 0.7265576046875 0.8906924984375 0.73566878125 0.89710746875 0.7372192703125 0.9033251468750001 0.733120046875 0.91255003125 0.7392399890625 0.91833595 0.7564668671875 0.9383499875 0.7554179765625 0.9434710234375 0.729129403125 0.9460567359375001 0.6969202343750001 0.9421647 0.6461836921875 0.9167559031250001 0.5409175703125 0.9080272390624999 0.5338282765625 0.9001236125000001 0.53518583125 0.88738933125 0.5500033484375 0.886725715625 0.561358240625 0.8797786562500001 0.5749291203125 0.8782774124999999 0.5859084203125 0.8783499750000001 0.5879863125 0.8821880109375 0.5983864234375 0.8955440640625 0.6165533203125
0 1 0.7218792390625001 0.9599706765624999 0.7097011234374999 0.9201824593750001 0.704895440625 0.8795450046875001 0.702784609375 0.7995073390625 0.7069792046875001 0.7592209390625 0.714921284375 0.7509865578125 0.7222437234375 0.751171325 0.7275347296875 0.75912924375 0.7393092546875 0.80953395 0.7509795171875 0.8238424671875 0.74651915625 0.8357699625 0.7458940625 0.8773490359375 0.747955546875 0.9029760078125 0.7524432515624999 0.90969668125 0.7558015171875 0.9113543171874999 0.759963478125 0.923406303125 0.7593318609375 0.93523126875 0.7576437203124999 0.9433348125000001 0.7582874515625 0.95314456875 0.75777334375 0.9679292828125 0.748509125 0.9783240515625 0.749024496875 1 0.7457694078125 1 0.7218792390625001
0 0.9193263078125 0.9097003406249999 0.91266459375 0.9039181359375 0.9090625250000001 0.8918434562499999 0.9114180624999999 0.8530429515625 0.909776946875 0.790868328125 0.9056816453125001 0.7646693531250001 0.8946093890625001 0.7360059984375 0.8931237218750001 0.7238204015624999 0.88485540625 0.7299137828125 0.8763897984375 0.7303574453125 0.8718580671874999 0.73719834375 0.8692753421875 0.7543138703125 0.8695682921874999 0.7778820890625 0.8641397843749999 0.8045801859375 0.865353434375 0.8545137515624999 0.8688239765624999 0.8628219546875 0.8707311375 0.917435890625 0.8746291484375 0.9379851484374999 0.8871134421875 0.9553384749999999 0.9110712718749999 0.9540828984375 0.91974758125 0.92176404375 0.9193263078125 0.9097003406249999
0 0.6501394078125 0.9112737718749999 0.6498437359375 0.9028068296875 0.6485098828125 0.8952580484375 0.6464412984375 0.820842371875 0.6436672546875 0.8021208953125001 0.6389083375 0.7872768140625 0.6331958390625 0.7451257640625 0.628634215625 0.7359314 0.6158042734375 0.73283041875 0.6077661328125 0.7455151359375 0.60971215 0.7708834062500001 0.603856175 0.7853404484375 0.599722015625 0.7883871390625 0.60312679375 0.7948121015625 0.6057693093750001 0.8097671 0.6083101906249999 0.83699088125 0.60707861875 0.8776191687500001 0.604663290625 0.88434915 0.6049562421875 0.9079173687500001 0.6163961734375001 0.9167512562500001 0.6275341921875001 0.9472978515625 0.6334858265625 0.9507593109375 0.6403494375000001 0.96357475 0.6411150343750001 0.9635346265625 0.6483365109375 0.9358308765625001 0.6501394078125 0.9112737718749999
0 0.38912045625 0.9747004234375 0.3950037609375 0.956614165625 0.3943071703125 0.93666640625 0.3911501609375 0.9113900781250001 0.3866214171875 0.903137334375 0.387551078125 0.8842217546875 0.3829655328125 0.8288048453125001 0.35983157499999996 0.7583231859375 0.344786584375 0.7525082609375 0.3395942265625 0.755610409375 0.3394567234375 0.782031215625 0.3354152375 0.81809005 0.3356454125 0.8246813875000001 0.3395792890625 0.8310786218749999 0.33805476562500003 0.8481386890625 0.34631411875 0.8873262359374999 0.354809621875 0.9029178343750001 0.3538799625 0.9218334125000001 0.35523410312500003 0.9302525296875 0.35916797968749997 0.9366497640624999 0.35741328125 0.9471184953125 0.3674602171875 0.9767789296875 0.371502359375 0.98236050625 0.3796723359375 0.9819323359375 0.38075349375 0.97796894375 0.38912045625 0.9747004234375
0 0.086000671875 0.8513213203125 0.1377343203125 0.84701986875 0.20242892031249998 0.8356783359375 0.234840940625 0.8079283281249999 0.2347798 0.806177471875 0.2333723453125 0.8033126671874999 0.219912521875 0.7960670328125 0.17949678593750001 0.8003054078125 0.134243615625 0.8010868171875 0.0734263515625 0.8154055625 0.0290043875 0.830576978125 0.030173728125 0.8640625 0.056976581250000005 0.862657821875 0.086000671875 0.8513213203125
0 0.16238836875 0.9744597625000001 0.1601455359375 0.9102334515624999 0.1541777015625 0.883641821875 0.1524618609375 0.8648648890624999 0.1459841125 0.846337515625 0.146746375 0.8378074812499999 0.14175429687500002 0.83146570625 0.1347097359375 0.7978745515625 0.10564990625 0.7993975125 0.1027712421875 0.8080384640625 0.1065347359375 0.839914884375 0.10533903281250001 0.8663911484375 0.1108572234375 0.8877988374999999 0.11286900468750001 0.9150503484374999 0.1288287171875 0.9774179078125 0.1311424140625 0.982956709375 0.13656494531250002 0.9864458968750001 0.1391589359375 0.994537109375 0.1576341109375 0.9935688656250001 0.160473115625 0.9880229515625001 0.16238836875 0.9744597625000001
0 0.9770978625 0.9463986046875 0.9814364281250001 0.9355698546875001 0.974660325 0.9306242843750001 0.95193211875 0.9281049390625 0.8848923624999999 0.926317653125 0.82832128125 0.9271621437500001 0.7991865046875 0.9302792390624999 0.7748891609374999 0.936853296875 0.7545061078125 0.94746276875 0.7602900609375001 0.9619850062499999 0.98648326875 0.950130721875 0.986462925 0.9495481328125001 0.9770978625 0.9463986046875
0 0.6170667984375 0.9503708359375 0.6155088156249999 0.9344200218750001 0.6060955984375 0.877369434375 0.60302860625 0.8350797390625001 0.5979707609375 0.8268547249999999 0.5997912265625 0.8182692312500001 0.5899714781250001 0.8102937750000001 0.584151371875 0.81059879375 0.581670278125 0.8154455374999999 0.5688582828125 0.8887543875 0.56865501875 0.913291953125 0.5708999593749999 0.9320411609375 0.5692767890625 0.9462763703125001 0.5727624484375 0.9718129125000001 0.6164635796875 0.9695226328125001 0.6175026171875 0.9628510531250001 0.6170667984375 0.9503708359375
0 0.41721551874999996 0.9775629078125 0.4328535203125 0.9661419765625 0.457169340625 0.9600970203125 0.45988334062499997 0.956774371875 0.45849828125 0.9441253078124999 0.47358407968750005 0.920732371875 0.4735642984375 0.920165925 0.471643315625 0.91534275625 0.44970891718750006 0.9085412578125001 0.39707060312500003 0.9139502578125 0.3671235421875 0.9208204062500001 0.31581485468750004 0.9372911703125 0.29927218906249997 0.9498196484375001 0.27682113125 0.9552368093749999 0.2732578953125 0.9612543078125 0.2755845734375 0.973854025 0.291776871875 0.9783061109375 0.300269925 0.9783910765625 0.315224978125 0.9744269031250001 0.330420228125 0.9773410359374999 0.33590365625 0.9722830421875001 0.366755384375 0.9643053437500001 0.397810353125 0.9621477546874999 0.40159530937500004 0.9624794609375 0.4028510296875 0.9714248218750001 0.3963335984375 0.9738866625 0.39915025000000004 0.9793461828125001 0.407004565625 0.9789345546874999 0.40872246562500003 0.9774779390624999 0.41721551874999996 0.9775629078125
0 0.1709935125 0.9519226546875 0.1707459515625 0.94483341875 0.1688149796875 0.937744421875 0.16310546875 0.8804997312499999 0.15328870781249998 0.8574306328124999 0.1453193203125 0.8569049484375 0.143465975 0.8645488203125 0.137248296875 0.868648046875 0.1269592359375 0.8927708453125 0.12096575937500001 0.9336486921875 0.12333625468750001 0.9863516609375 0.1245985046875 0.9953001890625 0.1711510546875 0.9928604734375 0.1666597203125 0.967101003125 0.1709935125 0.9519226546875