0 0 0.7340944703125001 0.012918865625000001 0.7416036890625 0.0196043734375 0.7426050656250001 0.038316421875 0.7429316859374999 0.0571842203125 0.7407888812500001 0.08209824375 0.7436959 0.12194051406249999 0.7443913484375 0.1664244046875 0.740579059375 0.1786962421875 0.7355017203124999 0.1871523484375 0.7388242484374999 0.19575189843750002 0.7336775203125 0.19576325781249998 0.7317251390624999 0.194737634375 0.729961028125 0.1289812515625 0.701826378125 0.10449914375 0.7013990421875 0.08191874375 0.6978299734375 0.027295571875 0.6984639859375 0.0046813109375000005 0.7007150234374999 0 0.7001794828125 0 0.7340944703125001
0 0.1070876421875 0.712315290625 0.10880642031250001 0.689744128125 0.11314330937499999 0.6719272390625 0.11174774531250001 0.638942846875 0.116747834375 0.614813928125 0.1167731546875 0.61046180625 0.1058970515625 0.5531446390625 0.0975136171875 0.538872578125 0.0826275859375 0.5508550390625 0.07621264062500001 0.5620436468750001 0.07240485156250001 0.5798697703125 0.06799126718750001 0.610869334375 0.06875364687499999 0.6617352624999999 0.0655242609375 0.6710960453125 0.06967489375 0.685294221875 0.0696091546875 0.6965936578124999 0.07536899999999999 0.7070530640625 0.0805004 0.728041421875 0.11002798750000001 0.728556828125 0.10755648124999999 0.7226823421875 0.1070876421875 0.712315290625
0 0.12833772968749999 0.6673602109375001 0.132203528125 0.6441880796875 0.13260738125 0.5747715640625 0.128696096875 0.5148086015625 0.1261053734375 0.5053462296875 0.1149931984375 0.4750173796875 0.09988038437499999 0.474753584375 0.08645570625 0.4990038515625 0.09381380624999999 0.507607725 0.095286065625 0.5274094421875 0.0936549390625 0.5349146921875 0.08938926875 0.5404905249999999 0.0901626015625 0.5894732140625 0.08685104375 0.6129582921875001 0.0867305234375 0.633673921875 0.0886606703125 0.66572593125 0.096950975 0.696005525 0.105569109375 0.7003511421875 0.10957669218749999 0.7004210953125 0.119762559375 0.6860448359375 0.12833772968749999 0.6673602109375001
0 0.12874883125 0.5653606421874999 0.1313547578125 0.5214809703125 0.13171682812500002 0.459246478125 0.12706748750000002 0.39958941718749996 0.11867309374999999 0.3872005953125 0.10808560625000001 0.3879575046875 0.101709009375 0.39255477656250004 0.0951954578125 0.4206925390625 0.10085669531250001 0.4481010953125 0.100234465625 0.4640993953125 0.09157164375 0.49784993125000004 0.08814504375 0.5411090187500001 0.0921313296875 0.583555784375 0.10154009687500001 0.603496034375 0.1072839046875 0.6050588953125 0.1092027203125 0.6050923874999999 0.12442289687500001 0.581294290625 0.12874883125 0.5653606421874999
0 0.122839715625 0.48815905 0.12986045625 0.46379700156250003 0.1288570359375 0.454362334375 0.13530485 0.43752400937499997 0.13861640625 0.41403893125 0.146206409375 0.3860827828125 0.14664840625 0.31011019375000004 0.137670053125 0.303841734375 0.120651184375 0.3186121109375 0.10403542031249999 0.355048975 0.0973739578125 0.408610465625 0.093593559375 0.42172849062499995 0.0937611 0.48388462031249996 0.09573506875 0.5084036703125 0.103583925 0.5236081171875 0.10412232031249999 0.5237454578125 0.112609828125 0.5238936078124999 0.1227246734375 0.5079330609375 0.122839715625 0.48815905
0 0.2321675671875 0.3835164609375 0.23219111875 0.3794682921875 0.224492190625 0.3603163203125 0.21417131562499997 0.35378631875 0.187858296875 0.3443314015625 0.18128850624999998 0.340512646875 0.1775620453125 0.33356859375000003 0.1136242609375 0.31657792812499996 0.0401840890625 0.31423771875 0.0279122515625 0.319315053125 0.0240996015625 0.32718581874999997 0.0277922015625 0.339949975 0.036242153124999996 0.34433070312499997 0.053172835937499996 0.3478011546875 0.06918036875 0.34808056718749997 0.0785750171875 0.3519486328125 0.0879450390625 0.3600495015625 0.10114002656250001 0.3581632 0.13871554218749998 0.374164559375 0.163163790625 0.3804120015625 0.1716352890625 0.3810890265625 0.17730039687500002 0.3785421390625 0.18858752031249998 0.380855775 0.1989545671875 0.3794492703125 0.2177746484375 0.3818943921875 0.22246735625 0.384622075 0.2216601703125 0.389845784375 0.22479338906250002 0.389900475 0.2309234609375 0.387944603125 0.2321675671875 0.3835164609375
0 0.11665524375 0.40016482656249996 0.1161590109375 0.3945058734375 0.12676841249999998 0.389982484375 0.13157414375 0.382532646875 0.14875735625 0.3395136828125 0.1552489953125 0.3151424 0.15805017187499998 0.19747689375 0.153343046875 0.1879775765625 0.14820543125000002 0.16151987343750002 0.1445400765625 0.15486388906249998 0.1382073046875 0.15192820468749998 0.1243849515625 0.1629875171875 0.12010284375 0.1713882078125 0.12057716249999999 0.180813640625 0.11524233125000001 0.1882542421875 0.119850846875 0.21470270937499997 0.1169971734375 0.2504380765625 0.101864625 0.30479341875 0.10273109062500001 0.337768575 0.1095874828125 0.341655115625 0.1132199703125 0.35396081874999996 0.11467579531250001 0.37658739531249996 0.11299536406249999 0.392567221875 0.110873484375 0.3934719 0.110311515625 0.39911238125000004 0.11344229374999999 0.40670075 0.1134916171875 0.4067096 0.11952465781249999 0.40681490625 0.12033703437500001 0.40399595312500003 0.11665524375 0.40016482656249996
0 0.2558983140625 0.20579751562499998 0.2559321734375 0.199977409375 0.2446789125 0.19184366875 0.215541034375 0.1823394421875 0.14023917187499998 0.1762626546875 0.1063408671875 0.1756709578125 0.071476315625 0.17929562968749999 0.056428873437500006 0.17585805000000002 0.0535793875 0.1800415453125 0.0384734578125 0.18665687656250002 0.030894328125 0.1944618953125 0.0308358421875 0.2045148046875 0.064632565625 0.22256682031250002 0.07405491875 0.22167297968750002 0.07880611093749999 0.2143477515625 0.10328514062500001 0.21530418906249998 0.106100765625 0.21694079843749997 0.1155231171875 0.21604696093750003 0.190818825 0.22318194687499998 0.2192339515625 0.2288495921875 0.222932134375 0.22891414375000002 0.2237693546875 0.22481540781249998 0.2558983140625 0.20579751562499998
0 0.1475357390625 0.2165927078125 0.153744796875 0.14983930781250002 0.153484125 0.1036907140625 0.15102488281249998 0.0716294703125 0.143312978125 0.032884534375 0.13440044375 0.0186032375 0.12538929999999998 0.02127109375 0.1174034875 0.0296071390625 0.11359022031249999 0.0483748828125 0.1177353734375 0.063514678125 0.1176751125 0.07387249375 0.113398484375 0.0813315671875 0.11317387968749999 0.1199379703125 0.10829693124999999 0.1396288609375 0.1027155828125 0.18944234531249998 0.10576966562500001 0.21021338906249998 0.103041990625 0.22429150468749998 0.10818508593750001 0.2498075875 0.1147599859375 0.2535911890625 0.11896605468749999 0.25366460625 0.129354584375 0.24923538750000002 0.1475357390625 0.2165927078125
0 0.216376521875 0.0903266609375 0.2333102828125 0.0932680109375 0.24833617968750002 0.10040929531250001 0.2556941171875 0.1000210796875 0.25569524375 0.099827265625 0.24089556875 0.0844047890625 0.2344119703125 0.0657712203125 0.21092380937500002 0.0563656109375 0.13286173125 0.0391284046875 0.0396506265625 0.0359139359375 0.0321053578125 0.0378988484375 0.0235999984375 0.0430419296875 0.02354766875 0.0520366390625 0.0394536203125 0.06977636875 0.062074039062499996 0.0664671296875 0.1241316625 0.0828958234375 0.1847222734375 0.10323449375 0.19545017343749999 0.10342175 0.20505553906250001 0.09383313125000001 0.216376521875 0.0903266609375
0 0.1281985484375 0.08304801875 0.131559409375 0.0510883671875 0.14075133281250002 0.017347065624999998 0.1421250375 0.0024808015625 0.128139540625 0.002236684375 0.12766005625000001 0.08465298906249999 0.1281985484375 0.08304801875
0 0.3630087453125 0.0910944921875 0.37283705 0.1298763703125 0.3758175875 0.134612609375 0.3765625 0.0065729234375 0.357392903125 0.006238315625 0.3604618484375 0.0740991640625 0.3630087453125 0.0910944921875
0 0.35534141875 0.0432542375 0.34971624375 0.1006006765625 0.3506758375 0.1175683 0.35618916562499997 0.1704005875 0.36190518437499997 0.18839295 0.36445208125 0.2053882796875 0.38114049687499996 0.239488975 0.3922429203125 0.2396827671875 0.397086490625 0.23515108593749998 0.4034434015625 0.2209062015625 0.40354215312499997 0.2039321234375 0.40067195624999996 0.1645850296875 0.402314040625 0.1551965421875 0.39654323593749996 0.146620375 0.394487096875 0.13622561718749998 0.395268190625 0.0929203515625 0.3984920984375 0.08450118906250001 0.39854140312499997 0.07602661250000001 0.3871915359375 0.025917592187499998 0.3788785828125 0.00661335 0.37186489375 0.006490926562500001 0.3655641515625 0.014239503125 0.35534141875 0.0432542375
0 0.344411534375 0.2124852375 0.3980807734375 0.21395119375 0.412161971875 0.221605140625 0.43190212343749995 0.2277704015625 0.446715571875 0.22969498124999999 0.4561373125 0.22985943749999999 0.47615824375000004 0.2285428953125 0.488445471875 0.22082005468750002 0.48378354687499997 0.21280136718749998 0.49042105625000004 0.2049799140625 0.5102381625 0.1979176625 0.528144328125 0.19558444375 0.530079896875 0.18662260625 0.52636266875 0.17809125312500002 0.4991080296875 0.1686199 0.48121725781249997 0.16830761562500002 0.4614709515625 0.1632005546875 0.41909191406249996 0.163519134375 0.366324278125 0.16894792187500002 0.30031548125 0.184199515625 0.2918132015625 0.188813496875 0.2805014546875 0.19073266718749998 0.2710329296875 0.1995630171875 0.2728669171875 0.208061496875 0.2944718375 0.2174342328125 0.3104609 0.22088824843750002 0.321045625 0.227501403125 0.3232747734375 0.2275403140625 0.3293117625 0.21804236562499998 0.344411534375 0.2124852375
0 0.358954628125 0.2639893453125 0.38954156875 0.372820490625 0.3969102640625 0.38352883437499996 0.4001166234375 0.38358480156249997 0.4080107828125 0.38161830937499996 0.4133510921875 0.3732360875 0.41828787968750003 0.35533937187500003 0.4183343265625 0.3473556484375 0.40898361562499996 0.305356359375 0.4096332375 0.28464996249999996 0.4071192109375 0.262004915625 0.41437551250000004 0.19715322500000002 0.399774346875 0.1601714671875 0.391914534375 0.1468502625 0.38290886562500004 0.14857649687500002 0.36892764843750003 0.186942778125 0.36293771874999997 0.21603139374999997 0.35495373125 0.22902798125 0.3549526390625 0.229215809375 0.3585241359375 0.2470309578125 0.358954628125 0.2639893453125
0 0.39490381874999997 0.43849285312499997 0.39607706249999997 0.41873731249999996 0.39041034531249996 0.39227037187499997 0.39491705781249997 0.34526327968750004 0.4013342796875 0.31483534999999996 0.4014805953125 0.28968568437500003 0.3949522109375 0.24826722499999998 0.3977072765625 0.2294810109375 0.39455458593750004 0.225659121875 0.385548921875 0.22738535781250002 0.374333725 0.2450821828125 0.3597960140625 0.288147328125 0.3575787203125 0.3964058703125 0.364336509375 0.4172415640625 0.365274190625 0.43797566562499995 0.3752526859375 0.45034512343750005 0.3847508296875 0.4505109140625 0.3890618015625 0.442157740625 0.39490381874999997 0.43849285312499997
0 0.40881197187499996 0.4725186734375 0.41003999843749994 0.4433469375 0.400658621875 0.4186985890625 0.3981117265625 0.40170325937499995 0.3982596375 0.37627953125 0.3930617625 0.3601796421875 0.3978729703125 0.3517881859375 0.399509575 0.343341315625 0.3979661 0.335780653125 0.394289784375 0.33100790625 0.38062153125 0.3307693265625 0.3611473375 0.3078969734375 0.36099925625 0.3078943890625 0.3525839734375 0.3142707703125 0.3456399265625 0.32545014375000003 0.3429012953125 0.3414115 0.3438718453125 0.356495884375 0.36035933125 0.4330626046875 0.3801528953125 0.4870858703125 0.385290509375 0.5135435734375 0.3957684359375 0.5316190546875 0.402646740625 0.531739115625 0.412743478125 0.524381634375 0.41425327031250003 0.5116333671875 0.41426427343750005 0.5097420078125 0.41026779687500003 0.49514525000000004 0.40881197187499996 0.4725186734375
0 0.42055237031250003 0.604939296875 0.42702209687500003 0.5843344921875 0.4310161453125 0.5344933015625 0.4329065765625 0.528580696875 0.4330163640625 0.5097100265625001 0.429157215625 0.49020023906250004 0.4221771078125 0.41662461406249995 0.417028534375 0.39205015 0.41126868906249997 0.38159074375 0.39431008125 0.386003309375 0.388936903125 0.4000352484375 0.392503653125 0.4236403828125 0.3921092234375 0.49143699375 0.388312390625 0.50737988125 0.3861905109375 0.50828455625 0.37758246875 0.5326188984375 0.375896559375 0.54954034375 0.377996528125 0.5524021453125 0.3885949734375 0.5497619953124999 0.39329661875 0.56020293125 0.3942178640625 0.5837618921875001 0.39835206093750003 0.6007849281250001 0.40800323125000004 0.6165586046875 0.4118675109375 0.61662605625 0.413079225 0.6161094359375 0.42055237031250003 0.604939296875
0 0.4053821421875 0.6934596390625 0.40554715625000004 0.6650961203125 0.40188045156249996 0.65108456875 0.4033933390625 0.5729486140625 0.396547903125 0.5671788359375001 0.3934609515625 0.552057509375 0.393085240625 0.525682925 0.3858914828125 0.48883046406249997 0.37702277031250003 0.4670162109375 0.36913556718749996 0.45840310312500004 0.3578710671875 0.48457450625 0.354057796875 0.50334225 0.3517441828125 0.5372036125 0.354291078125 0.5541989421875 0.3546722671875 0.57963190625 0.35923695625 0.6136133312500001 0.3674998734375 0.6486010234374999 0.38416265625 0.6950359203125 0.3925899203125 0.7017750234375 0.39647046406249997 0.7023035265625001 0.40106418593750004 0.7023837109375 0.40477566718749997 0.69916258125 0.4053821421875 0.6934596390625
0 0.3476605078125 0.7465290140625 0.3541795375 0.7174496328125 0.354746984375 0.71086753125 0.3526579734375 0.706122490625 0.35593118437500004 0.6892287515625 0.35712467187499997 0.6616696156249999 0.35713547968750003 0.659812021875 0.3563858734375 0.6110743265624999 0.35281364531250003 0.5884108078125 0.35764848437499996 0.5716338624999999 0.35770976718749997 0.561100440625 0.350993065625 0.5375264078125 0.3467986078125 0.5308611875 0.332011184375 0.5258944953125 0.3282746125 0.5314795640625001 0.32499044375 0.55025654375 0.3254702421875 0.5587403578125001 0.3211278734375 0.5774988640625 0.3198176765625 0.6207948937500001 0.31213636093749997 0.6677465765624999 0.3097789171875 0.7091408953125 0.3112347421875 0.731767471875 0.3175017765625 0.7460025906250001 0.322607625 0.7713338875 0.330714646875 0.7714753953125 0.3428493 0.754920471875 0.3476605078125 0.7465290140625
0 0.24609947187499998 0.7385426921875 0.25929138125 0.7371854953125 0.32798035937500003 0.7468509328125 0.38731470625000003 0.7457700015625 0.42599806406249996 0.7332163671874999 0.44107936875 0.730833840625 0.44487970781249997 0.725079478125 0.45208505624999995 0.72385700625 0.452158915625 0.711161459375 0.4440304359375 0.7091900265625 0.37723085312500004 0.698499259375 0.3263833953125 0.6976117125 0.2868169015625 0.700096003125 0.21421061406250003 0.7162907453125 0.20664071874999998 0.7225084640625 0.20752385156250003 0.7325778109375001 0.2197187328125 0.7407279875 0.22626081875 0.749308646875 0.2263636359375 0.749339378125 0.23369062031249999 0.7494672718750001 0.237566409375 0.748447678125 0.24609947187499998 0.7385426921875
0 0.2926614234375 0.8080917453125 0.30397624843750004 0.8056434749999999 0.3209100109375 0.8085848265625 0.33881617343750003 0.8062516078125 0.3632982828125 0.80667894375 0.3774164203125 0.8079836859375 0.3999814296875 0.8141982578125001 0.41128086406250003 0.8143954890625 0.41600743125 0.8113030671875 0.4207770953125 0.8008032359374999 0.43587071093749996 0.7963043078125 0.45565703593749995 0.7945330625 0.45638020937499996 0.7913773796875 0.4564198359375 0.7845661484375 0.451047440625 0.7775196656250001 0.403083328125 0.7666285171875 0.33060940156249996 0.7600719375 0.321177815625 0.76255308125 0.29668955 0.76318394375 0.27783868749999996 0.7660298265625001 0.21841507343750002 0.7824546734375 0.22207997031249999 0.7999807359375 0.23615501249999998 0.808692884375 0.2587323359375 0.812791053125 0.26030340625 0.8140008046875 0.2627972265625 0.8140443359375 0.2757307390625 0.80462129375 0.2926614234375 0.8080917453125
0 0.5285529828125 0.801390521875 0.5464560671875 0.79958640625 0.5530258578125 0.8034051609375 0.5596510546875 0.79770010625 0.578526540625 0.7906214203124999 0.5973650890625 0.789891940625 0.617117553125 0.7939408 0.61892999375 0.806142984375 0.62830309375 0.813714753125 0.632109590625 0.8069021890625001 0.6331466328124999 0.790516509375 0.7038296671875 0.7811672015625 0.737702421875 0.7838742421875 0.737702678125 0.7838304296875 0.7321767578125 0.7647290640625 0.703989734375 0.7536539734375001 0.662607725 0.7444651796875 0.6437722546875 0.744665559375 0.557078609375 0.7542645546875 0.5042709578125 0.7665716515625001 0.49006662968750003 0.780081725 0.49283607968750004 0.7896548421875 0.5040462484375 0.8051959906249999 0.5198506359375 0.812280584375 0.5200391828125001 0.812283875 0.522884796875 0.804466509375 0.5285529828125 0.801390521875
0 0.555455925 0.6960416656249999 0.5611148765625 0.6945529796875001 0.6006382718750001 0.6994760984374999 0.6298315578125 0.699456515625 0.6542982765625001 0.702529353125 0.695738771875 0.7016652375 0.7098876921875 0.697678975 0.71745143125 0.69251945625 0.7419735578125 0.6860684874999999 0.7726589703125 0.68451474375 0.7726596406249999 0.6843994953125 0.7514297703125 0.6793545390625 0.7204548265625 0.661880934375 0.711054021875 0.6590710718749999 0.6561861734375001 0.6537064875 0.6258189468750001 0.6531764250000001 0.6131502109375 0.6531289203124999 0.5764085765625 0.6556625171875 0.5424702546875 0.6619491281250001 0.5274074203125 0.66115705 0.5123230375000001 0.6640686765625 0.49342292499999996 0.6753801687500001 0.491471965625 0.6869875078125001 0.52904748125 0.7029888640624999 0.5457039406249999 0.7049084078125001 0.5532994234374999 0.7050409875 0.55352035625 0.705003503125 0.555455925 0.6960416656249999
0 0.674044603125 0.5432490249999999 0.6726052124999999 0.5177975890625001 0.6674511609375 0.49416474531250004 0.6595749140625 0.483668396875 0.6500784953125 0.478794059375 0.63777770625 0.5011805140625001 0.636670203125 0.5096366203125 0.6413335 0.5266688921875 0.6397133296875 0.532290903125 0.6406564875 0.552083384375 0.6281201375000001 0.61495948125 0.6254582 0.6177381609375 0.6279119671875 0.6507410250000001 0.6336444203125 0.6659085296875 0.6377293140625 0.691406140625 0.6360653187499999 0.7045611093749999 0.640210471875 0.71970090625 0.64971236875 0.7236336234375 0.6571636 0.7162299640625001 0.6669010609375 0.6796730375 0.6754981453125 0.6572219359375 0.6792894984375 0.642220671875 0.682495396875 0.60362044375 0.682580909375 0.5889218781250001 0.679727753125 0.5668911046875 0.674044603125 0.5432490249999999
0 0.78124443125 0.5517904406249999 0.7812590234375001 0.5492822375 0.7744909718749999 0.542362996875 0.7547662125000001 0.5335522328125 0.7472794265625 0.5254842359375 0.6475016124999999 0.5179219109375001 0.620176175 0.52061986875 0.5560906359375 0.529026028125 0.5428556328125 0.5377906328125001 0.5446834625 0.5473473140625 0.5634542890625001 0.558258046875 0.5700394703125 0.5594312984375 0.621850096875 0.5566315765625001 0.6613734921875001 0.5615546953125 0.6722959656249999 0.5664787984374999 0.6795456828125 0.5666053421874999 0.764028496875 0.56017161875 0.78124443125 0.5517904406249999
0 0.6581732953125 0.6093879984374999 0.66144650625 0.5924942578125 0.6765187953125 0.54849673125 0.6813945609375 0.5242398859375 0.6813961796875 0.523961484375 0.679366990625 0.513702984375 0.6814989015624999 0.506305228125 0.6817220984375 0.46794089375 0.6752515109375 0.40250875312499995 0.6743686125 0.37235845625 0.668625203125 0.359074190625 0.6570069015625 0.35510453124999997 0.649021090625 0.3634405765625 0.642044178125 0.3802696671875 0.6446184625 0.3925569 0.64265864375 0.456559325 0.6383327140625 0.4724929734375 0.643536065625 0.4876512421875 0.6431306796875 0.557331090625 0.64670290625 0.579994609375 0.64754056875 0.617614428125 0.6478986250000001 0.617620678125 0.6528384671875 0.6168286000000001 0.6581732953125 0.6093879984374999
0 0.7228853484375 0.43177432812500005 0.7304367765625 0.4287312140625 0.7389113515625 0.42887913749999995 0.7460379640625 0.4255092546875 0.746040778125 0.4250254765625 0.7333324343750001 0.41661120937499996 0.6826019484375 0.39561784375000003 0.667622225 0.380540053125 0.6468881234375 0.3833530625 0.603619796875 0.37466049687499997 0.5814027625 0.361746625 0.57111115625 0.361566984375 0.5613023234375001 0.3643970671875 0.5556587625 0.3632402484375 0.5198279671875 0.37108128906250004 0.5187878453125 0.38799606875000003 0.5309765703125 0.397204446875 0.6560088109375 0.434311075 0.6659363468749999 0.4351044625 0.67466986875 0.43525690624999996 0.6833250140625 0.43320041875 0.7228853484375 0.43177432812500005
0 0.5665167203125 0.356616915625 0.580677953125 0.3505142484375 0.6013781921875 0.3535213453125 0.61174524375 0.3521148390625 0.70588873125 0.35693304531250003 0.7427227109375 0.3385264328125 0.7434345515625 0.3358013109375 0.7434654421875 0.3304918078125 0.7221209749999999 0.31858811875000004 0.679794265625 0.30991199062499997 0.6553090781249999 0.310013753125 0.57238806875 0.31862029375 0.5252455265625 0.328380503125 0.5148323031250001 0.33772351562499997 0.526014765625 0.3580265671875 0.5358948390625 0.359389621875 0.540602946875 0.35947180156249997 0.550506109375 0.35686660312499996 0.5665167203125 0.356616915625
0 0.6715376875 0.33830498124999997 0.6718446734375 0.28553849531250003 0.669843309375 0.272183478125 0.660075265625 0.223043784375 0.64145494375 0.14926498125 0.6351495625 0.14162119687500002 0.618736490625 0.1432181359375 0.611743140625 0.16287208749999998 0.6198745812500001 0.22045864843750002 0.6187615984375 0.229856375 0.6223283484375 0.25346151250000004 0.6216294234374999 0.2826424828125 0.62361435 0.3052782953125 0.639175109375 0.3592276765625 0.6395836890625 0.37995254375 0.6483167453124999 0.3879171515625 0.6494243546875 0.387936484375 0.667773928125 0.3550182953125 0.6715376875 0.33830498124999997
0 0.6187535984375 0.1876695640625 0.6165933703124999 0.19516558125 0.622331303125 0.2093914640625 0.637864671875 0.2680489421875 0.643820809375 0.281577884375 0.6569350375 0.28180679375 0.6648214078125 0.27322805 0.6718038015625 0.2554573390625 0.6655148546875 0.244988696875 0.6666114015625 0.23841583125 0.6614299609375001 0.21949108437499998 0.6626251171875001 0.19596906875 0.6696458562500001 0.17160701875 0.663345953125 0.1630216171875 0.6639900953125 0.143256840625 0.66508664375 0.136683975 0.6704214765625001 0.129243375 0.667268784375 0.1254214828125 0.6678691015625 0.1131896640625 0.6657855671874999 0.10750300156249999 0.6516094171875 0.088421253125 0.648544378125 0.0695334484375 0.6422280406249999 0.06377290468749999 0.6412301 0.05339661875 0.63274805625 0.0560737109375 0.618308953125 0.0821896984375 0.6150217140625001 0.11444174062500001 0.614944384375 0.127733765625 0.6183285828125 0.1697695578125 0.6187535984375 0.1876695640625
0 0.6205886640625 0.05570976875 0.6210684625 0.06419358124999999 0.6275578171875 0.1311686328125 0.6352971109375 0.1652054703125 0.6425566078125 0.190758496875 0.6483328890625 0.19839304375 0.6557293375000001 0.2004055796875 0.6658534656249999 0.1883399984375 0.6691211984375001 0.172387878125 0.66877835625 0.140363578125 0.670993365625 0.123451365625 0.66734444375 0.11397052187500001 0.667393746875 0.10549594531249999 0.6747647515625 0.05221799218749999 0.674861925 0.0355153703125 0.6726212968749999 0.0255414 0.6748034374999999 0.0142789078125 0.67235973125 0.0117360828125 0.6277908578125 0.0109581296875 0.6254491765625 0.0388437359375 0.6205886640625 0.05570976875
0 0.6363725265625 0.11639056249999999 0.650471984375 0.14865498593749998 0.653904265625 0.1460542984375 0.6546875 0.0114276125 0.624627575 0.010902915624999999 0.6218754468750001 0.0615180328125 0.6363725265625 0.11639056249999999
0 0.9394621750000001 0.0226490078125 0.9048458265624999 0.027526484375 0.8831854984374999 0.027677556250000002 0.8237403359375 0.0478061078125 0.8077112546875 0.051230399999999995 0.7954209484375 0.0594823390625 0.7934853796875 0.0684441765625 0.7972087640625001 0.075917328125 0.8226449062500001 0.08624161875 0.8270581625 0.086318653125 0.8989590875 0.068168609375 0.9413319687499999 0.06890823125 0.9828032453125 0.062753109375 0.9941303859374999 0.058188435937500005 0.9997624484375001 0.0582867453125 0.9999521265625001 0.0256837234375 0.9847044953124999 0.023438715625000002 0.9394621750000001 0.0226490078125
0 0.8843446765625 0.0375101953125 0.8810714640624999 0.0544039359375 0.87894410625 0.0562502328125 0.886743659375 0.07992925468749999 0.89252541875 0.0866221828125 0.895623328125 0.09986026875000001 0.8955795015625 0.10739322656250001 0.891259046875 0.12238525468749999 0.8900145890625 0.15438185 0.8857270015625 0.1637241625 0.8840137015625 0.18535370625 0.8851618531250001 0.1967189640625 0.933516496875 0.197562996875 0.9366426406249999 0.163731790625 0.9368091 0.135119615625 0.9363805031249999 0.09774654375 0.932758971875 0.0835576015625 0.9329178390624999 0.0562506328125 0.924589184375 0.032562375 0.9177711390625 0.0220844984375 0.9051501296875 0.0157994546875 0.903352765625 0.01576808125 0.8827957218750001 0.030891151562500004 0.8843446765625 0.0375101953125
0 0.9006336953125 0.1440228734375 0.8893096343750001 0.148058446875 0.856331403125 0.1511868890625 0.8412408625 0.1551567171875 0.8308461078124999 0.1613251265625 0.8279319828125 0.176619734375 0.8549373656249999 0.1883781 0.859545978125 0.18845854374999998 0.8749791015625 0.18326164218750002 0.952207296875 0.18196389375 0.9888873671875 0.19001230625 0.9989959578125 0.1900352359375 0.9992935468749999 0.138884084375 0.9656423859375 0.1388077546875 0.9006336953125 0.1440228734375
0 0.9528648109375 0.32995767656249997 0.9473477812500001 0.295959875 0.9296980093749999 0.23726545468750002 0.907297290625 0.17660467500000002 0.896775540625 0.16606215156249998 0.8829860578125001 0.1714717453125 0.8775745328125 0.1920950203125 0.87114863125 0.20516687031249997 0.8789974890625001 0.220371315625 0.9116843953125 0.3320642625 0.9121300953125001 0.3378289765625 0.9525480406250001 0.338534475 0.952823175 0.3371144546875 0.9528648109375 0.32995767656249997
0 0.9605809671875001 0.34665425 0.9606207890625 0.339809328125 0.953637565625 0.32543394062500003 0.9516033359374999 0.3112727078125 0.9548929812500001 0.2915541078125 0.9493505265625 0.2255373 0.8920489390625 0.224537096875 0.896464121875 0.238739890625 0.8958145015625 0.2594462875 0.90315069375 0.2718166390625 0.9072629765625001 0.292606153125 0.91094476875 0.29643728125 0.9281037859374999 0.348531128125 0.9296308265625 0.35891665 0.9391342281249999 0.36799085 0.9444157765625001 0.368083040625 0.9576512421875 0.3631726078125 0.9605809671875001 0.34665425
0 0.8801838640625 0.41077303593750003 0.8859108390625 0.42688215781250005 0.8857793624999999 0.449481028125 0.8832997625000001 0.4545251421875 0.941195609375 0.4555357171875 0.9412094015625 0.453165096875 0.9295983828125 0.3758503921875 0.9197974703125 0.332360415625 0.9135249578125 0.3190669171875 0.9035323078124999 0.3085336265625 0.8868147390625 0.2715149265625 0.8773237999999999 0.26569897187499997 0.86829074375 0.27213330625 0.8639847125 0.297050975 0.8639799937499999 0.29786212968750003 0.8813516281249999 0.391959115625 0.8801838640625 0.41077303593750003
0 0.886874509375 0.45988983125000005 0.8915949203125001 0.45785560781249995 0.894453640625 0.45208481093749997 0.9095657265625 0.44441127968750005 0.9227699484375 0.4409376796875 0.9959750203125 0.440692015625 0.9962800546875 0.3882611234375 0.9871109796875001 0.38861617656249997 0.9644844062500001 0.39298361718749997 0.9475321765625001 0.39321686875 0.9333647875000001 0.40037773593750003 0.9201882687499999 0.39908943125 0.9117044578125 0.4005288078125 0.83714413125 0.428859990625 0.8276940749999999 0.43451573593750004 0.8295219062499999 0.4440724171875 0.846424884375 0.4523047734375 0.8595921687500001 0.45518038125000004 0.8807907593750001 0.468545275 0.8845048078125 0.4686101046875 0.8887084968750001 0.46838831093750005 0.886874509375 0.45988983125000005
0 0.93708181875 0.5860809312499999 0.937317890625 0.58486251875 0.9373903921875 0.5724004625 0.9291859421875 0.48800472656249994 0.9341121921875001 0.4598392578125 0.9335986125 0.43628741406250005 0.8830586703125001 0.4354052359375 0.8831596734374999 0.48625962031250003 0.8872007421875001 0.519290190625 0.8954800921875 0.5514530234375 0.8989482343749999 0.5920073140625 0.90892445 0.6053654625 0.9113584781249999 0.6065928 0.923032025 0.6067965625 0.9242628875 0.6065749109375 0.93708181875 0.5860809312499999
0 0.9130543375 0.6095917875 0.8583480546875 0.6245115125 0.8535722375000001 0.63606954375 0.8620037187499999 0.643624875 0.8779804703125 0.6491952921874999 0.8882921109374999 0.657312596875 0.8989998734375 0.6595074750000001 0.9063063234375001 0.659635009375 0.9184885812499999 0.6467274390625 0.9382533578125001 0.648659896875 0.9467433249999999 0.6461623203125 0.9891408328125 0.6426691375 0.9963603703125001 0.643054171875 0.9966049421875001 0.60101589375 0.9516976796875 0.6039164578125 0.9130543375 0.6095917875
0 0.9547830875000001 0.6704648265625 0.9039233171875001 0.671693684375 0.797394096875 0.6915295312499999 0.7898118890625 0.6998636546875 0.790707334375 0.7078165984375 0.8047546750000001 0.72129065 0.8160479531249999 0.722546084375 0.82918753125 0.730183596875 0.8381441265625 0.7318901906249999 0.8431472718749999 0.731977521875 0.85273725625 0.729007196875 0.871643525 0.7166375046875 0.88578013125 0.7147676421875 0.9112038609375 0.7152114140625 0.9460006906249999 0.72322695625 0.9704704890625001 0.7257706921875 0.98078520625 0.7333588984375 0.9902352625 0.72770315 0.9921554406249999 0.7213868171875 0.9884259015625 0.7149718671875 0.9950695671875 0.7060922125 0.995995121875 0.7058350875 0.9961624562500001 0.6770727265625001 0.98677660625 0.67472735625 0.9547830875000001 0.6704648265625
0 0.9064249421874999 0.7611933578125 0.865959925 0.756253803125 0.7859222609375001 0.754856740625 0.745398759375 0.759970096875 0.736884165625 0.7667004796875 0.7368533828125 0.7719914859375 0.7443155406249999 0.784292284375 0.7941382671875 0.799449109375 0.80859766875 0.7959974187500001 0.8205251640625001 0.7962056140625 0.8619317984375 0.8011616046875 0.8873216656249999 0.8074254828124999 0.8938914562500001 0.8112442390625001 0.8954457843749999 0.8157113046875001 0.905220228125 0.81588191875 0.919296715625 0.8148626140624999 0.9288563625 0.8162944890625001 0.93681230625 0.816433359375 0.952296496875 0.8080304671875 0.96264815625 0.809269465625 0.995408559375 0.806656740625 0.99551976875 0.7875413250000001 0.9459329484375001 0.7687619765625 0.9064249421874999 0.7611933578125
0 0.8902053671875001 1 0.8975341453125001 0.9767503218750001 0.897596084375 0.96610399375 0.8908480093750001 0.959545034375 0.887744621875 0.947248565625 0.8916729312499999 0.9087068109375 0.8925635906249999 0.8465691546875 0.8895423765625001 0.82014839375 0.879659290625 0.7907827109375 0.8786723078125 0.7785231859375 0.870173828125 0.784025134375 0.8617082187499999 0.7838773671875 0.8569079687500001 0.7903855859375 0.853634759375 0.807279325 0.8529687031250001 0.8308105796874999 0.8464661078125 0.8570651015624999 0.8456466624999999 0.9069617046875 0.8487719609375001 0.91549169375 0.8484542265625 0.9701056296875 0.851508309375 0.9908766734375 0.8574053312500001 1 0.8902053671875001 1
0 0.6188474453125 0.9632057671875 0.625278825 0.9491923 0.6289309375000001 0.94682790625 0.6289404328125 0.9451959406249999 0.6263918078125 0.939794575 0.6243630578125 0.9246917187499999 0.6229346234375 0.8973570453124999 0.6258156875 0.8569135812500001 0.6284995375 0.8503684203124999 0.6291655921875 0.8268371671875 0.6181092625 0.817227025 0.6082371328125 0.7859781046875 0.6024389390625 0.7821100375000001 0.59564280625 0.76786568125 0.5870128515624999 0.7959665015625 0.583668425 0.8251012953125001 0.5851899875 0.8364284375000001 0.5842281109374999 0.9108071484375 0.5862349499999999 0.9296764828124999 0.590380103125 0.9448162796874999 0.5943663890625001 0.98726304375 0.5985444109375 0.996753125 0.6081604875 0.9997784203125001 0.611855065625 0.999842909375 0.6197577359374999 0.9886479671874999 0.6188474453125 0.9632057671875
0 0.31158817656250004 0.9060138671875 0.3304113328125 0.907929890625 0.3859822796875 0.9062541140624999 0.4576654203125 0.88686833125 0.4637154375 0.873549953125 0.4637302859375 0.8709975921875 0.4615488703125 0.86682825625 0.435189678125 0.8653098453125001 0.399438915625 0.8593942718750001 0.3928475796875 0.8592792203125 0.38623469374999997 0.8628678703125001 0.369297853125 0.8604556203125 0.329709815625 0.8666436140625 0.313656109375 0.8743007078125 0.2948329515625 0.8723846859375 0.28635221875 0.8732949640625 0.279739334375 0.8768836140625 0.26939383281249996 0.8745864171875001 0.23920967656249997 0.8830551718749999 0.22881184375000002 0.8897526828125001 0.22879029687500002 0.8934563859375 0.2372494796875 0.8962498140624999 0.24002508749999998 0.9047647296875001 0.25572688593750004 0.9108057593750001 0.2859249265625 0.91133286875 0.303088975 0.9100987484375 0.31158817656250004 0.9060138671875
0 0.1352365703125 0.928647096875 0.135384303125 0.903254021875 0.13534322031249998 0.900222921875 0.1254656109375 0.8699156203125 0.1241796109375 0.8180988375 0.1166210953125 0.7529885546874999 0.0905252796875 0.7188404546875 0.089892021875 0.7188294015625 0.086119525 0.72043783125 0.078106321875 0.7334819718750001 0.0799871625 0.77400855625 0.07813690625 0.8191785906250001 0.0888919359375 0.880577809375 0.104441740625 0.9364104281250001 0.11129782968749999 0.9426632312500001 0.12006215312499999 0.9428162140625 0.13249502500000002 0.93501666875 0.1352365703125 0.928647096875
0 0.1245372328125 1 0.127327625 0.99703273125 0.1316261671875 0.9858071796875001 0.129166921875 0.9537459359374999 0.1314367125 0.9274175296875 0.12680080625 0.9056771609375 0.1259014734375 0.8783517203125 0.11251189843750001 0.8150230875 0.1104283640625 0.8093364281250001 0.105159271875 0.8054775921875 0.10205040781250001 0.7941227453125 0.093601234375 0.7911501171875 0.0856428125 0.794778065625 0.0813661828125 0.8022371375 0.0780874953125 0.8200724984375001 0.07776428125 0.8756280546875 0.08340360625 0.9068030890625 0.08435224375 0.9256539515625001 0.09006278749999999 0.9445879343750001 0.08895528124999999 0.9530440390624999 0.09367883906249999 0.9597184953125 0.099814396875 0.9965524859375 0.1014410984375 1 0.1245372328125 1
0 0.8692710265624999 1 0.8699838140624999 0.8774823828124999 0.8641293343750001 0.8844933421875 0.8603708484375 0.8938448890625 0.849816228125 0.88895208125 0.8444868781249999 0.8954510640625 0.840651696875 0.9179852859375 0.8349717390625001 0.9847479203124999 0.8343112250000001 1 0.8692710265624999 1
0 0.5934717359375 1 0.594266365625 0.9960011609375 0.5942973015625 0.9906835046875001 0.5930851671874999 0.9692504156249999 0.586011928125 0.9116823234375 0.5846711453125 0.8692817375 0.57995854375 0.860724040625 0.58212425 0.8522864078125 0.5726497453125 0.84364559375 0.5668296390625 0.843544003125 0.5641567453125 0.8482059234375001 0.548391009375 0.9204428 0.5471903765625 0.9449064390625 0.5486681140624999 0.9637665375 0.5464695374999999 0.9778538890625 0.5485705375000001 1 0.5934717359375 1
0 0.385463709375 1 0.38509717656250003 0.9917286078125 0.3799814734375 0.961504425 0.366526159375 0.9094752250000001 0.3549845546875 0.8923228921874999 0.350883225 0.8696501390625 0.3450850328125 0.86578206875 0.3323756640625 0.8674436578125 0.32699153124999997 0.8833588359375 0.326413125 0.8918241765625 0.32950007812500004 0.906945503125 0.325708721875 0.92194676875 0.3304377609375 0.9276796046875001 0.33660618750000004 0.9588638765624999 0.33695450781249997 0.9899465578125 0.33640349375 0.9937038015624999 0.32740330625 0.9944884187499999 0.32532525 0.9878601390625 0.31524494999999997 0.9923927625 0.32100056875 1 0.385463709375 1
0 0.14888537968749999 1 0.149206975 0.9447224390625 0.1429772953125 0.8820222281250001 0.135155828125 0.8621096828124999 0.1251138734375 0.8600509703125001 0.11443873593750001 0.87587379375 0.1106419015625 0.8918166781249999 0.10743990781249999 0.8964693625000001 0.10520846406249999 0.9162064328125 0.0988592578125 0.9160956078125 0.10646159687500001 0.9736729328125 0.10053740468750001 0.9914621171875 0.1024787484375 1 0.14888537968749999 1