0 0.887675971875 0.5540171484374999 0.8847305671875001 0.5523920984374999 0.87912029375 0.561464575 0.8819579515625 0.5692624640624999 0.8767975328125001 0.5809573390625 0.871579015625 0.62437514375 0.8708037171875 0.6468650203124999 0.8706681484375001 0.6546317421875 0.873027878125 0.6833425203125 0.8697838921875001 0.705290771875 0.8696225796875 0.7145323671875 0.8708163359375 0.7248580375 0.8785065640624999 0.7385977375 0.8794908546875 0.7443356015625 0.9098234984375001 0.7429228359375 0.9088722484374999 0.7310156109375 0.9117218265625 0.709736075 0.914102684375 0.65852038125 0.9114959140625001 0.637494978125 0.91189611875 0.6145672890625 0.887675971875 0.5540171484374999
0 0.9208005421875001 0.5417880453125 0.9173402375 0.5128723421875 0.9141604734375001 0.4962792125 0.9083928 0.4859744390625 0.8947040140625001 0.47515747968750005 0.8865366187499999 0.48875464218750003 0.8758019296875 0.5394032015625 0.875616678125 0.550016290625 0.879183521875 0.5692787906250001 0.8771566906249999 0.6002122984375 0.880832490625 0.6167823234375 0.8819511656250001 0.6378770359375 0.8812858171875 0.647600315625 0.8771543015625 0.6570155640625 0.9055093328125 0.6556949078125001 0.9117900328124999 0.6320816828125 0.9174156968749999 0.622127371875 0.9176004062500001 0.6115453609375 0.92179955 0.5981330234375 0.9189772828124999 0.5894533 0.9208005421875001 0.5417880453125
0 0.9016014703125 0.4806020359375 0.8977255734374999 0.47549585624999996 0.89636061875 0.4685104921875 0.89817195625 0.44992266406250003 0.9052549296875 0.44166271406249996 0.8918124234375 0.41673640624999997 0.8865522046875001 0.4152191703125 0.8830138453125 0.415383971875 0.8793808437499999 0.4190776515625 0.8679601937499999 0.44868644687500003 0.8653261125 0.45762030468750003 0.8607041640625 0.5099257781250001 0.859469840625 0.580640053125 0.8623364984374999 0.6005005515625 0.869965159375 0.6177675875 0.8798653421875 0.6319096203125001 0.8809025421875001 0.6318613109375 0.8911252046874999 0.6264743312500001 0.899554271875 0.5978859875 0.9020617453125 0.5678112125 0.9024003796875 0.548410859375 0.8998090015625 0.526503621875 0.9016014703125 0.4806020359375
0 0.9001049421875 0.47878835000000003 0.8978368046874999 0.4383625953125 0.8904544265625001 0.4069862125 0.8902200671875 0.3920181328125 0.8961227984375 0.3661908078125 0.890632190625 0.3400130171875 0.8847567734374999 0.335881084375 0.87539321875 0.3354842671875 0.8748173015624999 0.335511090625 0.8667149203125 0.3472948046875 0.8609929296875001 0.403939603125 0.8600041171875 0.46058861718750005 0.8615256859375 0.5026131421875 0.8652322671875 0.5174194984375 0.8792169843750001 0.5396772000000001 0.8861922140624999 0.5375900875 0.8954440265624999 0.518655715625 0.9001049421875 0.47878835000000003
0 0.8694325468749999 0.43003731093750003 0.8691093046875 0.4485558296875 0.879233515625 0.464825515625 0.8867047749999999 0.46271530156249996 0.8943915312499999 0.44825940781250007 0.8967758625 0.42523930468750004 0.8982877984375 0.3670151453125 0.8950310703125 0.3548311875 0.8899560609374999 0.30484387343749997 0.8751793828125001 0.27116853281250003 0.859953996875 0.258141875 0.8590112484375 0.2581857828125 0.8493655609375 0.265085996875 0.848955784375 0.288562071875 0.84885046875 0.33142968125 0.85626363125 0.361042396875 0.8588550109374999 0.3829496328125 0.8645303265625 0.3985454140625 0.8633843390625 0.4074099609375 0.8694325468749999 0.43003731093750003
0 0.8915322984375 0.3587223734375 0.8897328812499999 0.348232775 0.8923053937500001 0.3428262546875 0.8919478953125 0.334912846875 0.88689175 0.3122392921875 0.8731225281249999 0.2776359109375 0.87532215 0.265197821875 0.8680355984375 0.25672602499999997 0.8647173015625 0.248069403125 0.8649789734375 0.2330782203125 0.8622798484375 0.21734382343749997 0.8584501265625001 0.209592140625 0.846606934375 0.20661927656249998 0.8391048890624999 0.210493159375 0.8345250156249999 0.22087236093749998 0.8338271578124999 0.2608525734375 0.8337359171875001 0.290924896875 0.8475701828125001 0.350196534375 0.853957025 0.35342353125 0.8573215015625 0.3594346484375 0.8653230515624999 0.38373325625 0.8711061140625 0.39315619375 0.88694164375 0.3989568078125 0.8954303765624999 0.39856143906249997 0.8967920171875001 0.39812767656250003 0.8999221328125 0.3891707140625 0.8939543593750001 0.3903297859375 0.8915511625000001 0.38603613124999997 0.8898748859375001 0.3684918578125 0.8915322984375 0.3587223734375
0 0.8866303500000001 0.1787745859375 0.8714653875 0.13894951093750002 0.8671242421875001 0.13210276406250002 0.8572805703125 0.128155653125 0.8578689562499999 0.1228415453125 0.8614027484375001 0.1191524875 0.8604722546874999 0.1156713578125 0.8550005125 0.11680732499999999 0.8519011828125 0.1240006171875 0.8523048609374999 0.12926851875 0.85427359375 0.130057940625 0.8555000171874999 0.1449798125 0.8536425031249999 0.16621314375000001 0.849970178125 0.1778387109375 0.843460196875 0.1816663859375 0.8427734609374999 0.19553315468750002 0.8424412468750001 0.2145657078125 0.854925521875 0.26307628906249997 0.856820765625 0.296470475 0.8519254921874999 0.321369759375 0.8567626687500001 0.328193403125 0.8561127109375001 0.3370348484375 0.859942434375 0.34478653125 0.8721480515625 0.35437016875 0.87361056875 0.3543020515625 0.8786531078125 0.3518451234375 0.8822330765625 0.3455105625 0.8876243828125 0.32058817500000003 0.89224259375 0.3115619046875 0.8921825265625 0.201425040625 0.8866303500000001 0.1787745859375
0 0.870773559375 0.124634665625 0.8706777328124999 0.1017300796875 0.8776991390625 0.096997465625 0.8788451281249999 0.0881329171875 0.8630302078125001 0.0571492859375 0.8536056046875 0.057588243750000004 0.846041990625 0.0649894625 0.839347296875 0.0793991515625 0.835384440625 0.08219311562500001 0.835379628125 0.0824687921875 0.8380627765625001 0.09620020781250001 0.83471774375 0.12038816875 0.8337262109375001 0.1771930390625 0.8362037609374999 0.23109773906250003 0.844159134375 0.2580418484375 0.851160759375 0.26791880468749996 0.857104603125 0.267641965625 0.8757477687499999 0.237186003125 0.8802274453125 0.236096240625 0.8752944406250001 0.20636801093749998 0.8710694890624999 0.1360754078125 0.872215478125 0.127210859375 0.870773559375 0.124634665625
0 0.86250311875 0 0.8601439203125001 0.00370903125 0.8520723531250001 0.04021078125 0.8497646609375 0.063335984375 0.8486747546875 0.125776671875 0.85218206875 0.1758977359375 0.8685084125 0.2059764265625 0.8760357453125 0.208994734375 0.8838091859375 0.2086326796875 0.8883342890625 0.205934140625 0.8937102046875 0.1818935859375 0.8914609328124999 0.16878158593749998 0.8947757578125 0.14924261875 0.8906312406250001 0.10273643437499999 0.8864901968750001 0.0844258421875 0.8871212890625 0.048270640625 0.883276175 0.0414007890625 0.8834454921875 0.0317006140625 0.887660025 0.017406442187500003 0.884508059375 0 0.86250311875 0
0 0.8333522921875 0 0.8500312937500001 0.054685953125 0.8634003109374999 0.112217021875 0.8595586703125001 0.133542765625 0.875666046875 0.147771546875 0.8840985859374999 0.14737879375000001 0.889197434375 0.13921125625 0.8913047031250001 0.1320641703125 0.8913404625 0.0448318921875 0.8829284296875001 0 0.8333522921875 0
0 0.8727274109375 0 0.8712596796875 0.0840862671875 0.872642084375 0.0858156484375 0.875637346875 0.0856761421875 0.8779774796875 0.08515275 0.8830455453124999 0.0787488765625 0.8888559218750001 0.05821255937499999 0.8983113093749999 0.056009932812499996 0.905874925 0.0486087109375 0.8983232296875 0.026932504687499997 0.9009573124999999 0.0179986484375 0.8997088718749999 0 0.8727274109375 0
0 0.6291259359375 0 0.6278600265625001 0.0184997390625 0.6345428 0.0331674796875 0.63868384375 0.0514780703125 0.635680340625 0.081575946875 0.6427360046875 0.103275259375 0.648541784375 0.1071818953125 0.6521025203125 0.1070160515625 0.658097596875 0.103440896875 0.661657975 0.0982286703125 0.6633725625 0 0.6291259359375 0
0 0.6375788890625 0 0.6291104234375 0.0167467265625 0.6263531999999999 0.0327352578125 0.62060439375 0.049744242187499996 0.615056709375 0.0933269 0.6143607484375 0.13319855625000002 0.6170383140625 0.1688611703125 0.6259857515625 0.195759071875 0.63423358125 0.2059483296875 0.6372251640625 0.20492788125 0.6465077625 0.1842298375 0.6582362625 0.1369843546875 0.65837479375 0.1290478484375 0.6555371359375 0.1212499578125 0.6557491578125 0.0807086875 0.6579026015625 0.07091609843749999 0.663497484375 0.062725459375 0.6621633140625 0.053976424999999995 0.6670089375 0.0035270515625 0.6654966015625 0 0.6375788890625 0
0 0.5597364796875001 0.13598797499999998 0.5411400359375 0.141314775 0.5243851859374999 0.14209514375 0.49866480312499994 0.151718775 0.49525239374999996 0.1592594765625 0.4952224625 0.16097427656250002 0.4966154109375 0.1681699671875 0.5133269703125001 0.16986975625 0.5317242734375001 0.1759516859375 0.5377672390625 0.183104659375 0.5332281937500001 0.190750496875 0.5445621640625 0.19765703437499998 0.5661081546875 0.1984501671875 0.569993746875 0.19826919375000002 0.5860083734375 0.19572664687500002 0.60462213125 0.189407784375 0.6179708609375 0.1818472578125 0.66824406875 0.179010115625 0.6822581750000001 0.1838093140625 0.6878453734375001 0.192780165625 0.68939566875 0.19270795937500002 0.699842909375 0.1859640609375 0.7148860421875 0.182289646875 0.7353154187500001 0.17291244687500001 0.7371388578125 0.1652258140625 0.7371458125 0.1648273640625 0.7285464687500001 0.156871978125 0.717999090625 0.155380715625 0.7101405062499999 0.151286078125 0.6486805171875 0.138784140625 0.5994017015625 0.1351317953125 0.5597364796875001 0.13598797499999998
0 0.6583866140625 0.14698491875 0.653284290625 0.126956865625 0.64846250625 0.1192513875 0.6385880484374999 0.1170679453125 0.6309628625 0.127996503125 0.5999268546875001 0.2307705171875 0.599153759375 0.2466666359375 0.59656479375 0.2583001390625 0.596442053125 0.26533196875 0.6026140609375 0.2755823421875 0.60759324375 0.30266506875 0.6198589765625 0.33821959218750003 0.6263440796874999 0.33927776875000004 0.6285102359375 0.339176878125 0.635916703125 0.326898284375 0.6504058984375 0.2918598640625 0.645019565625 0.2313136421875 0.6478691453125001 0.21003410625000002 0.647711746875 0.1906568578125 0.6583866140625 0.14698491875
0 0.643133290625 0.2466227984375 0.6490206281249999 0.2216773078125 0.6483518078125 0.20320499375 0.642957028125 0.199931790625 0.6386466671875 0.19132137656249998 0.6317176156250001 0.190762984375 0.6205740296875 0.204498765625 0.6192433312500001 0.223945325 0.612456284375 0.243646015625 0.6121742453125 0.3449876421875 0.62485905 0.384928234375 0.6349832578125 0.40119792031249996 0.6430305656249999 0.40251100156249997 0.6434490921875 0.4024915078125 0.646422775 0.39890288125 0.6442504640625 0.3813817109375 0.6519337484375 0.33873022656249996 0.65177635 0.3193529765625 0.6463319203125 0.290529684375 0.643133290625 0.2466227984375
0 0.6652624109375 0.2843640328125 0.6589987093749999 0.2740823625 0.6511699484375 0.2682791703125 0.632364515625 0.290301865625 0.619550528125 0.2908986859375 0.61600134375 0.29546957812499997 0.614390109375 0.3025935609375 0.6157396703125 0.310460759375 0.6200654250000001 0.318189340625 0.6148434359375 0.33341155312500004 0.6144278390625 0.357221075 0.611670615625 0.37320960625 0.6023418406250001 0.39655315 0.6028567359375 0.42384380468750005 0.6009992234375 0.4450771359375 0.5977988109375 0.4559317734375 0.597591396875 0.4678144875 0.598041896875 0.47252951249999997 0.607299759375 0.479114215625 0.6138119296875 0.4788109078125 0.6240048640625 0.461627978125 0.6293961718750001 0.4367055890625 0.64912275 0.3855631203125 0.6662425546875 0.313395253125 0.667480896875 0.2992396984375 0.6652624109375 0.2843640328125
0 0.6321633453125 0.4946037859375 0.6309523140625 0.4788000796875 0.6234160109375 0.45624203750000003 0.6214472765625 0.45545261562499995 0.618236725 0.4406231546875 0.619344984375 0.377131090625 0.62320201875 0.354923515625 0.6184725875 0.34192703281250003 0.602676534375 0.338257159375 0.59705086875 0.34821146875000003 0.591690346875 0.37137018906249997 0.5835452890624999 0.44047669999999994 0.5792384015625001 0.460061878125 0.57886930625 0.4670888609375 0.578731553125 0.474980771875 0.580837715625 0.48201532187499996 0.5834941375 0.5285908125 0.589107884375 0.5477139296875 0.5958676171875 0.557972496875 0.598765353125 0.5591344281249999 0.600104290625 0.559072065625 0.6100027859375 0.5432162640625 0.61424810625 0.5271584234375 0.6156249796875 0.5050663625 0.6202585828125 0.495158259375 0.6301330421875 0.49734170000000005 0.6321633453125 0.4946037859375
0 0.6587098218749999 0.504301478125 0.627041715625 0.5013157875 0.6032408499999999 0.501928703125 0.587411125 0.500187840625 0.555630459375 0.5036505640625 0.5379331671875 0.5079442281250001 0.513951090625 0.5190965265624999 0.5139301015625 0.520299015625 0.5208666203125001 0.5265817390625 0.5410016171875001 0.534069621875 0.5752719359375 0.5394122546875 0.599954634375 0.53875826875 0.614012034375 0.5410773046874999 0.61919048125 0.5472792859375 0.6924000375 0.5428782390625 0.7075402515625 0.5462620078125 0.7261910312500001 0.5453933328125 0.7373216328125001 0.543759753125 0.7409182359375001 0.5396272093750001 0.740166275 0.53222780625 0.7341319687500001 0.5245788015625 0.69119915625 0.5107183187500001 0.6587098218749999 0.504301478125
0 0.7781100921874999 0.587556946875 0.7834617046875 0.5838382906249999 0.7792949640625 0.5701547640625 0.7731913921875 0.5664740140625 0.75125809375 0.5610524031249999 0.74333024375 0.5609260203125 0.725606978125 0.5667077796875 0.7045035656249999 0.5642212875 0.657783665625 0.5654060453125 0.631311325 0.5676302718749999 0.6153863578125 0.5713457578125001 0.611011821875 0.5695669921875 0.604830325 0.570350528125 0.5773895640625 0.57757614375 0.5693751312499999 0.582410078125 0.553302975 0.5945581062499999 0.5531731015625 0.6019985828125 0.5768960437499999 0.605849953125 0.5897462453125 0.6110750796875 0.6427114203125 0.6086081875 0.649993040625 0.6078973203125 0.6942059671874999 0.5988992703125 0.7347876578125 0.5960178921875 0.7524936062500001 0.5912281953125 0.76042145625 0.5913545796874999 0.7781100921874999 0.587556946875
0 0.6846746125000001 0.5919665953125001 0.6863782031250001 0.57955160625 0.6959413390625 0.571176140625 0.6980486046875 0.56402905625 0.6971181093750001 0.5605479234375 0.6892893484375 0.554744734375 0.6820489765625 0.543627434375 0.6726397671875 0.543184559375 0.6665642453125 0.5505164687499999 0.649009975 0.6191801046875 0.645915609375 0.6509342874999999 0.6449370109375 0.7069981578125 0.6523918140625 0.76616918125 0.6539451984375 0.773575315625 0.6659041125 0.7730183203125 0.6672573749999999 0.766357925 0.67277529375 0.762576453125 0.6755017328124999 0.7483515921875 0.6885336171875001 0.7116188125 0.6914874703125 0.65597084375 0.6846746125000001 0.5919665953125001
0 0.675761715625 0.6120705640625 0.6679329546874999 0.6062673734375 0.6599656609375 0.608400690625 0.65765829375 0.6270116203125 0.652947728125 0.6413288953125 0.6429501296875 0.6462001265625 0.6398969765625 0.6507479171874999 0.6397122671875 0.6613299265625 0.644799196875 0.682239815625 0.645560375 0.6954211234375001 0.6451601703125001 0.7183488125 0.6423875531250001 0.735219178125 0.6445906484374999 0.750976678125 0.6419257796875 0.7616742046875 0.64462490625 0.7774086015624999 0.6344733828125 0.791098175 0.6364113328125 0.793651265625 0.6395141359375 0.814653565625 0.64721975625 0.8275114296874999 0.65916370625 0.8295365296874999 0.6638218046875 0.8293195750000001 0.6808660078125001 0.7739584093749999 0.6841500484374999 0.7561831078125001 0.685542315625 0.7332092125 0.6881763984375 0.7242753546875 0.6844013015625 0.6566051500000001 0.675761715625 0.6120705640625
0 0.3768731828125 0.685173690625 0.3592451578125 0.6854991015625 0.32030591875000003 0.6952427812499999 0.293677728125 0.706395578125 0.2887067875 0.7224577890625 0.288672290625 0.724434078125 0.3198556890625 0.72103643125 0.3858200890625 0.7278766609375 0.38643351875 0.743212571875 0.3892704109375 0.7484332296875 0.39125308593749997 0.748340884375 0.3987878546875 0.7421415312499999 0.4007506625 0.73065065625 0.419329790625 0.7263159203125 0.43694915781250004 0.7264865421875 0.45446462500000007 0.7326095453125 0.460542225 0.7377783890625 0.46677567187499996 0.7340186625 0.48349588906249996 0.73522241875 0.48873494375000004 0.737952178125 0.49071390625 0.743708421875 0.4949684171875 0.743510265625 0.5063543140625 0.7381228 0.5171874140625 0.7232450140625 0.5199887640624999 0.7141932265625 0.5069863671875 0.7019124828125001 0.45782010624999997 0.691811725 0.3768731828125 0.685173690625
0 0.407114984375 0.5984798859375 0.3709684375 0.5996678078125 0.3153349578125 0.6067196359375 0.3064733234375 0.609610515625 0.2770957328125 0.6268389109375 0.25749912343750003 0.63204501875 0.257495296875 0.6322642875 0.285801515625 0.6328766031249999 0.308616646875 0.638257140625 0.3155847390625 0.64288888125 0.3287429859375 0.6462410546874999 0.367517715625 0.645921978125 0.390488696875 0.64237394375 0.41781689999999994 0.641596740625 0.454923203125 0.6359034593749999 0.460188234375 0.6371451218749999 0.46173577187500003 0.6451393984375 0.473203178125 0.6446052953125 0.484758375 0.6429395484375 0.5198720828125001 0.6270970640625 0.519919034375 0.624407184375 0.5187096484375 0.6160811890625 0.5012634453125 0.6059899328125 0.4872060484375 0.6036708953125001 0.473088040625 0.6048240828125 0.44145456875000005 0.5998542625 0.407114984375 0.5984798859375
0 0.3964938328125 0.5575978562499999 0.393806628125 0.5127860328125 0.3905806859375 0.4988384078125 0.3830135953125 0.47804403593749994 0.37468533125 0.44406835468750006 0.3678640265625 0.4373371234375 0.35887388593749997 0.441280315625 0.3546593515625 0.4555744875 0.3559319515625 0.4678508578125 0.3515481 0.49184520625 0.34584547187500003 0.5062086859375 0.34359975 0.5292541453124999 0.34344994687499997 0.537836359375 0.3452605578125 0.5397183875 0.35563799218750003 0.598269909375 0.3543226875 0.616834634375 0.355718428125 0.6220563296875 0.350977078125 0.6381372734374999 0.35183060781250003 0.646027575 0.36218930625 0.665388146875 0.3655349984375 0.66523231875 0.37187545312500003 0.6618352 0.37948524687499996 0.6517884781250001 0.384830375 0.6295115921875001 0.38673406718750003 0.6056327593749999 0.39257522968749997 0.5833327703125 0.3964938328125 0.5575978562499999
0 0.3808332015625 0.40246174218749997 0.3712204171875 0.38528711875 0.3623226296875 0.38393930468750004 0.353674596875 0.3966777359375 0.3436993359375 0.45705831874999997 0.3414413890625 0.4740209734375 0.34098666093749996 0.5000723781249999 0.34410151093749997 0.575990421875 0.351418846875 0.58269855 0.3590321125 0.60084741875 0.36583909531250003 0.60745265625 0.367358296875 0.6073818984375 0.376066509375 0.5903617375 0.3854806953125 0.5053360062500001 0.3807204796875 0.494103190625 0.37739870937500003 0.4572509796875 0.38171751875000004 0.408588375 0.3808332015625 0.40246174218749997
0 0.48602753437499996 0.4307018859375 0.47377709531249995 0.42582054375 0.4455757171875 0.42614278906249997 0.3795593671875 0.42227875 0.3540034921875 0.4224777796875 0.3415972046875 0.42652501093749995 0.3319316625 0.4249926765625 0.308926046875 0.430524834375 0.2672374078125 0.44634411093750004 0.25131244218750004 0.4500596 0.2449815515625 0.454748328125 0.24488431875 0.4603188453125 0.27845882187500004 0.45969906250000003 0.299562234375 0.46218555468750006 0.3648179671875 0.4591462203125 0.37817464375 0.463244984375 0.379734953125 0.46317231249999996 0.39390117812500003 0.4587829046875 0.45389187968750005 0.4545019078125 0.46531243437500003 0.45644813125 0.48129800625 0.44926042187500004 0.4893643890625 0.441450296875 0.48602753437499996 0.4307018859375
0 0.45219429531250005 0.3242059015625 0.44337595468749996 0.324616621875 0.42200413281250004 0.337507115625 0.38130988593750004 0.34683690624999997 0.3619614828125 0.34476430156250004 0.347609703125 0.3593103453125 0.299661640625 0.38037744375 0.288297665625 0.388125203125 0.2882757171875 0.3893826125 0.2941714953125 0.3920326078125 0.30210800312499997 0.391662959375 0.3091107265625 0.3943105734375 0.3461131328125 0.3945696703125 0.351858984375 0.3957765484375 0.37170499375 0.39485220625 0.4895157453125 0.3566659921875 0.5011267796875 0.3476995140625 0.5005220125000001 0.3318675734375 0.4671508421875 0.325491803125 0.4618425234375 0.32673030000000003 0.45219429531250005 0.3242059015625
0 0.42027934062499994 0.241344659375 0.42103704531249997 0.2263303734375 0.42419794531250005 0.21560974531250002 0.4229253453125 0.203333375 0.4042608484375 0.19362927968750002 0.395162959375 0.20374531093749998 0.3844727015625 0.24829908281250002 0.37369355937500004 0.326339453125 0.3736736421875 0.3268494921875 0.3732371796875 0.3518543703125 0.3795451390625 0.3886262390625 0.38993976875 0.40805397499999996 0.39547255937500003 0.40779628125 0.39755967812500004 0.4071717796875 0.416017128125 0.3719485359375 0.41458018281250003 0.28390373125 0.41623759531250004 0.274134246875 0.4140960734375 0.2548494078125 0.42027934062499994 0.241344659375
0 0.41457009375 0.1507907828125 0.3977631140625 0.11985335781249999 0.3886960078125 0.1282057203125 0.38786134375 0.14762917656250002 0.37210301874999996 0.19858681875 0.36974947187499996 0.21984325 0.3697683390625 0.2471570078125 0.365911303125 0.2693645859375 0.36674944374999996 0.278136721875 0.3597245859375 0.3210052109375 0.359445859375 0.3369734734375 0.363999165625 0.35051643593750004 0.372535496875 0.35109909375 0.38001936718749996 0.3507505265625 0.3854208859375 0.3442319984375 0.4044786421875 0.2746172203125 0.41470365156250005 0.2283228828125 0.417460875 0.21233435156249997 0.4177652515625 0.166502075 0.41457009375 0.1507907828125
0 0.416161653125 0.1178193125 0.40907234531250003 0.1201320171875 0.392326153125 0.1204163546875 0.3465400421875 0.11858385 0.31032423124999997 0.123740028125 0.2853991 0.138282903125 0.2831791203125 0.144709696875 0.283150096875 0.14637248125 0.292297925 0.1468828984375 0.2974850296875 0.15258884687500002 0.3150697640625 0.15474359531249998 0.3324726765625 0.167315009375 0.3377290484375 0.1690527046875 0.3492015515625 0.1680227359375 0.35267693906250003 0.1708346375 0.35981819531250003 0.16554574375 0.36600835 0.1642661765625 0.38453552812499997 0.1629076296875 0.39236813593750003 0.1684903625 0.41540838437499994 0.160974075 0.43747155624999995 0.15895520937500002 0.45502165781250004 0.163094084375 0.46121181250000004 0.1618145171875 0.47026829843750007 0.167005696875 0.4716838984375 0.1669397640625 0.4876754984375 0.160086321875 0.496632371875 0.15173909375 0.4968315125 0.1403303640625 0.4837078984375 0.1349940640625 0.42929392499999997 0.12265958125000001 0.416161653125 0.1178193125
0 0.37338058125 0 0.368790825 0.018424559375 0.36253382031250003 0.07062151093749999 0.362110234375 0.0948887234375 0.3648022046875 0.104959828125 0.366728234375 0.1365903453125 0.3767293046875 0.1599147046875 0.376957265625 0.17447418750000002 0.378927415625 0.1743824265625 0.3854269890625 0.1727263640625 0.3975626375 0.1589443765625 0.39723592343749997 0.1492673046875 0.399916184375 0.13768794374999999 0.410517559375 0.12662076875 0.4087181421875 0.1161311703125 0.4124520359375 0.1009782671875 0.4055622171875 0.041383190624999996 0.40570075 0.0334466796875 0.40932689531250005 0.02446661875 0.407619834375 0.0086860125 0.4079149234375 0 0.37338058125 0
0 0.37745609375 0 0.3786313390625 0.037696375 0.3739438625 0.0506908984375 0.37630088281249996 0.0576300578125 0.37650445625 0.0743618046875 0.3732860484375 0.080726334375 0.37318948750000003 0.08625830625 0.3769731765625 0.10429796250000001 0.3861668921875 0.11708651562500001 0.38813577499999996 0.1177492703125 0.3950122203125 0.11742899531249999 0.40214765625000004 0.11017437968749999 0.40572762500000004 0.10383981875 0.4108383953125 0.06659485312499999 0.4193444234375 0.033597339062499995 0.422270965625 0.0079086296875 0.4220197234375 0 0.37745609375 0
0 0.16809179531250001 0.0188853734375 0.1478182671875 0.019334 0.11352197343749999 0.0154794640625 0.075603103125 0.0172455640625 0.04113364375 0.0233116609375 0.0358166625 0.0250461875 0.032260623437500004 0.03008871875 0.03220924375 0.0330322609375 0.04445318125 0.0350521328125 0.04877576875 0.039807090625 0.049458465624999996 0.051174748437499994 0.0635678140625 0.0505175953125 0.074071896875 0.054489015625000005 0.11276004531249999 0.059130257812499996 0.15244258593749999 0.0572820125 0.2200450734375 0.0724964109375 0.22300142968749997 0.072358715625 0.2475248328125 0.0617747984375 0.2511733859375 0.054666065625 0.2495569078125 0.04631566875 0.2382315953125 0.0389130984375 0.223301021875 0.036139103125 0.16809179531250001 0.0188853734375
0 0.09891148125 0 0.0917640953125 0.019253228125 0.0913177140625 0.0448264203125 0.087998140625 0.0568289109375 0.086701078125 0.13113762499999998 0.08878987656250001 0.1612516390625 0.0929924875 0.1760348921875 0.10829598437500002 0.20792345937499998 0.1105040109375 0.21030289375 0.1322069125 0.2092920640625 0.132074721875 0.2085781828125 0.132471453125 0.157454903125 0.1347788234375 0.138843971875 0.13364475468749998 0.1186310953125 0.1298304265625 0.109997575 0.12936170625 0.08006141875 0.12563973125 0.06613689687499999 0.1257628703125 0.05908222187499999 0.12895455625000002 0.0465979234375 0.1345186515625 0.040170953125 0.142343940625 0.0177785484375 0.1403906 0.0161072921875 0.137691475 0.0003728953125 0.1377868078125 0 0.09891148125 0
0 0 0.1720574265625 0.023963254687499998 0.1709413203125 0.03268635625 0.17598695 0.0653055640625 0.1749633140625 0.0998183140625 0.1664170578125 0.1720854265625 0.1655293046875 0.1887363796875 0.170701315625 0.2162723796875 0.1580193515625 0.21387796718750002 0.14375764687499998 0.20428168906250002 0.138257059375 0.190241609375 0.13494595781250002 0.15943801875000002 0.13291125937499998 0.1489252734375 0.12943587031249998 0.088182609375 0.1263174625 0.0555634046875 0.12734109843750002 0.0263416609375 0.1356409234375 0 0.14913854531249998 0 0.1720574265625
0 0 0.22243720625000002 0.000588575 0.222856715625 0.026922385937499998 0.2285689953125 0.0373918390625 0.23452454375 0.0611667296875 0.23539972343749999 0.1646776953125 0.2618032171875 0.17758541249999998 0.26806648593750004 0.1798502546875 0.267961 0.1911067484375 0.26205915 0.2105936828125 0.256195246875 0.216109803125 0.24305198906249997 0.20658279375 0.23358314687499998 0.1505177078125 0.2148823953125 0.09613836718749999 0.20056378593750002 0.060968900000000006 0.1962542875 0.0503522546875 0.19873128125 0.0150875453125 0.19987813125 0 0.2041998359375 0 0.22243720625000002
0 0.1196000125 0.2660780015625 0.119442615625 0.246700753125 0.1283369296875 0.219852975 0.126951434375 0.17409940625 0.0765182921875 0.1764483671875 0.0635365046875 0.2977660734375 0.06618945312499999 0.3161459734375 0.06397444218750001 0.32946589843749996 0.056436320312499996 0.3444769875 0.0564145921875 0.3457218328125 0.0593904875 0.3649240921875 0.07330474687500001 0.369719678125 0.0759466953125 0.369596628125 0.08574174062499999 0.3601722953125 0.0873991515625 0.3504028078125 0.1046147875 0.301139525 0.1081485796875 0.29745046875000003 0.11245546875000001 0.277865290625 0.1196000125 0.2660780015625
0 0 0.3156159640625 0.0065353468750000004 0.316129615625 0.03796968125 0.33250816250000004 0.0431459625 0.33883415 0.0438481390625 0.3490857375 0.052553921875 0.3551234296875 0.0587787125 0.351859734375 0.0799427328125 0.350874003125 0.094838675 0.355632128125 0.112492675 0.353818621875 0.1940485328125 0.365657175 0.2076945953125 0.3650216 0.22426050625 0.3614992921875 0.2305805359375 0.35277924843749997 0.2254453796875 0.344097109375 0.191330909375 0.3298259046875 0.18179524062500002 0.3208530953125 0.169553459375 0.31547572343749997 0.12915359375 0.3079404359375 0.0438494453125 0.298531571875 0.0066911953125 0.30720104375 0 0.314083746875 0 0.3156159640625
0 0.12516414375 0.3498017203125 0.1306666734375 0.3469020828125 0.1327277609375 0.3424005 0.14063348281250002 0.3437945203125 0.14125265781250002 0.33671674218750003 0.129205890625 0.3170121328125 0.126941225 0.30478196875 0.1197778125 0.2892554984375 0.113097521875 0.28824358437500003 0.1106003921875 0.288359890625 0.105269753125 0.296980159375 0.0762759703125 0.36793883437499997 0.074649340625 0.3759446515625 0.0754259109375 0.388244125 0.06825057968750001 0.40179507968749995 0.06747748125 0.41769119843749997 0.06264377812500001 0.43906314843749994 0.0625751703125 0.43999641875 0.062166928125 0.4633846140625 0.0676206515625 0.507372634375 0.0833440546875 0.5066403046875 0.098299965625 0.46912265625 0.10707461250000001 0.47752514375 0.11014315781249999 0.4720955203125 0.113789671875 0.3767650125 0.117477390625 0.3642576125 0.12516414375 0.3498017203125
0 0 0.49677900468749997 0.0098252671875 0.501353825 0.01849641875 0.5093756453125 0.07226233125 0.50835834375 0.0987952828125 0.50266189375 0.175594134375 0.507027378125 0.19030115 0.5063423874999999 0.1903675078125 0.5063269046875 0.209975659375 0.49351855625 0.211895175 0.4845078421875 0.20934491562500002 0.4791747078125 0.1971637421875 0.47032511406250005 0.1593054796875 0.4686189921875 0.12946164843750002 0.46207893593750005 0.0986667171875 0.4595482046875 0.0399446671875 0.46182477187500004 0.0349622 0.46205683437499995 0.02633899375 0.4639081796875 0 0.47345603281250004 0 0.49677900468749997
0 0 0.6002198828124999 0.013849834375 0.6019772125 0.0553220171875 0.598558728125 0.09493529218749999 0.6006787390625 0.10282850937500002 0.6027892484375 0.1213730015625 0.6004386390625001 0.13237464999999998 0.6120815187499999 0.1400539515625 0.61172385 0.14940987187500002 0.609541 0.1592399234375 0.6016487296874999 0.1743176890625 0.5959901875 0.1823754125 0.58867609375 0.178156721875 0.57796875625 0.1272700859375 0.565469984375 0.09121878125 0.5612015593749999 0.012848093750000001 0.5584085625 0 0.5592475984374999 0 0.6002198828124999
0 0 0.6480745765625 0.0046798796875 0.6509263375 0.0319388171875 0.6541173890625 0.048607084375 0.6582973359375 0.054632732812499994 0.666442371875 0.051001496874999996 0.672559040625 0.052661267187500006 0.6784292765625 0.061384368749999994 0.6834749062500001 0.071205759375 0.67607866875 0.0941680828125 0.6730266671875 0.1269171640625 0.6645625578125001 0.1507266875 0.6634536109375 0.16391956875 0.6648216546875 0.1813484546875 0.675904975 0.1892019296875 0.678128853125 0.1969723015625 0.6777669421875 0.203368334375 0.6763662671875 0.2158352296875 0.6688468140625 0.2264345546875 0.6673618859375 0.2398785265625 0.6543450109375 0.24089023437499998 0.6468634625 0.23397409374999997 0.6392555328125 0.13468181562499998 0.6235593749999999 0.0870974015625 0.623793140625 0.0570544296875 0.6286618140625 0.0163255484375 0.6399757328125 0.00046119218750000004 0.640219 0 0.64046535625 0 0.6480745765625
0 0.1401884671875 0.6395898015625 0.1348090796875 0.635434765625 0.1336596171875 0.616103721875 0.12581546562499998 0.6111823656250001 0.1266347390625 0.5926407453125 0.12874200625 0.5854936578125 0.127774690625 0.581133125 0.123013559375 0.581354878125 0.1240810890625 0.625361021875 0.11881639531249999 0.6714243296875 0.119639140625 0.6810782984375 0.11279884375 0.6931818359374999 0.11206693125 0.73511305 0.1147165546875 0.7359368453124999 0.11808103125 0.7419479625000001 0.1231217828125 0.765503353125 0.12641276875000002 0.8041192328125 0.1262177921875 0.8152894281249999 0.12250955625 0.8289723140625 0.1350866125 0.8750857453125 0.1462333375 0.8815287796875 0.151404565625 0.8812879265625 0.157919465625 0.8731411703124999 0.164037690625 0.8349681640625001 0.16534605 0.7600122578125 0.16203967187499999 0.722278209375 0.15623774375 0.6855415140625001 0.1401884671875 0.6395898015625
0 0.17748030625 0.7746257171875001 0.1850439234375 0.7672244984375001 0.18467103125 0.7601929265625 0.173908784375 0.723687259375 0.161538775 0.7225011671875 0.1550441859375 0.7254470109375 0.141297303125 0.746352978125 0.137982478125 0.76589195 0.13708971406249998 0.8170383343750001 0.135546771875 0.8210385140625001 0.134588234375 0.8759531062500001 0.1391766125 0.8962416921875 0.13928783281249998 0.91826444375 0.141986959375 0.9339988437500001 0.14634349687499998 0.9399637546875 0.1542800046875 0.9395941062500001 0.16022848750000002 0.9433261343750001 0.1622571296875 0.9432316484375001 0.16331632499999998 0.9330054125 0.17321809375 0.90522959375 0.1766252734375 0.8803996171874999 0.1771451453125 0.8222216609374999 0.1743040140625 0.78622818125 0.17748030625 0.7746257171875001
0 0.4261203359375 0.8401057125 0.424302053125 0.80230235625 0.42623653125 0.7766598546875 0.4284669375 0.7624580953125 0.431550875 0.7561466375 0.4276287984375 0.753685959375 0.4219073046875 0.7407356828125 0.42331496562500004 0.7168799515625001 0.4155785578125 0.7057857578125 0.40361222812499997 0.709867565625 0.3994900484375 0.7188707328125 0.394829134375 0.7587380984375 0.39061460000000003 0.77303226875 0.3883226234375 0.790761365625 0.38760265 0.860403165625 0.3860444625 0.8703246703125 0.386015459375 0.8719862812500001 0.38842886875 0.8982527265625 0.3955201328125 0.922999871875 0.396588925 0.9229500921874999 0.4025829015625 0.910810253125 0.408100821875 0.90702878125 0.4180333765625 0.8774892953125001 0.42860396874999995 0.8681857890625 0.42849274687500005 0.8461630359375001 0.4261203359375 0.8401057125
0 0.724728615625 0.796782259375 0.7149938062500001 0.7992181781250001 0.708881575 0.7960334609374999 0.700962384375 0.7954110453125 0.683299725 0.7977205828125 0.6684384171875 0.7909783328125 0.6315139375000001 0.7862549484375 0.6156062890625 0.7889783734375 0.6094940578125 0.78579365625 0.6033212171875 0.7860811609375 0.569724934375 0.792602215625 0.5450162578125 0.7947442984374999 0.54343535 0.7976858625000001 0.5433550890625 0.8022839749999999 0.54821458125 0.813429215625 0.6148963109375 0.8296529765624999 0.6668812375 0.82970988125 0.684543896875 0.8274003437499999 0.6924111390625 0.83099895 0.7110893921875 0.831801740625 0.7360841515625001 0.8306375921875 0.751563296875 0.824278865625 0.7543473328125 0.8162191406250001 0.76232713125 0.813369334375 0.7623877390625 0.8098971125000001 0.7528001203125 0.803900490625 0.724728615625 0.796782259375
0 0.9047803906249999 0.655227721875 0.8885960531249999 0.6454081140625 0.8785214937499999 0.6546885171875 0.8627323828125 0.7074098249999999 0.8515885546874999 0.7638302625 0.8514407765625001 0.7722965078125 0.8520644624999999 0.8074729484375001 0.85041255 0.831203578125 0.8501422968749999 0.8466863671875 0.8566434421875 0.8574833640625 0.8573694140624999 0.8577744640624999 0.861729840625 0.8575713734375 0.8859366281250001 0.826161025 0.8944391828124999 0.76496791875 0.896773865625 0.716397728125 0.9066910281249999 0.687740075 0.907633440625 0.6621437796875 0.9047803906249999 0.655227721875
0 0.932957634375 0.8038608609375 0.9268627203124999 0.7996840796875 0.91890889375 0.8010457921875 0.901367453125 0.796410884375 0.8837480843750001 0.7962402640625 0.8547427953125 0.7921392921875 0.8027145765625001 0.7945625453125 0.785907778125 0.79831910625 0.7787838359375 0.8026159359375 0.775866640625 0.808681921875 0.7758029859375 0.8123286640625 0.777633596875 0.8180339921875 0.788163659375 0.8205173171875 0.7916044125 0.825313346875 0.796860784375 0.8270510421875 0.8557185625000001 0.8371960375 0.8812744374999999 0.8369970109375 0.899626640625 0.8401940046874999 0.9065784421874999 0.83987021875 0.9262046921874999 0.8373824921875 0.9452159874999999 0.8380706468750001 0.9585735890624999 0.83744850625 0.966795040625 0.83400508125 0.976651065625 0.824624715625 0.97853595 0.817598128125 0.973366159375 0.8109001171875001 0.9672452703125 0.80821143125 0.932957634375 0.8038608609375
0 0.202938109375 0.92809123125 0.1990706578125 0.86571203125 0.19596785625 0.8447097328125001 0.1911152859375 0.8387679218749999 0.18111768749999999 0.8436391546875001 0.177799390625 0.834982534375 0.1700322 0.82565200625 0.15911950156250002 0.8261602734375 0.152347846875 0.8449791328125 0.1519476421875 0.867906821875 0.155703875 0.9082632671875001 0.1540464625 0.9180327531250001 0.1476818140625 0.9308074906250001 0.14763908125 0.9332557171874999 0.15270037187500002 0.938361146875 0.154995821875 0.94882764375 0.153399978125 0.9550697906250001 0.167215378125 0.9870276671875 0.16684073906250002 0.9914162843750001 0.2033672078125 0.9897150375000001 0.2039986875 0.9809088718750001 0.202938109375 0.92809123125
0 0.46167238906249997 0.8897763078125 0.4635760828125 0.8658974765625 0.45771258281250005 0.8326881140625 0.456624690625 0.8098297328124999 0.46096236562500004 0.788480890625 0.44874628124999993 0.7784764531249999 0.4393678546875 0.7762699093750001 0.4300698640625 0.7978497859375 0.42878534375 0.81465084375 0.42224804843749997 0.848437778125 0.4186845859375 0.878671875 0.41855904062500005 0.8858643390625 0.41992876093750003 0.8961261359374999 0.4181328140625 0.9138321312500001 0.418724675 0.9367136140625 0.42708484062499996 0.9792952218750001 0.45191022031249994 0.9781389609375 0.4537890046875 0.9438916390625 0.46167238906249997 0.8897763078125
0 0.6622863328124999 0.8931647093749999 0.6566524140625 0.93025104375 0.655982434375 0.9686341437499999 0.666925446875 0.968124465625 0.668438815625 0.8814236281250001 0.6622863328124999 0.8931647093749999
0 0.6808407515625 0.9040482937500001 0.68605383125 0.9082661468750001 0.7002237890624999 0.904136771875 0.7142811859375 0.9064558093749999 0.7222263515625 0.905590128125 0.7373041171875 0.8999315843750001 0.7392755828124999 0.8879446796874999 0.7358434875000001 0.8826526171875001 0.71474873125 0.8796700953125001 0.6990661984375001 0.86949669375 0.65079043125 0.8588588343750001 0.62265831875 0.8552128218749999 0.580473121875 0.8550588187500001 0.5723323109375 0.8554379828125 0.5529068328125 0.8634178359375 0.5515928671875 0.86699876875 0.551555075 0.8691638046874999 0.5656754578125 0.8890914359375 0.5645858265625 0.9010372703125 0.567179378125 0.90389024375 0.5900291453125 0.9072866562499999 0.6048471609375 0.9165090656249999 0.6127923265625 0.9156433843749999 0.6192298046875 0.920386575 0.619950353125 0.9203530140625 0.6243254375 0.91114119375 0.6181872312500001 0.909444571875 0.61921625625 0.9009709593749999 0.6227522515625 0.9003106390625 0.651844121875 0.8994512921875 0.6808407515625 0.9040482937500001
0 0.8826235 0.84820559375 0.87634093125 0.8106101640625001 0.8663090765625 0.7890494734375 0.8604182640625 0.7857993734375001 0.8585572796875001 0.7788371125 0.8511014093749999 0.7800654921875 0.8422840578124999 0.8025040984375 0.8378728953125 0.8564577078125 0.8352080281250001 0.867155234375 0.8403719187500001 0.88365595 0.8330601015625 0.9308967359375 0.8329404734375 0.9377502312500001 0.83794488125 0.9375171468750001 0.8396057671875001 0.9559432515624999 0.8423292296874999 0.959954903125 0.8738188546875 0.95848825 0.8812654890625 0.8976114125000001 0.8826235 0.84820559375