0 0.8676774828125 0.6441592859374999 0.8614561999999999 0.6569797984375 0.8539292250000001 0.7053032703125 0.852839159375 0.7209968 0.851804396875 0.7407412359375 0.853241078125 0.7713782203124999 0.8489844484375 0.7945490546875 0.8489444374999999 0.7953125 0.8960488109375 0.7953125 0.9000898625 0.7457371953124999 0.8980006484375 0.72206855625 0.8993444374999999 0.6964275296875 0.8746604453125 0.627394 0.8714341796875 0.6254216140625 0.8648130093749999 0.635283546875 0.8676774828125 0.6441592859374999
0 0.9625922031249999 0.5971724125 0.94803196875 0.5927329015625 0.9379955375 0.596062534375 0.884799265625 0.59495265625 0.852022221875 0.59939216875 0.83308096875 0.6032767406249999 0.8208976484375 0.6099360093749999 0.807882278125 0.6247683515625 0.8078269578124999 0.6258239125 0.8215903796875 0.6343533234375001 0.8830807296875 0.6465619796875 0.910984971875 0.641012590625 0.9454144890625 0.6426774078124999 0.9643848265624999 0.6382378953125001 0.9663644843749999 0.6380991609375 0.9685093640625 0.5971724125 0.9625922031249999 0.5971724125
0 0.8094652296874999 0.551547759375 0.789276034375 0.5604267828125 0.7731888328125 0.5712161109375 0.7730090671875 0.5746462250000001 0.7771773359374999 0.5842891578125 0.8082701921875 0.59316818125 0.8170283812499999 0.59375 0.8755948984374999 0.59375 0.8882100140625001 0.592058303125 0.9394338984375 0.59316818125 0.9455837234375 0.58872866875 0.95356051875 0.5870638515625 0.969167259375 0.5883237375 0.9710380078125 0.5526277234375 0.9691994609375 0.5521026984375 0.891581021875 0.5465533078125 0.8373113078125 0.5471082468749999 0.8094652296874999 0.551547759375
0 0.8994812140624999 0.3784302171875 0.8645846640625001 0.3784302171875 0.8585316734375 0.422808915625 0.8555992609375 0.46817380625 0.8556727890625 0.5303039843749999 0.8592336703125 0.5470692703125 0.8735026265625001 0.571875 0.87731708125 0.571875 0.881855625 0.570737909375 0.8929298953125 0.55002785 0.8996951953125001 0.5056491515625 0.898743034375 0.4602842609375 0.8917246421874999 0.4247813015625 0.892048334375 0.408016015625 0.8996515046875 0.3794164109375 0.8994812140624999 0.3784302171875
0 0.8287255203124999 0.371481340625 0.78936240625 0.3886844484375 0.7740919125 0.40491294375000003 0.773906540625 0.40845002812500003 0.77936388125 0.4171875 0.8405374953125 0.4171875 0.8539541171874999 0.41698633437500005 0.88795001875 0.40810731093749997 0.9127793515624999 0.404777678125 0.9308798265625 0.398118409375 0.9406835921875001 0.3992282875 0.9667026999999999 0.39201408125000003 0.9794554124999999 0.39201408125000003 0.9809792281249999 0.36293795 0.9643574984375001 0.3614924390625 0.8992978234375 0.3609375 0.8852875359375 0.3648220734375 0.8287255203124999 0.371481340625
0 0.9133739750000001 0.4157218421875 0.9066630218749999 0.41670803593750005 0.9041467484375 0.41177706875000003 0.9029606749999999 0.392053203125 0.9051940187499999 0.3812050765625 0.9035944734375001 0.3693707578125 0.9066792749999999 0.36345359843749997 0.9065894921875 0.3545778578125 0.9018289546875 0.3289368328125 0.8878030921875 0.28948910156249996 0.8907464265625 0.2756823953125 0.8829391843750001 0.2658204625 0.8795714515625 0.255958528125 0.880450084375 0.2391932421875 0.8780507640625 0.2214417640625 0.8776091718749999 0.22045557031250002 0.8486053109375 0.22045557031250002 0.8477265015625 0.22226657656249998 0.84348083125 0.303278803125 0.8564246624999999 0.3693707578125 0.86343213125 0.37331553125 0.8669549156249999 0.380218884375 0.8749417203125001 0.407832296875 0.8810324625 0.418680421875 0.9022099234375001 0.4275561625 0.9095274968749999 0.42558377500000005 0.9133739750000001 0.4157218421875
0 0.8989127124999999 0.25606560312500004 0.8863721046874999 0.1988663921875 0.8855614109375001 0.161391046875 0.89200301875 0.133777634375 0.89007705 0.1308190546875 0.85259885 0.1308190546875 0.8520990984375001 0.13279144062499998 0.8490000734375001 0.1383368515625 0.8424114296875 0.2640556578125 0.8423470343749999 0.2659275359375 0.8476625125 0.2915685609375 0.8630430859375 0.336933453125 0.8676240640625 0.344823 0.878464421875 0.349753965625 0.877599378125 0.35567112500000003 0.8735080703125 0.3596158984375 0.8741683734375 0.3625 0.880602559375 0.3625 0.884310328125 0.3546849328125 0.8840654984375 0.348767771875 0.8818974234375 0.3477815796875 0.8811112390625 0.33101629374999997 0.8840164765624999 0.30734765468749997 0.8885729437500001 0.2945271421875 0.8959938859375001 0.29058236875 0.8989127124999999 0.25606560312500004
0 0.9015270843750001 0.0905307296875 0.9031538046875 0.0806687953125 0.8894435078124999 0.051082996874999995 0.869604440625 0.051082996874999995 0.8674200531249999 0.053055382812499996 0.8593788968749999 0.0688344765625 0.8547843343749999 0.07179305625 0.8572870203124999 0.0875721484375 0.8514724812500001 0.1209747546875 0.8491392031249999 0.1654963625 0.8499342750000001 0.23845972343750002 0.8577660281249999 0.2690317140625 0.864702703125 0.2796875 0.8723576843749999 0.2796875 0.8938642359375001 0.2473354625 0.89891036875 0.2463492703125 0.8945633046875001 0.21281869687500002 0.8925937125000001 0.133923234375 0.8942204328125 0.1240613 0.8927106671875 0.1211027203125 0.8934995171875 0.0954616953125 0.9015270843750001 0.0905307296875
0 0.86765855 0 0.8631582218749999 0.017254659375000002 0.8629753375 0.020744303125 0.8647265234375 0.033700546875 0.86146643125 0.0495359484375 0.8607153000000001 0.0638683953125 0.8630699625 0.10766504375 0.8669790453124999 0.128375103125 0.86485999375 0.168809028125 0.8688860328124999 0.176698575 0.86831750625 0.1875467015625 0.863051046875 0.20332579375 0.8634737109374999 0.20625 0.896823825 0.20625 0.9036921343750001 0.17965715468750001 0.9082240921875 0.1461265828125 0.9113115578125001 0.0978031109375 0.90887680625 0.0277833875 0.89514561875 0 0.86765855 0
0 0.857321734375 0 0.871868246875 0.05475929375000001 0.88455031875 0.1198480515625 0.8794253265625 0.143516690625 0.8812928031249999 0.1453125 0.9087429765625 0.1453125 0.9150977703125 0.024055809375 0.9114658062500001 0 0.857321734375 0
0 0.6184917640625 0.0486785515625 0.55804314375 0.054227940625000005 0.526918571875 0.06477178125000001 0.514872371875 0.0739895484375 0.5148130546874999 0.07512139375 0.5154015328125 0.077535378125 0.53756048125 0.087524278125 0.5891889 0.0997329359375 0.5980646375 0.0997329359375 0.6071148765625 0.0964033015625 0.65250885 0.09584836249999999 0.66324064375 0.09806811875 0.67179646875 0.104172446875 0.6817456546875 0.1025076296875 0.728935340625 0.10625 0.73935541875 0.10625 0.7558846499999999 0.099177996875 0.76316608125 0.091963790625 0.7616881078125 0.08252982812500001 0.7271158093750001 0.06477178125000001 0.7095097453125 0.061997085937499995 0.6910919859375 0.055892757812500006 0.6361850765625 0.049788429687500003 0.6184917640625 0.0486785515625
0 0.6482340203125 0.1275501171875 0.5933561953125001 0.12089085 0.5490356625 0.119780971875 0.5280638546875001 0.1247754234375 0.50932618125 0.1247754234375 0.4802321640625 0.1342093859375 0.477000384375 0.140716046875 0.4766118515625 0.1481296828125 0.4773000328125 0.1525223703125 0.49589229062499995 0.155297065625 0.5161951874999999 0.1630662109375 0.5226622937500001 0.1713902953125 0.5172950796875 0.17971437968749998 0.5296793453124999 0.1880384640625 0.5419095625 0.1890625 0.566877590625 0.1890625 0.57603043125 0.1880384640625 0.597060403125 0.18193413593750002 0.6122604671875 0.174164990625 0.6685025671875 0.1736100515625 0.683961746875 0.17971437968749998 0.6892862890625 0.1890625 0.6932640937500001 0.1890625 0.7035111140625 0.18304401406249998 0.7204508984375 0.17971437968749998 0.74362775625 0.1702804171875 0.7460654734375 0.16140139375 0.7366979546875 0.15196743125 0.724979965625 0.14974767656250002 0.716365975 0.144753225 0.6482340203125 0.1275501171875
0 0.648727125 0.106382015625 0.6377834 0.1034234359375 0.6288391046874999 0.115257753125 0.5901540234375 0.22866998437500002 0.5886687687500001 0.24642146406249998 0.5847278890625 0.26159495312500003 0.58447686875 0.2663847125 0.5914027015625 0.2789658421875 0.5959048203124999 0.30953783437500004 0.6082141812499999 0.3499717578125 0.6157393609375 0.3515625 0.6177948718749999 0.3515625 0.6265924375 0.3381374390625 0.6441464125 0.2996759 0.640498415625 0.2316285640625 0.64451353125 0.207959925 0.6450956437500001 0.18626367187499998 0.6587269499999999 0.1379402015625 0.6538113578125 0.115257753125 0.648727125 0.106382015625
0 0.6449473890624999 0.33058922968750004 0.6399937 0.29804485000000003 0.638138396875 0.248735184375 0.6456898843750001 0.22112177187499998 0.645665375 0.2004117140625 0.639767784375 0.196466940625 0.6352901734375 0.18660500625 0.63006659375 0.1859375 0.6272929984375 0.1859375 0.6145887937500001 0.2004117140625 0.6123418625 0.2221079671875 0.60447640625 0.24254212343749998 0.6029120109375 0.272392565625 0.5997117375000001 0.357216446875 0.6123176171875 0.40258133906250004 0.6229893343749999 0.42131901093749996 0.632319928125 0.4232913984375 0.6358563 0.41934662500000003 0.6341152890624999 0.3996227578125 0.644365275 0.35228548125 0.6449473890624999 0.33058922968750004
0 0.5790155578125 0.46003557656250005 0.578133021875 0.476875346875 0.5794610812500001 0.48861824531250003 0.586055075 0.5004525640625 0.59320785 0.50625 0.5955939921875 0.50625 0.616438146875 0.483687278125 0.630773884375 0.483687278125 0.6349168796875 0.47875631093750004 0.6369951687500001 0.470866765625 0.6357955109375 0.461991025 0.6312662171875 0.4531152859375 0.6376942390625 0.43635 0.6390897125 0.40972278125 0.6427947234375 0.39197130156250004 0.6541274125000001 0.3663302765625 0.6546197453125 0.335758284375 0.6575249828125 0.3120896453125 0.6625596218750001 0.2970051171875 0.6626870234375 0.2945741375 0.6619018875 0.281517653125 0.651771521875 0.27362810625 0.6445573140625 0.27362810625 0.6324765359375 0.2923657796875 0.6254799890625 0.319979190625 0.601446309375 0.376192209375 0.5795018421875 0.45607386562499996 0.5790155578125 0.46003557656250005
0 0.6103630234375 0.363544040625 0.6032140906250001 0.351709721875 0.5988779453124999 0.349737334375 0.58684885 0.3674888140625 0.5814790234375 0.38524029375 0.5790770390625 0.40989512499999997 0.5735140640624999 0.42074325156250003 0.5625703375 0.41778467187499996 0.56080186875 0.4199878609375 0.5604455734375 0.4267863765625 0.5609300312500001 0.43849473124999994 0.5684652625 0.46413575625 0.5706333375 0.46512195 0.5736392765625 0.4818872359375 0.569918015625 0.552893153125 0.5647413375 0.5775479859375 0.5695154625 0.592340884375 0.5800615 0.5953125 0.5882203171875 0.5953125 0.59368794375 0.5864237250000001 0.600581121875 0.5607827000000001 0.6123816375 0.4838596234375 0.6179581984375 0.4621633703125 0.619340084375 0.44638427812500003 0.6170305484374999 0.4375085375 0.6158852375 0.38524029375 0.6103630234375 0.363544040625
0 0.5817003203125 0.5853874671875 0.577995309375 0.6031389468749999 0.578354434375 0.6386419046875 0.581205325 0.6583657703125 0.590818940625 0.684375 0.593000434375 0.684375 0.6002011265625 0.67710344375 0.610823825 0.6544209984375 0.6206086546875 0.615959459375 0.6226107515625 0.588346046875 0.6267673328125001 0.5725669546875001 0.6342916437499999 0.5666497953125 0.6374715546874999 0.4847957515625 0.644486303125 0.46297890625000004 0.6446531656250001 0.459795 0.6434370828125 0.43449989375 0.6392043078125 0.4305551203125 0.6308285390624999 0.4315413140625 0.6215877265625 0.43844466562499995 0.601297153125 0.48676813750000003 0.5905058140625 0.5232572890625 0.5836507328125 0.5587602484375 0.5817003203125 0.5853874671875
0 0.612113046875 0.6073737515625 0.5941870703125 0.610703384375 0.5893724359375 0.6084836296875 0.5824399984374999 0.6090385687500001 0.551519009375 0.6156978359374999 0.542381521875 0.6206922859375 0.524639103125 0.6329861109375 0.5241711015625 0.6419161328125 0.549861271875 0.64732935625 0.5643051734375 0.6539886234375001 0.5742044468749999 0.6546875 0.6068197015625 0.6546875 0.6313954015625 0.653433684375 0.681112228125 0.6456645390625 0.7265352875 0.6445546609374999 0.7464918171875 0.64011515 0.7553384734375 0.6406700890625 0.7752368390625 0.6373404546875 0.78084751875 0.633779596875 0.7809459171875 0.6319020531249999 0.777240940625 0.6179175921875 0.770570253125 0.6134780796875 0.7462935015625 0.6062638734375 0.7374468453125 0.6057089343750001 0.7174321484374999 0.6112583234375 0.693967090625 0.6073737515625 0.6417570125000001 0.6062638734375 0.612113046875 0.6073737515625
0 0.6836945984375 0.61500196875 0.686327828125 0.6071124218749999 0.6854246875000001 0.6031676484374999 0.676907453125 0.5962642953125 0.6692552625 0.5834437828125 0.65876310625 0.5824575890625 0.651690365625 0.5903471359375 0.629397696875 0.66628401875 0.626397496875 0.6888768 0.6220638546874999 0.7715676265625 0.6274257046875 0.8309783 0.628821646875 0.8390625 0.6423188296875 0.8390625 0.6440221875 0.8319644921875 0.650333253125 0.8280197203125 0.65393489375 0.8122406265625 0.669927421875 0.7718067015625001 0.67540328125 0.709676525 0.67029720625 0.6376844140625 0.6726856 0.6238777078125 0.6836945984375 0.61500196875
0 0.6619046578125001 0.8543879343749999 0.66252486875 0.8425536125 0.6576609609374999 0.8188849749999999 0.6573263468749999 0.8040920765624999 0.6586701359375 0.7784510499999999 0.66242683125 0.7597133781250001 0.6605824515625 0.7419618984375 0.66397735625 0.7301275765625 0.6615780375 0.7123761 0.67345208125 0.6975831984374999 0.6713873765625 0.69462461875 0.6687432249999999 0.6709559796875 0.6606394640625 0.6561630796875 0.6425332171875 0.65221830625 0.6209641265625 0.714348484375 0.6166008078125 0.7340723515625001 0.614147140625 0.7597133781250001 0.6131541953124999 0.7626883890625 0.61140369375 0.79608995 0.6124253093750001 0.84551219375 0.62033325625 0.8958080515625 0.628850490625 0.9027114031249999 0.6378328828125001 0.9007390187500001 0.6411380046875 0.8800289578125 0.6469594046875 0.8642498671875 0.6583166031250001 0.8593188984375001 0.6619046578125001 0.8543879343749999
0 0.355688903125 0.6678515328125 0.3407138078125 0.7418160296874999 0.3234590171875 0.7428022234375 0.31714549999999997 0.7461583171874999 0.31704302968750003 0.74811356875 0.32329037656250004 0.7566089296875 0.3359506046875 0.7585813156250001 0.338749809375 0.779291375 0.3366062484375 0.799015240625 0.32780341874999996 0.81873910625 0.3213373 0.8256424593749999 0.32486008437499997 0.8325458125 0.321658328125 0.8512834859374999 0.3180185875 0.8572006453125001 0.3112013546875 0.8595793453124999 0.310972259375 0.86395074375 0.315875028125 0.8769245109374999 0.33134804687499997 0.8887588296875 0.337550896875 0.890625 0.342304640625 0.890625 0.35638557187500003 0.8769245109374999 0.373153359375 0.8216976859375 0.389562025 0.730967903125 0.391150646875 0.7112440375 0.3845457296875 0.6678515328125 0.37499747656250004 0.638265734375 0.355329778125 0.6323485734375 0.355688903125 0.6678515328125
0 0.3660681078125 0.5756471234375 0.36381025624999996 0.5657851921875 0.3477577859375 0.5332408109375 0.3440156859375 0.5109375 0.34390634531250003 0.5109375 0.3400267375 0.5431027453125 0.33146874375 0.568743771875 0.325505878125 0.5766333171875 0.32029110625 0.5914262171875 0.3163521828125 0.6348187203125 0.3177830890625 0.660459746875 0.315625940625 0.6910317390625 0.31789471406250003 0.73245185625 0.31591979375 0.73836901875 0.3065142796875 0.7403141421874999 0.30599078749999997 0.7503029578125 0.306703490625 0.7659824296875 0.3204652953125 0.8046875 0.3253651890625 0.8046875 0.3330413765625 0.803457775 0.3462837203125 0.7837339078125 0.3504403 0.7679548171875 0.35071230781249996 0.7521757250000001 0.35978714375 0.7166727640625 0.3651324625 0.6782112265625 0.367806453125 0.6377773015625 0.3660681078125 0.5756471234375
0 0.443546553125 0.571000103125 0.4331346734375 0.5626760187500001 0.408770671875 0.5571266296874999 0.3822307015625 0.5554618125 0.357895784375 0.549357484375 0.3294997609375 0.5454729109375 0.2790003203125 0.549357484375 0.263017646875 0.5532420578125 0.23888367812500003 0.5621210796875 0.1998986421875 0.57210998125 0.1931219171875 0.57845579375 0.1928555109375 0.5835391249999999 0.195023209375 0.5898680281249999 0.2105696359375 0.5943075390625 0.2244635921875 0.5926427234375 0.250858146875 0.597082234375 0.266317325 0.6031865625 0.2849100859375 0.6046875 0.3021136015625 0.6046875 0.3037926703125 0.6031865625 0.3705365328125 0.5904229671875 0.391188425 0.5915328453125 0.397192834375 0.5898680281249999 0.414682565625 0.594862478125 0.42361647187499996 0.5937526015625 0.44795402187500005 0.5809890046875 0.443546553125 0.571000103125
0 0.3326541625 0.4701094 0.339381365625 0.41586876874999995 0.338633278125 0.408965415625 0.32856818125 0.38924155 0.3198396 0.3875 0.318512825 0.3875 0.308525109375 0.40107586875 0.29502168125 0.4681370125 0.2915874265625 0.4884784875 0.2902917703125 0.5132011046875 0.290819009375 0.6012731078125 0.2987296203125 0.6091626546875 0.3065232765625 0.6298727140625 0.3149371421875 0.6387484531250001 0.32595972500000003 0.6190245875 0.3398004328125 0.52435003125 0.3349229375 0.51152951875 0.3326541625 0.4701094
0 0.3308695453125 0.54239883125 0.34251500625000003 0.46843433437500004 0.3451237265625 0.439834728125 0.34196273125 0.426028021875 0.34475101406249997 0.41517989687499995 0.3411003515625 0.3895388703125 0.32799121875 0.3431877859375 0.3255919015625 0.32543630625 0.320455984375 0.317546759375 0.318453228125 0.3171875 0.314907784375 0.3171875 0.3117810328125 0.35600829843750004 0.30665604062499996 0.3796769375 0.302831409375 0.45265524062500007 0.2974550890625 0.465959659375 0.29715315000000003 0.47172101250000004 0.300015953125 0.4851996203125 0.29816624375 0.5522607640625 0.2947196546875 0.5650812765625 0.3010035453125 0.58283275625 0.30886247187500004 0.5917084953125 0.321277865625 0.587763721875 0.3281057734375 0.5739570171875 0.3308695453125 0.54239883125
0 0.352770165625 0.24334345625 0.334960434375 0.24432965 0.32411741250000004 0.28180499531250003 0.324917184375 0.2877221546875 0.321994925 0.2958544640625 0.32125811875 0.30991356875 0.332580296875 0.332100853125 0.3385269078125 0.3774657453125 0.334060221875 0.399161996875 0.348771565625 0.4149410890625 0.3670683 0.468195528125 0.374779409375 0.48125 0.37563354375 0.48125 0.3795217890625 0.4741126875 0.379986946875 0.46523694843749996 0.38373005625 0.4573474015625 0.388120546875 0.4159272828125 0.39146376875 0.40507915624999996 0.39128420625000004 0.387327678125 0.361532234375 0.25616396875 0.352770165625 0.24334345625
0 0.24262186875 0.2898545171875 0.242427303125 0.29356704218749996 0.24333464375 0.29807072031250004 0.28074919062500003 0.318048521875 0.3795430171875 0.3147188890625 0.3903038953125 0.3163837046875 0.4121455640625 0.3136090109375 0.4265894640625 0.320268278125 0.4433256671875 0.3208232171875 0.452480453125 0.3234375 0.46095554375000003 0.3234375 0.46887944375 0.322488034375 0.481818921875 0.301400353125 0.47149429375 0.29141145156250003 0.422766290625 0.2803126734375 0.3365338578125 0.26976883281249997 0.3109219171875 0.26921389375000004 0.2661069734375 0.277537978125 0.24262186875 0.2898545171875
0 0.33356936875 0.23572743125 0.328392690625 0.2603822640625 0.32898572656249997 0.270244196875 0.3170967890625 0.3296878953125 0.31704350937500003 0.330704553125 0.3230828046875 0.35111204687500003 0.3401825453125 0.3530844328125 0.3472552859375 0.3451948875 0.37126445625 0.2682718109375 0.384495875 0.216989759375 0.3879271234375 0.20054992500000002 0.38898878125 0.180292303125 0.3903335234375 0.147956228125 0.3873792671875 0.13020474843750002 0.369817034375 0.094701790625 0.359362975 0.1035775296875 0.3576709859375 0.12527378281249998 0.3380768171875 0.1814868 0.334616640625 0.20515543906249997 0.33356936875 0.23572743125
0 0.3614514984375 0.0947775046875 0.3104021140625 0.09033799375 0.26976460625 0.094222565625 0.24136595156250001 0.10920591718749999 0.2393098203125 0.114537959375 0.23911759375 0.11820586250000001 0.248732 0.1191948171875 0.2543001625 0.1258540875 0.27384953125 0.1291837203125 0.29278814999999997 0.1441670703125 0.2985889796875 0.1463868265625 0.311438575 0.1458318875 0.31520885 0.1491615234375 0.32338922812500004 0.14361213281250002 0.33035074531249997 0.1425022546875 0.35108988750000003 0.1419473171875 0.35961662968749997 0.14860658437500002 0.3856357359375 0.141392378125 0.410348734375 0.1402825 0.42978177031250003 0.1458318875 0.4367432875 0.144722009375 0.4450646671875 0.15 0.450902440625 0.15 0.4663581703125 0.1441670703125 0.47668543437500005 0.135288046875 0.477354346875 0.122524453125 0.4629104421875 0.115865184375 0.40263895312500003 0.0992170171875 0.3881659671875 0.0931126890625 0.3801600890625 0.0953324421875 0.3614514984375 0.0947775046875
0 0.48087086718750005 0.031961882812499995 0.47330123593750006 0.0258575546875 0.4470811796875 0.018088409375 0.4120144703125 0.009764325 0.3423728265625 0.00255011875 0.33352616875 0.0019951796875 0.31551294375 0.0069896296875 0.27986456875 0.009764325 0.252626603125 0.0214180421875 0.236349340625 0.02195589375 0.23621904843750002 0.0244420265625 0.2373102078125 0.03140694375 0.25140511249999997 0.0447254796875 0.2622823234375 0.044170540625 0.2749574203125 0.046945234375 0.28618099375 0.058598953125 0.298131646875 0.056379196875 0.3109041171875 0.059375 0.32145259843749996 0.059375 0.38221982187500003 0.051384746875 0.3910955625 0.051384746875 0.400753915625 0.05526931875 0.4186217265625 0.0530495640625 0.452123215625 0.053604503125 0.46906299999999995 0.05027486875 0.4824360921875 0.039731028125 0.48087086718750005 0.031961882812499995
0 0.0015625 0 0.0015182953125 0.0008434640625 0.009768273437499999 0.0044039609375 0.052782696875 0.011618168750000001 0.0971613953125 0.011618168750000001 0.1686631140625 0.03125 0.1777932703125 0.03125 0.2031467765625 0.02160706875 0.2074987125 0.0138379234375 0.2060207390625 0.0044039609375 0.199892615625 0 0.0015625 0
0 0 0.0767754203125 0.001210228125 0.07690586875 0.023979921874999997 0.07524105156250001 0.0340745203125 0.0708015390625 0.0676632578125 0.0696916625 0.083675015625 0.06525215 0.0915645625 0.06525215 0.10519677031250001 0.068581784375 0.111780209375 0.0746861125 0.1354236046875 0.0828125 0.136184821875 0.0828125 0.1380875140625 0.080790440625 0.1560134921875 0.0774608078125 0.16282959531250002 0.0791256234375 0.18075820625 0.056928065625 0.1746110140625 0.042499653124999995 0.16414096875 0.035285446875 0.139951465625 0.0264064234375 0.1113518609375 0.0264064234375 0.0967625421875 0.02252185 0.0327181453125 0.021411971874999998 0.00029390312499999997 0.0242062765625 0 0.02981428125 0 0.0767754203125
0 0.0755146921875 0.040311735937499996 0.070248234375 0.056090828125000006 0.06455471406249999 0.09060759375 0.0594949921875 0.10244191093749999 0.049269515624999996 0.1704892484375 0.047526785937499996 0.19626311093749998 0.04749471875 0.196875 0.1011345109375 0.196875 0.10125155 0.19514408125 0.0954980875 0.15668254375 0.1025108875 0.0758146921875 0.11015215468749999 0.057077021875 0.0989907671875 0.026505028125000003 0.0827424859375 0.029463609374999998 0.0755146921875 0.040311735937499996
0 0.08491744375 0.1294182265625 0.0577472796875 0.19253459687500002 0.035674934375 0.25367858125 0.028834824999999998 0.28459850625 0.0285189890625 0.290625 0.0713747515625 0.290625 0.1119000515625 0.17576931093749998 0.121051084375 0.15999021875 0.1151153953125 0.1461835125 0.11070305625000001 0.124487259375 0.0970139921875 0.11875 0.09639126718749999 0.11875 0.08491744375 0.1294182265625
0 0.097376640625 0.1806314734375 0.039082153125000005 0.1806314734375 0.0303727359375 0.24177545937499997 0.032617003125 0.2624855171875 0.029621984375 0.2772784171875 0.0222661546875 0.2906790890625 0.0215786078125 0.303798253125 0.0231151046875 0.3167261484375 0.040027521875 0.3234375 0.0407276828125 0.3234375 0.052733606249999995 0.31278137500000003 0.054966948437499996 0.30193325 0.076122565625 0.24769261718750002 0.080213875 0.24374784531250002 0.0857904390625 0.2220515921875 0.0942314796875 0.20923108125 0.09481359218749999 0.1875348265625 0.097376640625 0.1806314734375
0 0 0.336990471875 0.005369771875 0.336990471875 0.021815143749999998 0.3430948 0.041597175 0.341984921875 0.13158068437499998 0.359375 0.14816893281250001 0.359375 0.1660875625 0.3564133359375 0.173485328125 0.3469793734375 0.168091665625 0.336990471875 0.1305607890625 0.319232425 0.12026524062499999 0.308688584375 0.1068075328125 0.30202931718750003 0.061995218750000004 0.291485478125 0 0.28169479375 0 0.336990471875
0 0 0.40179003281250003 0.0485660703125 0.40280330781250007 0.06216919375 0.4066878796875 0.07751204218749999 0.4150119640625 0.08015070625000001 0.4211162953125 0.084965340625 0.42333604999999996 0.0827925828125 0.43125 0.0929528921875 0.43125 0.1137976109375 0.41889653750000005 0.1277497328125 0.4161218421875 0.1459374578125 0.407797759375 0.14843334218749998 0.39780885625 0.1388913234375 0.3917045296875 0.0626107078125 0.360627946875 0.053822215625 0.3589631296875 0.03995734375 0.36007300937500003 0.025571609375 0.35230386406249997 0.0078492125 0.351748925 0 0.35007409843750004 0 0.40179003281250003
0 0 0.5098694796875 0.020161175 0.50649586875 0.10801103125 0.515625 0.12091342499999999 0.515625 0.122259946875 0.5153748921875 0.14465419375 0.5020563578125 0.147150078125 0.49206745625000003 0.1445114125 0.48596312812500003 0.1312572859375 0.4754192875 0.0890545546875 0.4715347140625 0.0559893125 0.4626556921875 0.0217052140625 0.4582161796875 0 0.45804647656249997 0 0.5098694796875
0 0.022504895312500002 0.6036358140625 0.006797965625000001 0.6174425203125 0.009197284375 0.635194 0.0169528421875 0.6460421265625 0.0216236 0.6628074125000001 0.02779965625 0.6703125 0.0323930375 0.6703125 0.041394665625 0.6667521843750001 0.061040518749999995 0.6095529734375 0.0698188375 0.5691190484375 0.07512854687500001 0.5296713171875 0.0319306015625 0.5296713171875 0.0251653 0.574050015625 0.0219254484375 0.5829257546875 0.022504895312500002 0.6036358140625
0 0 0.6981016921875 0.007965859375 0.6974151984375 0.0448621734375 0.6896460531249999 0.0714893921875 0.6896460531249999 0.0861659609375 0.6918658093750001 0.10519183125 0.7051843437499999 0.113060753125 0.7078125 0.1241450234375 0.7078125 0.1297594140625 0.7068491609375 0.143973284375 0.699080015625 0.15586576875 0.6979701375 0.171385746875 0.6840966640625 0.1728081859375 0.6757725796875 0.16538397031250002 0.66689355625 0.055136535937499995 0.6441410578125 0.0019984296875 0.641921303125 0 0.6421514265625 0 0.6981016921875
0 0.10674605625 0.7648647000000001 0.10458064843749999 0.7214721953125001 0.1052353328125 0.708980084375 0.1099123796875 0.6938587828125 0.097668290625 0.6415905390625001 0.0853181671875 0.6337009921875 0.079768778125 0.6337009921875 0.072089415625 0.6425767312499999 0.06635630625 0.6717741953125 0.060319064062500004 0.7869716390625 0.061586600000000005 0.811215784375 0.06663006875000001 0.8526359031249999 0.08028113906249999 0.896875 0.10390728125 0.896875 0.10787511406250001 0.8703873828124999 0.1073337625 0.85953925625 0.1182529796875 0.8417877765625 0.11691185468750001 0.8250224906250001 0.12042371562500001 0.8003676593750001 0.11497769531249999 0.798395271875 0.1114549109375 0.79149191875 0.10674605625 0.7648647000000001
0 0 0.8991314750000001 0.019447700000000002 0.9014913984374999 0.084565540625 0.900936459375 0.12520304843750002 0.8970518875 0.1378490625 0.9003815203125001 0.144502684375 0.9078125 0.1543361203125 0.9078125 0.1953100203125 0.8953870703125 0.1980094859375 0.8815135953125001 0.1954289859375 0.8742993890624999 0.173531784375 0.8593160375 0.15201003125 0.8559864046874999 0.0948108203125 0.8559864046874999 0.086109578125 0.8526567703125 0.0338122515625 0.8532117093749999 0.0058498421875 0.8598709765624999 0 0.8600024921875 0 0.8991314750000001
0 0.334874209375 0.824610915625 0.33162076875 0.84433478125 0.32809265625 0.9222440515624999 0.32613621249999997 0.9323766125 0.3259318296875 0.9362764765625 0.327535053125 0.9646503640624999 0.33474312500000003 0.99375 0.3351261203125 0.99375 0.34285301874999996 0.9794432625 0.349164084375 0.9754984906249999 0.361413503125 0.9429541109375 0.3735840640625 0.933092178125 0.3743212296875 0.9084373453125 0.37190832500000004 0.9015339921875001 0.37135605 0.85912768125 0.3745197078125 0.8305280749999999 0.3775664125 0.8147489828125 0.381082965625 0.8081726546875 0.3811056140625 0.8077405140625 0.37697337656249996 0.8048870499999999 0.371089371875 0.79009415 0.3735947234375 0.76346693125 0.36538759375 0.7506464187499999 0.351862321875 0.7545911921874999 0.34690596875 0.764453125 0.34014066875000004 0.8088318234375 0.334874209375 0.824610915625
0 0.61072610625 1 0.6181394046875 0.9967813609375 0.643710021875 0.921830671875 0.6495340859375001 0.8636452671875 0.6489029515625 0.8439214015625 0.6538076234375 0.8350456609375 0.6599663 0.79165315625 0.6528309515624999 0.7689707109375 0.64410698125 0.76601213125 0.64179744375 0.757136390625 0.637912871875 0.757136390625 0.6301301390625 0.7679845171874999 0.6190422812499999 0.799542703125 0.6206935125 0.8103908296875 0.61644715 0.81729418125 0.6148721140625 0.8261699218749999 0.6155032453125 0.8458937875 0.6063005296874999 0.8626590734375 0.5969155890625 0.9040791921875 0.5982050296875 0.921830671875 0.5939586671875 0.9287340234375 0.593596878125 0.9356373765624999 0.5971822687499999 0.973112721875 0.59685385625 1 0.61072610625 1
0 0.851802228125 0.7642544499999999 0.8399119328125 0.8323017875 0.8354044859374999 0.8865424187500001 0.8256536640625001 0.9117699125 0.8250421906250001 0.9234375 0.8645912296875 0.9234375 0.8730750640625 0.8983767390624999 0.8880882546875 0.834274175 0.888904278125 0.786936896875 0.8933464546875 0.744530584375 0.8857459499999999 0.730723878125 0.8814098078124999 0.7287514921875 0.851802228125 0.7642544499999999
0 0.9047961515624999 0.8784770406250001 0.8851304515624999 0.8773671625 0.8529059875 0.871262834375 0.7947205828125 0.871262834375 0.7758084125 0.8745924671875001 0.7676862 0.8790319796875 0.764557878125 0.8849758953125001 0.7642557328125 0.8907411937499999 0.7657984296875 0.8962350875 0.7774582515625 0.8995647203124999 0.7811121937500001 0.9051141109374999 0.7869130203125 0.907333865625 0.852231809375 0.9217622796875 0.8807732500000001 0.9228721562500001 0.8973396484375 0.9265625 0.9194851843749999 0.9265625 0.9309236921874999 0.9256468515625 0.941940778125 0.9265625 0.9514409171875 0.9265625 0.95331350625 0.89083136875 0.9397756140625001 0.8884659421875 0.933134009375 0.883471490625 0.924200103125 0.8845813687499999 0.9047961515624999 0.8784770406250001
0 0.109719315625 1 0.116728103125 0.8662643890625 0.10039004062500001 0.8603472296874999 0.089264084375 0.8820434828125 0.08237090625 0.9076845078125 0.0791038796875 0.9382564999999999 0.0782225828125 0.9974280984374999 0.07829163125000001 1 0.109719315625 1
0 0.43741178593749996 0.9394509578125 0.3991538296875 0.9355663859375 0.3842446 0.9377861421875 0.3646079828125 0.9361213234375001 0.338908790625 0.9372312015625001 0.262128496875 0.9533244312500001 0.2577247359375 0.9557314781249999 0.25734701875 0.96293875 0.26508444531249997 0.9721923546875001 0.274076515625 0.9699726015625 0.28269050625 0.9749670500000001 0.32698195625 0.97663186875 0.386532528125 0.984375 0.42214445625 0.984375 0.45112597968749996 0.9788516234375001 0.47685425312499996 0.9771868078124999 0.5002902296875 0.9816263171875 0.5128516234375 0.9677528453124999 0.5163627828124999 0.9572090046874999 0.49321764218749997 0.947220103125 0.47453813437500003 0.9461102265625 0.43741178593749996 0.9394509578125
0 0.633601096875 1 0.6436987000000001 0.9682879421875 0.6509019828125 0.9367297578124999 0.65657099375 0.8815029328125 0.6494356453125001 0.8588204875000001 0.643989625 0.8568481 0.61924861875 0.8736133859375 0.6059817671875 0.87262719375 0.60249708125 0.8755857734375001 0.596158840625 0.9012267984375001 0.58418143125 0.917992084375 0.5842712125 0.9268678234375001 0.58089845625 0.9309504125 0.58062675 0.9361348875 0.588038828125 0.9396883375 0.5906203750000001 0.932784984375 0.600002653125 0.9337711765625001 0.6003508531249999 0.93771595 0.5980903375 0.9702603296874999 0.59044638125 1 0.633601096875 1
0 0.8624176203125 1 0.86306519375 0.9944642828125 0.8664600984374999 0.9826299625000001 0.8613377703125 0.963892290625 0.8712843484375 0.9117555375 0.8717047125 0.9037345 0.8661553234375001 0.9037345 0.8650209359375 0.883024440625 0.8619497218750001 0.8780934734375 0.8596510625 0.8652729609375 0.8295631109375 0.8652729609375 0.8286669718749999 0.867245346875 0.8182948921875 0.9329265296875 0.8147797203125 1 0.8624176203125 1