0 0.42210772968750004 0 0.4203202265625 0.0010470859375 0.41653717031250004 0.004444565625 0.4152184390625 0.0158499546875 0.404336303125 0.030888353125 0.41008826093749995 0.0311945328125 0.41678988125 0.027137578125 0.42595582500000007 0.031088534374999997 0.43407414062500005 0.027514407812500002 0.4434955953125 0.026589959375 0.4647607296875 0.03407400625 0.4675283375 0.033961234374999996 0.46930817031250005 0 0.42210772968750004 0
0 0.4842525453125 0 0.482267125 0.03788406875 0.48812317812500006 0.036203975 0.49346487968749997 0.030580765625 0.4914264046875 0.0144471765625 0.49499793593749997 0.001328328125 0.49775034375000005 0 0.4842525453125 0
0 0.766875278125 0 0.7874409328125 0.01132411875 0.7996419296874999 0.02198780625 0.8143214499999999 0.0213896609375 0.815442434375 0 0.766875278125 0
0 0.8808204875 0 0.8815843687499999 0.0023651609375 0.871355203125 0.0049441890625 0.8667360437499999 0.0105379546875 0.8865981890624999 0.016755848437500002 0.8933409921875001 0.025670534374999998 0.8924197218750001 0.029491959374999998 0.897992540625 0.035131121875 0.918108190625 0.034311471875 0.9199063781250001 0 0.8808204875 0
0 0.338390915625 0.9807689406250001 0.3213627625 0.9555920328124999 0.30989950624999996 0.9474071187499999 0.3000729609375 0.9492495218749999 0.2933452171875 0.9538496562500001 0.275151075 0.9812680265625 0.27486825625 0.9866645234375 0.337401375 0.98411649375 0.33829437812499996 0.982611 0.338390915625 0.9807689406250001
0 0 0.850046640625 0.001798496875 0.8494635593750001 0.01447919375 0.841379090625 0.0495587328125 0.8323819390624999 0.0581440828125 0.833653778125 0.06759392656249999 0.8321876171874999 0.0714053734375 0.8282484265625 0.11096212187500001 0.8163660671875 0.12063908593749999 0.8105662125 0.12160710156250001 0.8034122343749999 0.12217534999999999 0.7925694015625 0.112580346875 0.78548849375 0.078904709375 0.781455121875 0.063504178125 0.7864070843750001 0.0528931484375 0.7825150109375001 0.0368552453125 0.78587128125 0.01809750625 0.7860950453125 0 0.7818729171875 0 0.850046640625
0 0.10690397812500001 0.7926526703125 0.091121584375 0.791133534375 0.0477689828125 0.7929000171875 0.0425976203125 0.795272953125 0.0255376796875 0.8181308484375001 0.007770790625 0.82696311875 0.003902565625 0.83198573125 0.0119485078125 0.8435500953125 0.034871165625 0.8463999531249999 0.042717207812500005 0.8526809249999999 0.057490784375000006 0.8520789484375 0.10478753125 0.8467944093750001 0.1260251875 0.840523490625 0.14767309687500002 0.8401819625 0.1550688703125 0.8366372765625 0.170936434375 0.8365312781249999 0.18144949999999999 0.8285351328124999 0.1990744390625 0.8224114234375 0.2067876890625 0.8143533046875 0.2072387625 0.8057463109375 0.20665614687499997 0.8015614 0.20254800468749998 0.7974043546875 0.16756922968750002 0.79072130625 0.1470257265625 0.7975044953125 0.1160983125 0.796061915625 0.10690397812500001 0.7926526703125
0 0.17406965937500002 0.8379550484375 0.13614393125 0.8324731890624999 0.12794044531249998 0.83767245 0.12218848906249999 0.83736626875 0.110217540625 0.8319079421875 0.076116053125 0.8360002468750001 0.056847296874999995 0.8459748250000001 0.0520294078125 0.8553605734374999 0.056604582812500005 0.8643635843749999 0.0894853046875 0.8835648890625001 0.0988215875 0.8842655734375 0.10335557656250001 0.8802969421875 0.117254240625 0.8764872859375 0.127723321875 0.88308791875 0.14714682343750002 0.8839181375 0.17517797968749999 0.8893809734375001 0.19630119375 0.8885202671875 0.2270936265625 0.88552555 0.268874784375 0.8724714421875 0.27901878281250003 0.8715175500000001 0.2837406921875 0.863283578125 0.28375541718749997 0.8630026031250001 0.28278904374999997 0.85460671875 0.27535208437500003 0.8451797609374999 0.25893231562499996 0.84206493125 0.25193400312500003 0.83802565 0.2123928484375 0.83585294375 0.17406965937500002 0.8379550484375
0 0.2620902953125 0.8051100546875001 0.24251607968750002 0.776346628125 0.22982950781249997 0.78118956875 0.225192875 0.7871465 0.2180223046875 0.810510690625 0.209215025 0.8238475671875 0.21260204531250002 0.8417345656249999 0.2233342578125 0.85355426875 0.2259902328125 0.8750760578125 0.225346496875 0.8873592953125 0.21779725781249998 0.91794891875 0.2138127984375 0.9527192921875001 0.2156767125 0.958411346875 0.219506559375 0.9575342906250001 0.22401801406250002 0.9436514578124999 0.23334071562499997 0.941108584375 0.2392848296875 0.9617753921875 0.24730847968749997 0.9737054609375001 0.2510741703125 0.9843670265625001 0.2523959703125 0.9860210359374999 0.267914815625 0.985388690625 0.272037890625 0.9763028171875 0.27444665625 0.9509696515625 0.284386803125 0.946959621875 0.287326596875 0.9436134968750001 0.2880915671875 0.9290169953125 0.2865073484375 0.9064971937499999 0.27116793906250003 0.8588151999999999 0.2702244078125 0.8458756390625 0.2645569375 0.8302445609375001 0.2643444546875 0.8136702109374999 0.2620902953125 0.8051100546875001
0 0.3077570421875 0.8088009796875 0.3076550203125 0.8210621437500001 0.298204 0.8466822578125001 0.293704121875 0.8706586265625 0.29259440468750003 0.88151885 0.2958941203125 0.8907574031250001 0.311906696875 0.8843369375 0.31504336718750003 0.8863721281249999 0.3340990234375 0.9353446968749999 0.34407244531250003 0.93862893125 0.34644712499999997 0.9385321703124999 0.35549085156250004 0.92942604375 0.3622790796875 0.911713540625 0.3644506171875 0.8702781359375 0.3574546375 0.8197539656249999 0.355518134375 0.784503853125 0.3495361515625 0.7645595890625 0.3490585984375 0.7530430406249999 0.342875709375 0.7266179609375001 0.3393866609375 0.720992125 0.3319254109375 0.719281853125 0.330584684375 0.7193364828125001 0.3198850359375 0.72178675625 0.3158279859375 0.7269990703125 0.3095020609375 0.7445608421875 0.30822616406250003 0.77922085 0.3051126421875 0.797372725 0.3077570421875 0.8088009796875
0 0.508663675 0.5862838531250001 0.4614840328125 0.6060445921875 0.45319537656250003 0.6128689890625 0.4516367296875 0.61509471875 0.4640747125 0.6253990093749999 0.47685337343749995 0.629202759375 0.48771991249999996 0.6282194265625 0.498387725 0.6310280781250001 0.5058530734375 0.639913321875 0.5073207484375 0.640413525 0.5290920609375 0.6395264125 0.5627508625 0.6273243703125 0.5707272296875 0.626458803125 0.5827421625 0.6173203515625 0.6127071187500001 0.6096127124999999 0.6387342734375 0.5944977578125 0.6519387828125 0.5901758312500001 0.6572557546875 0.5788317078125 0.6573328375 0.577360890625 0.6518564125 0.564232546875 0.6178556890625 0.55264465 0.5761880890625 0.563531909375 0.5566226390625 0.56541025 0.5222088625 0.5754613843749999 0.508663675 0.5862838531250001
0 0.4641061671875 0.4960906921875 0.453828359375 0.47560047031249997 0.44032343125000006 0.47542975312499997 0.43034541718749997 0.48016232968750006 0.4220798484375 0.49347713125 0.416333503125 0.5102942859375 0.41780717031250003 0.513118240625 0.42527753593749995 0.514976846875 0.427959803125 0.5256825593750001 0.42809655312499995 0.543701996875 0.4246538078125 0.578450296875 0.41187678437499997 0.6056479359375 0.40532366093750005 0.6275449671875 0.4055245703125 0.634025784375 0.4105630203125 0.6410304859375 0.42282148125 0.6340419890625 0.4291326890625 0.6373898296875 0.4432256296875 0.6779126093750001 0.45272294999999996 0.6926666296875 0.45396941562500004 0.6998258453124999 0.4588972671875 0.7016348390625 0.4594104828125 0.7016139265625 0.46445127499999994 0.695793740625 0.464250365625 0.689312921875 0.4683074171875 0.6841006078125 0.48700854375 0.6263795640625001 0.49016491718750005 0.61355026875 0.4905283890625 0.606614790625 0.48941730781250004 0.6010464 0.48250337187500003 0.578256109375 0.47315751875 0.5606119140625 0.46863763125 0.5333980703125001 0.4695085703125 0.5167795734375 0.4641061671875 0.4960906921875
0 0.6592988546874999 0.5555522796875 0.64472163125 0.5447946 0.6398469640625 0.5552637734375 0.6354265328125 0.5570655578125 0.566586184375 0.563654471875 0.5509301468750001 0.573481840625 0.5432788640624999 0.58190193125 0.5329361375 0.58664780625 0.52979045625 0.5916409781249999 0.5393098734375 0.602604746875 0.5763711093749999 0.6108246078125 0.62758651875 0.610359403125 0.6524936703125 0.60285785625 0.6756434484375 0.60137401875 0.68315278125 0.5956624859375 0.7175381671875 0.5861530640625 0.7376430265625 0.5739821984375 0.7391641843750001 0.5629574374999999 0.739501884375 0.5565137328125 0.7332253953125 0.5482155640624999 0.7220053796875 0.542186084375 0.7125839265625 0.5431105328125 0.694009325 0.5535973828125 0.6664391171874999 0.5568830015625 0.6592988546874999 0.5555522796875
0 0.7630158140625001 0.45361552187500004 0.7542116734375 0.4359492515625 0.7458093531250001 0.4312446203125 0.7303384859375 0.4376430125 0.72689888125 0.44138816875 0.722387428125 0.4552710015625 0.7149286390625 0.463505928125 0.7132887859375 0.4844817609375 0.7045309468750001 0.5071896265625 0.696830240625 0.5406694234375 0.6932128750000001 0.5581208296875 0.6918991109375 0.59350338125 0.69640428125 0.6416268359374999 0.7009391234375 0.6465566515625001 0.7038437734375 0.646438296875 0.70921603125 0.644709796875 0.7186407578125 0.6299057625 0.729917821875 0.610700246875 0.7358913671875 0.589547834375 0.7467634703125 0.5883838296875 0.7524193640625 0.5939213703124999 0.7537794328125 0.59891295625 0.7579531203125 0.5912011140625 0.7602469953125001 0.5474313578125 0.7519596703125 0.5304920671875 0.75299365 0.52107693125 0.7484096046875 0.5054017078124999 0.750250365625 0.49090669531250003 0.7615652953125001 0.4709786375 0.7630158140625001 0.45361552187500004
0 0.696070646875 0.5522140546875 0.69605273125 0.5525559 0.7096616609375 0.5642638703125 0.7436339953125 0.5763934796875 0.778316078125 0.57498029375 0.784677015625 0.5774238796875 0.7963228796874999 0.57532768125 0.8006945203125 0.5770070703125 0.8041001484375 0.5768683015625 0.81536451875 0.5696868 0.8273077656250001 0.5664973734375 0.837154378125 0.5666367109375 0.85269685625 0.5589761890625 0.8635633953124999 0.5579928562500001 0.90871735625 0.5356118828125 0.9145655140625 0.5184183046874999 0.9145863109375 0.51802146875 0.8999360765625 0.5105636078125 0.8730884109374999 0.5138197859375 0.8562144046875 0.51937234375 0.846070409375 0.5203262343749999 0.8311808984375 0.5155273859375 0.8147043500000001 0.513495978125 0.7726044765625 0.5142259546875 0.7681297859375 0.5144082828125 0.748754175 0.519967128125 0.7351522078125 0.5318730203125 0.724200496875 0.5344814890625 0.7144667546875 0.5413647687500001 0.705682675 0.5438849125 0.696070646875 0.5522140546875
0 0.8602277562499999 0.440853728125 0.8543562343750001 0.44974497968750005 0.8519737609375 0.464262065625 0.8476137765624999 0.4752547265625 0.8517434187499999 0.499600471875 0.8512132828125001 0.5097160781250001 0.8408358859374999 0.5269847984375 0.8407540765625001 0.5285457921875001 0.842656353125 0.5389047625 0.8407019921875 0.5555674046875 0.8433579671875 0.57708919375 0.84228611875 0.587226875 0.8452071625 0.603690859375 0.8497154765625 0.6208111703125 0.8627775765625 0.639745940625 0.8647287984375 0.6540864421875 0.8783589015625 0.6621830625 0.8848973109375 0.6611956421875 0.887215625 0.6582171765625 0.891601903125 0.6364084390625 0.8951172421875 0.6312181953125 0.8968181124999999 0.629706890625 0.9062659890625 0.635089921875 0.9099557265625 0.6063782843750001 0.9105443281250001 0.5951471015625 0.908742053125 0.5672149921874999 0.894675403125 0.5158761359375 0.8859648531250001 0.444852025 0.8829796515625 0.43992665937500003 0.8745394640624999 0.43594456875 0.8602277562499999 0.440853728125
0 0.877247378125 0.5581876203125 0.855599465625 0.5585291515625 0.8467337796875001 0.5631993109375 0.8467305171874999 0.5632615609375 0.8546909890625001 0.5758639296875 0.8596996234375001 0.5777211234374999 0.9678183484374999 0.573315621875 0.96907799375 0.5492801390625 0.9123269171875 0.5491904703125 0.877247378125 0.5581876203125
0 0.8314870265625001 0.7561646953125 0.8193392578124999 0.7663896671875 0.814634928125 0.7736085703125 0.825075621875 0.780750915625 0.8281773187500001 0.7903545203125 0.8800712859375001 0.8044566546875 0.8923261328125 0.8044978625000001 0.95208906875 0.8218635140625 0.9547982906250001 0.821753121875 0.9584750015625 0.75159729375 0.9446335140625 0.7515543296875 0.8314870265625001 0.7561646953125
0 0.857054509375 0.7112365078125 0.8385837265625 0.7336191453125 0.8218401015625 0.7436744015625 0.7934670374999999 0.769344528125 0.790921521875 0.7766582546875 0.7960472796875 0.7923114046874999 0.7960588546875 0.8024049375000001 0.7921122625 0.8364527687500001 0.7889493015625 0.845233653125 0.7914685265625 0.8487360046875001 0.797893334375 0.849916215625 0.808954771875 0.84513949375 0.8175842937500001 0.84550886875 0.8246397109375 0.8520032921875 0.8265430109375 0.8519257375 0.8293883531249999 0.8471908906250001 0.8426545046875 0.8416033328125 0.8467494234374999 0.835668475 0.85340143125 0.8325134249999999 0.866481390625 0.7995354390625 0.8766371625 0.7810966140625 0.8841338203125 0.77213914375 0.8857095125000001 0.762701934375 0.8845387796875 0.7540976328125 0.8972022015625001 0.729067625 0.9059979078125 0.7056372140625 0.9079636515624999 0.7038905546875001 0.9084687765625 0.6942522015625 0.907562025 0.686106471875 0.9029516875000001 0.681247325 0.8910718953125001 0.6810103890625 0.8732827140625 0.6903872484375 0.8678655953125001 0.690607978125 0.857054509375 0.7112365078125
0 0.7328581437499999 0.6665390796875 0.7313203171875 0.6752537484375 0.731718996875 0.7192185265625 0.7358749328124999 0.73274819375 0.732685678125 0.75234515625 0.7264354890625 0.7684618390625 0.7257917515625001 0.7807450765625 0.732967615625 0.8294807109375 0.7374264859374999 0.837230028125 0.737866171875 0.8494691203125001 0.7477158687500001 0.8678137859374999 0.75789479375 0.8695620281249999 0.76067845 0.8764378 0.767110603125 0.8761757109375001 0.7740704125 0.8703449234375 0.7806614046875 0.8477253484375 0.7872639718750001 0.83519930625 0.7901628734374999 0.8096194531249999 0.790837303125 0.79675055625 0.7860616546875 0.7653112609375 0.79372449375 0.7325540046875 0.75882244375 0.6662021171875 0.750571590625 0.658607309375 0.7410101124999999 0.6553919078125 0.7328581437499999 0.6665390796875
0 0.6717377 0.7923990046875 0.648799446875 0.8036042125 0.6116090578125 0.8116062640624999 0.593119625 0.8204679765625 0.5886424156250001 0.8233531828125 0.597524459375 0.8327212578125 0.5957103046875 0.8398223937499999 0.5738040671875 0.8621579609375001 0.573422959375 0.86942993125 0.5917541109375 0.8740385625 0.6061198078125 0.8750748703125 0.630283434375 0.8833101531249999 0.64601663125 0.8826690749999999 0.6475730828125 0.8820346593749999 0.6665735328125 0.8634221343749999 0.6753292234375 0.8614437015625 0.67991999375 0.8563916468749999 0.7550828953125001 0.8117062578124999 0.7678487609375 0.801996653125 0.7723339140625 0.7928089468749999 0.772662578125 0.7865376765625001 0.771760971875 0.7823772625000001 0.7571837484375 0.771619584375 0.7500718749999999 0.7697471515625 0.7406504218750001 0.7706716015625 0.72721879375 0.7793272234375 0.6717377 0.7923990046875
0 0.577429184375 0.7195931515625 0.5703490671875 0.7206026453125001 0.5597536046875 0.72680238125 0.5549276421875 0.736372028125 0.5525073015624999 0.7516116578125 0.543018415625 0.777954315625 0.5546331421875 0.7832490546875001 0.5596453 0.801069834375 0.5494895265624999 0.8195086593750001 0.551164103125 0.8288134312500001 0.5820091015625 0.900377634375 0.5998713234374999 0.9282059265625 0.6010811828125 0.9281566281250001 0.60467055 0.9218052625 0.6165766328125 0.911226121875 0.6218365593749999 0.8976629218750001 0.622388515625 0.8871309625 0.6181238812500001 0.8095020203125 0.60649758125 0.794113746875 0.60055346875 0.773446940625 0.600227384375 0.7590402187499999 0.585680040625 0.7271879593749999 0.577429184375 0.7195931515625
0 0.5091619671875 0.8497997937499999 0.52337291875 0.8400313078125 0.5371864125 0.837846784375 0.5428687953125 0.8257230359375001 0.5524605874999999 0.8215483156250001 0.5630588234375 0.8119270359374999 0.5790967265625 0.808570765625 0.5810244421874999 0.79930278125 0.57902715 0.7961408359375 0.59685081875 0.786225140625 0.5993023484375 0.7807196984375 0.605975578125 0.77720445625 0.60645820625 0.7679953546875 0.59910641875 0.7569432609375 0.567229340625 0.75986381875 0.5229966515625 0.7784233671874999 0.5129094359375 0.7782938359375 0.4944639875 0.77255876875 0.4922679671875 0.7731888062500001 0.4917853390625 0.78239790625 0.4871094 0.789075096875 0.44558375000000006 0.797253796875 0.42203651249999996 0.8063215984375001 0.41677998125000004 0.8103196718750001 0.417360575 0.8129987890624999 0.420080409375 0.81613129375 0.4300824546875 0.8178859609375 0.4340202578125 0.825293278125 0.422756259375 0.8338605765624999 0.41646489375 0.8438469203125001 0.3980610484375 0.8537157140625 0.3972380953125 0.8694185734375001 0.4181050234375 0.8685683109375001 0.4291144 0.8638725828125 0.4450671328125 0.8621414484375001 0.4636261421875 0.8657096671875 0.47374174843750005 0.8652974875 0.5091619671875 0.8497997937499999
0 0.4805541640625 0.7838229015625 0.45758752031250005 0.7955698203125 0.4284302765625 0.8016228812499999 0.3896244625 0.8129340890625001 0.3631018828125 0.8237447921875001 0.34149515625000004 0.8370579625 0.3330929421875 0.84604920625 0.312874525 0.8603869187500001 0.3133131671875 0.8657745968749999 0.3181154609375 0.8704439125000001 0.329562596875 0.8721396968749999 0.344934734375 0.8677294453125001 0.35643864999999997 0.8683418062499999 0.3661851875 0.8749718828124999 0.3706751921875 0.8856000281249999 0.38085159062499996 0.88723706875 0.3816464125 0.8872046828125001 0.46945490625 0.8442767671875 0.485139334375 0.8339076859375 0.5027926640625 0.8272422625000001 0.5163946328125 0.81533636875 0.527545071875 0.8089359187499999 0.53490888125 0.801055875 0.5351451296875 0.7965480015625 0.5341771171875 0.7924490328125 0.5251531203125 0.7857895187499999 0.5165961609374999 0.7839759671875 0.4912219734375 0.7866315515625 0.48260823437499994 0.785901425 0.4805541640625 0.7838229015625
0 0.392344153125 0.576019653125 0.3733876859375 0.5800354 0.35573435625 0.5867008234375 0.3342128015625 0.598388859375 0.3269873671875 0.5986832734374999 0.32218507343749997 0.59401395625 0.3180897265625 0.603370265625 0.30460131874999996 0.6131093109375 0.2687708453125 0.6226776140625 0.2474892046875 0.6435453109375 0.2490322578125 0.655374646875 0.25649760625 0.6642598921875 0.2679731296875 0.6654139640625 0.2782306859375 0.662293228125 0.2924544328125 0.66603809375 0.30597123125 0.6557573359375 0.32276006874999996 0.6518299140625 0.329206178125 0.652648365625 0.343811790625 0.66286433125 0.3523403625 0.6652195953125 0.35738536875000004 0.6515001515625001 0.364752753125 0.648497178125 0.395878896875 0.646147775 0.42862046718749996 0.6404892171875 0.43598784999999995 0.6374862453125 0.437603275 0.6341770906249999 0.42860767187500004 0.6269758640624999 0.43189530468750004 0.6192741328125 0.4491099890625 0.6072210328125001 0.46459568906250004 0.6006439343750001 0.4660509234375 0.5976629296875 0.46670077968749996 0.5852629375 0.46231729843749997 0.5753306859375 0.4416474390625 0.57076736875 0.4382050609375 0.5676643046875001 0.410833584375 0.5671579421875 0.4006328078125 0.56919525625 0.392344153125 0.576019653125
0 0.345222159375 0.6120879671874999 0.36148718281250003 0.6043980015625 0.362635575 0.596242884375 0.34947505 0.585968034375 0.341640634375 0.5841250437500001 0.319964334375 0.585008284375 0.3057689734375 0.5807217078125 0.2896175125 0.5862448234375 0.27955868437500003 0.585573578125 0.27213452031249996 0.5896599734375 0.25837780781249997 0.590761071875 0.2504866109375 0.5900015062499999 0.228570396875 0.5817050874999999 0.207730196875 0.5803920390624999 0.1950083171875 0.5755048687500001 0.18414177812500002 0.5764882 0.17847498906249998 0.574556884375 0.1711643859375 0.576476434375 0.1689115875 0.5781898921875 0.1701991296875 0.594894634375 0.175837525 0.5973676609374999 0.1795070234375 0.5961370328125 0.18827550937499998 0.6076719546875 0.16917709218750002 0.6143962609375 0.163778609375 0.621102890625 0.145954940625 0.6310185859375 0.141944765625 0.6387497578125 0.1443806984375 0.6472993812500001 0.14860240156249999 0.6492895796875 0.1652492875 0.6480707156250001 0.18164066406249998 0.651727259375 0.20464849218749998 0.6529519828125 0.20889858437500003 0.6544004703125 0.21393215156249998 0.666400665625 0.22650812031249998 0.665888234375 0.25011194375 0.6521805984375 0.2636855234375 0.640816415625 0.3211355171875 0.6314482953125 0.32450831875 0.622121428125 0.3389875765625 0.6209908875 0.345222159375 0.6120879671874999
0 0.157399165625 0.5593907 0.15912815 0.5539147 0.1527388203125 0.5520128265625 0.14542821718750001 0.5539323734375 0.1415316015625 0.5594966984374999 0.1266264953125 0.5687529171875 0.11882046875 0.5663682109375 0.0930900078125 0.589579403125 0.0842207578125 0.5937246828125 0.0756354078125 0.5924528437500001 0.070420059375 0.60942255625 0.0475953671875 0.6184609187500001 0.040524679687499995 0.6295601265624999 0.0293742390625 0.6359605765625 0.028169068749999998 0.645199121875 0.036044671875 0.660013753125 0.0432317359375 0.6608828671875 0.0480304359375 0.6606873359375001 0.062169790625 0.656787015625 0.0800630359375 0.659301253125 0.08932974375 0.6475720078125 0.09791509375 0.6488438453125001 0.12160427968750001 0.6370674859375 0.1644614578125 0.6309967515625 0.19159301875 0.6223234546875 0.193151665625 0.6200977234375 0.1862669125 0.6138915953125 0.23769973437499997 0.55177301875 0.2377553984375 0.5507108859375001 0.2147639890625 0.5516477140625 0.2087565234375 0.5562169390625 0.1905793796875 0.559119821875 0.1795425 0.5633534250000001 0.1650632421875 0.5644839640625 0.157399165625 0.5593907
0 0.0596580796875 0.5210018859375001 0.0529303375 0.525602025 0.0497936671875 0.523566834375 0.03784128125 0.4937718390625 0.0284691375 0.4869437203125 0.017483434375000002 0.49027535625 0.008210175 0.50218921875 0.0070973187500000005 0.5440525859374999 0.011139653125 0.5597498812499999 0.011553048437500001 0.5828050484375 0.0079472578125 0.610349990625 0.006179090625 0.6544030609375 0.0118728515625 0.6592180609375 0.022229534375000002 0.6472600515625 0.030468812499999998 0.6447613265625 0.0405457109375 0.6587707328125 0.047611115625 0.6786708499999999 0.04868934375 0.6793704468749999 0.0575768078125 0.6790083109375 0.0611539109375 0.6781190234375 0.0738289078125 0.6631825484375 0.0749715671875 0.65199991875 0.0765010640625 0.62281536875 0.0744905015625 0.5989865562500001 0.0704481671875 0.583289259375 0.0570221140625 0.5506703109375 0.06343534687499999 0.5417569875 0.06109388125 0.524548384375 0.0596580796875 0.5210018859375001
0 0 0.5956004015625 0.0339427578125 0.594217340625 0.0276498125 0.5864357484375 0.0353862640625 0.5763905203124999 0.0326380390625 0.573799728125 0.01376674375 0.5761903390625001 0.00700834375 0.5813307171875 0 0.584097228125 0 0.5956004015625
0 0 0.24029341093749998 0.0190060015625 0.20260545 0.0190775453125 0.201240321875 0.0112425109375 0.12687075 0.006847799999999999 0.1075828109375 0.0059684281249999995 0.083104628125 0 0.061951837499999995 0 0.24029341093749998
0 0 0.1761854578125 0.007216937499999999 0.175891390625 0.058903814062500004 0.1626348125 0.0729160359375 0.1566583078125 0.07866799375 0.1569644890625 0.082832915625 0.1600381109375 0.089477753125 0.1570645796875 0.0995081921875 0.1582775359375 0.102653875 0.15328436406249998 0.1124263015625 0.149102284375 0.14264926875 0.14678968125 0.1682633703125 0.15331375625000002 0.1706297296875 0.14943345 0.1691150671875 0.1370624015625 0.1767663484375 0.1286423125 0.1773987640625 0.12560181875 0.177845146875 0.1170843203125 0.17553558593750002 0.1108541453125 0.1632963328125 0.096757871875 0.1545974234375 0.09765288125 0.145699784375 0.1023398703125 0.1283019640625 0.1041298875 0.08095478125 0.0995724796875 0.027331829687499996 0.0909463453125 0.0012634875 0.093089659375 0 0.09378510625 0 0.1761854578125
0 0.085965190625 0.128171034375 0.08342849218750001 0.1353016125 0.05642328437500001 0.155321415625 0.05382980625 0.1635354171875 0.0569882828125 0.1720555984375 0.073875084375 0.18001639375 0.094427103125 0.18481115625 0.121797534375 0.18369589687500001 0.1944830453125 0.17618310625 0.19843644062500002 0.169535359375 0.2043871265625 0.16604955625 0.24567286250000003 0.14869119687500001 0.2561291484375 0.14177847500000001 0.2660182671875 0.13042566718749998 0.2665235515625 0.1207842828125 0.2396837890625 0.1116369375 0.218234609375 0.108186484375 0.1750935328125 0.1196743375 0.1376348375 0.11903844374999999 0.0934177421875 0.12354292656250002 0.085965190625 0.128171034375
0 0.2652094703125 0.0237294609375 0.2561139703125 0.0219370734375 0.247647490625 0.0287710578125 0.241624503125 0.0405524828125 0.23882549375 0.0630175453125 0.2338859296875 0.07475482343749999 0.236253684375 0.08114735 0.2364661703125 0.0977217 0.23279936406249999 0.105802115625 0.2283142015625 0.1088688734375 0.229382909375 0.1297343390625 0.22398894062500002 0.1501421375 0.2206450796875 0.2036324203125 0.2271950640625 0.21273853437499998 0.237184653125 0.2180994921875 0.2436848703125 0.25512837187500004 0.2529128796875 0.25475235937499996 0.2538231109375 0.2513085453125 0.26236532343749996 0.2430294703125 0.26567975312500003 0.23135841250000003 0.273831721875 0.2202112375 0.2810022921875 0.19684704687500001 0.2792666953125 0.168077753125 0.28196368125000004 0.157873853125 0.28176591093750003 0.1203898921875 0.285780909375 0.11033929375 0.2859597734375 0.1069263640625 0.279651646875 0.098846028125 0.277385915625 0.080192340625 0.2837118390625 0.06263056875 0.27766570156250003 0.054224925 0.2718351875 0.0313904875 0.2652094703125 0.0237294609375
0 0.340111928125 0.1061429953125 0.3042686578125 0.1021979453125 0.29548457968749997 0.10471808906249999 0.27531014374999996 0.104459025 0.2671066578125 0.1096582859375 0.26488085 0.12461424375 0.25866045937500004 0.1332463078125 0.251873671875 0.1389283984375 0.2371105140625 0.14547605624999999 0.23912060156249998 0.16215135625 0.24376019062499998 0.163134665625 0.27804124375 0.1617378203125 0.28319574531249997 0.16035543125 0.29880472187499996 0.1608917734375 0.35486711249999997 0.15860740625 0.3678184875 0.1552856546875 0.40985515625 0.1373561421875 0.4347906984375 0.12931288125 0.44579548124999996 0.12139210625 0.4464292859375 0.1092984140625 0.4306001859375 0.09921255 0.4241824671875 0.0978523875 0.39675420781250004 0.0984294484375 0.37990859062500004 0.10344029531250001 0.35976255 0.10263951874999999 0.340111928125 0.1061429953125
0 0.5028440890625 0.0519351625 0.49146814218749996 0.052398696875 0.483656975 0.05704298125 0.4738535796875 0.07907245 0.4727175734375 0.1007487515625 0.47905193125 0.12428365781249999 0.47648012343749996 0.1424134625 0.4772953375 0.1784302640625 0.47990187031250003 0.1905810609375 0.4893728984375 0.21615116093750003 0.49793826250000006 0.22805915625 0.501200109375 0.23802025312500003 0.5075847125 0.2412569515625 0.5113670156250001 0.241102834375 0.5229064484375 0.2364147859375 0.5309711078125 0.216619165625 0.538820140625 0.21125234062499998 0.5410207296875 0.2084251234375 0.541451465625 0.20020619375 0.5371224140625 0.1817605 0.5359022375 0.16378520937500002 0.5303105015625 0.14670904375 0.521285440625 0.071371746875 0.5144703890625 0.0673234375 0.5028440890625 0.0519351625
0 0.4756093953125 0.09003321875 0.442754265625 0.0978586234375 0.4139788875 0.1103827828125 0.35093168124999996 0.130249521875 0.3279650375 0.141996440625 0.315779765625 0.1543851640625 0.3272680859375 0.1690525890625 0.3480515046875 0.1714490609375 0.3608301640625 0.175252809375 0.36880653125 0.17438724218749999 0.37776095 0.168616828125 0.4189175328125 0.16748037968750001 0.446500534375 0.177708115625 0.458388278125 0.1793358546875 0.47460227499999996 0.1786751859375 0.4784627828125 0.1731624234375 0.46130767500000003 0.156563678125 0.48849601875 0.146806959375 0.530150821875 0.122406346875 0.5316228109375001 0.119992609375 0.5318481421875 0.11569304375 0.5289768390625 0.10353475625 0.526200225 0.10148567500000001 0.520277928125 0.10442976562499999 0.5014918015625 0.10519524218750001 0.4946638265625 0.0979056890625 0.4756093953125 0.09003321875
0 0.519274346875 0.10655609531250002 0.4829044640625 0.12641692499999999 0.4788659 0.134689809375 0.4863596390625 0.1430333421875 0.500413046875 0.15002848124999998 0.5346280937500001 0.1437693296875 0.5480725171875 0.1486270609375 0.5527896421875 0.1549215125 0.5616305015624999 0.1513179453125 0.564771865625 0.15629109531250002 0.5707155078125 0.1560489109375 0.5859570609375 0.14113727812500002 0.6118266718750001 0.1427859484375 0.65665275 0.140418871875 0.67352675625 0.1348663125 0.6721668390625 0.133300059375 0.662716996875 0.134766221875 0.6534374921875 0.1329821125 0.6492157921875 0.1309919140625 0.648691978125 0.127229371875 0.66779039375 0.120505065625 0.685585671875 0.11113108437500001 0.693031496875 0.10444415781250001 0.6934738546875 0.0960034421875 0.6873870328125 0.09051659375 0.6506096953125 0.076879615625 0.6143405796875 0.08106024375000001 0.56411601875 0.090133953125 0.5507127796875 0.0982478640625 0.519274346875 0.10655609531250002
0 0.6915338734375001 0.025541190624999998 0.6823247718750001 0.0259164328125 0.6731651125 0.035662665625 0.6671915671875001 0.056815079687500006 0.6642410921875 0.082170315625 0.6653739562500001 0.0914971609375 0.6627905734375 0.0995334296875 0.650001975 0.11663753437499999 0.6436760515625 0.13419930625 0.6395664171875 0.161043775 0.6624436125 0.233387771875 0.6657694249999999 0.2332522546875 0.671570575 0.2311187453125 0.6802148125 0.21057850781249998 0.69810601875 0.18894048593749999 0.7077053640625001 0.19143334375 0.7267178609375 0.1690286328125 0.7272995765625 0.1645848578125 0.7278638515625 0.1538178359375 0.7178527031249999 0.13189783906250002 0.716090815625 0.1139446203125 0.713067746875 0.1097418 0.7015697640624999 0.07127628593749999 0.700425321875 0.051855907812500004 0.6915338734375001 0.025541190624999998
0 0.8108020281250001 0.0853370953125 0.8072635375000001 0.0703402703125 0.807039478125 0.043672384375 0.79390164375 0.026182699999999996 0.7836469875 0.025879545312500002 0.7783287515625 0.044842256250000004 0.7660177078125 0.073462909375 0.75866094375 0.069436671875 0.7563689203124999 0.061599059375 0.7466181078125 0.061996375000000006 0.74508028125 0.070711040625 0.7461342734375 0.11248611875 0.735786025 0.16554080468750001 0.7392193484375 0.22380193906249998 0.7470006031249999 0.23461982812499999 0.748616809375 0.2345539734375 0.77369956875 0.2260019796875 0.7754761718750001 0.2230455875 0.7743054390624999 0.2144412859375 0.785544634375 0.195958315625 0.7917306671875 0.1913802515625 0.808989709375 0.19211899999999998 0.8133738781250001 0.188223453125 0.81396041875 0.177031584375 0.8103297671874999 0.145920371875 0.8122346874999999 0.1198867375 0.8071583734375001 0.113604578125 0.8044761046875 0.10289886562499999 0.80547221875 0.094206271875 0.8108020281250001 0.0853370953125
0 0.8202341984375 0.106637584375 0.8115068984375 0.10807430312499999 0.803275021875 0.11381527656249998 0.7952134859375 0.1163059796875 0.772486759375 0.1372325578125 0.7756452359375 0.1457527390625 0.7924752578125001 0.154796959375 0.819379703125 0.1504573578125 0.8328832125 0.1531622125 0.835890071875 0.1530396921875 0.8425578703125 0.148431809375 0.851894153125 0.1491324953125 0.8528438156249999 0.1447693578125 0.857349415625 0.1413424390625 0.8696610421875001 0.14030022343749998 0.8774258843749999 0.1297132859375 0.9435336031249999 0.1064785125 0.94155190625 0.08926150000000001 0.95443133125 0.0773850484375 0.9602684578125 0.07606609375 0.9659068546875 0.07853912187499999 0.9731169656249999 0.055703439062500006 0.9732165281249999 0.0538036859375 0.9601293078124999 0.051206232812499995 0.9355060546875 0.05329066406250001 0.9220581640625 0.04818299375 0.9197748765625 0.0482760296875 0.8739479187500001 0.058501740625 0.856960353125 0.0662211453125 0.8462769484375 0.0774675625 0.8404526156250001 0.0922998703125 0.829387346875 0.0970751859375 0.8202341984375 0.106637584375
0 0.902756053125 0.08548848125 0.8960544328125 0.0895454375 0.9064951265625 0.0966877796875 0.9047093593750001 0.1032472046875 0.8795183078125 0.116165871875 0.8451457171874999 0.1391886484375 0.8420568156250001 0.14309839687499998 0.84288289375 0.1496364296875 0.9532111578125001 0.145140896875 0.9911019812499999 0.1290374234375 0.9943420109375 0.06721398437500001 0.9244607453125001 0.084063528125 0.902756053125 0.08548848125
0 0.9573623281250001 0.2910621140625 0.9345376375000001 0.300100471875 0.8811390031249999 0.314709065625 0.8332240234375 0.320985890625 0.819820784375 0.3290998015625 0.8169434078125001 0.3427309203125 0.827355709375 0.35041497499999996 0.8436051359375 0.3567800796875 0.8538059140625001 0.3547427640625 0.860605496875 0.36257402656250004 0.8680580499999999 0.35794591875 0.887509940625 0.3582344234375 0.8952307984375001 0.362244265625 0.9280703328125 0.368473925 0.9550463109375 0.3804997875 0.96659575 0.38002918281250003 0.9715776796875 0.3775122390625 0.9787083609374999 0.36552179218749997 0.9827472703125 0.2884548265625 0.9741227765625 0.2876764015625 0.9573623281250001 0.2910621140625
0 0.857700259375 0.2075463578125 0.8520064968750001 0.20273135625 0.8376569234375 0.2083630609375 0.8280049953124999 0.22750235624999998 0.8215696875 0.26778009687500004 0.81491031875 0.2813899515625 0.8192671656250001 0.3014004359375 0.81660490625 0.34188493593749997 0.820420040625 0.36191749375 0.8206703921875 0.37776930000000003 0.8259970609374999 0.39990326718749997 0.8404307062499999 0.41323495625 0.8415393531250001 0.41318978125 0.8477528421875 0.4076687921875 0.8514459406249999 0.38877229999999996 0.8691616234374999 0.373255428125 0.869966196875 0.3579032734375 0.8722444625 0.270401759375 0.86987670625 0.264009234375 0.8712020468749999 0.23872021718749997 0.8690614906249999 0.22799243281249998 0.8607349031249999 0.2218427109375 0.857700259375 0.2075463578125
0 0.6587304828125 0.340670378125 0.6555280203125 0.3467469734375 0.656405309375 0.3575223265625 0.6682626968750001 0.3651475015625 0.7862204 0.37061163750000004 0.8025833875 0.3748098921875 0.8137584328124999 0.3753426828125 0.8150943343750001 0.37528825 0.8214262937499999 0.3729609921875 0.8260894375 0.3527704484375 0.8480780265625001 0.3459283765625 0.8668513593749999 0.331649546875 0.8686860421875 0.3228288328125 0.868712075 0.32233212031249997 0.8479544703125 0.3070134515625 0.8273130015625 0.301908421875 0.78968396875 0.304522796875 0.724866590625 0.3168938921875 0.687619421875 0.32597936875 0.6587304828125 0.340670378125
0 0.7105579125 0.1977295078125 0.6915601328125 0.199224609375 0.68290431875 0.20967131249999998 0.681957646875 0.22773489531250002 0.6788704203125 0.23507069375 0.679132346875 0.2610160359375 0.67484809375 0.2705636125 0.663908690625 0.31426938125000003 0.6606289875 0.3562210421875 0.6675544999999999 0.38910486718750004 0.665562271875 0.40649005312500003 0.6683960078125 0.41430559218749996 0.6767256390624999 0.4167870984375 0.680456684375 0.4166350703125 0.6868520734375 0.41283256250000006 0.6970457140625 0.3936711953125 0.7146834281250001 0.3871845109375 0.719444675 0.37396653125 0.7216051296875 0.3327425859375 0.7217319640625 0.324891271875 0.7192390296875 0.310572840625 0.7233665203124999 0.23181561718750002 0.7209114546875 0.21677464375 0.7151682515625 0.20258865468749998 0.7105579125 0.1977295078125
0 0.632615128125 0.2953745109375 0.6346189328125 0.28808285625 0.6289893296875 0.2717292359375 0.6272653078125 0.253053475 0.6190901906249999 0.24401357968749998 0.6065172171875 0.246688890625 0.5992593390625001 0.261404634375 0.5949866609375001 0.28104574375 0.591002203125 0.31581611718749997 0.587335396875 0.32389653125 0.5887070390625 0.33898164999999997 0.5868515609375 0.3743862734375 0.5885640046875 0.3829685015625 0.6025464875 0.3946557671875 0.6038571125 0.3902763609375 0.5999778203125 0.38178242500000004 0.6040727390625 0.3758475671875 0.6025117609375 0.364375165625 0.6149595578125 0.35377395 0.61751665 0.3565537578125 0.618221403125 0.36373504687499997 0.6229074765625 0.3671491046875 0.6261693234375 0.37711020156249997 0.6312835046874999 0.3826698171875 0.63443175 0.3947985421875 0.6363648765625001 0.3950442234375 0.63882796875 0.3949438609375 0.6406150015625001 0.360845225 0.6403064125 0.35490414531250003 0.631755765625 0.32208654062500003 0.6328654796875 0.3112263171875 0.6359148421875 0.3046130609375 0.632615128125 0.2953745109375
0 0.46315311875000004 0.32858823125000003 0.46639676718749995 0.335483278125 0.425947134375 0.35064535 0.401847696875 0.356492321875 0.396335653125 0.3653658 0.4035454921875 0.3791264515625 0.4276861203125 0.386251121875 0.44720758437499997 0.398969559375 0.4507715 0.40416573749999996 0.47185170000000004 0.40330678593749997 0.523528875 0.38721082500000004 0.540926696875 0.3854208078125 0.5491869609375 0.37913812187499996 0.5671369875 0.380568934375 0.6104200109375 0.36637252187499997 0.6210182453125 0.356751240625 0.6241296843749999 0.3481471328125 0.6241876171875 0.34704170156249997 0.620453246875 0.3400170578125 0.604317378125 0.33148510937500003 0.45791217968750003 0.3185312375 0.44693208125000006 0.32168141875 0.45176276406250004 0.325809021875 0.46315311875000004 0.32858823125000003
0 0.41376434218749997 0.2629065734375 0.40916558125 0.2681409625 0.40315416718749997 0.2900159203125 0.393615840625 0.30698758593750003 0.392430390625 0.319292896875 0.38949463125 0.323738521875 0.3982724796875 0.3522208671875 0.3980947203125 0.3659271171875 0.38768545468750004 0.39951728124999997 0.383159284375 0.43430972656250005 0.38795895625 0.43555615625 0.3923568109375 0.4238409515625 0.397497284375 0.41858449062499997 0.40851771406250004 0.4455334578125 0.412798825 0.46698902656249996 0.41957601093749997 0.47175988125 0.42286414843750003 0.4709049 0.4325276515625 0.4618591375 0.43530037187500004 0.4502101515625 0.44120975625 0.44059635625000004 0.4463265640625 0.4087645390625 0.447339640625 0.3894339046875 0.4456811921875 0.3243330953125 0.44066903281250003 0.3065123171875 0.43773641406249997 0.27995479687499997 0.4310612546875 0.262922778125 0.4235908890625 0.26106417187500003 0.41376434218749997 0.2629065734375
0 0.2750017046875 0.37566254374999997 0.263497790625 0.3750501828125 0.2576478671875 0.36285578281249997 0.2487786171875 0.36700106250000003 0.2454909859375 0.3747027921875 0.2487630234375 0.3810561265625 0.24633988437499998 0.3860198578125 0.226518925 0.3927736046875 0.2218145953125 0.3999925078125 0.224831125 0.4112212484375 0.2380484296875 0.42041267343750005 0.2528377328125 0.42470422812499997 0.266420134375 0.4241507875 0.2717808484375 0.42336262343750003 0.2792334015625 0.418734515625 0.29977690468749996 0.4119513265625 0.31191819062500004 0.4141593828125 0.3329287296875 0.412222159375 0.34634476406250003 0.4176216015625 0.3701886953125 0.4166500359375 0.396262375 0.418860121875 0.4009007140625 0.4186711234375 0.4086822203125 0.411297659375 0.3967964421875 0.4042141984375 0.3929722015625 0.394640034375 0.4393725203125 0.3759921609375 0.44368968906250006 0.3698272890625 0.4438931640625 0.365944765625 0.42958479687500006 0.35639044375 0.38024032343749997 0.3486710875 0.3388566234375 0.3541412296875 0.32993059375 0.35936993125 0.3080555640625 0.36404515625 0.2750017046875 0.37566254374999997
0 0.23512017968749999 0.26601748281250004 0.22875952968750002 0.25329864999999996 0.219815496875 0.2486160890625 0.20709105781249998 0.25418157343750003 0.20404169687499998 0.2607948296875 0.20080300156250003 0.2710208015625 0.1988307828125 0.3395962 0.19962284531250002 0.3554259359375 0.202380846875 0.364686559375 0.1991653015625 0.3950996015625 0.20018142499999997 0.43759722031250003 0.2082808109375 0.4480822015625 0.218346134375 0.451998071875 0.22500971875000003 0.45893655781250003 0.2336771078125 0.45858338749999994 0.24308711875000003 0.4646889625 0.24869387656250003 0.473207140625 0.2498812671875 0.47315875781249994 0.25814145 0.466238546875 0.266770971875 0.46660792031250004 0.26257716875 0.4538007984375 0.26341024062499996 0.43790484531249996 0.2703914765625 0.4181533703125 0.28040735781250004 0.41269825156250006 0.280953184375 0.4107120390625 0.2816144359375 0.39809461874999996 0.2813161625 0.3953572109375 0.2748797796875 0.3840834671875 0.2723868453125 0.3697650375 0.2679658421875 0.3612931765625 0.24135565312499999 0.2708104078125 0.23512017968749999 0.26601748281250004
0 0.1576106765625 0.3269819578125 0.14893171249999998 0.31724159375 0.1466281140625 0.2993104484375 0.1256559625 0.2662779796875 0.11601874999999999 0.26450766406250004 0.104654378125 0.2750647328125 0.0994991875 0.30123080468749996 0.10074565312499999 0.30839002031249996 0.09804866875 0.31859391875 0.10580725312499999 0.335581790625 0.1095056453125 0.3887851203125 0.115196265625 0.42460326562499995 0.133421990625 0.45846864375 0.138454990625 0.473021540625 0.151476225 0.47249096718750005 0.156727175 0.4676130359375 0.162939496875 0.45221889531250004 0.16808311250000002 0.4159592890625 0.16856380625 0.39647269218750003 0.1599637171875 0.3542840953125 0.1576106765625 0.3269819578125
0 0.065458175 0.3204491125 0.061692484375 0.309787546875 0.05213100625 0.3065721421875 0.047823603125 0.2959326515625 0.0473081828125 0.2851386484375 0.040796065625 0.27530998906250004 0.03718184375 0.26175825 0.033075349999999996 0.2575995765625 0.0216994015625 0.2580631109375 0.013346523437499999 0.26272946406250003 0.008532134375 0.2823926484375 0.0080893078125 0.30115670156249996 0.004119565625 0.3150174640625 0.0048737625 0.331569740625 0.0097723203125 0.351558153125 0.01255033125 0.41200898906249994 0.021127270312499998 0.4340105203125 0.0423381984375 0.4728012625 0.0441394421875 0.47530544218750004 0.048283548437500004 0.47513658281250004 0.05360054374999999 0.4745053578125 0.063101003125 0.458256234375 0.06572051875 0.4417625078125 0.0682875390625 0.392780846875 0.0672663625 0.378776465625 0.06303469375000001 0.3666918859375 0.062784340625 0.350840078125 0.064878596875 0.3211937265625 0.067121178125 0.3196603484375 0.065458175 0.3204491125