0 1 0.7159877078125 0.9763897546875 0.7173628484375 0.9771075093749999 0.7310584125 0.9808562328124999 0.73384040625 0.9975041593749999 0.769447721875 1 0.7731371421875 1 0.7159877078125
0 1 0.6421376999999999 0.9819124499999999 0.6457431796875001 0.97760830625 0.650898359375 0.9781962312499999 0.6621166296875 0.9947324640625 0.6756159921875 1 0.677253696875 1 0.6421376999999999
0 1 0.535042596875 0.9765934203125 0.5456551390625 0.967449428125 0.5456597953125 0.9595700453125 0.5429511828125 0.9506743 0.5476926796875 0.9441698578125 0.5443760625 0.9391532281250001 0.54514265625 0.9391991624999999 0.5460191421875 0.94914975625 0.558867840625 0.9504302625 0.56987963125 0.954102071875 0.57283330625 0.96276546875 0.577080021875 1 0.5780123374999999 1 0.535042596875
0 1 0.440148296875 0.9984992078125 0.4402357078125 0.991546259375 0.44316565468749997 0.97944236875 0.474116946875 0.9669577968749999 0.4776577015625 0.9510213140625 0.4757722859375 0.9460154171875 0.4809876671875 0.9453685421875001 0.48430621562500004 0.9456739515624999 0.49013377968749994 0.9497862953125 0.5025735250000001 0.9521834671875 0.5172053640625001 1 0.5144203671875001 1 0.440148296875
0 1 0.35551575 0.9463859640625 0.3586384125 0.945398990625 0.36253912499999996 0.94531620625 0.3636864609375 0.9457451953125 0.3718720859375 0.9536494484375 0.37894025625 0.965021053125 0.3944562015625 0.9758545453125 0.4198511265625 0.9840800468750001 0.4257026703125 0.993333221875 0.4209433171875 0.99869346875 0.4023426453125 1 0.40020460468749997 1 0.35551575
0 1 0.28553500781249996 0.9928632125 0.28318187031250003 0.9920796359375 0.2783036890625 0.9814905421875 0.265692178125 0.980623034375 0.2657427046875 0.9735601218750001 0.2674244796875 0.9651522328125001 0.28831286562499997 0.9607743171875001 0.3296867125 0.9610882843749999 0.3356775515625 1 0.33341120156250004 1 0.28553500781249996
0 1 0.1721452328125 0.9475099296874999 0.1752024296875 0.9429872749999999 0.199626703125 0.9441573 0.2219521125 0.9556317812499999 0.2336859921875 0.9688395906249999 0.25401880781249997 0.9784235296875 0.255570815625 0.9866975765625 0.252275296875 0.98783550625 0.2437681859375 0.9966227015625 0.220044096875 1 0.20190768124999997 1 0.1721452328125
0 1 0.037168290625 0.9991142046875 0.040133131249999995 0.9942185625000001 0.0474522984375 0.9919545 0.05461819375 0.9936319093750001 0.0664783421875 0.9891287406249999 0.0913597203125 0.9654195718749999 0.0821895796875 0.9648065875 0.0604197953125 0.9581600343750001 0.0544762875 0.9545125750000001 0.05539213125 0.9451976906249999 0.0489006328125 0.9374766859375001 0.030030746874999997 0.9368776499999999 0.0300656375 0.9322838921875001 0.034177914062499995 0.9306931531249999 0.044118203125 0.9210357109375 0.041163671875 0.9109136624999999 0.0494906453125 0.9013428859375001 0.0683365515625 0.8947947953125001 0.07434515781249999 0.8817839062499999 0.0779165671875 0.8788986031249999 0.08323740156250001 0.8806507171875 0.116669721875 1 0.1097184171875 1 0.037168290625
0 0.066995375 0.702870465625 0.07087195156250001 0.6963096140625 0.07177798125 0.6867542421875 0.06275600625 0.6756654203125 0.036636842187500004 0.6592538265625 0.0348939265625 0.659355340625 0.0345661921875 0.65956225 0.0377827328125 0.7209375 0.041903745312500004 0.720697478125 0.066995375 0.702870465625
0 0.3165883171875 0.9668865953125 0.2781960765625 0.9590921625 0.2744966828125 0.9556121718749999 0.26532510781249996 0.955090509375 0.2569927109375 0.957159584375 0.2229459578125 0.9517516703125001 0.2106383359375 0.9450775953124999 0.1921296859375 0.940876378125 0.18775661562499998 0.9379635453124999 0.1765895609375 0.9363455374999999 0.17053825312499998 0.9366979859375 0.1673924265625 0.938621703125 0.17411753125 0.9461488453125 0.17035128593749999 0.9548149609375001 0.150991775 0.961221746875 0.1230240328125 0.96443445 0.119905559375 0.9721019906249999 0.120554596875 0.9844863687500001 0.12418252187500001 0.9865397124999999 0.1348117875 0.98803231875 0.1487889234375 0.9943864375 0.3276643171875 0.9839681328125 0.3259805578125 0.9716187812499999 0.3165883171875 0.9668865953125
0 0.1352079390625 0.8942782875 0.1517666109375 0.91495866875 0.15678577968750002 0.9167780265625 0.1988615171875 0.91432739375 0.2141789546875 0.9113235640624999 0.2231022828125 0.9071083828125 0.25311864375000004 0.9027205171875 0.27305740156249997 0.9073663625 0.30700550781249997 0.8974702765625 0.3109924171875 0.8930146875 0.312516959375 0.881839521875 0.3036329 0.87338228125 0.28652677656250003 0.8690993765625 0.27632294062499996 0.8623027703125 0.26092275468750004 0.8637276500000001 0.253744634375 0.8609781953125 0.23273434843750002 0.8627298281250001 0.2121219125 0.8586511421875 0.1529952171875 0.8578715015625 0.14426497031250002 0.8657708921875 0.122017659375 0.87076210625 0.11515081093749999 0.8813759765625001 0.1152958140625 0.8841428078125 0.11796389843749999 0.887363803125 0.1352079390625 0.8942782875
0 0.1373263109375 0.735372075 0.1367725828125 0.755648896875 0.1375522484375 0.7705258234375 0.14283630625 0.7800689359375 0.1436566375 0.785648378125 0.1393240625 0.7936381531250001 0.148114 0.8304065453125 0.14953552187500002 0.8676041 0.1552410703125 0.90595894375 0.159819109375 0.9127263328125 0.164348609375 0.928640784375 0.174226559375 0.9358028890625001 0.1827211171875 0.93671494375 0.1903953421875 0.9320475546875 0.1904071375 0.922199228125 0.1993649265625 0.8815835359375 0.1995709 0.835146953125 0.190548659375 0.8040193125 0.187977415625 0.7851771953125 0.1805840390625 0.7750567671875 0.1830436515625 0.761548859375 0.1865073515625 0.7571267046875 0.18497695 0.7480716046875 0.1632496265625 0.7162771453125 0.1541990046875 0.711962846875 0.1538746453125 0.7119817390625001 0.1453181390625 0.71661813125 0.1373263109375 0.735372075
0 0.0508215265625 0.7474980578125 0.06318431249999999 0.7552247640624999 0.0838794984375 0.760882396875 0.082244621875 0.769952296875 0.069113721875 0.774412540625 0.0686055390625 0.7781375953125 0.0743259703125 0.7799161078125 0.1078762265625 0.7758503375 0.1370258296875 0.768345421875 0.1489472875 0.7676510750000001 0.1701782375 0.770109971875 0.182678940625 0.78046825625 0.20043116093750002 0.7836576843749999 0.2126401359375 0.775027759375 0.23477711562499998 0.76793128125 0.24016654843750002 0.7633940031249999 0.2437397140625 0.7510436781250001 0.21391222187499997 0.7321919625 0.20535915781249997 0.7300505078125 0.1891749609375 0.7299372859375 0.17341619375 0.7245200609375 0.16071072343749998 0.723676303125 0.11281591093750001 0.709044421875 0.07944918906250001 0.7069129125 0.0780685765625 0.7069933234375 0.0735452234375 0.7113316796875 0.07053540781249999 0.721009584375 0.04604639375 0.72349175 0.0381152265625 0.72728185 0.038942225000000004 0.743061925 0.040081928125 0.743900190625 0.0508215265625 0.7474980578125
0 0.17367844999999998 0.5661191015625 0.1676698375 0.5924949671874999 0.16720523125 0.603776471875 0.161392171875 0.6238103234375 0.1595087890625 0.65838675625 0.1529920453125 0.7062713125 0.155268378125 0.749706334375 0.1614108203125 0.765193203125 0.1707289140625 0.773690865625 0.17111547031250002 0.77366835 0.182194396875 0.7689065171875 0.20071116875 0.7192932437499999 0.20375880937500002 0.7170055296875 0.2193159796875 0.72172665 0.22252242031249997 0.712395659375 0.2214448296875 0.7019073796875 0.21707413125000002 0.6789496515625 0.207893090625 0.6548652875000001 0.207794628125 0.642913175 0.21036449687499997 0.631509053125 0.20734044375 0.6141001125 0.20610268281250002 0.58040886875 0.1999574875 0.56388511875 0.19601601562499998 0.5591908640625001 0.18708283125 0.5580224515625 0.18329823750000002 0.5582428796875 0.17706864687499999 0.5602944234375 0.17367844999999998 0.5661191015625
0 0.3864796875 0.36539785468749997 0.3740817796875 0.3907390484375 0.36927280625000003 0.4198586546875 0.36143978125 0.4315693203125 0.36131773125 0.43931386093749997 0.35232359375 0.47253085468749995 0.3533839765625 0.49276417187500005 0.35418435625 0.4945947515625 0.3635359921875 0.5017875125 0.3672451609375 0.5121225203125 0.3672701203125 0.52267210625 0.372142175 0.5350495937499999 0.38333002031249996 0.5470592265625001 0.385361778125 0.5455340828125 0.3912733 0.537452346875 0.4062896203125 0.49155996562500004 0.415628090625 0.47835481093750004 0.42232181874999997 0.44490501406250005 0.42238215781250005 0.42590962499999996 0.429234684375 0.3854165484375 0.414839028125 0.352491665625 0.4033039546875 0.34795306406250004 0.3982483390625 0.3482475203125 0.38950236718750003 0.3525605515625 0.3864796875 0.36539785468749997
0 0.412104234375 0.447014103125 0.40287601874999995 0.46232304375 0.3891813859375 0.5032146265625 0.3830493546875 0.5070887890625 0.37113964374999997 0.501451825 0.36672344843750004 0.5080542015625 0.3673084359375 0.5192164296875 0.37241415624999996 0.5358443312500001 0.384826596875 0.56114729375 0.3881696203125 0.5947159203125 0.38803577968749997 0.6123087843749999 0.3854291578125 0.6230116453125001 0.3781709921875 0.6255445953125001 0.3767390515625 0.62844160625 0.3823211796875 0.64429475 0.3903511296875 0.6564883078125 0.399782003125 0.6600448015625 0.4021837578125 0.6599049156250001 0.413166465625 0.6586764796875 0.4231533015625 0.6376961328124999 0.4284032953125 0.6169916734374999 0.42755800781250003 0.600862640625 0.43195092031250004 0.5738774765625 0.44103213124999996 0.5557634859375 0.4477508171875 0.5328632765625 0.44941506093749994 0.5243255125 0.445411878125 0.5083804062499999 0.42724534375 0.453869665625 0.4233038734375 0.449175409375 0.423499425 0.4428333953125 0.418890784375 0.4379468578125 0.41731535312499995 0.43803861718750003 0.41331566718749996 0.43990951718750004 0.412104234375 0.447014103125
0 0.3977709515625 0.27990377187500004 0.3902437296875 0.28737621406249997 0.3820681453125 0.3026238453125 0.3818753375 0.3694583421875 0.3805168984375 0.373757878125 0.37243099218750003 0.377718365625 0.37259010625 0.38075443125 0.3825618234375 0.39263064999999997 0.3845082859375 0.3995513109375 0.383799584375 0.42632189374999996 0.3758579640625 0.44310889062500003 0.3765138328125 0.4556236125 0.3820999609375 0.4644046390625 0.3914100796875 0.4708928140625 0.39145639062500004 0.47089011718749996 0.40765713124999997 0.468543325 0.41771746875 0.4489655015625 0.42388488124999996 0.41554635781249993 0.4287805234375 0.4082271921875 0.42813078750000005 0.3857561453125 0.43319702187500003 0.3615453734375 0.42900871250000006 0.311847715625 0.41762394374999995 0.27593385625 0.4073512859375 0.2677865953125 0.40425900156249994 0.2679667 0.4014669546875 0.2698408671875 0.3977709515625 0.27990377187500004
0 0.39784917656249996 0.199172478125 0.39925753125 0.21597211718749998 0.410249825 0.2343237625 0.41203748906250004 0.24828769843749998 0.4075828640625 0.2640220140625 0.4085869515625 0.27310776875 0.40074536250000004 0.289977840625 0.4030193015625 0.3333671734375 0.4068151953125 0.34003422968749997 0.40813688125 0.3350334296875 0.4136323421875 0.3290861328125 0.42419541250000004 0.32917430625 0.42999804687500004 0.349235025 0.44095358906250004 0.3668854078125 0.4501096734375 0.3804201828125 0.45758835 0.38209481093750003 0.462557496875 0.37617816875 0.46693724375 0.32879508749999997 0.46566273125 0.29440258125 0.46214911406250003 0.2777255578125 0.454669065625 0.24580469218749998 0.44616134687500003 0.2244947265625 0.44456923593750003 0.204188771875 0.43732286093750006 0.196873396875 0.4329403703125 0.1837639921875 0.4295987171875 0.180441609375 0.416637478125 0.1763441109375 0.413283196875 0.1765394765625 0.40640407187500005 0.1810891390625 0.39784917656249996 0.199172478125
0 0.406995903125 0.116132234375 0.40115788593749996 0.12561649531250002 0.39960389531249996 0.1362580484375 0.3892127921875 0.14952451093750002 0.386324665625 0.1643409390625 0.38891359062499997 0.21374056718749998 0.39234984375000004 0.22952971875 0.398384784375 0.24394968125 0.3983729921875 0.2537980078125 0.3944814359375 0.27020292968750004 0.3937359828125 0.29627225 0.402402503125 0.3105389421875 0.41898734531250004 0.304649165625 0.4367454984375 0.2607073015625 0.4367205421875 0.2501577109375 0.4427908625 0.23503269843750002 0.4417622625 0.22547920000000002 0.44379357812500003 0.21387221093750003 0.450537221875 0.201521590625 0.447574878125 0.1953635046875 0.4485658015625 0.18405134375 0.44560345625000003 0.17789325312499998 0.44383937968750004 0.1442326640625 0.4289174078125 0.1113384359375 0.41750307500000006 0.09949749687500001 0.4148099140625 0.0996543546875 0.40866014687499996 0.10759446875 0.406995903125 0.116132234375
0 0.32781423906249996 0.11481779218749999 0.3264944625 0.11647842500000001 0.3217511265625 0.1199222265625 0.30087875625 0.1243054390625 0.2981840390625 0.126574078125 0.298163790625 0.1269217046875 0.29853317968750004 0.13397008593749998 0.3069460796875 0.14612479375 0.321109240625 0.1479394953125 0.34076048124999997 0.160520921875 0.35786660625 0.164803825 0.37418871875000004 0.1675486296875 0.3839788078125 0.166450496875 0.4052097578125 0.16890939062500002 0.4212836234375 0.16691735000000002 0.4326417359375 0.1688954296875 0.44897553593749995 0.158441490625 0.4587932078125 0.1578696765625 0.48291195625 0.1617441421875 0.49323780624999997 0.1574472734375 0.507180303125 0.15505144843750002 0.515319621875 0.14929816406250002 0.5188100359375001 0.135368890625 0.5141611328125 0.12719290156250002 0.5090868000000001 0.12432091406250001 0.4390274234375 0.1162591953125 0.3876814671875 0.1028841640625 0.36004206875 0.10127695 0.34972847812499996 0.1018776484375 0.32170764531249996 0.10567085624999999 0.32781423906249996 0.11481779218749999
0 0.3526356109375 0 0.3535640078125 0.017714859375 0.359695965625 0.08225454843749999 0.3574651921875 0.09215388906250001 0.3581553125 0.10532216406249999 0.3601133984375 0.110366346875 0.3608116796875 0.12369033125 0.365573478125 0.1339640296875 0.37222003125 0.1399075375 0.38545143125000003 0.1405437015625 0.3943738421875 0.1294729890625 0.3976773703125 0.1018478703125 0.40653806875000004 0.07952630625 0.40602354687500003 0.069708634375 0.402167375 0.056568578125000005 0.4036846109375 0.0452257625 0.41178669375 0.028575607812499997 0.4202930421875 0.019639334375 0.423248509375 0 0.40937919999999994 0 0.405237228125 0.004337971875 0.4003901328125 0.0025100734375 0.3996193953125 0 0.3526356109375 0
0 0.3808464609375 0 0.3834823 0.050294814062500005 0.3834920609375 0.050299182812499996 0.392414471875 0.0392284703125 0.398924440625 0.0022723609374999997 0.40092142343750004 0 0.3808464609375 0
0 0.16926509375 0 0.17421722343749999 0.09449228125 0.1835586578125 0.091900503125 0.179111715625 0.00704776875 0.1795657453125 0 0.16926509375 0
0 0.1360113515625 0 0.1325537015625 0.0046115265625 0.13126271875 0.0225035265625 0.1327725328125 0.0513124984375 0.142266546875 0.1496502 0.15877925937499998 0.1726041390625 0.16647844375 0.1784863375 0.1713872515625 0.1915650859375 0.1757815359375 0.1948261625 0.1880455984375 0.18707783281249998 0.1951671796875 0.14164526875 0.1970151828125 0.136613815625 0.205852296875 0.133988903125 0.20984231250000002 0.12953609531250002 0.20834866093749999 0.12118225625000001 0.185751090625 0.06270917499999999 0.1845999984375 0.050818371875000004 0.1661276578125 0.0005458578125000001 0.16434341875 0 0.1360113515625 0
0 0.231019634375 0.114549303125 0.2077559609375 0.1269906265625 0.19925806562499998 0.1259018046875 0.190196821875 0.1274854078125 0.1821402546875 0.1348176390625 0.165077609375 0.1447861046875 0.1341000515625 0.157676709375 0.1316259984375 0.164155875 0.12620898281249998 0.16816683593749998 0.1219621390625 0.1810843234375 0.1165175390625 0.1845689671875 0.12467275156249999 0.1925407390625 0.12581534375 0.200920946875 0.12215943124999999 0.2116923265625 0.12389295156249999 0.21792642812500002 0.127537178125 0.2203537859375 0.135814409375 0.21723208125000001 0.16866340468750002 0.21320715781250002 0.178508659375 0.21316165781250002 0.19423984375 0.2180525671875 0.201142134375 0.2155388640625 0.2236059 0.1878343828125 0.2318948171875 0.1715139390625 0.252050028125 0.15344651874999998 0.2711888765625 0.1428292046875 0.2709130453125 0.1375660484375 0.2784455375 0.1202338140625 0.2771374484375 0.1086957109375 0.2719803640625 0.1042447765625 0.2563234359375 0.10261606406249998 0.255630928125 0.10265639687500001 0.253073865625 0.1058738765625 0.231019634375 0.114549303125
0 0.2076549921875 0.15008074062500001 0.1743645375 0.216924309375 0.17462422500000002 0.22187946093750002 0.1811845171875 0.24939546093749998 0.17739745625 0.2747958453125 0.1793338375 0.3117441984375 0.1800125796875 0.3176937890625 0.1864268296875 0.3292780515625 0.1928292875 0.35071063593749996 0.2016178578125 0.3572327890625 0.2057548796875 0.3555850296875 0.2085452578125 0.3483884796875 0.2184350015625 0.345702259375 0.2280057765625 0.326856353125 0.2284336328125 0.314873584375 0.23276620625 0.3068838109375 0.23974078125 0.258646196875 0.239116003125 0.24672473749999999 0.2330443125 0.2316035109375 0.22994675625 0.21279204843750002 0.2339853171875 0.199192175 0.23437504687500002 0.15626190625 0.2328813984375 0.1479080671875 0.22579060625 0.13887432500000002 0.2220447546875 0.1390924953125 0.21567177656249997 0.141876384375 0.2076549921875 0.15008074062500001
0 0.089874675 0.29321473125 0.0759321796875 0.29561055625 0.0581370625 0.3018786359375 0.05850704531249999 0.3089383328125 0.079773696875 0.32864591875000004 0.08153480156250001 0.3354063359375 0.0729148890625 0.34541099062499997 0.077260375 0.34779750625 0.095205678125 0.354671146875 0.1313010515625 0.35890389843750004 0.153564259375 0.3676377375 0.2074118515625 0.37505991875 0.22044831875 0.38221946562500003 0.2295923109375 0.3822148109375 0.236494603125 0.37970111093750003 0.250641865625 0.36779075625 0.25233190781250003 0.3597734890625 0.2468438265625 0.3490067640625 0.23445345781250002 0.3407537421875 0.161502075 0.3043526578125 0.15704625156250002 0.299860878125 0.14854835625 0.29877205625 0.1301065578125 0.28242473281249997 0.125704509375 0.2810561125 0.116653846875 0.281583253125 0.115998565625 0.2816626640625 0.089874675 0.29321473125
0 0.07013411093750001 0.4000809328125 0.0634925171875 0.40406678906250004 0.06350405 0.4042868609375 0.09308689375 0.4219726671875 0.1656797 0.451531646875 0.174906440625 0.4531059375 0.1919690859375 0.4431374734375 0.20980405625 0.44790585 0.21602098125000002 0.459158046875 0.240852678125 0.44979293125 0.2554964359375 0.44735626093749997 0.26439218124999997 0.44261476406250005 0.2694782015625 0.43228801250000004 0.26982088437499996 0.42540506406249995 0.2616656703125 0.41743329375 0.2292813765625 0.40348179531249995 0.21520096562500002 0.40324604218750004 0.1945057796875 0.397588409375 0.17844359999999998 0.38638171093749996 0.10277755468750001 0.38269669687499996 0.0919912625 0.3833249265625 0.0793725390625 0.38845648593750004 0.07013411093750001 0.4000809328125
0 0.084215078125 0.47051874062500004 0.101262646875 0.4780254140625 0.107369240625 0.487172346875 0.1183019203125 0.4944544265625 0.11448050937500001 0.502067909375 0.1047731703125 0.5047449890625 0.10213361875 0.5080662578124999 0.10157027031250002 0.51073868125 0.1066721875 0.514136984375 0.129526328125 0.5207247171875 0.16982927187500002 0.52471240625 0.17436784375 0.5307831328125 0.17483675625 0.5397305015625 0.176968125 0.540134284375 0.194869946875 0.532756553125 0.2046600359375 0.5316584234375 0.24759084531250003 0.5455235828125 0.2785291359375 0.5453053984375 0.28566377656249997 0.533803484375 0.2851948640625 0.524856115625 0.27871800625 0.522065815625 0.2763383890625 0.5169251906250001 0.2590391828125 0.5089580734375 0.26097747187500003 0.5056776484375 0.25910603593750003 0.4968119671875 0.24354035000000002 0.495078953125 0.2332537671875 0.4867034 0.22394427656250002 0.483550159375 0.21842861406249997 0.47225711875 0.20502188124999998 0.47145420624999995 0.19122898593749998 0.463282871875 0.15685123750000002 0.451559165625 0.147033565625 0.45213097968750005 0.1290214109375 0.457403446875 0.113538475 0.4572493796875 0.1015536421875 0.453295103125 0.08956205625 0.453993534375 0.083387428125 0.45472620937499997 0.084215078125 0.47051874062500004
0 0.180799784375 0.4866001578125 0.1704086828125 0.49986662187500003 0.165501246875 0.517034115625 0.156799346875 0.5323124015625 0.1246116125 0.6133196078125 0.12540009218749998 0.6283646953125 0.1254082703125 0.6283967015624999 0.1361918484375 0.6326924484374999 0.1435484765625 0.642111615625 0.1451891328125 0.6532705015625 0.1422767046875 0.6682115890625 0.14496999531250002 0.6793091671875 0.1499640984375 0.6839421140625 0.1552640078125 0.6843368328125 0.1674296078125 0.6646363921875 0.17544639374999998 0.6564320359375 0.1864858609375 0.635390378125 0.1946364859375 0.6095931578125 0.2021623359375 0.571874478125 0.20542911406250003 0.543548096875 0.21481613125000001 0.521195878125 0.2126006140625 0.5192147109375 0.2111069625 0.5108608703125 0.211399603125 0.486224728125 0.208853321875 0.47793219843749996 0.2015334453125 0.469214296875 0.1966857171875 0.4681287921875 0.193285609375 0.4683268265625 0.18603798437500002 0.47574402656250003 0.180799784375 0.4866001578125
0 0.3078229265625 0.6011592593749999 0.2877621515625 0.6076068921875 0.2831781 0.6185150203124999 0.2835802421875 0.6261883453125 0.2839842203125 0.6294717453125 0.28555224375 0.6325479515625 0.3005821640625 0.6374797046875 0.317290440625 0.6475929265625 0.320481653125 0.654797971875 0.31175140625000003 0.6626973640625 0.313319428125 0.6657735703125 0.32046996562499996 0.6679967109375 0.35224743125 0.6703692640625001 0.3824568765625 0.6696656078125 0.3896074140625 0.6718887484375 0.3945045640625 0.6848015796875 0.4027817953125 0.681679875 0.41695664218750006 0.6702958375 0.42321283750000005 0.668875609375 0.4395073671875 0.671094096875 0.45262658437500003 0.679832590625 0.466431165625 0.6748051859374999 0.4763867515625 0.6768649515625 0.4875241984375 0.6746325015625 0.49476917187499997 0.66523585 0.49626613124999996 0.653534371875 0.475610215625 0.635204315625 0.44083461875 0.6293109296875 0.42774298593750004 0.6210987515624999 0.4237677625 0.6123556015625 0.419107175 0.6173783515625 0.4120945515625 0.6177867890625001 0.3912062859375 0.608444946875 0.37407257656250004 0.6036357265625 0.355674259375 0.601539771875 0.34762937968749996 0.595673265625 0.337935209375 0.5946871140625001 0.33717553125 0.594731359375 0.31116374062499996 0.597797146875 0.3078229265625 0.6011592593749999
0 0.350535328125 0.712463553125 0.32820526875 0.7158758203125 0.3122969 0.721025753125 0.296140284375 0.7214388484375001 0.2920430421875 0.7237891750000001 0.29054725000000003 0.7292215109375 0.2908227359375 0.7344780859375 0.293571796875 0.73953780625 0.310871003125 0.7475049203124999 0.3161108359375 0.7535348015625 0.33464706875 0.758262334375 0.3261374859375 0.7703722515625 0.32257600625 0.769523840625 0.317103825 0.7724821703125 0.3158551125 0.788920490625 0.3180416484375 0.7903769078125 0.3251370203125 0.7915474171875 0.3306367859375 0.7891154031250001 0.341183303125 0.789029059375 0.35353019375 0.7830307109375 0.3737564671875 0.7797409765625 0.3950266859375 0.769527446875 0.4026854046875 0.768025534375 0.416036971875 0.7677758171875 0.42324267656250003 0.7710515874999999 0.43300517968749996 0.7694271421875001 0.4486811984375 0.77326541875 0.46245819531250004 0.7677116984375 0.4834960640625 0.7664863828125 0.49109961718750006 0.7639318359375 0.5038719406250001 0.7526294874999999 0.5027569328125 0.7447755953125 0.48697058281250005 0.738832053125 0.48091915468749996 0.7307377515625 0.4668663265625 0.7310283156249999 0.4635923671875 0.722244321875 0.4078340671875 0.71862888125 0.3946596859375 0.70883775625 0.371751415625 0.6977245921875 0.35954457500000003 0.6984355609375 0.354660153125 0.7106395421875 0.350535328125 0.712463553125
0 0.3969821453125 0.8136765406249999 0.389544090625 0.81938898125 0.3754912625 0.8196795437500001 0.364779246875 0.8166079906249999 0.3471373578125 0.815523825 0.34130659531249996 0.81164005 0.31844544531249996 0.812971559375 0.3184637796875 0.8133214046875 0.368967659375 0.8696841984375 0.3622860328125 0.8764084265625 0.3637988890625 0.8784320015624999 0.39013175625 0.8842892000000001 0.43172689374999995 0.8860899375000001 0.45471894687500003 0.8953092484375 0.46305134687500005 0.8932401750000001 0.47204573749999995 0.9038026796875 0.4894117953125 0.8996236874999999 0.5050326468749999 0.9024093328125 0.5147675703125 0.900258571875 0.5224103921875 0.885031603125 0.5212402171875 0.8761250781250001 0.5104178703125 0.8709482640624999 0.5035548484375 0.8607895421875 0.481401971875 0.854160965625 0.476339325 0.8380902390625 0.4680069265625 0.8401593125 0.45939869843750003 0.836965228125 0.4344248765625 0.8167749734375 0.42684890624999994 0.8198558359374999 0.4123823328125 0.8122516609374999 0.40860019062499997 0.807192721875 0.4070850375 0.8069427703125 0.3978471765625 0.8074808140625 0.395303790625 0.8084950703124999 0.3969821453125 0.8136765406249999
0 0.47542255312500004 0.9408461156250001 0.47935085937500005 0.9251424546875 0.481944315625 0.89404168125 0.4787115453125 0.862576840625 0.4663975671875 0.8492259921875001 0.45751367812500005 0.8478891781250001 0.4559176359375 0.8479821375000001 0.453239671875 0.849992353125 0.44637397968750003 0.8700875124999999 0.43658269687500006 0.8847258453125001 0.4285777046875 0.883081875 0.41851599375 0.8724134578125 0.41298378125 0.8776594921875001 0.41378500625000003 0.8976524187500001 0.4151658953125 0.9240013765624999 0.4182011375 0.94699249375 0.417798240625 0.96952485 0.4175943875 0.9703397671875 0.41803277968749997 0.9787047687499999 0.4639703296875 0.9760292109375 0.462376284375 0.9739625015625 0.47542255312500004 0.9408461156250001
0 0.9225768078125001 0.9008551656250001 0.9138354140624999 0.85493970625 0.91400600625 0.838048103125 0.9177755124999999 0.8293877203125 0.917860809375 0.82094191875 0.9029887546875001 0.8091468671875001 0.89595140625 0.8066803953124999 0.8903427546874999 0.8070070625 0.8855100796875 0.8080546734375 0.87798285625 0.8155271140625 0.8657673406249999 0.8141283796875 0.862193384375 0.8164467453125 0.8708848640625 0.8412630265625 0.871366609375 0.8706020375 0.868169359375 0.8801083421874999 0.8635795234374999 0.88318928125 0.86567299375 0.8929149890625 0.8633721796874999 0.8993796218749999 0.8667505828125 0.90340326875 0.8675709093749999 0.9089827140625 0.8630060343749999 0.922613240625 0.8579973484375 0.95307975 0.9282668265625 0.9489870203124999 0.9265616140624999 0.9164496375000001 0.9225768078125001 0.9008551656250001
0 0.7901177078125 0.846169603125 0.7925800734374999 0.8528891765625 0.7998133609375 0.8566912640625001 0.8427282734375 0.8568313671875 0.8790835796875 0.852602221875 0.9209545484375001 0.8596661171875001 0.941771753125 0.8542302734374999 0.9692705828125 0.842070203125 0.9681555749999999 0.8342163109375 0.9577310750000001 0.8232091765625 0.9475824078124999 0.817465203125 0.9075118109375 0.8044893015625 0.901736215625 0.8016581578125 0.8978989078125 0.7955465875 0.8057301359375 0.7951076625 0.780843275 0.803420146875 0.7644543078125 0.812821453125 0.762293496875 0.8189022703125 0.7626271124999999 0.82526805625 0.763906859375 0.8292189296875 0.7901177078125 0.846169603125
0 0.844157284375 0.709028871875 0.8344499437499999 0.71170595 0.8062339546875 0.7101818109375 0.784096975 0.7172782875 0.773964203125 0.7252593671875001 0.7628819234375 0.7285444484375 0.7555817828125 0.7368884687499999 0.7517811875 0.737936590625 0.7522388046875 0.7466684515625001 0.789478934375 0.7528635421875001 0.795613109375 0.762536790625 0.8050880984375001 0.7688479265625 0.856953925 0.7652991640625 0.876368603125 0.759945009375 0.896815540625 0.7608657984375 0.8993999265625 0.756491896875 0.9069483125 0.7528847203125 0.9231325109374999 0.7529979421874999 0.9295817859375 0.7552619265625 0.94058131875 0.7503978984375 0.9622377 0.747552790625 0.9731820656249999 0.74163613125 0.97907968125 0.7333738000000001 0.97650698125 0.7245489625 0.9684345171875 0.718156140625 0.9456355453124999 0.7126210390625001 0.9368894015624999 0.7067953765625 0.9203349375000001 0.7130387859375 0.9019366203124999 0.7109428328125 0.8936006578125 0.7049448015625 0.88992020625 0.7051591625 0.880733253125 0.7090102546875 0.844157284375 0.709028871875
0 0.8589987828125001 0.5695210765625001 0.8511348999999999 0.5756063171875 0.83673471875 0.5778518375 0.833079153125 0.584593134375 0.8338659140625 0.599605446875 0.834483821875 0.6054156484375001 0.834236821875 0.6066827890625001 0.8352383281250001 0.625792675 0.8399203156249999 0.64870998125 0.8382810296875001 0.6677973359375 0.840889021875 0.687340715625 0.838956675 0.6967429484375 0.8409784625000001 0.73532095 0.841356371875 0.7365516921874999 0.853291040625 0.7527382453125 0.8633277921875001 0.7528570734375 0.87112406875 0.7404451437499999 0.8767166187500001 0.71620371875 0.8904112515625 0.6753121375 0.8932134234375001 0.6582672625 0.8930532515625 0.6350642984375 0.8876902609374999 0.5931724875 0.8893177546875 0.5839334609375 0.887994696875 0.5586880203125 0.8854484140625001 0.5503954890625 0.8754850359375 0.5492729765625 0.8685865250000001 0.5496747703125 0.8639311765625 0.562903171875 0.8589987828125001 0.5695210765625001
0 0.8206977984374999 0.41724421093749997 0.8119251406249999 0.491612453125 0.8064913890625001 0.5088106015625 0.805304915625 0.526464775 0.8011969078125001 0.5444440140625 0.8016457734375001 0.553008871875 0.8036538375 0.5554004546875 0.8112795187499999 0.5598801296875 0.8191139156249999 0.578415703125 0.832529071875 0.5825581796875 0.8402033 0.5778907906249999 0.8433729859374999 0.5678585375 0.851695578125 0.5554159546874999 0.8608988375 0.5295574249999999 0.8634319546875 0.5174520390625 0.864225953125 0.48223565468749996 0.8617282156250001 0.46479605937499996 0.8678838359375 0.44122524218750003 0.8667812874999999 0.420187375 0.8572576875 0.399639978125 0.8520470546875 0.397045684375 0.8376505906249999 0.39788418281250004 0.827319396875 0.4126381296875 0.8206977984374999 0.41724421093749997
0 0.8364450281250001 0.50913834375 0.8293837843749999 0.5355755171875 0.8116228890625001 0.5190249015624999 0.8063415921875 0.5229893125 0.8070807390624999 0.537093071875 0.8100820640625 0.55006436875 0.8225680078125001 0.5767698546875 0.8251891656250001 0.61671115 0.8203670265625 0.625432840625 0.8202449796875 0.6331773796875 0.825117034375 0.6455548656250001 0.829340725 0.66570754375 0.8447023437500001 0.6767706812500001 0.8556932671874999 0.6648760874999999 0.86508028125 0.64252386875 0.8787617515624999 0.581234371875 0.88838106875 0.5532414015625 0.8930430375 0.521316746875 0.8836296921875 0.5028731343749999 0.8758937546875 0.496289675 0.8749382125 0.47805685625 0.877275778125 0.472293484375 0.875023509375 0.46961105312500007 0.8630571375 0.4669315421875 0.8586368109375 0.46718899687500004 0.8564922015624999 0.4685801703125 0.8364450281250001 0.50913834375
0 0.8246819203125 0.4377292 0.821965046875 0.44632827500000005 0.8285380984374999 0.45086925781250003 0.834499534375 0.46388669687500006 0.83149001875 0.49712191250000004 0.839593471875 0.510717996875 0.8484134734375001 0.517937059375 0.8484290140624999 0.5179361546875 0.856129771875 0.5139752843750001 0.87222368125 0.4785711828125 0.877485465625 0.4480183984375 0.8841923578124999 0.43496651406250003 0.8884986046875 0.3861809109375 0.8892926031249999 0.3509645265625 0.8726446765625001 0.31535721250000004 0.865961371875 0.30871244062500003 0.8586297015625 0.30984286562499996 0.8526814281249999 0.31722334218750003 0.8451424140625001 0.3345441078125 0.8403084812499999 0.35311412343750004 0.8365875218750001 0.35262744218750003 0.8342617453125 0.34854248593750004 0.8316787140624999 0.33954869374999996 0.832253575 0.3303709765625 0.8306011234374999 0.329060415625 0.8267095687499999 0.3454653359375 0.8284618531250001 0.3889742515625 0.8324164890624999 0.414066421875 0.818685465625 0.42956634843749997 0.818886003125 0.433392825 0.8192350062499999 0.4345294328125 0.8246819203125 0.4377292
0 0.81359359375 0.3802448546875 0.822920271875 0.3768880265625 0.84030185625 0.3962743453125 0.8486993234375 0.4154805265625 0.85726738125 0.41779510625 0.8797977578125 0.344032371875 0.87580636875 0.3182389390625 0.869661171875 0.301715190625 0.8572369390624999 0.286260553125 0.8547274078125 0.2786692875 0.855828584375 0.2694609125 0.85296333125 0.2450086984375 0.8471606921875001 0.22494798125 0.8382618703125001 0.2163220421875 0.8293145015625001 0.21684316718750002 0.820674309375 0.24337230468749999 0.8195613406250001 0.262429003125 0.80838803125 0.301063525 0.8054506453125001 0.3054550265625 0.8037378578125001 0.3231398546875 0.7939159984375 0.34570541875 0.79438298125 0.3546159859375 0.7951226250000001 0.36021858125 0.81359359375 0.3802448546875
0 0.797426365625 0.17207497968750002 0.7939876234375001 0.1870467234375 0.799165484375 0.1951859796875 0.8001328187500001 0.203570471875 0.797526196875 0.2142733328125 0.7925938046875001 0.2208912375 0.7944431765625 0.246106025 0.79049586875 0.280445465625 0.7908480890625 0.2871662359375 0.7957426484375001 0.29104811875 0.8125112515625 0.288664653125 0.8185212343750001 0.292535028125 0.829440025 0.309484153125 0.8283020953125 0.3179912625 0.8300280499999999 0.32070435 0.8556954749999999 0.326946821875 0.8635285015624999 0.3152361546875 0.8668674125000001 0.25806605781249997 0.8568161234374999 0.207303075 0.8578424265625 0.16644593593749998 0.8563487765625 0.158092096875 0.8468750921874999 0.1586438765625 0.8446477796874999 0.1665110328125 0.8374998687499999 0.17114776874999998 0.8255402406250001 0.144411628125 0.8207495187499999 0.1277309546875 0.8099569546875 0.12835955 0.797645503125 0.1460363125 0.797426365625 0.17207497968750002
0 0.8519056640624999 0.0668693765625 0.8470467734374999 0.07488980468749999 0.8464351609375 0.0833662625 0.8379288125000001 0.092302534375 0.8342695593749999 0.10306670312499999 0.82031629375 0.1088032078125 0.8103045015625 0.11923396875 0.8043076812500001 0.13576150625 0.799102321875 0.1755188328125 0.7995763109375 0.18456308906250002 0.8047999890625 0.19552207187499998 0.8049969125 0.2194262984375 0.8088530859375 0.2325663546875 0.8322065328124999 0.22487554531249998 0.8292809421875 0.21941872031249998 0.8300395609375 0.2137473140625 0.8404674140624999 0.2011821125 0.8574565249999999 0.20300622031249999 0.87414888125 0.1387277484375 0.8837813656250001 0.1311326921875 0.8836829046875 0.1191805796875 0.886620290625 0.1147890796875 0.890794065625 0.11384258124999999 0.8892636625 0.10478748125 0.8936329890625 0.09749896875 0.88914024375 0.082285778125 0.8909383296875 0.05615515 0.88058260625 0.0398766328125 0.8761043671875001 0.0383070859375 0.870509434375 0.0386329546875 0.853606659375 0.0590328734375 0.8519056640624999 0.0668693765625
0 0.8045630218750001 0 0.8018767265625 0.0052276390625 0.8024529578124999 0.0262961609375 0.7883935531249999 0.120667603125 0.7991535421875 0.144660003125 0.806546921875 0.15478042812499998 0.8224466515625 0.155964584375 0.8287742328125001 0.1457484046875 0.8398386578125001 0.1352563359375 0.8418087078125 0.12248034375000001 0.8714620375000001 0.0335312859375 0.8794906171875001 0.015478603125 0.88062854375 0.0069714921875 0.872623553125 0.0053275234375000004 0.8709876968750001 0 0.8223502109374999 0 0.819392153125 0.0070210921874999995 0.8131498687500001 0.008791470312499999 0.8062492421874999 0 0.8045630218750001 0
0 0.837944165625 0 0.8432623390625 0.002548715625 0.8624080031249999 0.055595625 0.8646484781250001 0.0681263828125 0.8810876859375 0.08967779687500001 0.881570359375 0.08881439375 0.87691579375 0 0.837944165625 0
0 0.4909011 0 0.4967836859375 0.0053888453125 0.5502610140625 0.019167659375 0.5846504484375 0.017692625 0.6494265109375 0.0054730921875 0.6642633499999999 0.0067206328125 0.6781230984375 0.0027458609375 0.6819051234375 0 0.4909011 0
0 0.5880879484375 0 0.5867611828125 0.0345855453125 0.5773387859375 0.08648274218749999 0.5705833484375 0.1086816890625 0.569068921875 0.12248589531250001 0.5693583828125 0.12800913281249998 0.57174760625 0.1409704078125 0.5739631234375 0.14295157812499998 0.5807317249999999 0.1411505453125 0.5868152140625 0.1464234453125 0.5904876296875 0.156057190625 0.59156521875 0.166545471875 0.601125571875 0.18779413125 0.603377840625 0.1904765625 0.610819765625 0.191449925 0.6153360984375 0.1869664609375 0.6166210328124999 0.1812644 0.6244908109375 0.170254996875 0.6402421609375 0.1383878609375 0.6378796375 0.13360164218749998 0.6562757328125 0.12197915 0.659555675 0.11405068437500002 0.65869859375 0.107769978125 0.6435075703125 0.0798152390625 0.6344485734374999 0.0479863375 0.6298337796875 0.0405176859375 0.62778885625 0.0216449140625 0.631631865625 0.014387056249999999 0.6233696125 0.0078342484375 0.624211115625 0 0.5880879484375 0
0 0.6246449671875001 0.09831363125 0.624400871875 0.11380270625 0.6206930734375 0.1337139421875 0.623277478125 0.17295397343750002 0.6196317921875 0.190124484375 0.6198607 0.1944922953125 0.6255127453125 0.20553201406250002 0.6317629859375 0.244206834375 0.6411395796875 0.2619491828125 0.6550810499999999 0.2660610046875 0.6606132609375 0.2608149703125 0.663562440625 0.24657514374999998 0.6716527296875 0.23977331406250002 0.673733034375 0.22910110781249998 0.672446728125 0.2045569296875 0.67474754375 0.1980922953125 0.6721603953125 0.09835978125 0.65454650625 0.0846142140625 0.6509593875 0.0665346671875 0.646092390625 0.06267464375000001 0.6428173312500001 0.06286539375 0.62982145625 0.0762066453125 0.6246449671875001 0.09831363125
0 0.6090263484375 0.15966175 0.604339421875 0.1810368171875 0.585049496875 0.18567734062500002 0.5849396703124999 0.18607555 0.5860393296875 0.20705831406250003 0.5905345343749999 0.2198246109375 0.606561796875 0.33424919062499997 0.6150813109375 0.345710834375 0.62568113125 0.34650026875 0.6313235984375 0.343358021875 0.6430481796875 0.315242434375 0.6485422703125 0.2790488953125 0.6547450625 0.21608477499999998 0.653886609375 0.179557828125 0.6470313390625 0.1595584203125 0.6309076453125 0.14035525468750001 0.6240849515625 0.14075263124999998 0.6212654546875 0.1413638328125 0.6090263484375 0.15966175
0 0.6328910859375 0.2163374578125 0.6348257562499999 0.23310644531250002 0.62826036875 0.2650516921875 0.628720121875 0.2738243125 0.6312795015625 0.30646688125 0.6419056484375 0.3480521484375 0.64606763125 0.3569539765625 0.6458117421875 0.38229138281249997 0.6488108359375 0.38915073125 0.649729625 0.4066822890625 0.6581388859375 0.4160401453125 0.6765966890625 0.4156685015625 0.6810762703125001 0.410483775 0.686657028125 0.396090678125 0.6890431375 0.38118024375 0.6850372140625 0.3047426578125 0.687460078125 0.2905334859375 0.686760425 0.2469632609375 0.6806152296875 0.2304395109375 0.6634791109375 0.22581035468750002 0.6535762015625 0.208098659375 0.647753109375 0.20519943281250003 0.6430993890625001 0.20547047968749999 0.6356447140625 0.208439646875 0.6328910859375 0.2163374578125
0 0.6425657109375 0.33964320937500003 0.6370952078125 0.3561400953125 0.639041671875 0.3630607546875 0.63583523125 0.37239174531249997 0.6387975734375 0.3785498328125 0.6398751640625 0.3890381140625 0.6315657375 0.4218786109375 0.630893784375 0.43492137968750005 0.6321860390625 0.45957905312499997 0.6330975109375 0.461179953125 0.6372712859375 0.46023345468750004 0.6403307218750001 0.4480974171875 0.645299865625 0.4421807734375 0.6484695546875 0.432148521875 0.6530226375 0.4283663203125 0.6537077546875001 0.42129238906250005 0.656192325 0.41833406875 0.6682857953125 0.42747734375 0.66676855625 0.43882015625 0.67074678125 0.44421567343749996 0.666977275 0.45287605781250007 0.6682504140625001 0.45702232187499997 0.6818361640624999 0.44427319374999996 0.6835004078125 0.4357354296875 0.6816995796875001 0.401373578125 0.683033059375 0.38652445156250004 0.6794708968750001 0.37899449375 0.67560155625 0.3454565234375 0.67145136875 0.3267063671875 0.6644005468749999 0.313048975 0.66047831875 0.3125998609375 0.6509405359375 0.3131553734375 0.6442417484375 0.32125711875 0.6425657109375 0.33964320937500003
0 0.60949144375 0.40740789531250005 0.5983548859375001 0.4467436796875 0.5913290234375 0.443635875 0.587583103125 0.43259960781249995 0.583115315625 0.4279360078125 0.5821908859375 0.4326784375 0.5830922921874999 0.44987829375 0.6069533890625001 0.5805928125 0.61674604375 0.59620071875 0.6242789953125001 0.5999512593749999 0.62443235 0.5999423265625 0.6331353359375 0.5966529578124999 0.6415681828124999 0.5863141609375 0.651505103125 0.544234634375 0.6484810484375 0.5268256953125 0.6538662546875 0.5187746125 0.6540368484375 0.501883009375 0.6663966296875 0.44559431250000003 0.66569835 0.4322703296875 0.6585989828125001 0.42776000156249994 0.6444120437499999 0.4088910171875 0.6352677515625 0.385507915625 0.62219123125 0.3790878734375 0.6202577984375 0.379200484375 0.6130154828125 0.3839903515625 0.60949144375 0.40740789531250005
0 0.545028884375 0.5620445593750001 0.53391901875 0.564803325 0.5259727843750001 0.5742408203125 0.5254998046875 0.5770647046875 0.5255252031250001 0.5775493171875 0.530704434375 0.5839957578125 0.552018134375 0.5880335984375 0.579300509375 0.59858679375 0.574639921875 0.60360954375 0.5636128078125 0.60794725625 0.5652635781249999 0.6126024109375 0.5987862515625 0.608010325 0.6306029890625 0.5977104546875001 0.6439545546875001 0.5974607375 0.6725291234374999 0.60582698125 0.67659878125 0.6029503390625 0.6884926578125 0.601729678125 0.7041803609375 0.592369215625 0.72496998125 0.58640705625 0.729658153125 0.581910625 0.7305641828125 0.572355253125 0.7280742328125 0.5651093625 0.7108577765625 0.5587211953125 0.6846904078125 0.5560218921875 0.6668554390625 0.551253515625 0.5961409015625 0.5498702265625 0.5894469375 0.55026010625 0.5538694625 0.55625043125 0.545028884375 0.5620445593750001
0 0.6032817328125 0.6035148171875 0.5935875390625001 0.5998590234375001 0.5855943390625 0.5883667265625 0.5797381421875001 0.5952142625 0.580293603125 0.6058130921875 0.5838579640625 0.6257482078125001 0.5850707671875 0.6488898625 0.591558521875 0.6618766468749999 0.5915716859375 0.6822745625 0.594828040625 0.69404275 0.5900676125000001 0.7140152921875 0.5863338 0.721066915625 0.587414553125 0.7416889203125 0.5921624546875 0.753987240625 0.60233441875 0.76675944375 0.6135708078125 0.7696220140625 0.6201924046875 0.7650159328125 0.624989584375 0.7457446531249999 0.629616171875 0.7433649765625 0.63611571875 0.746503434375 0.6433371328125 0.7432692234375 0.646580325 0.7346394968750001 0.6341442984375 0.7290331859375 0.6325036421875 0.7178742984375 0.6408498203125 0.6857350624999999 0.64343148125 0.6644826140625 0.6477273046875001 0.6557915765625 0.6493166734375 0.6156050468750001 0.6373071296874999 0.567769728125 0.625837896875 0.55284238125 0.62456735 0.5529163828125 0.61728216875 0.558385009375 0.6032817328125 0.6035148171875
0 0.590098165625 0.7217391875 0.571467496875 0.7286314453125 0.5560397265625 0.7295300109375 0.5431687593750001 0.7255283593749999 0.54431135 0.7339085671875 0.53880891875 0.741301884375 0.53892211875 0.7434618578125 0.5471874640625 0.748522878125 0.5539953171875001 0.75762896875 0.5544366453125 0.7660500203125 0.5618078484375 0.7724836875000001 0.5665395 0.7822386234375001 0.5774997625 0.7900470171875 0.619039734375 0.7907951234375 0.6484100015625 0.787500734375 0.657691909375 0.7901276578124999 0.673202428125 0.790808040625 0.73990509375 0.78850681875 0.74958485 0.785303425 0.7557582953125 0.7823042515624999 0.760032721875 0.76991308125 0.7546549734375 0.7612516203124999 0.741673671875 0.7551447046875001 0.736433840625 0.7491148234375 0.6457737156250001 0.7237756796875 0.637110321875 0.7195289640625 0.6229195765625 0.7171879453125001 0.6113408015624999 0.71099934375 0.6076797093749999 0.7106269140625 0.597073115625 0.711244678125 0.59451050625 0.711979596875 0.590098165625 0.7217391875
0 0.6348625265625001 0.8028733484374999 0.629331684375 0.838365625 0.6257355140625 0.890626884375 0.6181965015625 0.90794765 0.6208162859375 0.9176427046875 0.6196048546874999 0.9247472906249999 0.624612121875 0.9497781515625 0.635652959375 0.9589827359375 0.6450163890625 0.95632716875 0.665394328125 0.9220803562500001 0.6676334328125 0.904364875 0.676066278125 0.894026078125 0.6783539281250001 0.8671635296875 0.6867118999999999 0.8251759671875 0.686245921875 0.8062112328125 0.6812504484375 0.7713320453125 0.67521550625 0.75691208125 0.6716271046875 0.753920484375 0.657004465625 0.7547721562499999 0.652572134375 0.768078546875 0.6348625265625001 0.8028733484374999
0 0.6728970015625 0.8337772593749999 0.670082859375 0.8369178078124999 0.6665706124999999 0.8504870265625 0.6602430312500001 0.86070320625 0.659741671875 0.8712834468749999 0.655556103125 0.882078271875 0.646266178125 0.8861363609374999 0.6426069265625001 0.89690053125 0.6409912265625 0.8962912328125 0.6431699937500001 0.8975711390625 0.645203125 0.9262922375 0.644959028125 0.9417813171875 0.6408469640625001 0.9539786640625 0.6399956703125 0.965776903125 0.6877766000000001 0.9629939796875 0.680979965625 0.8333064796875 0.6728970015625 0.8337772593749999