0 0.9186615218749999 0.0437924703125 0.9346464375 0.05625 0.936547078125 0.05625 0.9371115250000001 0.007741557812499999 0.9357228078125001 0.007892365625 0.9071568859375001 0.0193387765625 0.8925513984375 0.022980815625 0.8841327578125 0.031305478125 0.87304483125 0.033745924999999996 0.8730404093749999 0.03412590625 0.89304509375 0.04015043125 0.9186615218749999 0.0437924703125
0 0.770734109375 0.0671875 0.774353665625 0.06680003906250001 0.77786950625 0.0626377078125 0.814100046875 0.04806955 0.8245749171875 0.041826053125 0.823284821875 0.033501390625 0.8143967 0.0225752734375 0.80264384375 0.019453525 0.780603796875 0.006446240625 0.764002625 0.0028042015625 0.7562301140625001 0.0017090203125000002 0.75550131875 0.064341528125 0.762928384375 0.0671875 0.770734109375 0.0671875
0 0.722578296875 0.06247336875 0.7336563843749999 0.06398694375 0.7343434671875 0.0049392140625 0.7239861671875001 0.0010789875000000002 0.7122030374999999 0.000558696875 0.7044173359375 0.014086271875 0.6745492093750001 0.018248603125000002 0.6716266578125001 0.021342409375 0.6714601203125 0.0356546703125 0.6852937703124999 0.0484255015625 0.722578296875 0.06247336875
0 0.57278830625 0.048687582812500005 0.5762193875 0.0518093296875 0.5844866750000001 0.05649195312500001 0.6218983390624999 0.059613700000000006 0.6315646984375001 0.063255740625 0.643220690625 0.07470215 0.640374115625 0.080945646875 0.6505121734375 0.08125 0.6588268937499999 0.08125 0.65909516875 0.081198359375 0.6598486578125 0.0164435796875 0.6425238984375 0.015388934375 0.6244752234375001 0.016949809375 0.6000944046875001 0.026315053124999998 0.5910852 0.025794762500000002 0.5834932312500001 0.0226730140625 0.5744295421875 0.026835345312499998 0.568230590625 0.0231933046875 0.563787778125 0.023609509375 0.56376788125 0.0253195171875 0.5722219625 0.0377614640625 0.57278830625 0.048687582812500005
0 0.484375 0 0.48354489687499996 0.07133893125 0.490774215625 0.0736310921875 0.5075731218749999 0.084375 0.5102402890625 0.084375 0.5156426749999999 0.08195575468750001 0.5123629484375 0.06582672187500001 0.517965284375 0.0611441 0.5276982390625 0.059062934375 0.542237128125 0.0611441 0.559616540625 0.0575020609375 0.56179385 0.0491773984375 0.5591107375 0.041373028125 0.5294484500000001 0.027845453125000003 0.5268198234375 0.015358459375 0.52972798125 0 0.484375 0
0 0.450931815625 0 0.44772219062499996 0.0031737953125000004 0.431651040625 0.013579623437499999 0.4058832578125 0.022944867187500002 0.399643525 0.030635340625 0.39963981406250004 0.0309542515625 0.40360302499999995 0.040114482812500005 0.4215608921875 0.046357978125 0.42981607187500004 0.052081184375 0.44987859375 0.0562435140625 0.466443440625 0.06300730156249999 0.46432061874999997 0.0666493421875 0.45247089531249995 0.07185225468749999 0.4540700578125 0.078125 0.45869736874999995 0.078125 0.47396002656249997 0.0726075171875 0.4748048921875 0 0.450931815625 0
0 0.3531445078125 0.060528571875000006 0.3594040015625 0.058967696874999996 0.3651153140625 0.0449198296875 0.3699757359375 0.0443995390625 0.3832669109375 0.034514003125 0.381970759375 0.026709632812500002 0.36196877656250004 0.0173443875 0.3162837703125 0.010060309375 0.310818053125 0.01026525625 0.310210246875 0.0625 0.3121233234375 0.0625 0.3177769625 0.060528571875000006 0.3531445078125 0.060528571875000006
0 0.23067060781249998 0.056075084374999994 0.25344045937500004 0.0659606203125 0.27280345 0.07064324375 0.2868614515625 0.071875 0.3060762171875 0.071875 0.30666545 0.021236375 0.2741628859375 0.01341119375 0.2609927953125 0.012890901562500001 0.2554328359375 0.013931484375 0.24282303593750001 0.024857603125 0.22187935312499998 0.0368243046875 0.2214238375 0.038772771875 0.2212800015625 0.051134065625 0.22236699375 0.054514210937499995 0.23067060781249998 0.056075084374999994
0 0.0765625 0 0.076518059375 0.0038192015625 0.08989548281250001 0.0086184609375 0.096769753125 0.013821375 0.103674296875 0.01642283125 0.1154755859375 0.015382248437500001 0.139680834375 0.021105453125 0.129012234375 0.0439982734375 0.10752036875 0.043477982812499996 0.1012063875 0.049721478125 0.101857490625 0.053363518750000005 0.09481975625 0.062208471875000004 0.075761703125 0.0688202609375 0.0757535859375 0.0695178953125 0.0794239234375 0.07417517343749999 0.08910844375 0.07625633750000001 0.0855320640625 0.0856215828125 0.093039275 0.096027409375 0.11094870625 0.1064332375 0.1164178515625 0.11319702499999999 0.11904042343750001 0.126204309375 0.1246742359375 0.1296875 0.1626892140625 0.1296875 0.1641982640625 0 0.0765625 0
0 0.9526628031250001 0.9796875 0.988600303125 0.9796875 0.98868946875 0.9720247078125 0.95284948125 0.9636444796875001 0.9526628031250001 0.9796875
0 0.6860958015625 1 0.6866919218749999 0.9487695078125 0.6769831843749999 0.9487695078125 0.6511366984375 0.9648985390625 0.6469031609375 0.9711420359374999 0.646481525 0.9737816734375 0.6463873234374999 0.9818773109375 0.6535958078124999 0.9919536890625 0.664839715625 1 0.6860958015625 1
0 0.9529114453125 0.7887852859375 0.934874878125 0.789305578125 0.9287843515624999 0.7882649953125 0.915729565625 0.7882649953125 0.909197909375 0.7908664515625 0.9001262375 0.7882649953125 0.8848869859375 0.7882649953125 0.862029075 0.791907034375 0.85320899375 0.79846711875 0.852998959375 0.816517425 0.8616839890625 0.8215636421875001 0.899016946875 0.831449178125 0.9024419765625 0.83509121875 0.9114451234375001 0.8361318000000001 0.9197850609374999 0.8345709265625001 0.9529874046875 0.84185500625 0.9646918281250001 0.8491390843750001 0.9826618 0.8543419984374999 0.9867863640625 0.8574637468749999 0.9900148015625 0.8581259140625 0.9908277062499999 0.7882649953125 0.954837909375 0.7882649953125 0.9529114453125 0.7887852859375
0 0.8620939312499999 0.805604340625 0.8322439625 0.8082057984375 0.8128930859375 0.80248259375 0.7788216890624999 0.8102869640625 0.7746123703125 0.8144492937500001 0.7732574953125 0.8211550578125 0.7731984484375001 0.8262295312499999 0.78062364375 0.834220365625 0.7972066515625 0.8394232796875001 0.8068306312500001 0.846707359375 0.8220932734374999 0.8461870671874999 0.8289917609374999 0.8493088156249999 0.8498022546874999 0.848788525 0.8698526703124999 0.8539914375000001 0.92328453125 0.8578125 0.9284830124999999 0.8578125 0.9371566796874999 0.8508696890625 0.959390459375 0.84722765 0.9678454234375 0.835781240625 0.9644325046875 0.8310986171874999 0.94787976875 0.823294246875 0.9328713984375 0.8019623015624999 0.9283171156250001 0.8 0.88555961875 0.8 0.8711515656250001 0.8019623015624999 0.8620939312499999 0.805604340625
0 0.782207046875 0.78086641875 0.7796510796875 0.808815446875 0.77958815 0.81422365625 0.7848123546875 0.8252492203124999 0.785268090625 0.8307970703124999 0.7804967046875 0.8384253640624999 0.7868328140624999 0.8751798718750001 0.7858848453125 0.9119343796875 0.78908306875 0.9500758499999999 0.79316470625 0.9570106624999999 0.79662115 0.97296073125 0.8058976328125 0.9805890265625001 0.80985715625 0.98125 0.8155763031250001 0.98125 0.8220589390624999 0.9778150999999999 0.822692203125 0.9681063625 0.8340782765625001 0.9285779296875001 0.8372123140625 0.882808165625 0.8302913562500001 0.8516015078124999 0.82894835625 0.8328775140625 0.8223056078125 0.8224752953125 0.8255806765625 0.80929915 0.8292711328125 0.8051382625000001 0.82833545 0.79612300625 0.8089436390625 0.7635293859375001 0.8014224375 0.759375 0.798659046875 0.759375 0.7912618015625 0.7628359046875001 0.782207046875 0.78086641875
0 0.7146332156249999 1 0.7202439515625 0.9932959875 0.7245273234375 0.98289376875 0.732989165625 0.9711045859375 0.739986965625 0.9509936281250001 0.7488077109375 0.9530740734375 0.75229643125 0.9662502171874999 0.7559304015625 0.966943696875 0.7580761218750001 0.9613958468750001 0.7563822859375 0.928108746875 0.7509979953125 0.8989825328125001 0.751135175 0.8871933500000001 0.7550192953125 0.8663889125 0.76608259375 0.8545997312500001 0.7704466609375 0.8372626999999999 0.7627875390625001 0.8247800359375 0.7573225546875 0.802588634375 0.753224778125 0.7970407859375 0.74130649375 0.7928798984375 0.7206842859375 0.82131263125 0.7179859953125 0.82963440625 0.71675981875 0.8455844734375001 0.7103387953125 0.8608410640624999 0.7086326703125 0.8733237265625 0.6909224078125 0.9197869703125001 0.6874320046875 0.9458099953125 0.68732618125 0.954904346875 0.690470521875 0.9586219234375 0.6997954187500001 0.9620893296874999 0.7005535734375 0.9863611734375001 0.7059763265625 1 0.7146332156249999 1
0 0.55380091875 0.8526329390624999 0.57937496875 0.859917015625 0.5904585609375 0.8609575984375001 0.6097973328124999 0.8677213890625 0.6437355359375 0.871363428125 0.687463590625 0.8796875 0.7351266125 0.8796875 0.7491023109375 0.8750054671875 0.7582204890625001 0.8661605140624999 0.7541927937499999 0.8547141046875 0.7065847515625 0.8339024484375 0.7045406296875 0.8307807015625001 0.7102640515624999 0.8156922515625 0.7012911734375 0.8120502125 0.6908829 0.812570503125 0.6679616921875 0.8156922515625 0.6435990359375 0.823496621875 0.6318159078125001 0.8229763312499999 0.620756534375 0.8198545812500001 0.6033952828125 0.8219357484375 0.5701142359375 0.8214154562499999 0.5534101453125 0.8266183703125 0.548513396875 0.8302604078125 0.546471446875 0.8403667671875 0.5464550953125 0.8417720718749999 0.5482954484375 0.848990896875 0.55380091875 0.8526329390624999
0 0.3706737453125 0.6321504578125 0.39478818125 0.6456780328125 0.4231482640625 0.6519215296875001 0.43414709843750005 0.6602461921875 0.4417693390625 0.6607664828125001 0.47492930156249996 0.6716926 0.48076194687499996 0.671875 0.4924714640625 0.671875 0.49574585000000004 0.6706520171875 0.5034770640625 0.6618070656249999 0.5139156078125 0.6586853171875 0.5243117734375 0.6592056093750001 0.53684286875 0.6550432765624999 0.5494466140625 0.6446374500000001 0.54808386875 0.642556284375 0.5405282234375 0.6363127875 0.496345209375 0.619143171875 0.48397757500000005 0.6092576375000001 0.451480821875 0.6009329765625 0.432768934375 0.5998923921875 0.393343421875 0.5910474390625 0.359911021875 0.6035344328125001 0.35536542031249996 0.6131442890625001 0.3552702390625 0.6213241421875 0.3582334609375 0.6285084171875 0.3706737453125 0.6321504578125
0 0.5447437109375 0.5313009265625 0.538266203125 0.5514118828125001 0.53808060625 0.567361953125 0.5320507640625001 0.593714240625 0.5219634937500001 0.6110512734375 0.5139009031249999 0.6332426734375 0.5117229046875 0.6415644484375 0.5146590578125 0.65751451875 0.529110025 0.7122995390625 0.5326955796874999 0.7171539078125 0.5321026640625 0.7233952390625 0.5360397484375 0.728125 0.5387761828125 0.728125 0.541947853125 0.7268626453125 0.5435894203125 0.7199278328125 0.5536444140625 0.7053647265625 0.5697131093750001 0.66583629375 0.575996953125 0.6623688875 0.5873707375 0.66861021875 0.5926543453125 0.66167540625 0.5932472625 0.655434075 0.5882864296875 0.6346296359375 0.577658878125 0.6089708296875 0.5764853359375001 0.575683728125 0.577727653125 0.5583466953125 0.580970440625 0.5479444765625 0.5882787281249999 0.5458640328125 0.5898718796875 0.5430901078125 0.585374853125 0.5271400390625 0.5782360234375 0.514657375 0.5699066859374999 0.5109375 0.5606422109375 0.5109375 0.555903840625 0.51118996875 0.5447437109375 0.5313009265625
0 0.2946656171875 0.6286963515624999 0.327168425 0.636500721875 0.3340426953125 0.6417036359375 0.35622804218750004 0.6422239265624999 0.37373855 0.646875 0.42911094062500005 0.646875 0.465159090625 0.6375413046875 0.4749949640625 0.6266151859375 0.47227552656249994 0.6219325640625 0.462615221875 0.6177702328125 0.45577122187499997 0.6099658625 0.44131103437499997 0.601120909375 0.37547269375000003 0.5974788703125 0.3713299671875 0.595917996875 0.367284109375 0.5860324593749999 0.35259386406250004 0.596958578125 0.3456408890625 0.598519453125 0.31931281718750004 0.5964382875 0.302084759375 0.5870730421875 0.2930755578125 0.5865527515625 0.2819072078125 0.5927962484375 0.27582575625 0.60043935625 0.2756842625 0.6125992015625 0.2760687578125 0.6177702328125 0.2946656171875 0.6286963515624999
0 0.237342009375 0.6148217796875 0.2713165390625 0.615342071875 0.287990359375 0.6127406140625 0.31995709375 0.607017409375 0.3415397703125 0.5997333296875 0.3616567828125 0.5992130390625 0.3693637796875 0.5924492515625001 0.382582303125 0.5888072125 0.386086034375 0.5856854640625 0.3918034 0.5711173046875 0.3870458953125 0.56279264375 0.369817840625 0.5534273984375 0.3531682359375 0.553947690625 0.3343292109375 0.5638332265625 0.3204474796875 0.564873809375 0.30525143125 0.5596708953125 0.296230121875 0.5601911875 0.2796894921875 0.551346234375 0.2387801484375 0.5508259421874999 0.23040994218750002 0.5549882734375 0.2352461484375 0.556549146875 0.24072740312500002 0.5622723515625 0.2399128390625 0.5726781796875 0.21974739375 0.5773608015625 0.20160185312499998 0.5872463375 0.18763536249999999 0.595571 0.18678668125 0.5984260921875 0.1867213421875 0.6040414140625 0.19095746875 0.6080579921875 0.237342009375 0.6148217796875
0 0.12689750625000001 0.5994613859375 0.13584011093749998 0.6057048828125 0.1462181125 0.607786046875 0.1585736390625 0.6187121656250001 0.17118378125 0.621875 0.22458174375 0.621875 0.237618396875 0.6197527484375 0.2522420453125 0.6145498359375 0.26194472812499997 0.6150701265625 0.27784030937500004 0.6197527484375 0.30347490312500003 0.6218339140625 0.31812881875 0.61402954375 0.313468184375 0.5973802203125 0.271395884375 0.5776091484375 0.26099971875 0.5770888578125 0.246515315625 0.57032506875 0.2370314515625 0.5708453609374999 0.2257350921875 0.5682439046875001 0.21403067031249998 0.5609598265625 0.20775906875 0.5635612828125 0.1966815296875 0.5620004093750001 0.1904099265625 0.5646018640625 0.15712282500000002 0.5646018640625 0.12368437343750001 0.5776091484375 0.11033370625000001 0.589013596875 0.11032059999999999 0.590139984375 0.1185999453125 0.5973802203125 0.12689750625000001 0.5994613859375
0 0.057877967187500004 0.6071615828125 0.07644455312500001 0.6206891578125 0.0930275609375 0.6258920703124999 0.108935253125 0.629534109375 0.11865004374999999 0.6290138171875 0.1394121046875 0.6326558578125 0.15537428125 0.6316152749999999 0.1664397125 0.63421673125 0.1831922375 0.6248514890625 0.192900975 0.6248514890625 0.2164187953125 0.6300544 0.22686339531250002 0.6264123609375 0.24075118281250002 0.6248514890625 0.2491334984375 0.6196485734375 0.25345179375 0.606121 0.249387771875 0.5977963359375 0.24456972812500002 0.5946745890625 0.1760543265625 0.5827078859375 0.126311353125 0.56657885625 0.095147075 0.5629368140625 0.061136223437500005 0.5655382734375001 0.06657509843750001 0.574903515625 0.0651699734375 0.576464390625 0.060279281250000004 0.5795861390625 0.039438515625 0.5827078859375 0.0369480265625 0.5845602296875 0.036853828125 0.592655625 0.0440386109375 0.6045601234375 0.057877967187500004 0.6071615828125
0 0 0.6459803671875 0.0037427437500000002 0.6468014671875 0.0897768015625 0.6431594265625 0.10293991093749999 0.646875 0.1093232953125 0.646875 0.1175039453125 0.6442000078125 0.1306800890625 0.6442000078125 0.1411307421875 0.640037678125 0.14744472343749998 0.6337941828125 0.1489830390625 0.6207868984375 0.1386897953125 0.6114216531250001 0.11169851093750001 0.60673903125 0.0903156203125 0.5968534937500001 0.0806068828125 0.5968534937500001 0.06739441406249999 0.5999752421875 0.0563229296875 0.5978940765625 0.040475779687500005 0.5890491250000001 0.032256925 0.5802041703125 0.0094265296875 0.57552155 0.0031307109375000005 0.5802041703125 0.0161433953125 0.5942520390625 0.0140084640625 0.598934659375 0.001489475 0.602056409375 0 0.602056409375 0 0.6459803671875
0 0 0.61875 0.05676445625 0.61875 0.050024960937499995 0.6126181093749999 0.014060800000000002 0.60429345 0.0051484640625 0.595448496875 0 0.595448496875 0 0.61875
0 0 0.791555796875 0.004216576562499999 0.77685013125 0.0116459078125 0.7643674671875 0.0123517921875 0.7484173984375 0.0047410874999999995 0.7317738484375 0 0.7295312468749999 0 0.791555796875
0 0.06839029375 0.9105159921875 0.0756017484375 0.9167573234375 0.0796107609375 0.9299334671875 0.0811758296875 0.93125 0.0876306875 0.93125 0.0963004296875 0.9264660625 0.1061821171875 0.882083259375 0.10831976875 0.8772288906249999 0.11718893125 0.875148446875 0.1211118328125 0.8712719968749999 0.1211416203125 0.8687120625 0.12045592812499999 0.8626657859375 0.1018910421875 0.803719875 0.10150793124999999 0.79193069375 0.0864882546875 0.7413065609375 0.07716335937499999 0.7378391546875 0.07000031875 0.727436934375 0.0631881171875 0.7315978234375 0.053165401562500006 0.7433870046875 0.05049780625 0.7629041703125 0.0502537359375 0.7838795843749999 0.0535762046875 0.886937628125 0.06839029375 0.9105159921875
0 0.080813484375 0.8602823453124999 0.08482275 0.8609375 0.0984853765625 0.8609375 0.09954353125 0.8597620546875 0.121819690625 0.852477975 0.145525190625 0.8415518562500001 0.153828803125 0.8431127296875 0.16285616875 0.8420721484374999 0.1712566484375 0.835308359375 0.1886966 0.82646340625 0.22003039375000003 0.8155372875 0.22287696875 0.8092937921875001 0.22846719843750002 0.8056517515625 0.233466865625 0.793164759375 0.23905104062500002 0.7900430109375 0.2315196125 0.78171835 0.2309229984375 0.7733936875 0.23520496875000002 0.7629878609375 0.23389065625 0.7567443640625 0.2304535203125 0.7541429078124999 0.22210147500000002 0.7567443640625 0.1894836375 0.7588255296875 0.1797809546875 0.7583052375 0.1645909625 0.7525820328124999 0.15763193125 0.7546631984375 0.13375086249999998 0.7806777671875 0.12455398124999999 0.7962865078125 0.10355581093749999 0.8129358312500001 0.08402936093749999 0.8223010765625001 0.08396881875 0.8275039890624999 0.0761302890625 0.8428297 0.0759878234375 0.8550731140625001 0.0760136 0.8555997234375001 0.080813484375 0.8602823453124999
0 0.1441993203125 0.7999271296875 0.14616473593749998 0.8098126656250001 0.1640741671875 0.82021849375 0.175851240625 0.8212590765625001 0.183425046875 0.8259416999999999 0.22579104062500002 0.834375 0.24500557500000003 0.834375 0.25757911093749997 0.83010403125 0.27632732187500003 0.8280228656249999 0.289448978125 0.8327054859375 0.3165775703125 0.834375 0.3391848609375 0.834375 0.34005494999999997 0.834266359375 0.3505419265625 0.82698228125 0.34718349375 0.8176170359375 0.33965206718749996 0.8092923750000001 0.27489467031250003 0.7723516874999999 0.24362141875 0.7780748921875 0.2104130203125 0.7713111046875001 0.1764082203125 0.7733922703125 0.16455244375 0.779115475 0.1429939828125 0.7843183890625001 0.1360910359375 0.7924906468749999 0.1360848296875 0.7930240609375 0.1373008328125 0.79680538125 0.1441993203125 0.7999271296875
0 0.250261109375 0.8571429187499999 0.2411368765625 0.8665081625 0.24526749374999998 0.8691096203124999 0.2625137125 0.8769139906250001 0.297808609375 0.8831574874999999 0.3191914984375 0.8930430218750001 0.37177499375 0.9034488484375001 0.38366554218750004 0.9109375 0.3959715171875 0.9109375 0.40013507812500004 0.9096923468749999 0.41482532031249997 0.898766228125 0.4169965765625 0.89096185625 0.4122693453125 0.8800357375000001 0.400583084375 0.8711907859375 0.33100764531250004 0.8311283484375 0.326901240625 0.826445728125 0.318597628125 0.8248848546875 0.3014603859375 0.8077152390625001 0.29593674999999997 0.8056340734375 0.287608921875 0.8061543656250001 0.26114160468750003 0.8160399015625 0.247253815625 0.8176007750000001 0.2294894046875 0.8227097453125 0.22940568906249997 0.8299043703125 0.24895285 0.8503791312500001 0.250261109375 0.8571429187499999
0 0.4065381515625 0.8826360781249999 0.41552919218750006 0.8847172437499999 0.43296914375 0.875872290625 0.45023958124999996 0.8815954953125 0.45525006718750005 0.8921875 0.45839733281250006 0.8921875 0.48071037656250004 0.885237534375 0.495291646875 0.8836766609375 0.5043553375000001 0.8795143281250001 0.5100182156249999 0.8696287937499999 0.5107904000000001 0.8628650062500001 0.5032589734374999 0.8545403453124999 0.4722339390625 0.8389316015625001 0.458376421875 0.83789101875 0.43834416875000004 0.8311272328125 0.4232268265625 0.81916053125 0.34080547499999997 0.8103155781250001 0.32548834531250004 0.8155184921874999 0.3156524703125 0.8264446109374999 0.3090936078125 0.829868284375 0.30908779218750004 0.8303681656249999 0.3368840078125 0.84933743125 0.4065381515625 0.8826360781249999
0 0.413578159375 0.8222056734375001 0.42388956718750004 0.8300100453124999 0.419643921875 0.8372941234375 0.40991096718750003 0.8393752890625 0.4071007171875 0.8424970374999999 0.406376965625 0.8450984937499999 0.4111889546875 0.848740534375 0.4332895453125 0.8565449046875001 0.472745328125 0.8627884 0.47683356562499996 0.869031896875 0.47673064531250003 0.87787685 0.478805034375 0.878397140625 0.49690819687500004 0.8721536453125 0.5066229890625 0.8716333531249999 0.54737035 0.8875 0.5798333625 0.8875 0.58629463125 0.878397140625 0.5863975515625001 0.8695521875000001 0.5801925453125001 0.8664304406250001 0.57817264375 0.8612275265625 0.5616320140625 0.8523825734375 0.5637487828125 0.849260825 0.5624647406250001 0.8404158718750001 0.547238421875 0.837814415625 0.5376326046875 0.8289694624999999 0.5286597265624999 0.8253274218750001 0.52393855 0.8138810124999999 0.5107805671875 0.8123201375000001 0.49770734375 0.803475184375 0.46457765 0.789947609375 0.4548689125 0.789947609375 0.43678996562499994 0.7941099406250001 0.42154548593749996 0.7930693578125 0.40842988281250003 0.78786644375 0.3923836453125 0.7888288796875 0.3921994359375 0.8046597234374999 0.40813928437499997 0.8128404296875 0.413578159375 0.8222056734375001
0 0.527053153125 0.91030578125 0.5337039703124999 0.9200145187500001 0.5346154421875 0.93111021875 0.5308039453125 0.9456733265624999 0.5327560015625 0.9567690265625 0.5367284890625 0.9609375 0.543551265625 0.9609375 0.5558021390625 0.9435928828125 0.5642155640625 0.9359645875 0.576416278125 0.9158536312500001 0.5860720203125 0.8908883046874999 0.5958649406250001 0.8541337984374999 0.6008703390625 0.826394546875 0.61152631875 0.8048966265624999 0.6094693609374999 0.8028161828125 0.6085256109375 0.7944944078125 0.6103689125 0.7702225625 0.6083845796875 0.7619007875 0.6017256953125 0.75288553125 0.594465825 0.7508050875000001 0.5860523984375 0.7584333812499999 0.580208153125 0.7688356 0.5691367859375001 0.7813182640624999 0.563219915625 0.7979618140625 0.5536852140625 0.8125249218749999 0.51618315625 0.8919986953124999 0.5160660046875 0.9020666234375 0.5167038109375001 0.9054514125 0.527053153125 0.91030578125
0 0.552208840625 0.6377603640625 0.568031775 0.6486864828125001 0.5707209421874999 0.6559705640625 0.5616209265625 0.6632546421875001 0.5629715656250001 0.6663763890625 0.56987610625 0.6689778484375 0.6010343312499999 0.6731401796875 0.6308419171875 0.6741807609375 0.6377464609375 0.6767822171875 0.6415318921875001 0.6890625 0.64409005625 0.6890625 0.6501080406249999 0.6871880453125 0.6647922296875 0.6767822171875 0.6710456687499999 0.6757416359375 0.6869594140624999 0.6788633828124999 0.6993331015625001 0.6882286265625 0.7132511609375001 0.6840662984375 0.722929628125 0.6866677546875 0.734043490625 0.685106878125 0.7417747046875001 0.6762619265625001 0.743988340625 0.664815515625 0.7247948671875 0.6455647359375 0.690905096875 0.6377603640625 0.6785253531250001 0.6289154124999999 0.6751608671875 0.6200704578125 0.6702520109375001 0.62475308125 0.6633171984375 0.62475308125 0.643327325 0.6143472546875001 0.6267503703124999 0.60862405 0.60875618125 0.6055023015625001 0.6012005375 0.59925880625 0.5915099609375 0.59769793125 0.5651395109374999 0.59925880625 0.5616357796875 0.6023805515625 0.54146428125 0.6075834671875 0.5365652703125 0.6174542093750001 0.5364300671875 0.6290734484375 0.5377123296875 0.632037159375 0.552208840625 0.6377603640625
0 0.7989463140625 0.5966369031250001 0.7864031078125 0.6018398171875 0.7662679359375 0.6039209828125001 0.7446670953125001 0.6127659359375001 0.7370266921875 0.6138065171875 0.723856603125 0.613286225 0.71696416875 0.6096441875 0.7072433234375 0.6106847703125 0.6920412218750001 0.606002146875 0.678117109375 0.6106847703125 0.6573126703125001 0.6106847703125 0.6496601609375 0.6127659359375001 0.6364999874999999 0.6230645078125 0.63648095625 0.6247001109375 0.636965603125 0.6309761328125 0.6521434859374999 0.63773991875 0.6575944703125 0.6460645828125 0.6714580421874999 0.6465848734375 0.674129046875 0.6554298265625 0.7288353640625 0.662193615625 0.74119694375 0.672599440625 0.7649735484375 0.6859375 0.7670817859375 0.6859375 0.7750322265625 0.6850864328124999 0.780719321875 0.67311973125 0.784898371875 0.6715588578125 0.807113990625 0.66947769375 0.8231124921875 0.6653153625 0.8390565078125001 0.6658356546875 0.8432416125 0.6637544890625 0.846112403125 0.6554298265625 0.84272975625 0.6481457484375001 0.826189125 0.6393007953125001 0.8214074046875 0.6330572984375 0.8034434875 0.62733409375 0.8125919359375 0.615887684375 0.8160472328124999 0.616928265625 0.8216253546875001 0.614326809375 0.8238934765625 0.5981977765625001 0.8218311953124999 0.5966369031250001 0.8159624140625 0.5953125 0.8142814203125001 0.5953125 0.809342478125 0.59715719375 0.7989463140625 0.5966369031250001
0 0.7603599609375 0.5867573312500001 0.76022250625 0.598570053125 0.769800771875 0.60387388125 0.7759210203125 0.614279709375 0.7973281296875 0.6220840796875 0.8013013390625 0.6382131125 0.8096412765625001 0.6366522375 0.8179206718750001 0.6402942765625 0.841250815625 0.6616262234375 0.84890938125 0.659024765625 0.8626821390625 0.667349428125 0.8660890046875 0.6725523421874999 0.8700113765624999 0.6734375 0.8750399609375 0.6734375 0.879271203125 0.67203205 0.8779447812500001 0.6668291375 0.8856336171875 0.6616262234375 0.8994971890624999 0.6621465140625 0.909857028125 0.6657885546875 0.9271698453124999 0.66786971875 0.9326692609375 0.67203205 0.9555541421875 0.67203205 0.909081534375 0.6132391265625 0.9160889953125 0.6069956296875 0.91472625 0.6049144640625 0.8891522015625 0.5976303859375001 0.8482852390625 0.5934680546875 0.8262149203125 0.5830622265625001 0.8178749828124999 0.5846231015625001 0.8096803453125 0.5736969828125 0.7923069875000001 0.57681873125 0.7781822796875 0.5734375 0.77546749375 0.5734375 0.7673658796875 0.574737565625 0.7603599609375 0.5867573312500001
0 0.9347932078125 0.690625 0.9428105265625 0.6712389484375 0.9533777421874999 0.6573693234375 0.961157903125 0.6594497671874999 0.9703940375 0.6705454671875 0.9761737281249999 0.6656910984375 0.977186253125 0.623388740625 0.9754117234375 0.5970364515625 0.9772308171875 0.5748450515625 0.9820909671875 0.5595884625 0.9835995750000001 0.5193665484375 0.975404021875 0.5082708484375 0.9650304734375 0.5054969234375 0.9555845328125001 0.5124317359375 0.942238334375 0.54155795 0.9390923796875 0.54363839375 0.9328972984374999 0.53947750625 0.9312960765625 0.5429449125 0.9279806640625001 0.5595884625 0.9336070375000001 0.5679102390625 0.9186676874999999 0.5998103765625 0.9138075390625 0.615066965625 0.9114041484375001 0.63130093125 0.9108694171874999 0.6772556875 0.9217473593750001 0.690625 0.9347932078125 0.690625
0 0.9839908968750001 0.1425528671875 0.981271459375 0.1378702453125 0.971544559375 0.13943111875 0.9653334984375 0.1368296625 0.961136284375 0.13995141093750002 0.95558238125 0.1404717015625 0.9424667781249999 0.1352687890625 0.8926632640625 0.12434267031249999 0.8843414890625001 0.12434267031249999 0.8759833875 0.12746441875 0.8647847671875001 0.136309371875 0.8570051218750001 0.1493166546875 0.8443892671875 0.160763065625 0.8435928625000001 0.16960801875 0.8579864562499999 0.18417617656250002 0.860072953125 0.18365588593749999 0.8655360453125001 0.1909399640625 0.8620383703125001 0.193541421875 0.8827156687500001 0.2044675390625 0.8879903406249999 0.2046875 0.9117801234374999 0.2046875 0.959801065625 0.1951022953125 0.9977899828125001 0.18992840312499998 0.998296709375 0.1463804234375 0.9931371453125 0.1461949078125 0.9839908968750001 0.1425528671875
0 0.8381703328125001 0.28242566875 0.8464546484375 0.285893075 0.8542832265625 0.28381263125 0.8727839234375001 0.2588473046875 0.87957191875 0.2567668609375 0.88381494375 0.2498320484375 0.8869086328125 0.207529690625 0.885247075 0.1714686640625 0.8950884140625 0.13055326875 0.8911681640625 0.10974883124999998 0.8810851124999999 0.0820095796875 0.8732726718749999 0.08270306093749999 0.8617132906249999 0.0924117984375 0.8553568234375 0.10212053593749999 0.8398164875 0.1409554875 0.8366301859374999 0.1465033390625 0.8303463421874999 0.14997074531250001 0.8237962296875001 0.2377326875 0.8237519984375 0.24153394218750002 0.8300393375 0.2657821171875 0.8381703328125001 0.28242566875
0 0.6984918171875 0.2023089703125 0.705763271875 0.2078125 0.7622126296875 0.2078125 0.778217946875 0.204390134375 0.7983046875 0.20647130156250001 0.8011270453125 0.2023089703125 0.808791665625 0.1991872234375 0.8247296265624999 0.20022780468749998 0.8309406859375 0.20282926250000002 0.8420848203125001 0.19866693124999998 0.8636009031249999 0.19710605625 0.8747571437499999 0.19190314375 0.8810892875 0.1840987734375 0.8791117640625 0.17525381874999998 0.8715621734375001 0.16849003125 0.8494494781249999 0.16172624375 0.84120035 0.1554827484375 0.8244962593749999 0.1606856625 0.806502071875 0.1575639125 0.797571571875 0.15027983281249999 0.7857339578125 0.1544421640625 0.749697146875 0.152361 0.73996419375 0.1544421640625 0.7122612671875 0.1513204171875 0.690003271875 0.15704362031250002 0.67951629375 0.16432770000000002 0.668390321875 0.1669291578125 0.6606712156250001 0.174733528125 0.6573334875 0.17544722343750002 0.657230625 0.18428709375000002 0.6930589953124999 0.192423434375 0.6984918171875 0.2023089703125
0 0.619123165625 0.1842298671875 0.6584699734374999 0.1998386078125 0.6734500328124999 0.203125 0.7165701046875 0.203125 0.73958911875 0.20139948125 0.7470436968749999 0.203125 0.7749717171875 0.203125 0.7818914765625 0.20139948125 0.78485308125 0.1852704484375 0.77105005 0.17954724375 0.7648692609375 0.17434433124999998 0.75941525 0.166279815625 0.7581947765625 0.151971803125 0.7506209687500001 0.1472891796875 0.731191384375 0.1483297640625 0.7228938265625 0.146248596875 0.6881592203125 0.1514515109375 0.6694654984375 0.1488500546875 0.6500298578125 0.150410928125 0.6341282234375 0.146248596875 0.6077698781249999 0.1467688875 0.601510384375 0.1483297640625 0.5856538203125 0.1586603328125 0.585518709375 0.1702716953125 0.5956235046875 0.1774660796875 0.619123165625 0.1842298671875
0 0.45198964999999997 0.2070350484375 0.524659884375 0.21952204218750002 0.5412307843749999 0.2257655375 0.5585436015624999 0.227846703125 0.575935290625 0.2328125 0.584460671875 0.2328125 0.5869400078125 0.23096845156249998 0.591879134375 0.22368437343749997 0.6106818328125 0.216920584375 0.6156875562499999 0.2039133015625 0.6116174796875 0.1961089296875 0.601951121875 0.192466890625 0.5902648593750001 0.1836219375 0.5654206171875 0.1732161109375 0.553667759375 0.1700943625 0.5190239671875 0.16749290625 0.501668771875 0.1690537796875 0.4788686484375 0.1617697 0.458064209375 0.1617697 0.43716290625000004 0.1700943625 0.43389299374999996 0.17570441406249998 0.43373765000000003 0.18905460937500002 0.447907465625 0.2002712609375 0.45198964999999997 0.2070350484375
0 0.5347934515625 0.19446374375 0.59423910625 0.21111306562499998 0.6211577421875 0.22203918437499998 0.6515054515625 0.228125 0.6526482437500001 0.228125 0.671112609375 0.21995801875 0.678132178125 0.212673940625 0.6961626937500001 0.212673940625 0.7016802734375001 0.2152753984375 0.7044784140625 0.2131942328125 0.7086188390625 0.19926519375 0.7086299953124999 0.19830651562499998 0.706770753125 0.1949840359375 0.6681900749999999 0.173131796875 0.642628134375 0.16480713593750002 0.6601589 0.1481578109375 0.6560706625 0.1419143140625 0.6533088453125 0.14087373281249999 0.6296820484375 0.1450360625 0.6025091406249999 0.15596218125 0.5629746515625 0.1564824734375 0.55471341875 0.15127955937499998 0.54709118125 0.1507592703125 0.534560084375 0.1549215984375 0.5144128015625 0.1580433484375 0.5026822171875 0.172333615625 0.502676284375 0.1728434921875 0.5134166140625 0.184057915625 0.5347934515625 0.19446374375
0 0.437144884375 0.10751018593749999 0.4300341125 0.13732988125 0.422604784375 0.14981254375 0.41528420937500005 0.1976627515625 0.41302112187500006 0.223776678125 0.41290301874999996 0.2339265546875 0.4264278328125 0.268397840625 0.43229501406250004 0.275 0.4360885921875 0.275 0.43988278437500006 0.2746391734375 0.44620697500000006 0.26770435937500003 0.4547253015625 0.2510608109375 0.460658309375 0.233030296875 0.46429228125 0.23372377812499998 0.466325028125 0.23788466718749998 0.46830129375 0.246899921875 0.467155809375 0.25591517812500003 0.46870054375 0.257302140625 0.473568759375 0.2413520734375 0.474589353125 0.198356234375 0.4722783953125 0.17339090625 0.487544371875 0.15813431875 0.48655220468750005 0.1539734328125 0.48138963593749995 0.1505060265625 0.48460821875000004 0.1421842484375 0.478421209375 0.13732988125 0.4733716140625 0.1241537375 0.478433496875 0.0915601171875 0.4713108046875 0.077690490625 0.46334514843749997 0.0703125 0.4625086171875 0.0703125 0.45523019062500003 0.073529603125 0.437144884375 0.10751018593749999
0 0.394646809375 0.1911407765625 0.38963756250000003 0.174497225 0.3783767484375 0.15854715625 0.3763843453125 0.1509188625 0.378050121875 0.14190360468750002 0.3767716765625 0.11763176093750001 0.372323065625 0.097520803125 0.3641033078125 0.088505546875 0.3552583546875 0.088505546875 0.3450742515625 0.1141643546875 0.3427752125 0.1328883484375 0.32933218124999997 0.1703363375 0.32616201562499997 0.174497225 0.323358825 0.19183425781250002 0.311646125 0.2147191390625 0.3125333890625 0.2278952828125 0.3294609234375 0.248699721875 0.33885844375 0.245925796875 0.354753465625 0.26603675312499997 0.36181160156250003 0.28545423125 0.367927234375 0.2875 0.3703776546875 0.2875 0.3969497 0.216799584375 0.394646809375 0.1911407765625
0 0.20898242968749997 0.2174340984375 0.2234971046875 0.22159642812499997 0.2318733671875 0.2169138078125 0.2402011953125 0.216393515625 0.25056709062500004 0.2195152640625 0.2567478796875 0.224718178125 0.2817192609375 0.2241978859375 0.3049901546875 0.228125 0.32349145 0.228125 0.326089953125 0.22523846875000003 0.3248967234375 0.20858914374999998 0.32912420625 0.20286594062500002 0.34657626874999997 0.192980403125 0.35487988125 0.194541278125 0.35767196874999996 0.192980403125 0.36521891875 0.16917941875 0.365235696875 0.16773760625 0.3545920265625 0.1596817578125 0.2984926921875 0.1534382609375 0.24778380156250002 0.160722340625 0.2075982125 0.157600590625 0.199264328125 0.1586411734375 0.1991553546875 0.16800641875 0.20675337656249998 0.17060787500000002 0.21082950625 0.177891953125 0.1836626546875 0.1882977828125 0.16651301406250002 0.1922461578125 0.1663933765625 0.2025277140625 0.1833417859375 0.21587322343749998 0.20898242968749997 0.2174340984375
0 0.24711625 0.215625 0.2502494609375 0.215625 0.266441321875 0.20657318593750001 0.26955595 0.1992987078125 0.2695728796875 0.197843765625 0.2494251609375 0.1789977421875 0.24182108281249998 0.176916578125 0.2342533296875 0.1717136640625 0.22594366250000003 0.17067308125 0.21772480781249998 0.161828128125 0.207371021875 0.15766579687499999 0.202680115625 0.1436179296875 0.193092459375 0.133212103125 0.17722109375 0.126448315625 0.13224167656250002 0.11812365312499999 0.11830545625 0.1238468578125 0.0947392015625 0.122806275 0.0815267328125 0.1259280234375 0.0874956265625 0.1493411359375 0.0930737484375 0.146739678125 0.0986094890625 0.14778026093750002 0.110271534375 0.1587063796875 0.1073038765625 0.17535570312499998 0.16948713437500001 0.195126775 0.17630691874999999 0.2050123109375 0.1880900453125 0.205532603125 0.19221460937499998 0.20865435 0.19285965624999998 0.21281668125 0.2018870234375 0.21177609843749998 0.20754233437499997 0.215625 0.21226952968749999 0.215625 0.22406631406250002 0.21281668125 0.24711625 0.215625
0 0 0.15965351562500002 0.0244098328125 0.175700309375 0.0478550046875 0.1871467203125 0.04916931875 0.193390215625 0.0386823421875 0.200674296875 0.0448812921875 0.204316334375 0.065679675 0.204836625 0.1493820796875 0.221875 0.1620998703125 0.221875 0.1820755578125 0.214201871875 0.1925564796875 0.20743808281249998 0.1948185484375 0.1918293421875 0.18518851249999999 0.1850655546875 0.1756129671875 0.1736191453125 0.163160575 0.17101768906249998 0.077562415625 0.1371987484375 0.0603283046875 0.12835379687499998 0.052024690625 0.12679292343749998 0.0498534359375 0.1345972921875 0.0331614515625 0.13875962343749998 0.001948740625 0.139279915625 0 0.14005606875 0 0.15965351562500002
0 0 0.261830940625 0.00129871875 0.26580023750000004 0.012737059375000002 0.26649371875 0.0165196015625 0.26875 0.0176218796875 0.26875 0.022727496875 0.2574784625 0.026389893749999997 0.2110152171875 0.0249339203125 0.2019999609375 0.026103615625 0.1909042609375 0.0220219765625 0.183969446875 0.023167460937500002 0.174954190625 0.0357028703125 0.17079330312500002 0.051815764062500005 0.172180265625 0.0565629421875 0.166632415625 0.055570774999999996 0.16247152812500001 0.042180379687500005 0.15068234687499998 0.0271887625 0.1423605703125 0.0116810734375 0.08896251250000001 0.010265446875 0.07647985 0 0.061119015624999995 0 0.261830940625
0 0 0.4265625 0.096002065625 0.4265625 0.097852859375 0.42305446093750004 0.1263824546875 0.41472980000000004 0.126485375 0.405884846875 0.11894789375 0.398080475 0.0671305328125 0.3814311515625 0.033156003125 0.380910859375 0 0.3851841203125 0 0.4265625
0 0 0.4048197765625 0.00022336875 0.406325884375 0.0126212734375 0.4136099640625 0.0583426046875 0.41777229531250004 0.10882749375 0.429738996875 0.1302346 0.43754336875 0.1395310328125 0.4390625 0.1544619390625 0.4390625 0.162128684375 0.438063659375 0.1642333453125 0.43598249375 0.1629250859375 0.4292187046875 0.1685395328125 0.42349550156250004 0.17828459375 0.4203737515625 0.1886928671875 0.4198534609375 0.21028765312500003 0.4115288 0.2130857953125 0.40944763437500004 0.214557515625 0.40216355468750004 0.21045111562500002 0.3974809328125 0.20492142812499997 0.39592005937499997 0.194616075 0.3875953953125 0.1643026859375 0.3704257828125 0.1594241 0.372506946875 0.1492398296875 0.353776459375 0.1416539140625 0.35013441875 0.135406528125 0.3506547109375 0.1068163875 0.364182284375 0.0748314921875 0.3714663640625 0.067154765625 0.37562869375 0.0484186625 0.37666927656250004 0.0415322828125 0.372506946875 0.0345066578125 0.38031131875 0.0248160828125 0.37875044375 0.008787309375 0.3855142296875 0.00012668281249999998 0.39195572031250003 0 0.4028427546875 0 0.4048197765625
0 0.2691648625 0.3839918828125 0.2872922421875 0.3756672203125 0.29230401875 0.3621396453125 0.28751624531250003 0.356416440625 0.2736889984375 0.35277440000000004 0.2675445328125 0.3444497390625 0.257172584375 0.3418482828125 0.23290073906250003 0.3418482828125 0.22668967968749998 0.339246825 0.128245609375 0.3366453671875 0.11348876875 0.35329469062499996 0.0954279859375 0.35589615 0.0898074859375 0.3621396453125 0.10350154062500001 0.3772280953125 0.1249268125 0.3834715921875 0.140171290625 0.384512175 0.159534278125 0.3891947953125 0.19837528437500002 0.38867450312499996 0.21144504375 0.3921875 0.221540084375 0.3921875 0.23062821875 0.38815421250000004 0.2691648625 0.3839918828125
0 0.2506538046875 0.32192267812500003 0.2429581859375 0.357290221875 0.2328747671875 0.41901005468749997 0.23252340781249997 0.42768725312500006 0.232172459375 0.45784776562499996 0.23690376875000002 0.4751820390625 0.2517726109375 0.4953125 0.2565763671875 0.4953125 0.26113152031250003 0.49459951406249997 0.2743405390625 0.4772624828125 0.280305825 0.4564580453125 0.299596953125 0.45299063906250003 0.301027203125 0.44884600625 0.30114376875 0.43882844375 0.30084734062499996 0.43496012500000003 0.2963503140625 0.41901005468749997 0.2877881578125 0.305279125 0.280120965625 0.29348994375 0.27036439375 0.2921875 0.2695559171875 0.2921875 0.26397579531250004 0.29487690624999996 0.2506538046875 0.32192267812500003
0 0.24088210625 0.3821100375 0.257537765625 0.38106945625 0.2880741390625 0.3890625 0.302163 0.3890625 0.329575059375 0.3883535359375 0.371280803125 0.3800288734375 0.38033843906250003 0.376386834375 0.40528560156250004 0.377947709375 0.4122506859375 0.37534625 0.42958771875 0.37534625 0.4393872671875 0.36754187968749996 0.44029264375 0.349331684375 0.4354927625 0.34464906093750003 0.4216957859375 0.338405565625 0.4071690046875 0.3352838171875 0.3315795453125 0.3352838171875 0.31774624375 0.33216206718749997 0.27476856875 0.3306011953125 0.2580644765625 0.3358041078125 0.2523228921875 0.35245343125 0.23418945937500002 0.3612983828125 0.2316833828125 0.36559795624999997 0.231589121875 0.37369875937499997 0.2332901375 0.37898829218749996 0.24088210625 0.3821100375
0 0.3629505984375 0.37812045 0.3788280171875 0.38436394687500003 0.3857809921875 0.3828030734375 0.394753871875 0.3864451125 0.40102547343749995 0.38384365625 0.4114337453125 0.3833233640625 0.44321885625 0.3932089 0.46338193906249997 0.3953125 0.47886380937500006 0.3953125 0.482047753125 0.3937291921875 0.48140270625000003 0.3895668609375 0.4696559015625 0.38592482031249997 0.46416859375 0.38072190781250004 0.45450223437500004 0.37707986718750003 0.451089315625 0.3723972453125 0.44416661093750004 0.3713566625 0.4414229578125 0.36875520625 0.4512648859375 0.357308796875 0.46233636875000006 0.35938996093750003 0.4679265984375 0.35574792187500004 0.47619994062500004 0.35991025312499997 0.4803729375 0.3588696703125 0.468747215625 0.344821803125 0.46044965781249997 0.3427406375 0.426469075 0.3427406375 0.41193018593749997 0.340659471875 0.4042655671875 0.3437812203125 0.3709542484375 0.34586238593749996 0.352193928125 0.34898413437500003 0.338251653125 0.35522763125 0.3363737484375 0.365351725 0.336348865625 0.367490134375 0.3449503546875 0.37551899375 0.3629505984375 0.37812045
0 0.4271784875 0.41382446718750004 0.46516860312499997 0.42683175156250003 0.4616224953125 0.433595540625 0.4504904703125 0.4367172859375 0.4455876671875 0.44087961875000004 0.455959615625 0.44348107499999995 0.5976416890625 0.4252708765625 0.6136946796875 0.41642592343749996 0.617940325 0.40914184374999996 0.6152693203124999 0.40029689062499996 0.6056635046875 0.39145193749999996 0.5648873531249999 0.3794852359375 0.5475261062500001 0.3815664015625 0.53996440625 0.3758431984375 0.5233329640625 0.3748026140625 0.4687235125 0.3597141640625 0.45554736875 0.3597141640625 0.450614296875 0.36647795312500003 0.43104546718750003 0.3794852359375 0.40737629374999995 0.3872896078125 0.4000325046875 0.4000493625 0.40001492968749996 0.40155969062499997 0.4043480921875 0.40914184374999996 0.4271784875 0.41382446718750004
0 0.514872096875 0.41992786562499995 0.540482471875 0.42409019687500005 0.5577529078125 0.429813403125 0.6162891328125 0.434375 0.6418532124999999 0.434375 0.6693852312499999 0.43137427656250005 0.6784610296875 0.42617136093749997 0.6895809468749999 0.42409019687500005 0.6980056421875 0.41524524375 0.6987354484375 0.4121234953125 0.6939597828124999 0.40535970781249997 0.6732158874999999 0.40015679375 0.64700284375 0.3881900921875 0.6519116984375 0.383507471875 0.663049778125 0.37986543125 0.661717303125 0.3751828078125 0.6283999312499999 0.3777842640625 0.5964029265625 0.3861089265625 0.5832328343750001 0.385588634375 0.5556086140625001 0.3757031 0.55141745625 0.37830455625 0.53962221875 0.378824846875 0.523575284375 0.3871495109375 0.5027163578125 0.39183213125 0.49781355625 0.3959944625 0.49688720468750003 0.4017938375 0.49682419843750003 0.40720867656250004 0.49831330312500005 0.41264378593749995 0.514872096875 0.41992786562499995
0 0.6609168984375 0.525 0.6652506625 0.525 0.6706413859375 0.5214350750000001 0.6872787890625001 0.47774575312499995 0.6965956171875 0.4819066421875 0.7037425171875 0.4936958234375 0.711115359375 0.4860675296875 0.707812234375 0.45694131562500007 0.708078525 0.43405643281249995 0.7025086359375 0.42088028906249997 0.70378323125 0.4007693328125 0.7013189546875 0.38898014999999997 0.7072681015625 0.369562675 0.7115111265625 0.3626278625 0.7126646812499999 0.3529191234375 0.712745375 0.3459843109375 0.7077280578125 0.3300342421875 0.69851613125 0.3168580984375 0.687630359375 0.3133906921875 0.68081815625 0.31755157968750003 0.674877078125 0.3362755734375 0.6701702468749999 0.3383560171875 0.6639670984375 0.3348886109375 0.6566507406250001 0.3376625359375 0.65291186875 0.3459843109375 0.6648059468749999 0.35222564218749997 0.6657174171875 0.36332134374999997 0.6554687609375 0.394528 0.6515846390625 0.41533243906250006 0.646805184375 0.4236542140625 0.6430914140625 0.45944157187499995 0.6430273890625 0.464943796875 0.6515116453124999 0.5110328546875 0.6609168984375 0.525
0 0.7358989609375 0.449611 0.7414042921874999 0.4683349953125 0.741226765625 0.4835915828125 0.73639889375 0.496074246875 0.7447316265625 0.49538076562500005 0.7520803500000001 0.5015625 0.7535058984375 0.5015625 0.7593239921875 0.4933003203125 0.7687618609375 0.487058990625 0.7770865234375 0.487058990625 0.7839310046875 0.4801241765625 0.79386495625 0.4759632890625 0.802310659375 0.46556107031250005 0.8059085015624999 0.424645675 0.8046865406249999 0.395519459375 0.8079131921875 0.3865042046875 0.8096515906249999 0.3712476171875 0.8119790578125 0.30536689375 0.8094905718750001 0.29565815781250004 0.8069617390625 0.289416825 0.7950515234375 0.28456245625 0.786150084375 0.289416825 0.7792410484375 0.3018994890625 0.772941065625 0.30675385781250003 0.74173935625 0.394825978125 0.7369599015625 0.40314775625 0.7336767656250001 0.41701737968749997 0.7267838671875 0.4281130796875 0.7262311484375 0.4313189875 0.7261014343750001 0.44246669843750003 0.7265902015625 0.4447566328125 0.7358989609375 0.449611
0 0.8057089515625 0.4060816375 0.8230096578125 0.4092033875 0.8326154765625 0.41804834062499996 0.8589253843750001 0.4216903796875 0.89640228125 0.43125 0.9336315890625 0.43125 0.9531480265625 0.42949475000000004 0.967771675 0.42429183593750003 0.9726865859375 0.4190889234375 0.97282583125 0.407122221875 0.9583293203125001 0.40139901718750004 0.9252662218750001 0.3821482359375 0.8906769156250001 0.3748641578125 0.8394319515625 0.3686206609375 0.822885265625 0.360295996875 0.8131523109375 0.3623771640625 0.8062356609375 0.360816290625 0.78122795625 0.3644583296875 0.77221056875 0.37400411875 0.7721585296875 0.378476321875 0.7733696046875 0.38422940156249996 0.8057089515625 0.4060816375
0 0.9624705468749999 0.3654027109375 0.9507358515625001 0.3607200875 0.9341165171875 0.358638921875 0.8987550265625 0.35811863125 0.8744529109375 0.3607200875 0.859772521875 0.36867981250000004 0.8596534625000001 0.37891178281250004 0.8610527640625 0.37997086874999997 0.8989339062499999 0.402343396875 0.9203228515624999 0.41170864218750003 0.9785086828124999 0.417431846875 0.9935315515625 0.421875 0.995091040625 0.421875 0.9957398828124999 0.366113525 0.9777150265625 0.3664432921875 0.9624705468749999 0.3654027109375