0 0.043487084375 0.050384162499999996 0.0505862375 0.0450953390625 0.07734263125 0.042535103125 0.0980180453125 0.037244571875 0.098001546875 0.036772128125 0.086466965625 0.033715875 0.07744171250000001 0.024595095312500002 0.062046946874999995 0.0200716375 0.0399384453125 0.01028844375 0.04133511875 0.0502839328125 0.043487084375 0.050384162499999996
0 0.1795110375 0.023836359374999998 0.1672705078125 0.02652890625 0.158222253125 0.0375267828125 0.157073084375 0.04617368125 0.1682024890625 0.053217359374999995 0.206525746875 0.070228034375 0.210311628125 0.074754575 0.2155618359375 0.0755582171875 0.221041675 0.0758134453125 0.21875 0.010188445312499999 0.2108450828125 0.009820267187499999 0.20229135 0.011302959375000001 0.1795110375 0.023836359374999998
0 0.2563867796875 0.07277979375 0.29368712812500003 0.0603773171875 0.30894381718749997 0.046733290625 0.3084971921875 0.033943601562499995 0.3042118734375 0.02932848125 0.2728097125 0.023515690625 0.2663196578125 0.0124040375 0.25062930156249996 0.011673246875 0.2527572859375 0.07261074687499999 0.2563867796875 0.07277979375
0 0.355997328125 0.029283159375 0.33704491718749996 0.026769107812499998 0.3283424953125 0.0268928640625 0.3307195 0.0949614 0.3408810328125 0.09543468125 0.3377597140625 0.08879291406249999 0.349695925 0.0773857703125 0.3597372015625 0.0740470140625 0.39886726875 0.07260686875 0.40741701875 0.0681110921875 0.41093661875 0.0650123609375 0.41126394218750006 0.0536082984375 0.41951642343750006 0.041451090625 0.41943670468749994 0.0391682609375 0.41509184687499995 0.038560846875 0.40868428906250004 0.042068846874999996 0.3990844546875 0.037271515625 0.3912043890625 0.0401671546875 0.381775734375 0.040271782812500004 0.355997328125 0.029283159375
0 0.46485390156250006 0.0466974734375 0.43409842187500003 0.059403203125000005 0.43147674687500004 0.06743774218750001 0.4339613 0.076253884375 0.4522630453125 0.0809127375 0.4674485921875 0.0794449109375 0.477699090625 0.08209744062499999 0.483684225 0.087270190625 0.48064012500000003 0.103985478125 0.483080171875 0.1051776296875 0.491395103125 0.105564903125 0.505693075 0.096973459375 0.503125 0.0234334234375 0.46474717343750005 0.021645946875 0.4673043984375 0.0337609734375 0.46485390156250006 0.0466974734375
0 0.5561790859375 0.09062460312500001 0.5651396546874999 0.0949599828125 0.566664715625 0.0950310140625 0.57407680625 0.0892815171875 0.5829417265625 0.0628486078125 0.5932512671875 0.0466408515625 0.6004058375 0.039567109375 0.600031959375 0.02886065625 0.599766759375 0.028079700000000003 0.5305453109375 0.024855659375 0.537594196875 0.041146332812500006 0.5426874734375 0.062424859374999996 0.5489832984375 0.0714248390625 0.5561790859375 0.09062460312500001
0 0.660667253125 0.0846622015625 0.661034265625 0.0796003609375 0.6755371203125 0.07447134375 0.6763691109375001 0.07064483125 0.6750069796875 0.031638484375 0.6233036734375 0.029230364062500003 0.632040271875 0.07462213281249999 0.64258016875 0.09615433906250001 0.6474098265625 0.09723181875 0.6512292703125 0.0974097125 0.660667253125 0.0846622015625
0 0.6981952703125 0.0483348703125 0.7001519968750001 0.1043682015625 0.702183596875 0.104462825 0.7255165828125001 0.10350650312500001 0.7456942390625 0.09955230312499999 0.7693154171875001 0.090320725 0.777979284375 0.0890929234375 0.77976504375 0.08320648281250001 0.7795262515625 0.0763683359375 0.77805935 0.0706082515625 0.7558195640625 0.0570655609375 0.7423387484374999 0.045018373437499995 0.7364867546875 0.0436582609375 0.722697634375 0.043559798437500005 0.6981952703125 0.0483348703125
0 0.8182036140625 0.077669721875 0.8254872515624999 0.0838134609375 0.8370403375000001 0.10321617187500001 0.8482127484375 0.11171771875 0.8578897765625 0.10854062187499999 0.8604237250000001 0.1188165125 0.8654860578125 0.1229884703125 0.8661534312500001 0.12301955312499999 0.87239263125 0.10341160625000001 0.88139810625 0.09657542031250001 0.8852361203125 0.097479740625 0.8915436625 0.09124346093749999 0.8902122671875 0.068689021875 0.91379673125 0.0589040546875 0.9206762640624999 0.08461915 0.9200183718750001 0.096923065625 0.9229954687499999 0.10431734687500001 0.9286958765625 0.11183846875 0.9342269796875 0.1261901296875 0.943517103125 0.1266228234375 0.9513179078125 0.10563648437499999 0.9793208015625 0.0798001828125 0.9787392671875 0.063147215625 0.9753849875 0.04581020625 0.7981399546875 0.0375548859375 0.797871509375 0.04044463125 0.79930441875 0.065906046875 0.8044855421875001 0.0741285453125 0.8182036140625 0.077669721875
0 0.05613568906250001 0.8604965437500001 0.09075313125 0.85449600625 0.0995311203125 0.8565361781249999 0.10894075624999999 0.855886884375 0.11244133593750001 0.8522434921875 0.1513241421875 0.8437227375 0.15420571875 0.8421643328125 0.1541888421875 0.84168105625 0.0291888421875 0.8358590875 0.030411635937499997 0.8708753203124999 0.0440473203125 0.8675463890625 0.05613568906250001 0.8604965437500001
0 0.08405173125 0.8832938640625001 0.11539683125 0.8874726671875001 0.1249776453125 0.8917253359374999 0.137622275 0.8940263343750001 0.185713525 0.8962662203124999 0.18965787812499998 0.8947378671875 0.20486642968750002 0.8731513828124999 0.2220229890625 0.8657938140624999 0.2250829625 0.8616113406249999 0.22504279062500002 0.8604609484375001 0.216346159375 0.8486723421875 0.1929572046875 0.84377655 0.18324325156250001 0.8357112453125 0.1223488984375 0.83722525625 0.10146351718749999 0.8416902687500001 0.07964217343749999 0.8401301468750001 0.0724888515625 0.8430596343750001 0.056481459375 0.8417703015625 0.0465733203125 0.8489216921875 0.029802321875 0.853426828125 0.030703903124999998 0.879244740625 0.0639121140625 0.8883373875 0.08405173125 0.8832938640625001
0 0.1567914640625 0.874826496875 0.150958490625 0.8740110453125001 0.1383946203125 0.8674443328124999 0.1043327421875 0.8685767578125001 0.08576073281249999 0.8769559515625 0.0817236109375 0.8860121203125001 0.08713416093750001 0.8955083203124999 0.122013896875 0.9177963734375 0.1314996109375 0.9193257312500001 0.1357269375 0.9157161859375 0.14942095625000001 0.9130913359375 0.160569378125 0.9206796765625 0.18024853125 0.9232275765625 0.20425515625 0.92988894375 0.2496572671875 0.9320035796875 0.2610883171875 0.9318867390625 0.2958935109375 0.9238197937500001 0.2947914078125 0.8922596890625 0.2894012640625 0.8907908734375001 0.2819816640625 0.8860950890625 0.24187759375 0.8804207765625 0.20337917343749998 0.879171459375 0.1646144703125 0.870296871875 0.1567914640625 0.874826496875
0 0.184803621875 0.8855333 0.18265191875 0.886248746875 0.18286063749999998 0.8922256984375 0.1938669109375 0.89574340625 0.196370484375 0.9051042109375 0.1834425609375 0.9088897953125 0.1847514578125 0.946371684375 0.1862071203125 0.9465016296875 0.1901832015625 0.95647479375 0.194950084375 0.960654725 0.1986201953125 0.9608256640624999 0.23088087656249998 0.9583703187499999 0.278945075 0.9426643218749999 0.291969409375 0.9416396125000001 0.30772954218750004 0.935848334375 0.32440661875 0.935537528125 0.3330324484375 0.9332204015625001 0.36107098125000003 0.9140607671875 0.3609404859375 0.9103238453125 0.357289253125 0.9006360421874999 0.35132314062500003 0.8960079546875 0.32785810625 0.8889335109375001 0.31493456875 0.8804453671875001 0.3133714421875 0.8803725625000001 0.296474965625 0.8836653828125 0.284519734375 0.8945278640625001 0.26285055 0.897325040625 0.2504958984375 0.8967496125000001 0.21976342187500003 0.8893366859375 0.184803621875 0.8855333
0 0.37990540156249997 1 0.384132775 0.9957314015625001 0.389795665625 0.9772147796875 0.3884599015625 0.9389635015625 0.3764626109375 0.885088709375 0.37140642968750004 0.8493006671875 0.36361522343749997 0.8286220453125 0.3621198421875 0.8169434015625001 0.35355556718750003 0.7896987140625 0.349539903125 0.7837071843750001 0.34129383281250003 0.7811464296875 0.32993205937500003 0.782793934375 0.32629707343750003 0.7877035671875 0.3214595328125 0.804891746875 0.3232223625 0.8398008359375 0.3216781734375 0.8578679687499999 0.32535220468750004 0.8696480843750001 0.3263283 0.8820281031249999 0.3190466109375 0.9070836281249999 0.3166161265625 0.930913978125 0.316452140625 0.9417897734375 0.32059469687500003 0.9514150234375001 0.3361868765625 0.9463367437500001 0.33953098593750003 0.9486691859375 0.3630685921875 0.99982925625 0.36348984375 1 0.37990540156249997 1
0 0.5977540593749999 0.6375189140625 0.5803312171874999 0.637251209375 0.5458469171875 0.64706438125 0.53787175 0.647236709375 0.5265481640624999 0.6554097265625 0.49697989375 0.66055788125 0.47203836875 0.6735343984375 0.45909011250000004 0.6767377578125 0.45442134375 0.6884833875 0.4614565609375 0.702949246875 0.4959150765625 0.7172792171875 0.4982444046875 0.7173877078124999 0.5378978421875 0.7103159906250001 0.5574818953125 0.7101405796875 0.59133455 0.7030168703124999 0.604054565625 0.6932775624999999 0.6499385328125 0.6774700203124999 0.657704478125 0.67130640625 0.6583131343749999 0.670373609375 0.6582470828125 0.6684821515625 0.6456200921875 0.6576929328125 0.6323865359374999 0.652726359375 0.62150439375 0.6527632921875 0.610489109375 0.6489875890625 0.6021715828125 0.63935599375 0.5977540593749999 0.6375189140625
0 0.513572965625 0.637979628125 0.49544240000000006 0.6382227359375 0.4605016203125 0.6349640125 0.433212665625 0.6222737046875 0.4112201390625 0.615811621875 0.40469845937500004 0.616051646875 0.39762122031249997 0.62115978125 0.40458035781249996 0.6334469921875 0.40117487656249995 0.6398136953125 0.36032105937500003 0.6542241921875 0.3454208109375 0.663861953125 0.33821042968750004 0.6651574546875 0.336220396875 0.67050253125 0.34220553125 0.6756752828125 0.34872721093750003 0.6754352578125 0.353947559375 0.679484834375 0.41191193125 0.697954084375 0.427040503125 0.7015916625 0.4300515625 0.70173190625 0.43738601875 0.7002281124999999 0.46035652968749996 0.693141334375 0.47816375468750005 0.6836389656249999 0.5055708125 0.67893393125 0.5222859296875 0.67971245 0.543133271875 0.6741581125 0.5638094312499999 0.663701815625 0.5640425437500001 0.65109935625 0.564004109375 0.649998740625 0.5593578499999999 0.6401120921875 0.5460101734375 0.6318775453125001 0.5291238765624999 0.626197065625 0.526273959375 0.62769565625 0.5243600078124999 0.635219384375 0.513572965625 0.637979628125
0 0.7402420890625 0.6538915671875001 0.7326513078125 0.6442938218750001 0.7207951593749999 0.6372162953125 0.71136650625 0.6373209265625001 0.6935402609375 0.64627863125 0.6660000625 0.6471710296875 0.658675559375 0.64519855625 0.6430145125 0.633049828125 0.639015428125 0.6431953203125 0.634712021875 0.6446262140625 0.5658044656250001 0.645223228125 0.5508661781249999 0.653771665625 0.5438840359375 0.6616031125 0.5338617765625 0.66548653125 0.53112598125 0.6702530953125 0.5416998203125 0.6821648875 0.5798328781250001 0.6937289390625 0.6095825453125 0.6960540671875 0.6340842531249999 0.6971952531250001 0.6559698375 0.6923810859375 0.6792066296875 0.69291958125 0.686283871875 0.6878114453124999 0.7201555500000001 0.6812323953125 0.739378221875 0.6707084 0.7402420890625 0.6538915671875001
0 0.7556375015625 0.6916467500000001 0.7574491390625 0.6968100640625 0.7615018953125 0.6882920765625 0.759459903125 0.6453888046875 0.7495915609375 0.6275156843749999 0.749806303125 0.618093378125 0.7438013531250001 0.6018513249999999 0.744383109375 0.587367178125 0.7540464734375 0.568227078125 0.753982053125 0.550810584375 0.74354366875 0.5321853546875001 0.7346514234375 0.5266922593750001 0.7196039062499999 0.53179590625 0.716462825 0.53527741875 0.7131323796875 0.54890798125 0.7063309328125 0.556572384375 0.7065222453125 0.5776225968750001 0.69968370625 0.5997965125 0.6948598296874999 0.6329476984375 0.6927456015625 0.6502627171875 0.694533809375 0.68589855 0.7033147765625001 0.7349201953125 0.7076932578124999 0.7396226140625 0.71349390625 0.7398927828125 0.7165135640625 0.7391627515625 0.7247205921875 0.7250337546875001 0.7344093359375 0.7066204015625 0.738575321875 0.6857731312500001 0.7494431875 0.6855537468749999 0.7556375015625 0.6916467500000001
0 0.8119327953125 0.6165235765625 0.7653831265625 0.6132679375000001 0.7459322140625 0.6172559843750001 0.7332502390625 0.6280846171875 0.72242515625 0.6297555375 0.713205721875 0.6358514515625 0.7045608718749999 0.6376239171875 0.695398496875 0.6453538187500001 0.7103708421875 0.6585580249999999 0.7457300640625 0.67379931875 0.7806137859375 0.675424053125 0.785682065625 0.6777367375 0.7918050437499999 0.6780219203125 0.7988204296875 0.6773595953125 0.8012343906250001 0.6784610984375 0.8082029671875001 0.678785665625 0.8175445984374999 0.6733376984375 0.8293194093749999 0.6711672375 0.8392708437499999 0.672174509375 0.854285209375 0.6658047203125 0.8651673531249999 0.6657677890625 0.9087759859375 0.6471353890625 0.9127959656250001 0.6317035609375 0.9127239062499999 0.6296400156249999 0.8977076296875 0.6210623796875 0.8708941734375 0.621988628125 0.8543502374999999 0.6261120703125 0.8441948390625 0.6261828515625 0.828743009375 0.62002540625 0.8119327953125 0.6165235765625
0 0.8510153218750001 0.5473488 0.845873240625 0.55581605 0.8447468234375 0.5702748296875 0.841314865625 0.580998415625 0.8476243546875001 0.6059614 0.8479796531250001 0.61613581875 0.838784815625 0.633121053125 0.8419141828125 0.6448758 0.8414085625000001 0.6615401796875 0.8459825515625001 0.6835200828125 0.8457931890625 0.6936691328125 0.850189528125 0.710561825 0.8562452374999999 0.7282573671875 0.8710916750000001 0.748539028125 0.8743225562499999 0.763200753125 0.8869198234375 0.7713696046875 0.895584490625 0.77177316875 0.897376021875 0.769353421875 0.8998826421875 0.747703303125 0.902972965625 0.7427683015625 0.904556196875 0.74139091875 0.9145631453125 0.7476614968749999 0.9149562078125 0.7382361609375 0.9134439234375 0.694929990625 0.9110882437500001 0.6792968078125 0.8923764640625 0.6261848171875 0.8773367609375 0.5536536765625 0.8738911375 0.5484142578125 0.8650242718750001 0.5436479046875 0.8510153218750001 0.5473488
0 1 0.64370676875 0.9365565484375 0.6380759984375 0.9019391062500001 0.6440765359375 0.8801177625 0.6425164125 0.87154899375 0.646467528125 0.880726403125 0.6599456078125 0.8903072171874999 0.6641982765625001 0.8985676843749999 0.672195884375 0.9243841312500001 0.6842738328125 0.9352852953124999 0.6847815625 0.9484808109375 0.6886588125 0.9508322218749999 0.6936623171875 0.9375376234375 0.707725078125 0.942479990625 0.711559015625 0.950527103125 0.711933815625 0.9680608796874999 0.709146721875 0.97645846875 0.7002936453124999 0.9928502453125001 0.6918129046875 1 0.6907996734374999 1 0.64370676875
0 1 0.8736216984375 0.8780772156250001 0.8626162921875 0.8520285453125 0.864665715625 0.8400352734375 0.8744388687500001 0.8359220687500001 0.8813163890625001 0.8470895109375001 0.8894493906250001 0.8510655953124999 0.8994225546875001 0.9046885203125001 0.9182333765624999 0.917062190625 0.919353465625 0.9795391890625 0.94238310625 0.9812779328125 0.9426799812500001 0.9891413859375 0.9430462265624999 0.9925064640624999 0.939724409375 0.99436335625 0.9305666953125 0.9993744843749999 0.9286249859375 1 0.9285215093750001 1 0.8736216984375
0 0.872294275 0.820008496875 0.855626434375 0.8409990453124999 0.839616484375 0.8496856796875001 0.8132462374999999 0.8731265765625 0.8113213734375 0.880292546875 0.8178709859375 0.8965599687499999 0.8187709453125 0.906759753125 0.8177850843750001 0.9408152578125 0.815366315625 0.9494093515625 0.8182165187500001 0.9531699093749999 0.824803221875 0.9549278156250001 0.8355441984375 0.9510747109375 0.8442841734375 0.9522073437499999 0.85272604375 0.9600919593749999 0.8535365390624999 0.9601297093750001 0.8563428796875 0.9549456734374999 0.869237125 0.9504672968750001 0.8728467359375 0.944830921875 0.8792811687500001 0.9422283609375001 0.8895770468749999 0.9100576015625 0.8982018437500001 0.8923202531250001 0.9049779125 0.8839291093750001 0.9057373171875 0.8745321703125001 0.9037987875000001 0.8657351359375 0.914373828125 0.8415585625 0.921186990625 0.8186579 0.923921359375 0.81627904375 0.9238119265625 0.8131452625 0.9210464343749999 0.7990611765625 0.9159668234374999 0.7937456546874999 0.9039588734375 0.7924608140625 0.8868342218749999 0.800369965625 0.8813876 0.800116284375 0.872294275 0.820008496875
0 0.8793254359375 0.8398773125 0.8705664671875001 0.8383818046875 0.826330171875 0.8390403484375 0.8126932124999999 0.8432991843750001 0.7929950375 0.8402066218750001 0.7768164671875 0.8340153296875 0.7644618140625 0.8334399015624999 0.7153855703125 0.8409421140625 0.707562565625 0.8454717390625 0.6952459531249999 0.8459856374999999 0.67673100625 0.8559988187500001 0.6749121546875 0.86624585625 0.6677588328125 0.8691753437499999 0.6664575046875 0.8734649453125 0.6740292671875 0.8825180296875 0.6967485359375 0.8890139593749999 0.7093124078125 0.8955806718750001 0.73676394375 0.8985324265625 0.747458240625 0.8990305218750001 0.7796354140624999 0.8939620312500001 0.8125481234375 0.9014765062500001 0.8795116546875 0.8659872546875 0.8872015187500001 0.8576449921875 0.8904928796875 0.848010315625 0.8793254359375 0.8398773125
0 0.7001551625 0.8861260156249999 0.6914912921874999 0.88735381875 0.68730200625 0.8920526875 0.6153653859375 0.9305729703125 0.6033340765624999 0.939256803125 0.5986462859375 0.9504577718749999 0.6011118203125 0.9587292515625 0.61677286875 0.9708779812499999 0.622254625 0.9727569609375 0.6335570734375 0.9732833812499999 0.6463411390625 0.9657298296875 0.7011932984375 0.9574090796875 0.7233609859375 0.9481098046875 0.7601967000000001 0.9433001390625 0.778080003125 0.9359764203125 0.7823453687499999 0.9334562 0.7725553328125 0.9232122453124999 0.7737615640625 0.916199334375 0.792581159375 0.89692570625 0.7922622890625 0.887794465625 0.774743534375 0.8819871546875 0.760151590625 0.87967619375 0.732173928125 0.8680413609375 0.723433978125 0.8670905156250001 0.71769610625 0.868998375 0.7001551625 0.8861260156249999
0 0.5545352703125 0.8930846046875001 0.5400384265625 0.8934969578124999 0.5079055375 0.9083136359375 0.500215671875 0.9166558984375 0.501189678125 0.9237703578125 0.5073650125 0.9343897296874999 0.5169648453125 0.9391870609374999 0.532283534375 0.9415318703125 0.558731625 0.9509203562499999 0.5641271390625 0.939208575 0.5820865234375 0.9340635046875001 0.6005784703125 0.94416898125 0.6099500640625 0.942430365625 0.6821339421875 0.910990690625 0.7097719984374999 0.8931642656250001 0.7097095140625 0.89137495625 0.70382613125 0.8880748578125001 0.6932522921875 0.8761630671875 0.677073721875 0.8699717734375 0.5909145046875001 0.87520304375 0.5753635921875 0.88698560625 0.5545352703125 0.8930846046875001
0 0.49919068906249997 0.8627402265624999 0.485439609375 0.8637310875 0.480770840625 0.8754767171875001 0.47145630625 0.8788493234375 0.461605228125 0.8876347015625001 0.44571195625 0.8896133421875 0.4445818078125 0.898804903125 0.4468761609375 0.9021744234375 0.429757640625 0.9106213140625 0.427767609375 0.9159663921875 0.42134103125 0.918929728125 0.42166437187500005 0.9281889874999999 0.43005797812499996 0.9399992296875 0.46197766093750003 0.939854584375 0.5049926921875 0.9250009734375 0.51518613125 0.9260195171875001 0.5343097203125 0.933435528125 0.5364709328124999 0.9329924125 0.5361475921875 0.9237331531249999 0.5402798171875001 0.9174002984375 0.5814759953124999 0.9127937218750001 0.604446509375 0.9057069453125 0.609400578125 0.90213125 0.6085787328125 0.8993740906250001 0.6055576359375 0.8959707203124999 0.5953071375000001 0.8933181906250001 0.59068039375 0.885489825 0.6012962546875 0.8778276203125 0.6067678484375 0.8682944906250001 0.6243758749999999 0.8599932906250001 0.6238194906250001 0.8440605078125 0.6119797859375 0.8428018343750001 0.6049386453125 0.8424738875 0.5922369484375001 0.8469541968750001 0.576286615625 0.8472988515625 0.5572391062500001 0.8420614875 0.5470646890624999 0.8415876062500001 0.5126754874999999 0.8541240921875 0.49919068906249997 0.8627402265624999
0 0.49853838437500003 0.8606169390625 0.47638971406249997 0.8704608781250001 0.44749112812499997 0.8740088921875 0.4093160453125 0.8820188359375001 0.383495615625 0.8906042046874999 0.3628574953125 0.902149828125 0.35516762968750004 0.9104920890624999 0.3360210359375 0.9231947328125001 0.33693798125 0.9286752046875 0.34219637187499996 0.93381410625 0.3539003578125 0.936534334375 0.3690288453125 0.9334325187499999 0.3806947921875 0.935063421875 0.391116471875 0.9426179140625001 0.39658408125 0.9537481 0.400108203125 0.95461053125 0.4107271109375 0.9551051156250001 0.4926554203125 0.9207021187500001 0.5075746875 0.9116090203124999 0.524807328125 0.9064301015625 0.537489303125 0.8956014703124999 0.5481812453125 0.8901179140625001 0.5549724375 0.8827505671875 0.5548227703124999 0.87846468125 0.5534245984374999 0.874048834375 0.5437296640625 0.86652819375 0.534932653125 0.8639433593750001 0.5095536671875001 0.8643926437499999 0.5007946953125 0.862897134375 0.49853838437500003 0.8606169390625
0 0.40836545468749996 0.6469580171875 0.3917644578125 0.6494474718750001 0.385185721875 0.6480535093750001 0.3695436921875 0.6364494421875 0.3607276625 0.6333199453125 0.356842696875 0.6467334124999999 0.3496703546875 0.6491182375 0.31845839531250003 0.6487520703125 0.28590706718750003 0.6515861796875 0.278734728125 0.6539710046875 0.27739535625 0.6571712796875 0.2871093125 0.6652365859375 0.284468615625 0.6727264640625 0.26815292031250004 0.6833858515625 0.2531005125 0.688666315625 0.25176114374999997 0.6918665921875 0.25139578125 0.702181328125 0.257628175 0.7144346875 0.27889395625 0.720862921875 0.282641796875 0.7243001390625 0.28612377499999997 0.724667575 0.3191594859375 0.7262062390625 0.3204324953125 0.72606026875 0.328198440625 0.7198966578125 0.3469796703125 0.717508746875 0.364212309375 0.71232983125 0.38490749218750003 0.7024181953124999 0.392174934375 0.70275668125 0.397433321875 0.7078955828125 0.40074370156250005 0.6988055671875 0.4135017578125 0.6901555828125 0.4488269234375 0.6836442328125 0.4678134375 0.665083309375 0.46765891875000004 0.6606584859375 0.46587334687500004 0.6523553734374999 0.45755581875000007 0.6427237781249999 0.4458708515625 0.6405482140625 0.43579153281250005 0.64279764375 0.421104490625 0.637763371875 0.40836545468749996 0.6469580171875
0 0.24667134218750003 0.580311503125 0.23903240625 0.56399334375 0.23083709375 0.5628860796875 0.2204260375 0.5761868578125 0.21852655156249998 0.584079571875 0.21928790468749998 0.6058818984375 0.21489351562499998 0.62018846875 0.2203538 0.6364051546875 0.21961977500000002 0.6465288359375 0.223686196875 0.653973853125 0.22471305 0.6678073625 0.22390288749999998 0.6757508125 0.21543036093749998 0.6978486234375 0.21398768750000002 0.7188227328125001 0.20899787656250002 0.7316504484374999 0.2099232171875 0.7425769796874999 0.20794759375 0.7482894609375 0.209835365625 0.7556330078125 0.21154548750000002 0.7578893421874999 0.228353884375 0.756495521875 0.23087416875 0.75080840625 0.2296579515625 0.74712395 0.241310603125 0.738234371875 0.247961725 0.757408771875 0.2546753234375 0.762800396875 0.2645436671875 0.7806735140625001 0.2693887671875 0.783166559375 0.27633321875 0.7834900015625 0.2809089125 0.7821613000000001 0.28293529375 0.7779023078125 0.28180692500000004 0.761161821875 0.28558052031250003 0.74464965 0.28694705625 0.7214953093750001 0.2884287734375 0.7172109468750001 0.30075297968750003 0.711980459375 0.300903225 0.7099082765625 0.30056631093749997 0.7002603 0.28643753906249997 0.6757611625 0.27508747968749997 0.6621724046875 0.266001971875 0.604429828125 0.2566411984375 0.6010915953125 0.2555889671875 0.58653134375 0.24667134218750003 0.580311503125
0 0.1522860734375 0.6050682968750001 0.1535493625 0.5996893703125 0.146932584375 0.5972060828125 0.13972220156249998 0.5985015812500001 0.1362786828125 0.6037789625000001 0.12204811874999999 0.6118165859375 0.11395883281250001 0.6087209390625 0.090029353125 0.6299012390625001 0.0814415625 0.6333076921874999 0.07266357031250001 0.6312675203125 0.068892728125 0.6479489593750001 0.0466489578125 0.6550695875 0.0404886609375 0.665658196875 0.0297967171875 0.6711417515625 0.029393315625 0.6803671609374999 0.0386468046875 0.696023890625 0.048165453125 0.6979849015624999 0.049351703125 0.698040153125 0.0647335171875 0.6950637921875 0.083016240625 0.6991779828125 0.0913377484375 0.6881462578125 0.1001157421875 0.6901864296875 0.12299115625000001 0.680376340625 0.16571690156250002 0.6780161109375 0.19234015625 0.6716432390625 0.1937175625 0.6695322890625001 0.18622188125 0.662657853125 0.23323713437500002 0.6037311843750001 0.23322558125 0.60340035 0.2095086640625 0.6022957171875001 0.203846871875 0.6063822234375 0.185754346875 0.60771465625 0.174986325 0.6110195640625 0.1604704609375 0.610887253125 0.1522860734375 0.6050682968750001
0 0.1095025171875 0.6425023734375 0.1236570015625 0.6322861 0.1437205359375 0.625063928125 0.144996178125 0.623108940625 0.14481425625 0.6178993968750001 0.1432450359375 0.6114473703125001 0.1282917125 0.5987878265625 0.0955311625 0.59563065 0.0637065796875 0.5984986078125 0.047889387500000005 0.6026558984375 0.0214298140625 0.6136695765625 0.022534809375 0.6453125 0.111576325 0.649459675 0.1095025171875 0.6425023734375
0 0.051435078125 0.13281542500000001 0.046431603125 0.12968013750000001 0.0422827 0.11987319999999999 0.0401338265625 0.08948089375 0.0468454734375 0.06367325625 0.0429567015625 0.061315446875 0.0305056046875 0.062912215625 0.022081884375 0.0552642515625 0.012771868750000002 0.0533795046875 0.004184164062500001 0.0566073375 0.002073190625 0.05844385 0.0091432078125 0.2609026671875 0.022108221875 0.274022471875 0.0327896515625 0.2745199671875 0.0439952515625 0.26234453593749996 0.0573326453125 0.254984553125 0.06618585 0.243787903125 0.06906130625 0.2354735625 0.06873222343749999 0.22604990156250002 0.05557958281249999 0.1736399390625 0.049650768750000004 0.15957812031250002 0.049992403125 0.15378953281250002 0.053108106249999995 0.149581278125 0.050156389062499994 0.1429137390625 0.051435078125 0.13281542500000001
0 0.042779353125 0.162547809375 0.0408463828125 0.16952687187499998 0.015349290625000001 0.1873715015625 0.013454360937500002 0.195439890625 0.0173924015625 0.2043237296875 0.0351385828125 0.21385069531249998 0.05822745 0.2211061984375 0.07566658750000001 0.22191843906250003 0.15654289999999998 0.2205927453125 0.15994838125 0.214226040625 0.16564821406250002 0.21122885624999999 0.205794309375 0.197329175 0.21574048750000002 0.19126710625 0.22470415312499997 0.18069307343750002 0.22436454687500001 0.17096803124999999 0.19648774062500002 0.1593751390625 0.17453325625 0.15400238125000001 0.1319977078125 0.16180923281249998 0.0941309296875 0.15787045156249999 0.049894634375000003 0.158528996875 0.042779353125 0.162547809375
0 0.2143025734375 0.0733410171875 0.20496717812499998 0.070729528125 0.19702564843749998 0.0768897046875 0.19198508125 0.08826393125000001 0.191137825 0.11071689843750002 0.187186584375 0.12214186093749999 0.1901383015625 0.12880939687499998 0.1918113296875 0.14557525 0.1888225203125 0.153417228125 0.1845667359375 0.1561212609375 0.1874813578125 0.17729831406250002 0.1838346578125 0.19744420625 0.18516800312499998 0.251197909375 0.192578534375 0.26097536875 0.2031301453125 0.2672713140625 0.2131898015625 0.3061946453125 0.21471930625 0.30639285625 0.22203722187500002 0.30673369375 0.2228414484375 0.302290803125 0.230732221875 0.294677140625 0.23304947812500001 0.28317607499999997 0.2402940734375 0.2726300609375 0.245473246875 0.2496532984375 0.24119013749999998 0.22043132031249998 0.24301348749999999 0.210358375 0.23951515781250002 0.1724662046875 0.2427831328125 0.162350859375 0.24267924062500001 0.1593757921875 0.235485828125 0.150511671875 0.23155801562499997 0.1314641125 0.23639555625000003 0.1142759359375 0.2295550640625 0.1052505859375 0.2216623453125 0.0816649875 0.2143025734375 0.0733410171875
0 0.1974125203125 0.19951200156249999 0.2152538 0.2117622796875 0.2218515578125 0.21370090312499998 0.24948685781250002 0.2155318140625 0.2660498140625 0.21195303437500002 0.2864557109375 0.214534784375 0.30598270312500003 0.2127253875 0.34251011249999996 0.2198644421875 0.3511549640625 0.218091978125 0.371541840625 0.2201290640625 0.379364846875 0.2155994390625 0.380295284375 0.200688921875 0.3858144265625 0.19251744531249998 0.392164925 0.1873754609375 0.40571714999999997 0.182348065625 0.40554668749999995 0.17746665156250002 0.402993990625 0.165041221875 0.3941969796875 0.16245638906249998 0.36803418906249996 0.1612378375 0.3586625953125 0.162976453125 0.32174257968750003 0.1585015984375 0.3037729125 0.15766464687499998 0.2909993046875 0.1576498796875 0.2736905859375 0.1606501484375 0.23283676875 0.17506064375 0.208374725 0.1809904 0.1963243953125 0.1891295703125 0.1974125203125 0.19951200156249999
0 0.4383325875 0.18941063593750002 0.4260920578125 0.1921031828125 0.40030966718750005 0.201777878125 0.38827835624999996 0.2104617109375 0.378237078125 0.21380046562500002 0.3741619125 0.22176730781249998 0.3797246234375 0.23562080624999998 0.3995939765625 0.24361532968750002 0.4049474671875 0.2514775421875 0.406835940625 0.2529424859375 0.4184446421875 0.2534831703125 0.4346298578125 0.2495973625 0.45272238124999997 0.24826493125 0.46993600312500006 0.24254135 0.5457876609375 0.23302356406250002 0.549900865625 0.226146046875 0.5644183218750001 0.21514650781250003 0.56392494375 0.2010180125 0.5604256109375 0.19509721093750002 0.538318965625 0.1853671546875 0.516516640625 0.18435169375 0.49280036093749996 0.1908599609375 0.474574696875 0.18837975625 0.4383325875 0.18941063593750002
0 0.38672696875 0.171542475 0.357984525 0.15878446875000002 0.3331230625 0.1532763171875 0.330254125 0.154230246875 0.3261219015625 0.160563103125 0.344899146875 0.1788385109375 0.31831393124999996 0.186300709375 0.2784151 0.2072810015625 0.27636800625 0.2109920921875 0.28126103125 0.226445728125 0.2842440890625 0.2287597703125 0.28996294218749996 0.22630725 0.30885829062500003 0.227187315625 0.3163920140625 0.23515107343750002 0.333200578125 0.2432730296875 0.3430935453125 0.2437338015625 0.368793675 0.23976682500000002 0.396737278125 0.229649015625 0.45862863750000005 0.2151308046875 0.48077730625 0.20528686562499998 0.4919188109375 0.19391523906250002 0.491913234375 0.1937555671875 0.4790995609375 0.178019903125 0.45790985781250004 0.17377031874999999 0.4446763015625 0.1688037421875 0.43670113749999995 0.168976071875 0.42817040625 0.17401651093749998 0.38672696875 0.171542475
0 0.6251864546875 0.21970284218749997 0.6156626984375 0.217084159375 0.611226153125 0.2147024203125 0.61036626875 0.210855934375 0.6290523968749999 0.2057447140625 0.6461899375 0.19784248437500002 0.6532291406249999 0.1916450234375 0.653689603125 0.18405359999999998 0.6461939203125 0.1771791671875 0.6078706625 0.160168490625 0.5716285531249999 0.16119936875000002 0.5217304656249999 0.1659444234375 0.5089153515625 0.17296041874999998 0.47791261093750004 0.17858553593749998 0.4429488265625 0.195445471875 0.43960040625 0.2034461625 0.4478989125 0.21253309531250003 0.46270007656249995 0.22083534062500002 0.496685871875 0.2175242671875 0.5106842140625 0.22361401406249998 0.5159996625 0.23038690156250002 0.524606471875 0.22752511250000002 0.52843039375 0.2331409796875 0.53047493125 0.2337417265625 0.5333986484375 0.23387790156250002 0.548265690625 0.21938285937500002 0.57452358125 0.223324721875 0.6195627 0.2248786765625 0.6361066375 0.22075523437500003 0.6345960875000001 0.21905355 0.6251864546875 0.21970284218749997
0 0.660327496875 0.18141530781249998 0.6426954359375 0.175156315625 0.6157108015625 0.17118060468750002 0.5418071515625 0.1949273078125 0.5450184484375 0.2037772984375 0.565633565625 0.212350334375 0.58729876875 0.23021647656250002 0.5847341515625 0.2398850046875 0.6071641375 0.2588743203125 0.6210103171875 0.26060676875 0.6445744359375001 0.249741203125 0.662647940625 0.24786410937499997 0.666894284375 0.2447992265625 0.7056629703125 0.23301049687500003 0.7252089828125 0.2317457609375 0.7503322359375 0.2231313 0.7499438875 0.212010446875 0.741661803125 0.20423568749999998 0.7204150390625 0.1983521171875 0.694921934375 0.1955334265625 0.6855313187500001 0.19672738125 0.6774610531249999 0.194176396875 0.660327496875 0.18141530781249998
0 0.79991080625 0.19280009843749998 0.7578737640625001 0.19410485156249999 0.70455515625 0.18400862812500002 0.64591711875 0.18780283125 0.63459353125 0.19597585 0.643500678125 0.22249197656250003 0.6464647171875 0.22426135781249998 0.6551285859375 0.22303355468750002 0.673658571875 0.2342283546875 0.6782282578125 0.2404227328125 0.677383409375 0.25778423125 0.6802347515625 0.260996365625 0.699195646875 0.2618794828125 0.723856996875 0.25886121875 0.7500388078125 0.260624434375 0.7563893046875 0.2554824484375 0.7671763484375 0.2527222046875 0.7759162984375 0.25367305 0.7848084078124999 0.258981196875 0.7999178765625 0.2553347171875 0.8267503515625 0.2549531328125 0.8444244359375 0.24163812812500002 0.8445007718750001 0.2394830625 0.844210265625 0.231164040625 0.8257422906249999 0.22608602968749997 0.7970188671875 0.21387268593750003 0.80111305 0.20645050625 0.8090121359375001 0.20409952812499998 0.8086697765625 0.1942956078125 0.79991080625 0.19280009843749998
0 0.8517358203125 0.1584585125 0.8511612359375 0.16278196250000002 0.846914890625 0.16584684375 0.834579259375 0.1658160796875 0.8276731984374999 0.1758261765625 0.762988984375 0.193476965625 0.7665046 0.211041553125 0.7545493703124999 0.22190403593750002 0.7487734578125 0.22272257187500002 0.7428644046875 0.21972847031249998 0.7371796078124999 0.2439336375 0.751101865625 0.24784473437500001 0.7757731296875 0.2479062640625 0.7882461968750001 0.253547409375 0.7954873515625 0.25388467187499997 0.837451284375 0.2480600890625 0.8539191390624999 0.24175799687500002 0.863713159375 0.2313386328125 0.868286828125 0.216869690625 0.8790358296875 0.213020121875 0.88743341875 0.204167046875 0.8961163093750001 0.20348390468750002 0.9039202953125001 0.19840961875000002 0.9118384015625001 0.19660330312500002 0.9313044500000001 0.1789470171875 0.9311087125 0.17334185156249998 0.9289989453124999 0.16858241875 0.911214721875 0.157966128125 0.884439309375 0.1599817015625 0.868317796875 0.15542439531250002 0.8612215359375 0.1599878703125 0.8517358203125 0.1584585125
0 1 0.18224971875 0.9830674187499999 0.18117968906249998 0.9654733984374999 0.17601002187499998 0.9631139640624999 0.1680944875 0.9611437046875 0.168002721875 0.9543439953125 0.16896634531250002 0.93649873125 0.17737938749999999 0.847618753125 0.2085852046875 0.8346324578125 0.2106992375 0.8248764796874999 0.2222079296875 0.8149493203124999 0.228814659375 0.8177001546874999 0.2452560734375 0.8288485781249999 0.2528444140625 0.8521142953125 0.2627619484375 0.8593043187499999 0.2630968296875 0.950599240625 0.24872706406249998 0.972382546875 0.24919786249999998 0.9787901031249999 0.245689865625 0.9676226609375 0.2375568640625 0.9688479093750001 0.23108861093750002 0.9931387703125001 0.220256896875 1 0.21600830937499998 1 0.18224971875
0 1 0.2018402 0.8882432874999999 0.1966350484375 0.8882436125 0.1966443546875 0.9429372109375 0.2154957515625 0.952209721875 0.23169714375 0.9648309749999999 0.24617239062500001 0.9710005 0.24645974218750002 0.9751001718750001 0.24309503437500002 0.9730570625 0.22614280625 0.9769610484375001 0.2132740015625 0.98637068125 0.212624709375 0.9937902828125 0.2173204953125 1 0.21702702031249999 1 0.2018402
0 1 0.44448173593750007 0.8847307859375 0.4391129859375 0.88785399375 0.447958875 0.913860640625 0.46548344531249997 0.92850964375 0.4694283921875 0.9436951921875 0.467960565625 1 0.4777985671875 1 0.44448173593750007
0 1 0.4347008875 0.9978482109375 0.4337039046875 0.987730853125 0.434864009375 0.9801781109375 0.42635559062499995 0.9730628296875 0.43037440312499997 0.9534026953125 0.42837116406250003 0.94525635 0.423641528125 0.9115598374999999 0.41445921874999997 0.8812688046874999 0.398910203125 0.8747090875 0.3980609046875 0.8668480421875 0.40150120468750006 0.8566315984375 0.42060131875 0.851468309375 0.4181857296875 0.8201192265625 0.43467024375 0.809522384375 0.4428771125 0.8037654906249999 0.44424030937500003 0.79957620625 0.448939178125 0.801295975 0.45663215 0.8042790328124999 0.45894619062500003 0.827112421875 0.46871009687500004 0.8380326046875 0.4697624875 0.8483211421875 0.4735043421875 0.8543443171874999 0.47976641875 0.8531380890625 0.48677933125 0.8553944015624999 0.48905952656249996 0.8678166515625 0.49124726093750004 0.8756451249999999 0.49161187812499996 0.8888056140625 0.49007190312500004 0.9110493828124999 0.48295127656250003 0.9636642484375001 0.47289499375000005 1 0.471281390625 1 0.4347008875
0 0.7892614640625 0.38444268125000003 0.7690838062500001 0.388396878125 0.7531334765625 0.388741534375 0.7308326453125 0.394228171875 0.7168493421875 0.4093464078125 0.7228915375 0.41615314375 0.741881984375 0.41975652031250005 0.7576297453125 0.43775650468749994 0.762845978125 0.4379994546875 0.860854828125 0.43997973124999995 0.8673004265625 0.43756105781250004 0.892736471875 0.43874576093749995 0.9035425359374999 0.43653018125000004 0.9097789125 0.428120221875 0.9241806562500001 0.424984559375 0.9287868109374999 0.4195508859375 0.92874759375 0.41842785156250006 0.923476915625 0.404832053125 0.904277246875 0.3952373921875 0.8637907859375 0.389001490625 0.850136796875 0.38238400625 0.829978159375 0.3868828671875 0.7892614640625 0.38444268125000003
0 0.6812657703125 0.40055548593749996 0.678335790625 0.42053874843749994 0.6567426859375 0.4255145734375 0.6390495828125 0.438284915625 0.637919434375 0.447476478125 0.660292359375 0.46483180781250005 0.6754874531249999 0.469809715625 0.72343016875 0.472042684375 0.783667690625 0.46568411718749997 0.8204653640625 0.45978512499999996 0.8483328859375 0.44748866718749997 0.850072653125 0.44371223750000005 0.8497281921875001 0.43384816875 0.8491967562499999 0.43067183125 0.8365568031249999 0.42192647031249997 0.7170093765625001 0.40602670625000004 0.7001230796875 0.400346228125 0.6877303875 0.398681475 0.6812657703125 0.40055548593749996
0 0.7096253625 0.37906264218749997 0.665716390625 0.368317125 0.6235271874999999 0.365264578125 0.590401275 0.3724221375 0.5729213750000001 0.37052044687499996 0.565041309375 0.37341608437499996 0.5617879890624999 0.38414008593750004 0.5664147328125 0.39196845156250004 0.5856334234375 0.40210777656249996 0.5920560187499999 0.419807759375 0.605016990625 0.4244086171875 0.6494270421875 0.4264770484375 0.6546891578125 0.4265313796875 0.6691099203124999 0.4239403796875 0.7483250375 0.42762988281250003 0.7634725453125 0.4250727296875 0.7777791890625 0.4192137546875 0.7819990875 0.41520932187500004 0.7813149828125 0.3956191421875 0.781302775 0.3954517046875 0.770843053125 0.3868078890625 0.7526744484375001 0.3859616734375 0.74531190625 0.382899875 0.7192061765625 0.383315309375 0.7096253625 0.37906264218749997
0 0.5789798687500001 0.3834534078125 0.569665334375 0.3868260125 0.562340834375 0.38485353906249997 0.5458539578125 0.3906109671875 0.527053709375 0.3924542140625 0.5179103546875 0.40072877812499996 0.520528046875 0.4133575578125 0.535291171875 0.420570478125 0.555027384375 0.424752365625 0.5899871859375 0.42855575 0.597325028125 0.4318501515625 0.600259925 0.431986846875 0.613281040625 0.43072823125 0.6488915046875 0.432386815625 0.65753635625 0.4306143515625 0.669377465625 0.41648389531249996 0.6649789609375001 0.415191478125 0.6564101906250001 0.41914259375 0.650463096875 0.4150591671875 0.6389112703125 0.4166962390625 0.6283184109375 0.4042397859375 0.6311302875 0.40165187031249994 0.638359690625 0.40090103125 0.6418222296875 0.39616831406249997 0.6518635078125 0.392829559375 0.6574872609375 0.387653725 0.66861685625 0.38470574062499996 0.6684208609375 0.37909319375 0.6658468109375 0.3777113265625 0.65567239375 0.3772374453125 0.6296047031249999 0.37874220468750003 0.59653585 0.38753375 0.585615665625 0.38648135781250004 0.5789798687500001 0.3834534078125
0 0.440468378125 0.397848965625 0.44434935937500003 0.40509881718749996 0.4048539296875 0.4168537 0.381042553125 0.42063865468749995 0.3762596640625 0.42911631093749997 0.3847483703125 0.44364986718750005 0.4097429734375 0.45297065468750003 0.4305673109375 0.46753497499999996 0.4354474203125 0.4742292578125 0.451880971875 0.4749946625 0.5065711312500001 0.4623744875 0.52397495 0.46209752968749995 0.531759915625 0.45647858125 0.5500046000000001 0.4595034453125 0.5924450484375 0.4489732828125 0.6022961265625 0.4401879046875 0.6047352765625 0.431574275 0.6047072671875 0.43077218281249996 0.600253015625 0.4232356765625 0.5832145609375 0.41319789843750004 0.43429304531249996 0.387229590625 0.4234869828125 0.3894451734375 0.42872635312499996 0.3940394125 0.440468378125 0.397848965625
0 0.4415845546875 0.40348042968750003 0.41287616875 0.4124750671875 0.39908704687499996 0.41237660624999994 0.36535249375 0.40210496874999996 0.3303736734375 0.397756921875 0.3290913640625 0.40259118593750004 0.3408524125 0.4069454 0.34611080312500003 0.4120843015625 0.3189319828125 0.4233252875 0.297319859375 0.42775645156250003 0.292831834375 0.4341025 0.2929078984375 0.4362807046875 0.29332077343749996 0.4379019421875 0.3023650453125 0.4475673859375 0.31406903124999996 0.4502876140625 0.32370690625 0.45617427031249996 0.3559037921875 0.46116470156249995 0.37486759062499997 0.4620479546875 0.4406556609375 0.459989915625 0.45861504531249997 0.45484484687500004 0.48535241874999996 0.4517399484375 0.5025280000000001 0.4449270421875 0.5036502046875 0.4405156625 0.5033276156250001 0.43127791249999997 0.502646103125 0.42753169687500003 0.4974067328125 0.42293745781250003 0.475433228125 0.41702003750000005 0.458413790625 0.407526921875 0.44604011874999994 0.4064068328125 0.4415845546875 0.40348042968750003
0 0.255069965625 0.4295228265625 0.24340401875 0.42789192187499997 0.2364258609375 0.41506005156250003 0.22783806874999998 0.4184665015625 0.2251973734375 0.42595638124999996 0.2290593359375 0.4326615734375 0.2270502828125 0.4374619875 0.20763740937500003 0.442539359375 0.20352420625 0.449416878125 0.207557346875 0.46102402812500004 0.221707846875 0.471471075 0.23328160156250002 0.47573294375 0.25704316562499996 0.47683965625 0.26313226562500003 0.4734004484375 0.2832718828125 0.46835692656249994 0.295721634375 0.4716556640625 0.316759175 0.47154795 0.330776534375 0.47818236093750005 0.3547590921875 0.47929936562500003 0.371603559375 0.48217539374999996 0.3871563515625 0.4828997765625 0.39314339375 0.4772807078125 0.3805224625 0.46908000781250003 0.37581963749999997 0.4590729953125 0.4210149 0.44432092812499996 0.4255428296875 0.4373816328125 0.42546385156250005 0.43512000312500004 0.409409996875 0.42366069375000004 0.3589222875 0.411521215625 0.317631009375 0.41340447812500003 0.309081259375 0.41790025468750003 0.28741207343749997 0.42069743125 0.255069965625 0.4295228265625
0 0.305792871875 0.44383121406250003 0.30979195625 0.433685721875 0.31681213750000004 0.42694359843749996 0.3165078171875 0.4182290015625 0.32270615468749997 0.4087297171875 0.3319255875 0.4026338015625 0.3243538265625 0.3935807171875 0.32477625 0.3848999703125 0.3118660359375 0.38919265468750003 0.2958776640625 0.388447984375 0.27604635 0.3815427859375 0.2706167796875 0.371501925 0.2632922765625 0.3695294484375 0.2531749203125 0.37068955625 0.24179427343749998 0.3772285875 0.227373509375 0.3798195859375 0.21882375937499998 0.384315365625 0.127630409375 0.4116069984375 0.122771440625 0.41790600624999996 0.10993730625 0.4243773421875 0.10558502968750001 0.4326201390625 0.10565076250000001 0.43450247031250006 0.11069810625000001 0.44616383437499996 0.117333903125 0.44919178125 0.1264794453125 0.45203905000000005 0.1401869515625 0.45267748750000003 0.1965870609375 0.4539706109375 0.21251837343750002 0.4530812953125 0.2218519265625 0.4502533515625 0.2524322421875 0.453308984375 0.2951960296875 0.4520380796875 0.305792871875 0.44383121406250003
0 0.08437253125000001 0.3040040859375 0.0738345859375 0.31367114375 0.0709355734375 0.3396563578125 0.0728233453125 0.34699990468749997 0.0709999953125 0.3570728515625 0.08032367500000001 0.3749206 0.088737628125 0.4290040859375 0.097631825 0.4656964484375 0.119002496875 0.5015187875 0.12505294843749998 0.5159309140625 0.13920184687499998 0.5165899109375001 0.1433229359375 0.5128094 0.1482366125 0.497801453125 0.14930485468750002 0.47846509218750005 0.1478945015625 0.438077878125 0.1366152046875 0.3985837234375 0.1318381875 0.3707898671875 0.12222363124999999 0.36018419218750003 0.11832119375000001 0.341863378125 0.0942525890625 0.30664094375 0.08437253125000001 0.3040040859375
0 0.039922709375 0.4195015546875 0.055873040625 0.41915690000000005 0.0856885734375 0.42108935625 0.0872181421875 0.4233357046875 0.0864343375 0.42166786875 0.097183340625 0.4178183 0.1004747015625 0.40818362031250005 0.1112046828125 0.4037893890625 0.12206780625 0.403207796875 0.13087259843750002 0.397348025 0.1308636625 0.3970921515625 0.0136761625 0.39163405625 0.0148358546875 0.4248432828125 0.027739237500000003 0.4238280875 0.039922709375 0.4195015546875