0 0.07666733906249999 1 0.0752200359375 0.9644806703125001 0.0748200828125 0.9644760171875 0.07246789218750001 0.9670195874999999 0.064716359375 0.9868913906250001 0.0523043453125 0.9974408921875 0.052233954687499994 1 0.07666733906249999 1
0 0.0700658203125 0.9003031437500001 0.0594801171875 0.9294100390625 0.0573451953125 0.9607540546875001 0.1129208953125 0.9614007375 0.1149193203125 0.942234684375 0.11467484375 0.9362348078125 0.095720496875 0.9127214499999999 0.090897828125 0.886286975 0.08360194374999999 0.8648142218749999 0.08141936093749999 0.8769086109374999 0.0732028125 0.8853681453125001 0.0700658203125 0.9003031437500001
0 0.115314884375 0.8066762546874999 0.1108700390625 0.7895142468749999 0.0965567125 0.7665339828125 0.09285064374999999 0.754371071875 0.08123085 0.744967790625 0.077449578125 0.744298571875 0.0721590984375 0.7442370109375 0.06661937968750001 0.7540658437500001 0.053141382812500006 0.7909812984375 0.0490040453125 0.7944977984375 0.048375628125 0.8039398 0.0484033921875 0.804621190625 0.0572276171875 0.8256058828124999 0.057416529687499995 0.83024211875 0.06531895 0.84530556875 0.11998701875 0.845941690625 0.11945690312499999 0.8295381640624999 0.115314884375 0.8066762546874999
0 0.070991459375 0.734619671875 0.10891891093749999 0.7206138906249999 0.12405232031249999 0.7064347671875 0.12356050625 0.6943647796875 0.11906601875 0.689697434375 0.08822104375 0.68505789375 0.0806770453125 0.6724952046875 0.065310003125 0.6723163921875 0.0279506078125 0.6859570374999999 0.0302025078125 0.741222615625 0.0397822265625 0.7385371453125 0.070991459375 0.734619671875
0 0.05739357187500001 0.608364884375 0.056543224999999996 0.6268911328125 0.0613986265625 0.6747138453125 0.119181815625 0.6753862140625 0.12139806718749999 0.6689956453125 0.124754128125 0.6470017453125 0.12390903906249999 0.626261753125 0.1176291890625 0.629027790625 0.10535780937500001 0.6167652140625 0.1012035984375 0.6067358734375 0.0964221828125 0.5681820953125001 0.09125543750000001 0.55956683125 0.087898128125 0.555963121875 0.07662709375 0.55511904375 0.06296860625 0.54578665625 0.06172336874999999 0.5457721656250001 0.061463420312499996 0.5506650265624999 0.06547231406250001 0.55712803125 0.0615674828125 0.566350665625 0.0650991734375 0.5742339750000001 0.06601232812499999 0.5835126734375 0.05739357187500001 0.608364884375
0 0.06276393125 0.5054727015625 0.0625120234375 0.4992904125 0.0581071421875 0.49263027499999995 0.0309198984375 0.4923139234375 0.0324520296875 0.494267096875 0.04463621875 0.5043898734375001 0.054562828125 0.511634665625 0.058903610937499996 0.5131110328124999 0.062476553125 0.508875034375 0.06276393125 0.5054727015625
0 0.0493501890625 0.559695728125 0.073710325 0.5626545734375 0.0895766984375 0.5671198203125 0.095930659375 0.565588521875 0.1007053953125 0.5602933 0.09719793437499999 0.5442001453125 0.0995274875 0.531385378125 0.12963081875 0.51782363125 0.1317156484375 0.511223159375 0.1315772640625 0.5078269515625 0.129667878125 0.5012366421875 0.11168351875 0.49728182812500005 0.09679216874999999 0.4992488640625 0.08671918125 0.496991340625 0.08081673125 0.49210695781249997 0.0837068546875 0.47555316562499994 0.0770826578125 0.47254820625000005 0.0760096453125 0.4725357203125 0.0583782625 0.48381969218750004 0.031623135937500005 0.492069615625 0.0204635984375 0.4981392890625 0.0226393921875 0.5515371078125 0.0305216828125 0.552520625 0.0493501890625 0.559695728125
0 0.0409309234375 0.47566911406249995 0.0459615390625 0.483569865625 0.09556247343749999 0.48414702500000006 0.10247722031249999 0.4628396265625 0.1081043 0.45648874843750004 0.1146107484375 0.4363936921875 0.11452445468750001 0.43427588906250003 0.10711614375 0.432237678125 0.1022569015625 0.4443009203125 0.0985967703125 0.4463971171875 0.090939934375 0.4291977359375 0.085814440625 0.4084631671875 0.0795770296875 0.39983544531250004 0.07239739843750001 0.38121575937499996 0.06682979375 0.378723353125 0.0603472703125 0.37864792187499996 0.054818634374999994 0.383149996875 0.04625800625 0.4094287421875 0.036219825 0.4257092953125 0.028003276562500002 0.43416883124999994 0.029422701562499997 0.442740490625 0.0409309234375 0.47566911406249995
0 0.08689558750000001 0.3630738953125 0.08824001249999999 0.35667318125 0.08675777968750001 0.3202965765625 0.090069153125 0.309641178125 0.09521926093750001 0.30544734687499997 0.0952165265625 0.305380209375 0.08901067812499999 0.2967961484375 0.0875621921875 0.287511221875 0.08976498125 0.2821611609375 0.0346273140625 0.281519575 0.034738200000000004 0.315940071875 0.0348194265625 0.317933503125 0.044156225 0.36471536250000003 0.0546350390625 0.3855122234375 0.06272314375 0.3870321953125 0.0723422453125 0.3735984796875 0.0726741328125 0.3686118421875 0.08689558750000001 0.3630738953125
0 0.0712374125 0.314742515625 0.07370476249999999 0.314771225 0.0817865328125 0.31305506875 0.09322726406250001 0.2918003359375 0.10394609218749999 0.279092346875 0.1047842515625 0.273398671875 0.103696715625 0.259840375 0.093678234375 0.22407736875 0.0887894453125 0.1962530546875 0.033467634375 0.19560932656250002 0.039348140625 0.217028825 0.044839265625 0.2598684328125 0.0504710296875 0.279895965625 0.061601428125 0.303552121875 0.063556184375 0.3121300109375 0.0712374125 0.314742515625
0 0.049633539062499996 0.19339961562500002 0.0745760609375 0.1931547703125 0.082225678125 0.1884280796875 0.0845334171875 0.1750779796875 0.08995598125 0.1681850625 0.1080646546875 0.1576942140625 0.115474328125 0.1470788703125 0.1115153578125 0.1374014 0.121413840625 0.135376265625 0.125475309375 0.1300727453125 0.1052202703125 0.12288104062500001 0.0977167796875 0.1136974015625 0.0982773546875 0.109958378125 0.09159619531249999 0.1034596984375 0.069506740625 0.10373774375 0.0578479625 0.08005864375 0.0825723546875 0.0744604796875 0.094741515625 0.07567223749999999 0.1017651171875 0.0730785734375 0.1086796546875 0.0678082515625 0.1228163203125 0.06284809999999999 0.1224973546875 0.055020140625000005 0.12237784843749999 0.0540556140625 0.1006308359375 0.045241314062499996 0.072780878125 0.0164644734375 0.056508804687500004 0.016275131249999998 0.002819471875 0.0243052875 0.0009775046875 0.0239896796875 0.0035330046875 0.0867061375 0.0107571078125 0.09663319218750001 0.004125534375 0.1012478546875 0.007704775 0.189088709375 0.01163408125 0.1881417484375 0.049633539062499996 0.19339961562500002
0 0.9420509828125001 1 0.9382438546874999 0.9884039187500001 0.93025513125 0.9761911734375 0.921365440625 0.941867159375 0.9226226750000001 0.9333266453125001 0.9211741890624999 0.9240417203125 0.9172815484375001 0.9204317828124999 0.9055408187499999 0.8817970234375 0.8998709125 0.8725620062500001 0.8815380671874999 0.8723486843750001 0.8800895843750001 0.8743715859375 0.8852085515624999 1 0.9420509828125001 1
0 0.89150251875 0.8950013468750001 0.8900005859375 0.9106683015625 0.891744390625 0.9534643078125 0.8940891609375001 0.958482090625 0.9166771640625001 0.9744293531249999 0.9254046640625001 0.9916411937499999 0.93036796875 0.995263590625 0.941796509375 0.98684143125 0.9446138046874999 0.9640604968750001 0.9510132640625001 0.955801096875 0.9505445375000001 0.9442977156250001 0.945006646875 0.8949109984374999 0.9388104890625 0.8741639687499999 0.93847391875 0.852772196875 0.9349712953125 0.8456021515625001 0.9348672312499999 0.8299165140625 0.9269656968750001 0.81984356875 0.9209148562499999 0.8026628765625 0.9121405234375001 0.7946168171875 0.9082778421875 0.794571871875 0.9003106734375 0.7960067671875 0.8962024 0.8002365359375 0.889596528125 0.8350931703125 0.8962989515625001 0.8551331609374999 0.8948720171875 0.8857724859375 0.89150251875 0.8950013468750001
0 1 0.8108826734375001 0.96237060625 0.810977740625 0.924283896875 0.803578546875 0.9166342796875 0.8083052374999999 0.9109063328125 0.807703509375 0.8997879421875 0.8022818781250001 0.8911270109375 0.8021811 0.8651263828125 0.8039603421875 0.84695226875 0.8128451968749999 0.843043490625 0.821896040625 0.84840718125 0.8310547796875 0.8827596171875 0.8517874750000001 0.8920757109374999 0.8529660328125 0.8962026203125 0.8492685078125 0.909623809375 0.8462142078125 0.92060638125 0.8532980171875 0.9399300234375 0.855128103125 0.9723324109375 0.86299623125 1 0.8617421234375 1 0.8108826734375001
0 0.926213740625 0.7493501328125001 0.9308329671875001 0.770791740625 0.93132704375 0.782917275 0.9266590546875 0.8128059578125001 0.9263170078125 0.82848640625 0.9973973421875 0.8293135015624999 0.9972894140624999 0.8266647718750001 0.9937621140624999 0.8050316296875 0.9741489140624999 0.7570371953125 0.9720197781250001 0.7441797046875 0.9649563999999999 0.7284130875 0.963217278125 0.71199549375 0.9601918578124999 0.703405146875 0.9386851234375 0.6746702359375 0.9360070859375 0.674639075 0.9259840609375001 0.6780546015625 0.9219339124999999 0.6837109031249999 0.916975290625 0.7064669203125 0.9094684515625 0.719212284375 0.91447769375 0.7370937859375 0.926213740625 0.7493501328125001
0 0.91224985 0.74206909375 0.9208198421875 0.7685471703125 0.924799671875 0.7742969093750001 0.9313506125 0.7760992375 0.9350691828125001 0.7761425078124999 0.9440716203124999 0.7745211578125 0.9476155 0.7695718953124999 0.9522712984374999 0.7525157859375 0.9503409234375001 0.7182727515625 0.9517556671875 0.7004659984375 0.9480786609375 0.68901635625 0.9470492515625001 0.6768845921875 0.9540620109375 0.6520136921875 0.9552916031249999 0.6391875796875001 0.9542189421874999 0.6128625999999999 0.9522891437500001 0.6085044203125001 0.9369970265625 0.614029909375 0.9336978437499999 0.6118527328125001 0.913017484375 0.56817194375 0.8893794343750001 0.5678968890625 0.8834882171875 0.587741846875 0.88476700625 0.619125584375 0.8977696515625 0.67559824375 0.9029410828125 0.7105919187499999 0.910714171875 0.7306443671875 0.91224985 0.74206909375
0 0.6550490921875001 0.4176881296875 0.6562819453125 0.4348127609375 0.6689189578125 0.4691803796875 0.6697739859375 0.4770325421875 0.6788043125 0.488544475 0.68641989375 0.5178631625000001 0.7013557421875001 0.5429894578125001 0.70562620625 0.5558718640625 0.7176069515625 0.5610017734375 0.7312640109374999 0.554744328125 0.74135169375 0.5247203875 0.740906609375 0.513797221875 0.731959678125 0.47989492499999997 0.730104303125 0.4606242640625 0.7201730125 0.42700105781250003 0.709478565625 0.41404390468749996 0.68995255625 0.36818926875 0.6837582296875 0.36091381875 0.6793709625 0.36086276875 0.6708259234375 0.3715313515625 0.6670664093750001 0.38432032031249996 0.66803769375 0.395025553125 0.6652616515625 0.4056871796875 0.6564807078125 0.41342721875 0.6550490921875001 0.4176881296875
0 0.6497113328124999 0.54979811875 0.658671340625 0.5727160921875 0.66956923125 0.590666115625 0.6765622921875 0.6178387734374999 0.67723075 0.6342439093750001 0.6844975703125 0.65500339375 0.6965823796875 0.6758189421874999 0.7099947375 0.6766879390625 0.719456334375 0.6725204625 0.726427840625 0.6597688703125 0.73057736875 0.6434197968750001 0.7288551171875 0.6405480421874999 0.7212732828124999 0.6383210328125 0.7176253406249999 0.62758465625 0.7158280921875 0.6097405296875 0.7160390421875 0.5755224125 0.7262056671875 0.5492623546875001 0.73057229375 0.5284731625 0.7304829578125001 0.5262806999999999 0.7298901843750001 0.5215010125 0.72424623125 0.514306053125 0.712730496875 0.5205884140625 0.7061611984375 0.5169473296875 0.6884446296875 0.47610425 0.6776629921875 0.46100729375 0.6757663609375 0.4538559390625 0.6734990703125 0.452938234375 0.6693229078125 0.45288964062500003 0.665740371875 0.45730391875 0.666537275 0.46372954843749997 0.66299339375 0.46867881093749997 0.649764778125 0.524846240625 0.64722124375 0.541214 0.6497113328124999 0.54979811875
0 0.577543671875 0.3957003625 0.5850471609375 0.404884 0.5967211859375 0.4114407765625 0.6059718421875 0.41101333906250004 0.623410875 0.40158485625000007 0.6504277593750001 0.3997589125 0.657625865625 0.40144790468749997 0.6730625421875 0.412864165625 0.6769276953125 0.40274265781249996 0.68114185625 0.401186459375 0.74874950625 0.3982276 0.7633572859375 0.38930124843749997 0.7701627578125 0.3813542671875 0.7799739875 0.3771878046875 0.78204126875 0.3734646421875 0.781968671875 0.3716829890625 0.7721869265625 0.361044853125 0.73470441875 0.35097729843750003 0.7219747484375 0.35042619375 0.679505290625 0.3499320171875 0.6600077265625 0.3549238265625 0.637205003125 0.3551935703125 0.6302904671875 0.36046389375 0.5970941265625 0.368103790625 0.5782939984375 0.379121671875 0.577543671875 0.3957003625
0 0.5564675328125 0.2599883953125 0.5390284984375 0.26941687812500004 0.5343846421875 0.2779240921875 0.5407015421875 0.2929797828125 0.5443987546875 0.296233271875 0.5581035140624999 0.3001382875 0.5662330203125 0.3071888984375 0.58693956875 0.30796491875 0.6093562218749999 0.315716853125 0.6424064375 0.3219872875 0.6586648578125 0.3247013703125 0.6694574875 0.3248269546875 0.6945621640625 0.3247344859375 0.742067465625 0.3183312453125 0.7468115875 0.3137609484375 0.7466716375 0.310326321875 0.7451102859375001 0.305524778125 0.730495940625 0.296793475 0.7115365546875 0.286406378125 0.6906555015625 0.281347703125 0.6895059734375 0.270632765625 0.6949721624999999 0.26481051093749997 0.6998995921875 0.2632626125 0.692400884375 0.2595000390625 0.6489756578125 0.25899474218749996 0.6323573796875 0.26782746875 0.6230630984375 0.26718424218750003 0.6075893609375 0.27235496875 0.5932803984375 0.27111831249999996 0.5736077484375001 0.26072291718749996 0.5564675328125 0.2599883953125
0 0.5454913359375 0.2189154984375 0.5411964890625 0.23598802187499998 0.5565022859375001 0.2441922921875 0.5828059031249999 0.24235805 0.5990147234375 0.2377309546875 0.6089786421875 0.23731181562499998 0.6241753765625 0.242839428125 0.6406895765625 0.245706978125 0.686382278125 0.24730881718750003 0.705444159375 0.24271491875 0.7178248875000001 0.23162234218750002 0.7284366359375001 0.22960550781250003 0.737447346875 0.2232894203125 0.745919296875 0.2212476890625 0.7536937265625 0.214362521875 0.753608215625 0.21226394843750002 0.7400975296875 0.20084697812500002 0.7053153984375 0.1870653 0.6710785953125 0.18666691875000002 0.6652723375 0.1842199296875 0.662458059375 0.1841871828125 0.653203296875 0.1853887640625 0.650008428125 0.18404231875 0.6445192390625001 0.183978446875 0.6348546828125 0.1899909609375 0.623313959375 0.1925320640625 0.61354393125 0.1918833015625 0.5988488984375 0.19866832343750002 0.588171709375 0.1990791609375 0.5454913359375 0.2189154984375
0 0.6228807234375 0.103695075 0.613942271875 0.12070135156249999 0.617083946875 0.132144765625 0.616681740625 0.14853744375 0.6213009640625 0.1699790484375 0.6211725218749999 0.17995855624999998 0.625588303125 0.19640729375 0.6316391421875001 0.2135879890625 0.6463424828125001 0.2330081484375 0.6496004109375 0.24730462968750003 0.6638678015624999 0.2560257890625 0.670262721875 0.255387271875 0.6722877953124999 0.25255912187499996 0.674627884375 0.23119849375 0.6776364328125 0.22624300156250002 0.6791843015625 0.22483515625 0.6890527828125 0.2306534140625 0.68964859375 0.21404329687499998 0.6884120874999999 0.1836972875 0.6852501609375 0.1635938796875 0.6665623078125 0.1120455703125 0.651372396875 0.041288890625000005 0.6479569625 0.0362586484375 0.640334325 0.0324391109375 0.637460565625 0.032405671875 0.625473021875 0.0359970234375 0.6204684625 0.0444939328125 0.6194437359375 0.05874058125 0.6161323640624999 0.06939597812500001 0.6224738359375 0.0937093390625 0.6228807234375 0.103695075
0 0.62651205625 0.02919815 0.6359614578125 0.037863246875 0.645730559375 0.054374278124999995 0.6483369031249999 0.0658114625 0.6456771140625001 0.07932615625 0.6460840015625 0.089311890625 0.6571562734375 0.11154151406249999 0.6631077328125 0.1394149796875 0.6729226609375 0.1499502484375 0.6757297078125 0.1499829109375 0.6865048296875 0.1489553015625 0.6926672421875 0.14261065 0.6965139453125 0.13196148125 0.6959617406249999 0.1184094125 0.69924405 0.10704074999999999 0.693728540625 0.08986628437500001 0.693861278125 0.00807380625 0.64573486875 0.0075138046875 0.64502835625 0.0108774625 0.640297559375 0.0129612 0.6341927234375 0.0073795 0.623477621875 0.00725481875 0.6239444656249999 0.0187119875 0.62651205625 0.02919815
0 0.8695197328125 0.060510712499999994 0.852182840625 0.120907909375 0.8514609375 0.1294546515625 0.8559179734375 0.13378408749999998 0.8651058062500001 0.13602978125 0.8674505781249999 0.141047565625 0.878946609375 0.1868087625 0.8920852078125 0.19409093125000002 0.8962225484375 0.19057443125 0.8999529984375 0.1770721953125 0.907186075 0.17074000312499998 0.92172254375 0.146669578125 0.9220185265625 0.052577703125 0.920486725 0.01498459375 0.9197776453125 0.010702581249999999 0.879811275 0.01023753125 0.8695609875000001 0.048391406250000005 0.8695197328125 0.060510712499999994
0 0.8374570859375 0.146691928125 0.8308465328124999 0.1551701515625 0.83015369375 0.1644301625 0.8321084484375 0.17300805 0.8218546359375001 0.1971283078125 0.8152900171875 0.219865634375 0.812194278125 0.22268132812500002 0.8155393984374999 0.23911760937499998 0.8205608281250001 0.2441665390625 0.83236719375 0.24501684687499997 0.8491490515625 0.236656978125 0.854502371875 0.2367192703125 0.863324571875 0.21685992656250003 0.8795832890625 0.1956612546875 0.8952654250000001 0.1865756609375 0.9210438640625 0.16263605 0.9228945578125 0.1555282984375 0.9163665109375 0.13976790781249998 0.9154242921875 0.1297759453125 0.9161996390624999 0.096277325 0.9185275374999999 0.08774926875 0.9157055609375 0.084151790625 0.909223453125 0.08265050625 0.898691196875 0.0868055234375 0.8900968203125 0.0859925890625 0.8822589531249999 0.078983415625 0.8807289875000001 0.0789656125 0.8782323296874999 0.08371575 0.86558780625 0.08855911562499999 0.862072990625 0.09422164375 0.8557652609374999 0.09699996093749999 0.8458311453125 0.12896615625000002 0.8374570859375 0.146691928125
0 0.8540497453125001 0.1411719484375 0.8497089624999999 0.1396955796875 0.8414342859374999 0.14672858125 0.8369819328125001 0.168777559375 0.8315873593750001 0.1808345734375 0.8308701375 0.21575972812500002 0.8392244953124999 0.2500775125 0.834643696875 0.28210599687500004 0.8753842203125 0.349595340625 0.8842692296875001 0.3575409421875 0.8940505203125 0.3612194015625 0.9011092156249999 0.3506076078125 0.9012820125 0.3485618265625 0.9004773296874999 0.328813490625 0.8973815921874999 0.298520446875 0.8920114 0.284912315625 0.8933680171875 0.2656790296875 0.897364825 0.2524271359375 0.8966064499999999 0.233815275 0.8859755781249999 0.1893096515625 0.8808378953125 0.1814076546875 0.879273153125 0.1692696625 0.867810865625 0.15060014375 0.8575523703125001 0.148341990625 0.8540497453125001 0.1411719484375
0 0.8867982796874999 0.341702065625 0.8978705515625001 0.3639316890625 0.9057767671875 0.4003830453125 0.91453333125 0.4183081515625 0.9173843703125 0.422618896875 0.9266425203124999 0.4134585546875 0.9336599624999999 0.414966065625 0.9451717453124999 0.425793946875 0.9653510609374999 0.4260287546875 0.9674730625000001 0.4174983015625 0.9684977890625 0.40325165468749996 0.9773957890625 0.3767685609375 0.9769477562500001 0.3657730375 0.9753774234374999 0.36198185 0.9569848859375 0.34394461718749997 0.9550301296875 0.3353667296875 0.9500377625 0.331031065625 0.905881803125 0.2585114796875 0.8962870828125 0.2462800484375 0.8854839546875001 0.2414438953125 0.8838016390625001 0.2414243203125 0.87689888125 0.24320273124999997 0.8662672421875 0.258050521875 0.8644165484374999 0.2651582734375 0.8653297046875 0.27443696875 0.8738828234374999 0.287369209375 0.8867982796874999 0.341702065625
0 0.8917473499999999 0.4029445703125 0.883373290625 0.42067034375 0.8858924437500001 0.4299677296875 0.9230890890625 0.5024063375 0.9369176187500001 0.52181631875 0.9506403953125 0.5219759984375 0.9583797390625 0.5149367671875 0.9630936640625001 0.499307190625 0.950534478125 0.41432254999999996 0.9375824500000001 0.3984874109375 0.9297802953125001 0.3777216953125 0.9281283640625 0.3634439015625 0.9107605546875 0.3311600234375 0.9032276828124999 0.3244235984375 0.8941079515625001 0.32431748125 0.8850064968750001 0.329434490625 0.881101665625 0.338657125 0.8801060015625 0.353617040625 0.8731223046875 0.37920120625 0.8851321140625 0.38504438125 0.8917473499999999 0.4029445703125
0 0.876029953125 0.511110934375 0.8856828 0.5247688984375001 0.8878410000000001 0.5383396546875 0.8998217468749999 0.5434695640625 0.9039468953125 0.5527856359375 0.913454425 0.562877265625 0.916770478125 0.57860028125 0.9259292468749999 0.580132709375 0.9290540484375001 0.578030284375 0.9388522125 0.5952545812500001 0.944292721875 0.597456675 0.9477662828125 0.6039134484375001 0.9568669249999999 0.6040193453125 0.9676053640625 0.5964340765625 0.9674493171874999 0.5926044421875 0.9649044140624999 0.564901796875 0.9465653203125 0.5219126890625 0.9466937640624999 0.5119331828125 0.9523620984375001 0.49346299687500006 0.951739578125 0.4913169671875 0.9426389359374999 0.491211071875 0.936040571875 0.486856721875 0.9279599765625001 0.446125765625 0.91899996875 0.4232077921875 0.9150492015625 0.41817132187499995 0.9124016046874999 0.4188534421875 0.9093058671875 0.421669134375 0.9075714265625001 0.431629953125 0.9002511609375 0.4358223453125 0.8917852312500001 0.42502990625 0.8819167515625 0.419211646875 0.8725720546875 0.40215484687499997 0.8565480015625001 0.4019683890625 0.85622081875 0.41891264687499996 0.8621263421875 0.43252700781250003 0.8638364 0.44823133437499996 0.86030939375 0.46672643750000004 0.86071628125 0.47671217187500003 0.876029953125 0.511110934375
0 0.87333666875 0.5360033171875 0.8849442703125 0.558239171875 0.89092479375 0.586825903125 0.9021011281250001 0.6247411640625 0.9127833843750001 0.65053089375 0.9259388578125 0.6713589015625 0.9340161359374999 0.6785821734375 0.95977695625 0.678881928125 0.9562493328125001 0.6667210953125 0.95685498125 0.655321284375 0.9634074078125 0.6454165281249999 0.9739106015625 0.640548246875 0.9752964671875001 0.631874015625 0.9751792828125 0.628998121875 0.93307820625 0.5445406875 0.9228319015625001 0.5294499593750001 0.9162457281249999 0.5122630359375 0.9044806171875001 0.49929342343750005 0.8981560156249999 0.48852590156250003 0.8908782109375 0.482017575 0.8843579343749999 0.4819417046875 0.8818635515625 0.48263289531250003 0.8752820609375 0.49182438125 0.87348949375 0.5003586656250001 0.8761127078125 0.5253416890625 0.8753908062500001 0.5338884328125 0.87333666875 0.5360033171875
0 0.7365220906250001 0.6237024812499999 0.7411366328125 0.6187656765625 0.7318906734375 0.6150934484375 0.722266890625 0.6021487515625 0.71281280625 0.5671052421875 0.69219175 0.5469032953124999 0.6805016375 0.548906053125 0.67172069375 0.5566460921874999 0.6705797125 0.568039671875 0.6736632593749999 0.5780565531249999 0.6699618703125 0.5922720546875 0.6801209859374999 0.6052229812500001 0.6840014359375 0.6216654921875 0.68319234375 0.6280724359375001 0.6730960359375 0.6429264546875 0.6707681375 0.6514545093749999 0.6843258171875 0.6558898390625 0.687293109375 0.6630536515625 0.6896134984375 0.6937365796875 0.6952040078125 0.72588341875 0.6981713 0.73304723125 0.70144141875 0.734511140625 0.7085582421875001 0.7253258796875001 0.716169140625 0.7282661546875 0.72807956875 0.744802103125 0.7345785515625 0.759849225 0.73784866875 0.761313134375 0.7480490390625001 0.76214475625 0.759593834375 0.7565756625 0.764104315625 0.73595321875 0.7671709890625 0.7324242578125 0.7676037890625 0.7090531859375 0.7673965375 0.7039668453125 0.7656596921875 0.6953343859375 0.7589160140625 0.687413703125 0.7549483734375 0.6688313921875 0.7483622000000001 0.65164446875 0.736812725 0.63083515 0.7365220906250001 0.6237024812499999
0 0.6287411078125 0.7607277484375 0.613332809375 0.7675044718749999 0.6129467390625 0.7755261515625 0.6269350703125001 0.78639048125 0.63486825625 0.7886231046875001 0.6562662593749999 0.78887209375 0.6707279125000001 0.7938560734375 0.6862234625 0.789220678125 0.6962528234375001 0.7904075359375 0.7032328 0.786743209375 0.7167630546875 0.78636556875 0.7246526156249999 0.787527528125 0.7471347078125 0.7968854578125 0.767906696875 0.799267475 0.7809636296875 0.8047701875 0.7916408171875 0.80435935 0.7974342046875 0.8065670734375001 0.8045014328125 0.8050440734375 0.8065757921875001 0.8034629796875 0.8037597859375 0.7868427890625 0.7979445875 0.784099734375 0.7944218796875 0.7851289 0.7846695234375 0.773243703125 0.802974515625 0.767570840625 0.807705625 0.7612049562500001 0.8244532046874999 0.7523035046875 0.8269213375 0.7466624000000001 0.8267410249999999 0.7422372171875 0.8245120781249999 0.7362518453125 0.8201452250000001 0.7340607203125 0.803761903125 0.7344051625 0.7871822625 0.7299316140625 0.7642704734375 0.7275247 0.759925434375 0.72586890625 0.7543206687499999 0.7146924593749999 0.7397148953125 0.71452250625 0.7192910421875001 0.7259311609375 0.7068885015624999 0.73648840625 0.6508239984374999 0.7427920515624999 0.6483417546875 0.7518594968750001 0.6340982312500001 0.752228834375 0.6287411078125 0.7607277484375
0 0.66150754375 0.855254015625 0.6560960984374999 0.8537651890625 0.654216340625 0.8601596734375001 0.6561129703125 0.867311028125 0.6616116062499999 0.870939653125 0.670758184375 0.8853046546875 0.6684012218750001 0.8931194437500001 0.6913379859375001 0.9176259078125 0.6954340703125 0.9262287140625001 0.694176834375 0.934769228125 0.7109465046875 0.93924193125 0.7198774484375 0.9614466390624999 0.7308456578125 0.9679906234375 0.7371702578125 0.9787581453125 0.7462999640625 0.979577309375 0.760940496875 0.9711925234375001 0.7621396046875 0.961225475 0.7577528859375 0.9454900015625001 0.76023829375 0.9276957093749999 0.7486475625 0.919005696875 0.749904796875 0.91046518125 0.73826813125 0.8875160609374999 0.7322707359375 0.8453834890625 0.72370074375 0.8189054109375 0.7215012890625 0.8174539609375 0.715367940625 0.8245118796875 0.653771275 0.7759928281249999 0.6529267171875001 0.775983 0.6538582171875 0.7988436484375 0.6583733781250001 0.8045996171875001 0.6612412921875 0.8224562015625001 0.665424565625 0.8331988062500001 0.666541165625 0.8474703703124999 0.66150754375 0.855254015625
0 0.7218457218750001 1 0.7192551046875 0.985357690625 0.713797721875 0.969609759375 0.6974715125000001 0.9366250734375001 0.703011403125 0.9281343937500001 0.6991018890625 0.9109786156249999 0.6973505765625 0.9073935953125 0.691100975 0.9115984453125 0.6878017921875 0.9094212687500001 0.6731978328125 0.8793083359375 0.664481046875 0.872946515625 0.6600444203125 0.872894890625 0.652680840625 0.874792028125 0.64458054375 0.8861046296874999 0.647336884375 0.9274865625000001 0.6527942671875 0.94323449375 0.655330290625 0.9660777156250001 0.6542933718749999 0.9931569359375001 0.65465635 1 0.7218457218750001 1
0 0.2778566609375 1 0.2697639859375 0.968753346875 0.2638584625 0.9551389859375 0.2641612859375 0.9494390812500001 0.2671988984375 0.9451968562499999 0.26426066875 0.9387463078125 0.2654597765625 0.9287792625 0.26052553437500003 0.92587013125 0.256393121875 0.9163757453124999 0.2541090625 0.8865843968749999 0.260557425 0.8609940046875 0.2567229140625 0.8588105984375 0.24449746874999997 0.8608071296875 0.2361768578125 0.8535810234375001 0.22823844375000002 0.85225278125 0.22656931875000003 0.852233359375 0.21859809375 0.8555152609375 0.2046672734375 0.8681858765625 0.2055513671875 0.8767513062500001 0.21018278124999998 0.885360340625 0.2119509671875 0.9024912015625001 0.20744516875 0.9494920578125001 0.19937561875 1 0.2778566609375 1
0 0.23571251875 0.9122103515625 0.25286469375 0.9523339343749999 0.2596955640625 0.9623944203124999 0.271879753125 0.972517196875 0.27993879375 0.9733238999999999 0.289482896875 0.9449178125 0.29234041875 0.9270323656249999 0.292075378125 0.9205278203124999 0.2815429359375 0.8813747796875001 0.2821729671875 0.8443098250000001 0.277723440625 0.80076940625 0.2731501515625 0.7935869046875 0.26610364531249997 0.7913661265624999 0.2463207484375 0.765470503125 0.244552828125 0.764984103125 0.23425190625 0.7648642421875 0.2297835859375 0.76670393125 0.221915796875 0.7837226687500001 0.21600276406250002 0.8093192921875 0.22569871875 0.9028257578125001 0.23226801875 0.9064668421875 0.23571251875 0.9122103515625
0 0.2249427640625 0.7340375015625 0.222050471875 0.7418460609374999 0.2178840703125 0.7446492953125 0.2208682375 0.76535895 0.2173993546875 0.7852805843749999 0.21901471562500002 0.8380560953125 0.226351853125 0.8474095421875001 0.23675566718750002 0.8532340312500001 0.2468613375 0.8911368359375 0.2554557125 0.8919497703125 0.25632293281249996 0.886969359375 0.2640332125 0.8792168609375001 0.26624485781249996 0.8678357390624999 0.2733035546875 0.857223946875 0.2777349765625 0.83688734375 0.27740949531250003 0.8288994609375001 0.27388765 0.8058998875000001 0.275622090625 0.7959390671875 0.271969465625 0.7588242796875 0.27425704687499997 0.7515328421875 0.2739757609375 0.7446296015625 0.26788557343749997 0.7373889015625 0.26391793125 0.7188065921875 0.26857372968750004 0.7017504796875 0.261800984375 0.6931165296875 0.25391164375 0.6702110125 0.24663263125 0.6622841015625001 0.23841189687500003 0.6602747828125 0.23717223281250002 0.6602603578124999 0.22967639062499998 0.6663643703125001 0.2247880859375 0.6777143453125001 0.224083053125 0.6998069265625 0.2202654140625 0.7111693640625 0.22320364218750002 0.7176199078125001 0.2249427640625 0.7340375015625
0 0.21035698906250003 0.6735258046875 0.213818359375 0.6928151515625001 0.20991821093750002 0.7284162015625 0.21240830000000002 0.7370003171875 0.2121514125 0.756959328125 0.2172890953125 0.764861325 0.23206884843750003 0.7664591609375 0.2405990015625 0.772261846875 0.246213890625 0.7787435390625 0.252683809375 0.79307739375 0.2691628453125 0.7904174312500001 0.2709554109375 0.7818831453125 0.269909128125 0.7562055421875 0.267389978125 0.746908159375 0.268858165625 0.7041495265625 0.266828409375 0.6805992671875 0.26238356406249996 0.6634372609375 0.24466699531249997 0.6225941796875001 0.2367195234375 0.5982621296875 0.22819089843749998 0.5867531703125 0.217558640625 0.586629453125 0.21751789375000002 0.5866318421875001 0.2069734453125 0.6036194328125 0.20562902031250002 0.610020146875 0.206198096875 0.6371180546875 0.21114920937499998 0.653573021875 0.21035698906250003 0.6735258046875
0 0.2249595953125 0.5068509125 0.2320810984375 0.5240440640624999 0.2479807203125 0.5990865750000001 0.255114415625 0.6034471531250001 0.26806644375 0.6192822921875 0.2793084140625 0.6194131046875 0.2866286796875 0.6152207125 0.2943220890625 0.5939223765625 0.2934501875 0.5725243734375 0.2849964484375 0.5488993625 0.28587585937500004 0.53108638125 0.2817460296875 0.495391896875 0.2780399609375 0.48322898593749997 0.2662870421875 0.4574268 0.2566923203125 0.44519537031249995 0.252538109375 0.43516603125 0.24433375000000002 0.43079299375 0.231153896875 0.43563013125000005 0.22497929375 0.45480735625 0.217688090625 0.45971301562500005 0.21515674843750002 0.46324820312500004 0.2153601921875 0.4682410703125 0.22209168125 0.488994328125 0.2249595953125 0.5068509125
0 0.2631240328125 0.7138353578125 0.27793894531249996 0.709730175 0.2799640203125 0.7069020234375001 0.277054853125 0.7011647437499999 0.2762992046875 0.6826198078125 0.28350321875 0.6755743484375001 0.2907388703125 0.6577576625 0.290561775 0.6534114328125 0.28355198125 0.6242440593749999 0.2711765390625 0.5962958421875 0.251546465625 0.53475556875 0.2399388625 0.512519715625 0.2292441796875 0.50243043125 0.2259719015625 0.5023923546875 0.21320133125 0.5129215265625 0.2108321765625 0.5335688859375 0.20707266406249997 0.54635785625 0.2079276921875 0.5542100171875 0.21362977343749998 0.5628315109375001 0.214751053125 0.6034814859375001 0.20464255625 0.6311680796875 0.2015583375 0.6538246 0.20165109062500003 0.65610091875 0.20253497343750002 0.658234840625 0.20913333750000002 0.662589190625 0.2255373734375 0.6449568546875 0.23517802968749998 0.6714473921875 0.25928952031249997 0.7116519546875 0.2631240328125 0.7138353578125
0 0.12117924843750001 0.45896368125000003 0.12937419375 0.46762028750000006 0.14394491250000002 0.47528092656250004 0.1772721328125 0.4708530203125 0.19104233125 0.47636403125 0.19629695625000002 0.4828461125 0.20472527812500002 0.4797337171875 0.20850974375 0.4851285328125 0.21283296875 0.48624899531250004 0.2278922578125 0.47090696093749995 0.253678928125 0.47388240625 0.2978796546875 0.47386165 0.3140884703125 0.46923455468749997 0.3125965 0.467611959375 0.3033676578125 0.468574728125 0.29400793593749996 0.46632550625 0.289641084375 0.46413438124999995 0.288775125 0.4603787578125 0.3070801171875 0.454705896875 0.323849509375 0.44633977812500003 0.33029635625 0.4403901484375 0.3299324875 0.43146014531250004 0.323733878125 0.42600546406250006 0.2869463015625 0.41095806562500004 0.2812111921875 0.41089133125000005 0.25047896718749996 0.4128462703125 0.20154713124999998 0.41923291249999994 0.1890137140625 0.4265781640625 0.1586268125 0.43318059687500005 0.1244183875 0.45097519999999996 0.12117924843750001 0.45896368125000003
0 0.1345146015625 0.3488509640625 0.134885425 0.35795160625 0.1445069 0.3666248109375 0.16538795625 0.3716834890625 0.19041773125 0.37357996875 0.19962476093749998 0.3720818703125 0.2075579453125 0.374314490625 0.2244429703125 0.38628268593750004 0.241779503125 0.3918351953125 0.26827943906249996 0.3948189390625 0.339888903125 0.369181571875 0.3397821953125 0.366562765625 0.3374531859375 0.3603086953125 0.3171763296875 0.3525816578125 0.2958153890625 0.3357456796875 0.2982758203125 0.3261429046875 0.276157984375 0.30822796406249997 0.2701673859375 0.3076867203125 0.261389740625 0.3075845828125 0.23950437343750003 0.31850302343750003 0.22178177031250002 0.320972190625 0.2176330515625 0.3241343859375 0.1796619734375 0.33706950468749997 0.1604910234375 0.33898674375 0.1345146015625 0.3488509640625
0 0.26613057812499996 0.21607699062500002 0.261237590625 0.201048553125 0.25855625 0.174638996875 0.2439110359375 0.15664536874999999 0.2337106671875 0.15581375 0.2301836609375 0.174308853125 0.2206104921875 0.2020016734375 0.2129414671875 0.1976348640625 0.2099451078125 0.18975778593749998 0.2003091359375 0.1896456609375 0.19958723125 0.198192403125 0.20448490156250002 0.23959924843749997 0.19911188124999998 0.291580515625 0.20789 0.3494298734375 0.216920321875 0.3609418078125 0.24229655781249998 0.353394871875 0.2437863015625 0.35056049218749996 0.24183154375 0.341982603125 0.251276265625 0.3242692875 0.25699053437499997 0.3200582078125 0.274179284375 0.3216840734375 0.27844846093750003 0.31780109375 0.2780788765625 0.3087308625 0.27124856406250003 0.27602254375 0.27073761093750004 0.2503511703125 0.26512272187499997 0.24386947656250002 0.26147478125 0.2331331 0.261661353125 0.224580128125 0.26613057812499996 0.21607699062500002
0 0.18557137968749998 0.19213582812500002 0.2002287875 0.1972968828125 0.20494739218750002 0.2080457171875 0.21439679374999998 0.2167108125 0.21581622031249997 0.2252824734375 0.22148923437499998 0.23319070000000003 0.2239502609375 0.24106155 0.2446294421875 0.26269003281250003 0.2530494359375 0.2592233625 0.2613613859375 0.24340907500000003 0.2610863796875 0.23665994375000002 0.2577005515625 0.215788840625 0.2598043375 0.20519638593749998 0.259524721875 0.198334103125 0.255699859375 0.192951846875 0.2563926984375 0.1836918359375 0.25208098125 0.1829287390625 0.2486946078125 0.1786117609375 0.2476652015625 0.16648000000000002 0.23720326093750002 0.15922897656249999 0.214244940625 0.094798259375 0.1972305734375 0.09745199375 0.185494528125 0.085195646875 0.1841913546875 0.0794770546875 0.1866355078125 0.073802065625 0.163725715625 0.06749900625000001 0.162209409375 0.0674813625 0.159624215625 0.0806170484375 0.16168303281250002 0.104880575 0.1563756515625 0.119077390625 0.1668300828125 0.16553939687500002 0.1744578546875 0.18202551250000001 0.18557137968749998 0.19213582812500002
0 0.10754163593749999 0.09595014843750001 0.11033582812500001 0.112035003125 0.1213184 0.1191188140625 0.14667537343749998 0.1290452734375 0.24075458125 0.1108771734375 0.2621307703125 0.1105908296875 0.2683974796875 0.106918203125 0.2573930953125 0.09929906250000001 0.2585578703125 0.092891678125 0.282329053125 0.0813965640625 0.3142668 0.060365068749999994 0.316261490625 0.0576215515625 0.3160505765625 0.0524453484375 0.3152134453125 0.048604367187500004 0.3043399390625 0.044197215625 0.2722211203125 0.043288403125 0.2549282140625 0.038806557812499996 0.252552703125 0.03105038125 0.2508863265625 0.031030992187500002 0.2439674546875 0.0322580796875 0.22650660937499997 0.0411512328125 0.1394793828125 0.0749186546875 0.126749646875 0.0774459203125 0.11724380000000001 0.089107028125 0.10754163593749999 0.09595014843750001
0 0.20870132031250002 0.0383087890625 0.20659858125000002 0.021696901562500003 0.2103546671875 0.0088987328125 0.2195835078125 0.0079359640625 0.22689068125 0.012301617187499999 0.23825932187499999 0.011363746875 0.24759723125000002 0.013077635937500002 0.2952552234375 0.01042171875 0.306331884375 0.0055731328125 0.3063136671875 0.005126040625 0.1480416078125 0.0032843796874999997 0.176983821875 0.012255974999999999 0.1861756015625 0.0278801953125 0.19886827812500002 0.04193991875 0.2031915046875 0.0430603796875 0.20870132031250002 0.0383087890625
0 0.43694242968749997 0.0665243359375 0.4562528046875 0.12021867500000001 0.4646024796875 0.12815804687500001 0.4659416296875 0.12817362968749998 0.4609375 0.00536349375 0.437326684375 0.00508875625 0.434982990625 0.0315680359375 0.43694242968749997 0.0665243359375
0 0.42212675781250003 0.025009203125 0.4143874140625 0.0320484328125 0.4189607046875 0.0392309328125 0.41867475 0.058476678125 0.41471179375 0.0662727796875 0.40855406250000004 0.0989958421875 0.39582703124999996 0.128077821875 0.3955532703125 0.13449099375 0.3996202921875 0.14238053281250002 0.41932819062500004 0.15330378281249998 0.41739030625 0.158271734375 0.43633504843750004 0.1898610328125 0.44533631093750004 0.20065970156250001 0.44717481406250004 0.206384521875 0.45216718125 0.2107201859375 0.4596037 0.209380859375 0.461628775 0.2065527078125 0.46929312031250003 0.18454110625 0.4693925015625 0.173848334375 0.47219760468749994 0.1638999734375 0.47785374843749995 0.15826236093749999 0.4848711921875 0.159769871875 0.48692532968749996 0.1576549890625 0.487283475 0.1536719421875 0.4863728296875 0.131323096875 0.4850530796875 0.12483848906249999 0.47612213593749997 0.10263378125 0.46168787343749995 0.0504220375 0.455751059375 0.00530314375 0.42399500625000003 0.004933628125000001 0.4201138765625 0.0150047796875 0.42212675781250003 0.025009203125
0 0.390227503125 0.2178587453125 0.395859265625 0.2378862765625 0.3975693234375 0.25359060312500004 0.4048942703125 0.2757766234375 0.42100016562500003 0.29022260312500003 0.427191640625 0.28459121875000004 0.4291126515625 0.266077428125 0.444451721875 0.25235489375000003 0.4425195390625 0.2049357046875 0.43882927968749996 0.149983134375 0.43589105000000006 0.1435325875 0.43487383125 0.11856825156249999 0.43176122031249997 0.10783810468749999 0.4229343390625 0.1013190359375 0.4186057484375 0.0870100984375 0.41366026875 0.08290133125 0.409932271875 0.0828579515625 0.39879846875 0.08677961875 0.39098880625 0.10522488906250001 0.38831916875 0.144761359375 0.382968190625 0.157888275 0.389135284375 0.1779220359375 0.390227503125 0.2178587453125
0 0.342708115625 0.2763358265625 0.3551608484375 0.2845069015625 0.4725510453125 0.29603934062500004 0.4891525 0.3010482203125 0.5013216609375 0.302259978125 0.507653809375 0.30019334531249997 0.5104130578125 0.2804275625 0.531571115625 0.27478790000000003 0.5488574578125001 0.26161209375 0.5493086093749999 0.257730084375 0.549071271875 0.2519054203125 0.5278607734375 0.23621910468750001 0.5094327937500001 0.23082110781249998 0.4826244703125 0.23050916406250002 0.469889846875 0.23072884999999999 0.406801740625 0.2396261578125 0.37073051874999996 0.246697525 0.34345844375 0.25975713749999996 0.34084532031250003 0.26561258906249996 0.342708115625 0.2763358265625
0 0.387441878125 0.330141628125 0.39060978749999997 0.4078877078125 0.3944321109375 0.42290368437500003 0.4014373625 0.43724376718749997 0.4061865625 0.442018975 0.41355825468749996 0.442104753125 0.4251663453125 0.44179745 0.4327894375 0.4319051546875 0.432062853125 0.41407348437499997 0.434448878125 0.4069719640625 0.43179660000000003 0.3812756734375 0.4351660984375 0.3720468078125 0.44147320624999997 0.332570134375 0.43938810312500004 0.2813980265625 0.43147036562499996 0.2550835171875 0.43184350781249997 0.23797757343749998 0.42831182031250004 0.23009426562500002 0.41814191406249995 0.22663532343749998 0.41707646406250004 0.2266229265625 0.41013959843750003 0.23059574062500002 0.4017946046875 0.24903477812500002 0.384896490625 0.2545415796875 0.38024069374999997 0.27159769375 0.38364861875 0.3158389203125 0.387441878125 0.330141628125
0 0.40052912812499997 0.42740015624999994 0.40195323437499997 0.46235022812500004 0.4044433234375 0.4709343453125 0.41939136093749996 0.4832280671875 0.42028764531249996 0.478960925 0.41565622968750005 0.47035189062500005 0.419171046875 0.46468936093749996 0.416564703125 0.453252175 0.4279351171875 0.4434034828125 0.43072803125 0.4462876953125 0.432089328125 0.4534328203125 0.4370526328125 0.4570552171875 0.44120684375 0.46708455625 0.44679267031250003 0.4728529828125 0.451034071875 0.48502212031249997 0.4553457890625 0.4857852203125 0.45551051875 0.4854288953125 0.45417692968749995 0.452700265625 0.4531829078125 0.445836053125 0.44167468593750003 0.41290742812500003 0.44177406562500005 0.40221465624999997 0.44418915625000005 0.39582639999999997 0.440064009375 0.3865103296875 0.4413793703125 0.37939635 0.43428692968749993 0.3629164640625 0.430854621875 0.34434038125 0.4229093125 0.3360139390625 0.41600061093749996 0.3359335484375 0.40968604218750004 0.336964778125 0.40384332812499996 0.3511553625 0.4014160484375 0.370376190625 0.4006697640625 0.40458807812500003 0.3977774703125 0.4123966375 0.40052912812499997 0.42740015624999994
0 0.4676746734375 0.40719235 0.45890591875000003 0.402099815625 0.44530698593749996 0.40978379218749994 0.43826516406250005 0.4339414265625 0.42569564218749995 0.453757165625 0.41893977031249996 0.4586690546875 0.419491975 0.4722211234375 0.4373126078125 0.52874984375 0.4390807921875 0.545880703125 0.44528914375 0.5537951578125 0.4438743984375 0.5716019109375 0.457901775 0.6138279203125 0.467409303125 0.6239195515625 0.47662619843750004 0.6268785125 0.483946465625 0.6226861203125 0.49237865000000003 0.6063868796875 0.504713828125 0.4664585109375 0.5043825140625 0.45832745937499997 0.502073725 0.45036833437499996 0.49799451093749997 0.45531136875 0.49524753437499996 0.4666862625 0.4884335359375 0.470171615625 0.473451753125 0.43078621562499997 0.4676746734375 0.40719235
0 0.45360189531249995 0.6626146890625 0.458959896875 0.6890553921875 0.46715206406250004 0.7062610031250001 0.4747339015625 0.7084880109375 0.48431175 0.7071736015625001 0.4883909609375 0.70223056875 0.4923370453125 0.6808886265625 0.500233896875 0.664583159375 0.5002751546875001 0.652463853125 0.5027511203125 0.6482600703125 0.5027460687499999 0.648136121875 0.49144358906249996 0.6195663734375 0.4903560546875 0.6060080765625 0.49758444687500003 0.573297471875 0.4985962640625 0.5462926125 0.49829578906250005 0.53891841875 0.49398995156250003 0.5376092171875 0.49070764218749996 0.54897788125 0.4860931 0.5539146859375 0.47267605625 0.5266672781249999 0.46645083437499996 0.5052069828125 0.4619441734375 0.502014621875 0.4549413359375 0.5019331375 0.447353265625 0.5092623359374999 0.4456769515625 0.5206496859375 0.4407014578125 0.5298598640625001 0.43801729062500006 0.5690397015624999 0.4469866609375 0.6447145 0.45360189531249995 0.6626146890625
0 0.4123381078125 0.661320409375 0.40393159843750004 0.6649681359375 0.40138391406249996 0.672429584375 0.40521200625000003 0.6788950640625 0.403268521875 0.6836881531250001 0.38425026562500003 0.689352715625 0.380254234375 0.69626223125 0.38427864375 0.7075457 0.3982233484375 0.7173393671875 0.41484661562499997 0.722883578125 0.42197928281249997 0.7229665734374999 0.431921390625 0.7220121046875 0.43887955312500004 0.7178124453125 0.458611078125 0.7121561828125 0.470845678125 0.7149739359375 0.4914867890625 0.7141439609375 0.5052788015624999 0.7201903046875 0.5288166046875 0.7204641921875 0.5589265015625 0.7245600984375 0.5664670515625 0.717156746875 0.5540361328125 0.7095210078124999 0.549363896875 0.6998352359375 0.593623496875 0.683762821875 0.5976434328125 0.677385315625 0.597516546875 0.6742713015625 0.5821174109375 0.663831046875 0.5361352375 0.6543685531250001 0.52489686875 0.6542377828125 0.49200585312499995 0.6568966453125 0.4836429703125 0.6616150375000001 0.462397659375 0.665113371875 0.4307151046875 0.6749111953125 0.419259209375 0.6737077375 0.4123381078125 0.661320409375
0 0.5419297828125 0.754794890625 0.522431634375 0.7486821515625001 0.51704613125 0.7389880796875 0.5098480249999999 0.7372990875000001 0.499927728125 0.7387888890625 0.48879903125 0.745615409375 0.474664575 0.748661409375 0.4663016921875 0.7533798015625 0.3769819734375 0.783375 0.3722508625 0.7897408859375 0.35969563125000004 0.796550809375 0.3550735875 0.805593353125 0.36056815625 0.817964084375 0.367096621875 0.8207154390625 0.3771914234375 0.8235082953124999 0.44488632499999997 0.8226907609375 0.46051275468749997 0.8212673578125 0.46965434375 0.8181632625 0.4996769875 0.8201178406249999 0.5416288484375 0.817395525 0.551978840625 0.8089547109374999 0.555843990625 0.7988332015624999 0.5626930875 0.7919568828125 0.562344078125 0.783391571875 0.56837084375 0.77383029375 0.5773815531250001 0.76751420625 0.5698998765625001 0.7588659 0.570264134375 0.7503088875 0.5576216515625 0.7549774828125 0.5419297828125 0.754794890625
0 0.4521557203125 0.9057841796874999 0.46110353593750003 0.9415347281249999 0.4823058609375 0.976002009375 0.48880484218750003 0.9910491328125 0.5011174765625 0.9911924031250001 0.5062673515625 0.9862618265625 0.5110103390625 0.9713455171875 0.51198658125 0.951571159375 0.5104121359375 0.9129315046875 0.4990277390625 0.8742478 0.49417600625 0.8471000578125001 0.48466847656249995 0.837008428125 0.48072990000000004 0.8191393843749999 0.45687998125 0.7853542234375 0.4536062390625 0.7845960109375001 0.44569284218750005 0.7845039296875 0.43685706562500004 0.7929634484375 0.43415602499999995 0.8185974484375 0.4360526546875 0.825748803125 0.43431821406250004 0.8357096203125 0.4435810453125 0.8529276921875001 0.4521557203125 0.9057841796874999
0 0.49834231406249996 1 0.49816545156250003 0.9956595046875 0.497238465625 0.990061596875 0.4919264015625 0.9778800000000001 0.49021634374999995 0.962175671875 0.489560075 0.9329379640625 0.4916432765625 0.9315363484375 0.49006634531250004 0.9322309265625 0.4853477375 0.9214820906250001 0.475566446875 0.917803634375 0.47031250937499997 0.9070485703125 0.46880589375000004 0.896337109375 0.4614396921875 0.8862703968750001 0.45660483125000006 0.8726684953125 0.45274689375 0.8689210062500001 0.4398499078125 0.8687709359375001 0.43828729375000003 0.8696036359375 0.44360053906249997 1 0.49834231406249996 1