0 0.9741940203125001 1 0.981212653125 0.9805897171875 0.9897693421874999 0.9753413265624999 0.994378671875 0.9778602624999999 0.99453669375 0.9506985531250001 0.9390848843749999 0.9500533125 0.9366692765625 0.9594654468750001 0.9366015593749999 0.9711050546875001 0.9481094671875001 0.9808730203125 0.9560246484375 0.9996829671875 0.9563222218749999 1 0.9741940203125001 1
0 0.932141134375 0.9041315609374999 0.93557 0.9182098406250001 0.9435474046874999 0.9263246015625001 0.9459888171875 0.9377174171875 0.9521235375 0.9177339671875 0.955777959375 0.89304219375 0.9734628421875 0.870519165625 0.9693707734375 0.8410233171874999 0.9186105187500001 0.8404326687499999 0.9185537281249999 0.8501943000000001 0.9212674828124999 0.8765967609375 0.932141134375 0.9041315609374999
0 0.9297515203125 0.7477644296875 0.9170894609375001 0.7690089171875 0.913485596875 0.785010846875 0.9110222531250001 0.8017991140625 0.910859528125 0.82976941875 0.9576556281249999 0.8303139406250001 0.9685188703125001 0.8083800296874999 0.9685441484374999 0.8040351093749999 0.9761814375 0.784403390625 0.9752328734375 0.7750334328124999 0.9712402828125001 0.7716445015625 0.9574003796874999 0.7367217484374999 0.9524403921875001 0.7283186984375 0.9429885984374999 0.7282087171875 0.932826659375 0.7364358078125 0.9297515203125 0.7477644296875
0 0.9216690515625 0.6990059093750001 0.9174859015625 0.7283709890625001 0.9129221609375 0.7438220515625 0.9129112421875 0.7456986140625 0.9634584953124999 0.7462867859375 0.98084269375 0.7003629515625 0.9814103125000001 0.6890051500000001 0.9684139734375 0.6815004859375 0.9645691578125 0.6527104859375 0.9603657421875 0.6487180234375 0.9488748671874999 0.648584315625 0.935419675 0.6630672125 0.9216690515625 0.6990059093750001
0 0.9317672968749999 0.5506035765624999 0.9287388265625 0.553910809375 0.9241786187500001 0.5618796796875001 0.9209595875 0.597940921875 0.9173946125000001 0.6072583609375 0.9062954015625 0.61849361875 0.9011640999999999 0.6161480312500001 0.9010276703125 0.6395982250000001 0.904071603125 0.65590343125 0.909406184375 0.6700038875 0.961610165625 0.6706113359375 0.9601778875000001 0.6672521984374999 0.9634746937499999 0.617821971875 0.9620712921875001 0.600424784375 0.9531803234374999 0.576924021875 0.9537323828125001 0.5682400203125 0.9567841874999999 0.5609220890625 0.9528227078124999 0.5521855671875 0.9563682421875 0.5462103734375 0.95603435 0.54241043125 0.9536435125 0.5423826109375 0.9423027812500001 0.550057671875 0.9317672968749999 0.5506035765624999
0 0.9502665562500001 0.5024152640625 0.9502185703125001 0.5106635093749999 0.9503554218750001 0.51181303125 0.9538044109375001 0.515820184375 0.9539747500000001 0.5158221671875001 0.9578624328125 0.5145743625 0.966928403125 0.507994909375 0.978015946875 0.49876500156250003 0.9802665859375 0.495814225 0.966282271875 0.49565150312500006 0.9544607921875 0.4958169359375 0.9502665562500001 0.5024152640625
0 0.95321431875 0.48695448125 0.9371974890624999 0.4765618015625 0.9340557796875 0.47652524375 0.9291968296875 0.478650396875 0.932448628125 0.49423592968749996 0.9270747765625 0.49868724531249997 0.9177048156250001 0.5005843671875 0.9036790546875 0.4984150109375 0.8869474 0.5017310890625 0.8861864390624999 0.504698028125 0.8861364171874999 0.5132962187500001 0.8875254015625 0.5172855046875 0.9161928578125 0.530659084375 0.91879663125 0.5427263046874999 0.916035303125 0.5577403265624999 0.9206852718749999 0.5628098171875 0.924940434375 0.5639251015625 0.9283035734375 0.563964234375 0.9414217859375 0.56054341875 0.9641636453125001 0.55830035 0.9815812546875 0.5519830234375 0.9968654203125 0.5504244828125 0.997126175 0.50560470625 0.9785687046874999 0.4952741234375 0.95321431875 0.48695448125
0 0.919873228125 0.41440924375000004 0.8950880906249999 0.423148534375 0.8897478828125 0.429716109375 0.8897333312500001 0.4322173625 0.8929864578125001 0.43967485 0.9103311265625 0.445895134375 0.918320421875 0.45150502187499997 0.9376821078124999 0.4557426234375 0.9536869578125 0.46244885625 0.9516611875000001 0.46593605312499997 0.9402683749999999 0.470818871875 0.9421825515625001 0.4781824140625 0.9427317937499999 0.4781888046875 0.962995646875 0.4710833265625 0.969043784375 0.4656367796875 0.991149290625 0.4578693859375 0.9971664265625 0.457751325 0.9974220875 0.4138069921875 0.99207449375 0.4137447671875 0.98208276875 0.407610040625 0.9513895390625 0.3977236609375 0.9458788484375 0.39696992343750004 0.9430588265625 0.396937109375 0.9353059125 0.40455805156249997 0.919873228125 0.41440924375000004
0 0.9225221828124999 0.30750812031249997 0.9214686171875 0.3161862875 0.9169349515624999 0.32267089531250004 0.9169215656249999 0.3249718234375 0.9208971125 0.3282125375 0.9243493109375001 0.338280125 0.9241509750000001 0.372371034375 0.9256204875 0.3784045828125 0.9391299984374999 0.3839097359375 0.9396042796874999 0.3885947171875 0.9490589765624999 0.4014061265625 0.9565893234375 0.400156759375 0.9657291828125001 0.380876775 0.9730069140625 0.336840825 0.9717357359375001 0.2967163640625 0.9720679609375 0.2957052859375 0.9227426953125001 0.295131334375 0.9195520453125001 0.30078861562500003 0.9225221828124999 0.30750812031249997
0 0.9078117796875 0.279276346875 0.9077097437500001 0.29681478125 0.907974884375 0.298276828125 0.9184364781250001 0.310431459375 0.9298544140624999 0.330619153125 0.9388698296875001 0.33272954062500004 0.94690945625 0.3301491125 0.9484606375 0.322145228125 0.9581175578125001 0.3001972796875 0.9627399890625 0.2815332234375 0.9664838546875 0.24146711875000001 0.971623346875 0.22013509999999997 0.9696861390624999 0.2144220703125 0.9204634468749999 0.2138493125 0.9157968984375 0.2468937734375 0.9078117796875 0.279276346875
0 0.9866623156250001 0.07242248125 0.9779236203125 0.07232079687500001 0.9732977046875 0.08500859375 0.9682437671875 0.0916347328125 0.96569735625 0.09829004375 0.9666342531250001 0.109665353125 0.96098159375 0.13299688437499999 0.9389737281249999 0.12271338125 0.9395957875000001 0.10199729375 0.933612734375 0.0959112234375 0.9300983140625 0.096538825 0.9216116265625001 0.089755128125 0.91541613125 0.07159345624999999 0.9144117656249999 0.07158176875 0.9101625796875 0.074915028125 0.9081021187499999 0.084249975 0.89909448125 0.08080269062499999 0.8890216109375 0.088038921875 0.8788904078125 0.1053018890625 0.8723397390625 0.1105736203125 0.85978656875 0.113101528125 0.8556110359375 0.11979183281250001 0.8554312218750001 0.150699290625 0.8589000609375 0.1792721640625 0.855821034375 0.1912692359375 0.9344736609375 0.1921844421875 0.9446728906249999 0.1775962421875 0.9571599453124999 0.1864319703125 0.9606981671874999 0.19248959062499998 0.9989452359375001 0.1929346359375 0.9995040296875001 0.096886003125 0.9943220015625001 0.09193818125 0.9866623156250001 0.07242248125
0 0.0319343203125 1 0.032926375 0.9995567640624999 0.039018318749999996 0.98692625625 0.0484662515625 0.9475030562500001 0.0023037421875 0.94696590625 0.0021075453125 0.9806893078125001 0.0023734890625000003 0.9925163031249999 0.0043406171875000005 0.9992241390625001 0.005927173437500001 1 0.0319343203125 1
0 0 0.677551034375 0.0455278296875 0.6780808 0.0455822734375 0.6687225125 0.030179525000000002 0.643808990625 0.0241848046875 0.6397282671875 0.021883823437499998 0.639360403125 0.0137899828125 0.6392662234375 0.0040857359375 0.6461793390625 0 0.6518423906249999 0 0.677551034375
0 0.17193540937500001 1 0.1739067390625 0.9927156703125 0.1774367140625 0.9894142734375 0.1784902796875 0.9807361046875 0.1770324328125 0.97269720625 0.184240165625 0.9406933437499999 0.1913273390625 0.9294114046875 0.196443496875 0.91209008125 0.1994758578125 0.9081143984375 0.2025704421875 0.89344353125 0.20009014062500002 0.8887352078124999 0.19253257343750002 0.8946637187500001 0.184531834375 0.8905596546875 0.1796256796875 0.8717847203125 0.17827672187500002 0.845029246875 0.17014640781249998 0.8410991343750001 0.15970218593750002 0.8409776046875 0.1572135328125 0.8447841546875001 0.15514918125 0.85478755 0.14450091874999998 0.8747184796875 0.1375148546875 0.8686207390625 0.12900483437500002 0.8658477390625 0.1262001375 0.869524934375 0.126137071875 0.8803650484375 0.1267032578125 0.9166265359375 0.133082815625 0.94076656875 0.1334832078125 0.9581520828125001 0.130890128125 0.9728287874999999 0.1348438328125 0.982902209375 0.1307501265625 0.9968929578125 0.1312271359375 1 0.17193540937500001 1
0 0.14928702968750002 0.78456585625 0.1422115203125 0.7938424484375 0.1426274671875 0.8085541656249999 0.139579553125 0.8152036453125 0.139964390625 0.83526295625 0.134836565625 0.8545896281250001 0.1323504203125 0.8867375531249999 0.13219860156250002 0.9128328531250001 0.1374683671875 0.9194642125 0.140854453125 0.9408954359375 0.1518408859375 0.9490452078124999 0.1563738703125 0.9457554828125 0.1639897734375 0.9298002359374999 0.1846370140625 0.9153336078125 0.18667025312500002 0.9106778078125 0.1869035875 0.870570853125 0.184983128125 0.85584163125 0.181523153125 0.8471109421874999 0.1791828546875 0.8183384484375 0.18480829375000002 0.7996860625 0.17747628437500002 0.7668445187499999 0.17348758125 0.7627871390625 0.16644789375 0.7613632031249999 0.16225867968750002 0.7613144578125 0.15439540937500001 0.7685814328125 0.14928702968750002 0.78456585625
0 0.09522053593749999 0.7080552859375 0.0925831984375 0.73882526875 0.0925790078125 0.7395454890625001 0.09798067031249999 0.7508710484375001 0.09845106406250001 0.756224478125 0.0938947453125 0.7635249015625 0.100208190625 0.7990285687500001 0.09950057500000001 0.834450540625 0.1027972140625 0.8712560953124999 0.1067703609375 0.8779872734374999 0.110191446875 0.893402453125 0.11917575 0.9008604312499999 0.1271920453125 0.9022907 0.13473794687500001 0.8983675359375001 0.13529389687499999 0.8890150859375 0.14604715937499999 0.8510360265625 0.1488113515625 0.8069475562499999 0.1419652890625 0.776785646875 0.1405657765625 0.7587200125 0.1341045515625 0.748617409375 0.1371874671875 0.7359518890625 0.140721334375 0.73198204375 0.13976888125 0.72328053125 0.1208944890625 0.69164166875 0.1131742625 0.6873008375 0.11148291875 0.68728115625 0.1038472234375 0.6907748125000001 0.09522053593749999 0.7080552859375
0 0.085849346875 0.6535053171875 0.0847568921875 0.6688679765625001 0.0786532828125 0.683503834375 0.07707876875 0.6955184125 0.0602685625 0.7401119359375 0.05646349375 0.7697254640625 0.05644289375 0.7732662796875001 0.0600507828125 0.777545090625 0.06905841874999999 0.7809923765625 0.069925315625 0.8043997703124999 0.0753184953125 0.8178324140625 0.083388159375 0.8179263140625 0.088943596875 0.8113060125 0.0930139671875 0.8013259578125 0.10110415156250001 0.7900556921875 0.1077364890625 0.7707465250000001 0.1162503984375 0.7728510765625 0.1196870421875 0.785592459375 0.123193684375 0.7863017578125 0.1252308125 0.78097750625 0.1234114640625 0.7488686015625 0.11805824843749999 0.720729546875 0.11812435937500002 0.7093659109375 0.121751559375 0.6893532828125 0.132349265625 0.67811219375 0.136458525 0.661447646875 0.1290059578125 0.6493280296874999 0.1236138546875 0.6278734640625 0.11963292968749999 0.6224791859375001 0.108561103125 0.6184925046874999 0.1080115 0.618486109375 0.08840353749999999 0.6455131046875 0.085849346875 0.6535053171875
0 0.13948153593749998 0.5500996234375 0.1323165828125 0.5747505484375 0.1312513515625 0.5854340640625 0.12462290312499999 0.6040747796875 0.1209218125 0.6367879421875 0.11165325 0.6840311406249999 0.1114324359375 0.721985890625 0.116820165625 0.7383513703125 0.1252951875 0.7471404140625 0.1363516203125 0.7432581015624999 0.156680134375 0.6973685281249999 0.1597008296875 0.69539819375 0.174213346875 0.7009150187500001 0.1777744359375 0.6922660281249999 0.17733126562499998 0.6822334531250001 0.174450571875 0.6601396171875 0.16706411875 0.6366563609375 0.1676317328125 0.625298559375 0.170702984375 0.6146383859375 0.16879418906250002 0.5979038140624999 0.1694823609375 0.5658240890624999 0.1645606515625 0.5497229531250001 0.1610773421875 0.5450029578125 0.156332975 0.544043303125 0.14642103125 0.5439279671875 0.1430231796875 0.544792878125 0.13948153593749998 0.5500996234375
0 0.38186174687499996 0.40063824531250003 0.37891105468749997 0.3905764953125 0.37947089375 0.3805555921875 0.3755288578125 0.36847682187499997 0.3664583015625 0.357413034375 0.3639501 0.3573838484375 0.363554971875 0.3576415828125 0.35749414062499996 0.36492449531250004 0.3406955984375 0.407512671875 0.3310970140625 0.4194338828125 0.3228901609375 0.45075762499999994 0.32178215312499997 0.468794084375 0.3130349078125 0.5067964843749999 0.324884346875 0.5390220984375 0.3378884640625 0.545189865625 0.348948784375 0.540639103125 0.35252931875 0.5286478671875 0.365704546875 0.50540386875 0.37188204687500004 0.47806747656250004 0.37996834375 0.4674656578125 0.3805126234375 0.46011855312499994 0.3912308875 0.4281555375 0.3912959203125 0.4264022625 0.391385978125 0.4109226546875 0.39034454531249996 0.40809039062499997 0.38186174687499996 0.40063824531250003
0 0.2746039125 0.52587205 0.26990434531249996 0.529328134375 0.2638912203125 0.528756625 0.2594200078125 0.5324602578125 0.259402528125 0.5354647171875 0.2604935390625 0.538246321875 0.267169278125 0.5398286171875 0.281151275 0.5495205421875 0.31916535 0.565009028125 0.3224725828125 0.571065975 0.3163923515625 0.5820290703125 0.3230476671875 0.5871218953125 0.3290607921875 0.5876934031250001 0.34914344375 0.5829117015625 0.373937334375 0.5726678984375 0.40603164999999997 0.571536734375 0.4227370453125 0.572734196875 0.43274627656250003 0.57585989375 0.43471077812500003 0.5829042906249999 0.437375821875 0.584439915625 0.4527764109375 0.580105271875 0.4648493453125 0.5732242171874999 0.4689125578125 0.5642438046875 0.46831705156250003 0.5516984140625001 0.44899329374999997 0.540941253125 0.4296432796875 0.53469763125 0.41426894843750006 0.5345187359375 0.38889997187500003 0.5287066203124999 0.372244178125 0.51898358125 0.35089756875 0.5112121125 0.3475247265625 0.5103280875 0.33694756406250004 0.5102050109375 0.32749601250000004 0.5119428874999999 0.2746039125 0.52587205
0 0.3567427140625 0.30079920625 0.349037365625 0.3321287859375 0.3439834328125 0.3387549234375 0.3433574828125 0.36013946093750004 0.3384475984375 0.378227175 0.33819818437500004 0.4210978328125 0.3384356046875 0.43027410625 0.3472604625 0.46513850625000003 0.357611840625 0.4745055296875 0.3579279 0.47450920625000004 0.36226670781250003 0.4719980640625 0.3663331875 0.46268645937499997 0.3738946453125 0.45608950000000004 0.382501890625 0.4421512703125 0.38638186874999997 0.3786894453125 0.3879097171875 0.37469625624999997 0.3974616359375 0.3707964375 0.3870117078125 0.35663645625 0.3855460828125 0.3499344578125 0.38769988125 0.32455673125 0.3968241859375 0.307950540625 0.397376246875 0.2992665359375 0.3914204140625 0.2885013234375 0.38405349375000003 0.2826126953125 0.372672171875 0.2824802609375 0.3673793078125 0.282873625 0.3567427140625 0.30079920625
0 0.4236562140625 0.264673996875 0.41675570625 0.24387037500000003 0.4163669796875 0.2244795125 0.4098902 0.21705070937499998 0.4064535578125 0.204309325 0.40346397500000003 0.20093206718749998 0.3928879609375 0.196772175 0.3871970859375 0.19670595625 0.381401665625 0.20000685312500002 0.37227736093749997 0.2166130453125 0.37268553125000004 0.2326616609375 0.3821091171875 0.25082066406250003 0.3830343484375 0.26420131874999997 0.37793374687500003 0.278848846875 0.37838469531249996 0.2875445203125 0.37013854375 0.30279855 0.36989493906250004 0.3446707671875 0.37300020156249997 0.3509888390625 0.37453193749999997 0.34632720156249996 0.3800795984375 0.3410437984375 0.3901058 0.341828959375 0.3945065625 0.36126650625 0.4039340359375 0.378757059375 0.4118803296875 0.3922194125 0.418889725 0.3943064578125 0.42393588125 0.3890172203125 0.43071599843749997 0.344306984375 0.43088528437500007 0.3362964296875 0.4310433296875 0.3091306921875 0.42899387187500004 0.2954868515625 0.4236562140625 0.264673996875
0 0.37808141093750003 0.16650264374999998 0.377521571875 0.176523546875 0.3709203453125 0.1904851203125 0.3713687 0.19962665 0.3687976609375 0.210515253125 0.36280692187499997 0.22005179375 0.36278153281250003 0.2244158609375 0.3641830078125 0.2278424109375 0.3627029125 0.23792961250000003 0.36269830937499997 0.23872067187499998 0.36508879375 0.24456531250000002 0.364902125 0.27665087499999996 0.3772530703125 0.3088823234375 0.38870989375 0.322385525 0.39628301875 0.3137832203125 0.398335703125 0.305785171875 0.4044043140625 0.29716535624999996 0.406468665625 0.2871619609375 0.4170702609375 0.275252421875 0.421688803125 0.2572568125 0.420934684375 0.2144643953125 0.41851660781250005 0.199060884375 0.4135832296875 0.1849650984375 0.4141391796875 0.1756126421875 0.418742165625 0.16029083125000002 0.4208920734375 0.135581553125 0.4137425828125 0.1220097640625 0.4115624875 0.121984396875 0.39737580625 0.12594899375 0.37808141093750003 0.16650264374999998
0 0.3787253109375 0.0715909625 0.365581190625 0.0894873671875 0.36047281249999996 0.1054717921875 0.3568728359375 0.120805275 0.35731989531249997 0.1301694 0.353692696875 0.1501820265625 0.3546062609375 0.1655680296875 0.35212576093750003 0.175863615625 0.3521227 0.1763898171875 0.3609702625 0.19238185937500002 0.3609158171875 0.20174014843750002 0.355768546875 0.2244090640625 0.35922074843749996 0.234476653125 0.36064748125 0.2478631421875 0.3656158578125 0.2559428875 0.37863164375 0.2601053078125 0.3866790484375 0.2561879796875 0.3897153 0.25154385 0.40163490468749996 0.185501596875 0.4174615484375 0.13755415625 0.42114708125 0.107514790625 0.4188301140625 0.0747316015625 0.4097719234375 0.07997415625 0.40827518906250004 0.07861975156249999 0.405293384375 0.07390559218750001 0.4024010234375 0.05381710468749999 0.4007212703125 0.0515409875 0.3926250171875 0.0514467796875 0.3813106125 0.058251156250000005 0.3787253109375 0.0715909625
0 0.3426278875 0.10358613125 0.338397378125 0.11827004375000001 0.3383832171875 0.1207040890625 0.341469321875 0.130312428125 0.34139543125 0.1430129625 0.34534913437500003 0.15308638593749999 0.3513321875 0.15917245468750002 0.36235556875 0.160476965625 0.3640076671875 0.160496190625 0.37294743750000003 0.15073354218749999 0.37761264687499996 0.12471654375 0.3872617890625 0.10410549375 0.38731623437499996 0.0947472046875 0.384381096875 0.0820116578125 0.3864493375 0.0713398125 0.3950643609375 0.05606468437499999 0.4036366046875 0.0481424984375 0.4082784796875 0.0261361953125 0.4037999390625 0.020067631250000002 0.3901854265625 0.0326106078125 0.38568355312499997 0.0305527390625 0.3827445265625 0.018485640625 0.382802859375 0.008458903125 0.381109446875 0.004434609375000001 0.3433521765625 0.0039952640625 0.33959958281249997 0.02065758125 0.3426278875 0.10358613125
0 0.3682177265625 0.0743516078125 0.3773031421875 0.06442990937500001 0.3855294375 0.02976391875 0.3941055703125 0.021173284375 0.39417168281250003 0.0098096484375 0.39219511875 0.004563603125 0.3671875 0.0042726140625 0.366784225 0.07358958125000001 0.3682177265625 0.0743516078125
0 0.1735593734375 0.0123387015625 0.194935159375 0.015095121875 0.21495654062499997 0.0208450140625 0.226947778125 0.0280060828125 0.24231919375 0.028686484374999998 0.2584057375 0.021350590625 0.26639720625 0.0046624171875 0.0908354140625 0.0026195718749999998 0.0926770203125 0.01139755 0.1735593734375 0.0123387015625
0 0.0859078109375 0.08294552656250001 0.07985092031249999 0.0898965859375 0.0671270453125 0.0937608390625 0.06506982812499999 0.096189425 0.06504714375000001 0.10008861875 0.0703759265625 0.1098478734375 0.11310415625 0.1193727546875 0.11777162968749999 0.12143322031249999 0.119727378125 0.12998213125 0.12371473125000002 0.134040834375 0.13174195625000001 0.1331311625 0.1886680921875 0.1152366359375 0.200034646875 0.11486735781249999 0.24891896875000002 0.1003900265625 0.25231373125 0.0914018359375 0.2623813171875 0.08449744375 0.2584085515625 0.0779312171875 0.24710035156250001 0.068270403125 0.22399928125000002 0.0651106984375 0.220356090625 0.06506830625 0.1087196953125 0.0686663515625 0.0859078109375 0.08294552656250001
0 0.15794154062500002 0.19124853125000002 0.1729361171875 0.2001134359375 0.1888675953125 0.22035364999999998 0.1977857859375 0.239175265625 0.20280083124999998 0.23923362187500002 0.218802309375 0.24744175 0.229839296875 0.2469016828125 0.234380059375 0.2422750578125 0.23697702812500002 0.226929903125 0.23398355624999997 0.22422109375 0.22708693750000003 0.20274902187500002 0.2166875671875 0.17989920312500002 0.218238746875 0.17189531875 0.21728629531250002 0.163193809375 0.2108134046875 0.15509655625000002 0.2023850515625 0.138286121875 0.1920284578125 0.10808336249999999 0.1860259578125 0.1053395390625 0.1825465375 0.099951096875 0.1705376515625 0.0951319 0.1675597375 0.08974929375 0.159492884375 0.097008865625 0.1514649234375 0.09758394687500001 0.14145816875 0.093456540625 0.13543233593749998 0.0947234125 0.13290536875 0.0980364796875 0.135366225 0.10608704843750001 0.1371894625 0.137527503125 0.1366335125 0.14687995625 0.131894915625 0.1592647828125 0.13186524375 0.16436499375 0.1329985359375 0.16822948124999998 0.15794154062500002 0.19124853125000002
0 0.19475969375 0.15786199375 0.1587873140625 0.22028189375 0.1641288609375 0.2504262984375 0.1577517640625 0.280865015625 0.1577122078125 0.287664128125 0.1592380953125 0.3152133515625 0.164688534375 0.3266411796875 0.1695830203125 0.3474214578125 0.177568203125 0.35419931875 0.18158801875 0.35290910468750003 0.184635934375 0.34625962499999996 0.1941761859375 0.344365153125 0.204307390625 0.32710218593749996 0.20537650937500002 0.3157502203125 0.209932828125 0.3084498 0.21922435624999997 0.26310029375 0.21929046875 0.25173665624999997 0.21436098124999997 0.23697241875000002 0.21245996250000002 0.218900946875 0.21704739375 0.2062529328125 0.2197921390625 0.1655067109375 0.2188357984375 0.1574736484375 0.2121664328125 0.1477911171875 0.21072958125 0.1477743984375 0.20282654218750001 0.150602421875 0.19475969375 0.15786199375
0 0.1737993890625 0.23868641249999997 0.17113805625 0.23794484374999997 0.1633666984375 0.23785441562499998 0.1557296703125 0.2411501296875 0.14713798281249998 0.2524145640625 0.1081293546875 0.3194785953125 0.1035924796875 0.32343677187500003 0.10204129843750001 0.33144065624999997 0.085394428125 0.3479593109375 0.08389616718750001 0.35187516875 0.08384081875 0.3613887984375 0.0931929421875 0.3868227359375 0.0946196765625 0.40020922499999995 0.099533609375 0.41764725937499997 0.10605316875 0.41772312031250003 0.1262261265625 0.398571515625 0.1327534640625 0.39731048125 0.1417299890625 0.406105359375 0.1442608453125 0.402123840625 0.1518806375 0.38550014374999997 0.158097025 0.35147926093750004 0.1677461671875 0.3308682125 0.1780718171875 0.2801827828125 0.185664384375 0.26823823125 0.1859811140625 0.2632560140625 0.186006809375 0.258839378125 0.18424931718749998 0.2528463921875 0.1737993890625 0.23868641249999997
0 0.11151924375 0.4082092046875 0.10946266874999999 0.416875703125 0.117891021875 0.43368613749999996 0.1122772484375 0.45033317500000003 0.10204654843750001 0.45515920468750004 0.10202873593749999 0.4582209 0.1085956046875 0.47970409218750004 0.11001845156250001 0.4937590296875 0.11397993125000001 0.50249555625 0.12347740625 0.507954025 0.12999307499999999 0.508698334375 0.1380599265625 0.5014387640625 0.15328006249999998 0.47153361406250005 0.15436085 0.45817630156250005 0.1609931890625 0.43886713593750004 0.1726133484375 0.42429547031250003 0.18160170625 0.3448492203125 0.17667221718749998 0.3300849828125 0.16619506875 0.3206041484375 0.16300168125 0.3144178515625 0.1623575609375 0.31441035624999997 0.14400831249999999 0.3410693109375 0.11151924375 0.4082092046875
0 0.0814390625 0.470437 0.0914220359375 0.4780762390625 0.08737049218750001 0.48505063593750003 0.0780005328125 0.4869477578125 0.0753092296875 0.489925671875 0.07462619375 0.4924254171875 0.0792849140625 0.4959903953125 0.1006315234375 0.5037618625 0.138698115625 0.5102232703125 0.14267380000000002 0.51628799375 0.1426242 0.5248135703125001 0.144626628125 0.525338409375 0.16204132031250001 0.519522584375 0.1714025265625 0.5191299734375 0.21141903125 0.5351433015625 0.24082204218749997 0.53699005 0.24823625312500003 0.5265440156250001 0.24828585312499998 0.518018440625 0.24228731718750002 0.5149394078125 0.24031114687500002 0.509901028125 0.22431796718750002 0.5011887765624999 0.22634081875 0.49820308437499994 0.225053521875 0.4896619515625 0.210362228125 0.48698331093749997 0.20105353906249998 0.478348840625 0.192384125 0.47473719374999995 0.1877691671875 0.46364964999999997 0.1750773859375 0.46199735000000003 0.1624264515625 0.45332398906250004 0.1304167484375 0.43991152343750006 0.12105846093749999 0.4398026296875 0.10365544062500001 0.44361243437500003 0.08895539375 0.44243830624999997 0.079168753125 0.43845082968750004 0.05995470000000001 0.438227253125 0.059869740625 0.45283040625000004 0.0761439875 0.46134769374999995 0.0814390625 0.470437
0 0.1330936640625 0.4819687984375 0.12144628125000001 0.5012196078125 0.1122791984375 0.5251787375 0.1030460046875 0.5605015046874999 0.0983769078125 0.587186953125 0.088662865625 0.6069058828125 0.0886551703125 0.6082284640625 0.0902206109375 0.6098208578125 0.091176953125 0.6178539203125 0.089536328125 0.6412321359375001 0.09149567812500001 0.64927686875 0.09796468124999999 0.6580425671875 0.10497407656249999 0.660129615625 0.1130409265625 0.6528700390625 0.1186158109375 0.6429074953125 0.12921740625 0.6309979546875 0.134827290625 0.615019365625 0.14393603906250002 0.6010869703124999 0.18100865 0.521967509375 0.179060965625 0.51191743125 0.1690580984375 0.5071215765625 0.1625929859375 0.4976874234375 0.1616521984375 0.486980565625 0.165244396875 0.47298398124999996 0.16330060156249998 0.46226545156250004 0.15938479218749999 0.45813549687500005 0.15291806875 0.45806025000000006 0.14116051406250002 0.4747092234375 0.1330936640625 0.4819687984375
0 0.3343397734375 0.583656121875 0.325744196875 0.5955890046875 0.31719917343750004 0.5988320484375 0.3216854921875 0.6035637109375 0.321646603125 0.610248203125 0.3115037359375 0.62951651875 0.3058938515625 0.645495109375 0.3027837125 0.6628397734375 0.29672288125 0.670122690625 0.29609993437500004 0.673855184375 0.2959785171875 0.6947250078125 0.29652065625 0.7048820484375 0.2995102390625 0.70825930625 0.30441250468750003 0.7277026875 0.3154144921875 0.7331786640625 0.3249469671875 0.732621090625 0.32796377187500003 0.7313192046875 0.3335619890625 0.7173459640625001 0.34418302968750003 0.7020941765625001 0.351219646875 0.699502078125 0.35819015625 0.7082736171875 0.3612069578125 0.70697173125 0.3637533703125 0.7003164171875 0.36794040781250004 0.6702828859375 0.3691106421875 0.6415512421875 0.3716570546875 0.634895928125 0.384218 0.6310311203125 0.3817571453125 0.6229805546875 0.371808721875 0.6088264078125001 0.3708407109375 0.60279869375 0.3739391859375 0.5874593781249999 0.38303626875 0.57553233125 0.37910201093749996 0.5621166625 0.381663978125 0.5527875515625 0.38022168437500004 0.542074859375 0.3717388875 0.5346227109374999 0.3685855953125 0.5340122390625 0.35928983125 0.5339040734375 0.3420529 0.550989646875 0.3343397734375 0.583656121875
0 0.427399540625 0.735080025 0.4220986296875 0.7269937296875 0.408732565625 0.7263366625 0.40610836875 0.7177799734375 0.3533388125 0.7106459421875 0.34136507968749996 0.7004758468750001 0.3197577734375 0.6881420484375 0.309105403125 0.688018096875 0.30868109375 0.6880586109375 0.30326639375000003 0.699530990625 0.2992469453125 0.700988834375 0.2778449 0.7027459546875 0.2624472265625 0.70657909375 0.2470758140625 0.7058986921875 0.24305344843749999 0.7078580421875 0.2411788671875 0.7133656921875 0.24115419062500001 0.7176071625 0.2436343671875 0.7229109546875 0.2596275453125 0.73162320625 0.26427168125 0.7376957078124999 0.28161926406250004 0.7434144875 0.272865234375 0.754346471875 0.2695288265625 0.7533045734375 0.2641666453125 0.7557498703125 0.26207084687500004 0.7712731765624999 0.26406744375 0.7728010234375 0.27074318124999996 0.77438331875 0.2761024453125 0.772439525 0.286126265625 0.7730577000000001 0.29818752656249997 0.7681826609375 0.3175842265625 0.766402209375 0.33835575156250003 0.7581177546875 0.345714528125 0.7572003046875 0.3584121453125 0.7578495921874999 0.3650762140625 0.7614379046875001 0.3744403375 0.7605437890625 0.3891199625 0.7652284484375 0.402515203125 0.7608704703125 0.4225686796875 0.7611038140625 0.429933290625 0.7591833546875 0.44254528437499996 0.7494148265625 0.4425555296875 0.747653771875 0.44206749375000004 0.741770703125 0.427399540625 0.735080025
0 0.3677571171875 0.7636682171875 0.36011399375 0.784302609375 0.34454401875 0.788132403125 0.346001865625 0.7961713015624999 0.3424446671875 0.8041518421875 0.32175075937500003 0.8266398578124999 0.32421550312499997 0.8340219765624999 0.3161136515625 0.8472975921874999 0.3110791625 0.8505814828125 0.3106879984375 0.8522711828125 0.31063936718749996 0.8606300296875 0.311506775 0.863287853125 0.3165296 0.8620093109375 0.32150186718749996 0.86942060625 0.320922584375 0.8827837546874999 0.31735371875 0.89276964375 0.315250478125 0.90945753125 0.31120732812499996 0.9147584406249999 0.31107899375 0.9368172640625 0.368013453125 0.8920221343750001 0.3739926171875 0.8987766531249999 0.3760064140625 0.897463096875 0.3831713671875 0.8728121734375 0.38741285 0.8334203546875001 0.397567384375 0.8121466921874999 0.3961095390625 0.8041077953125001 0.4066878 0.79620895 0.403775996875 0.7794627078125 0.40737208437500005 0.7647976734374999 0.405922015625 0.7554218781250001 0.3938870796875 0.748383640625 0.3831439953125 0.7482586328124999 0.37782220781250003 0.757768884375 0.3677571171875 0.7636682171875
0 0.29253278125 0.9042210796875001 0.2916097234375 0.9084786390625 0.29156945312500004 0.9154004484374999 0.29245984062499997 0.9167586921875 0.311132653125 0.9244990468750001 0.3244432828125 0.9346847 0.3223941703125 0.9421839343749999 0.311646465625 0.9510865656249999 0.3162935171875 0.9566575609375001 0.35706599843750003 0.9576335296874999 0.3824787390625 0.9559230812499999 0.40386036093750005 0.95767649375 0.418539984375 0.962361153125 0.4573042015625 0.9638152921875 0.468046071875 0.9559156703125 0.470778221875 0.9459166921875 0.4641462484375 0.9368118296875 0.4361443234375 0.9239475359375 0.43415648124999995 0.920915175 0.4382021890625 0.9149437890625001 0.434868696875 0.9134003843749999 0.418843421875 0.9102046843749999 0.41078993593749996 0.915627896875 0.38012296874999996 0.9012279765625 0.3654433453125 0.8965433171875 0.34223681875 0.8931049718749999 0.3191768921875 0.8928366453125 0.3059659546875 0.8933435421875 0.29253278125 0.9042210796875001
0 0.3870447640625 1 0.3875726828125 0.9092585609375 0.3874190234375 0.9092567734375001 0.38297550937499997 0.9235811921874999 0.373878428125 0.9355082390625 0.375297384375 0.950231628125 0.37123479375 0.9588747828124999 0.3772178453125 0.9649608531249999 0.3776960171875 0.9689773828125 0.3662455859375 1 0.3870447640625 1
0 0.8705085328125 1 0.86858404375 0.9988045515625 0.8459005359375 0.9910175296875 0.8231849328124999 0.98874705625 0.80516598125 0.9835220031249999 0.7414526890625 0.9727553468749999 0.7328527953124999 0.972655278125 0.70019028125 0.9873158828124999 0.6958204140625 0.9951441140625 0.6957921640625 1 0.8705085328125 1
0 0.8159121375 1 0.8170369875000001 0.9730739046875 0.8205990484375001 0.964257803125 0.82512814375 0.961636525 0.8236780749999999 0.9522607296875 0.8262205984375001 0.9462738640625 0.8232349046874999 0.9422281546875 0.8227645109375 0.9368747265625 0.8278534453124999 0.9242325484375 0.8386650437500001 0.8762267515625 0.8387117109375 0.8682053609375 0.8357493515625001 0.86014895625 0.8272859968749999 0.8493545656249999 0.8147911609375 0.8418557359375001 0.8038518890624999 0.8297216953125 0.7946075031250001 0.829614128125 0.7811825812500001 0.842801653125 0.7816724203125001 0.8448128359375 0.77462024375 0.8500787328125 0.7721321671875 0.846707309375 0.7614839046874999 0.8666382390624999 0.7605164328125 0.88699683125 0.760490453125 0.8914624703125 0.770079315625 0.9409411390625 0.7758407 0.9851288125 0.7748236828125 1 0.8159121375 1
0 0.7772011265625001 0.764926021875 0.762439715625 0.802189946875 0.759399578125 0.8075025281249999 0.753362078125 0.8107747468750001 0.7497134 0.863756675 0.7494656828124999 0.9063357468750001 0.7537156375 0.922417434375 0.761646375 0.9385535828125 0.76927298125 0.9418269499999999 0.770244015625 0.9418382484375 0.7771852390625 0.9400713828124999 0.794877896875 0.9162114562499999 0.801409121875 0.9142819703124999 0.805460046875 0.9076441609374999 0.8082047953125 0.8668979390624999 0.8064009999999999 0.8321152375 0.8156575281249999 0.7927817765625 0.811762159375 0.772681615625 0.8022767749999999 0.7468852609375001 0.7939047 0.74678784375 0.783273625 0.755637759375 0.7772011265625001 0.764926021875
0 0.8129654499999999 0.7397181984375 0.8110138765625001 0.7303365671875001 0.8141784609375 0.7036336109375 0.8087863562500001 0.6821790453125 0.801823628125 0.6720706109375 0.7993783265625 0.6613462453125 0.7918985375 0.6539057734375 0.791059675 0.64987318125 0.7830372750000001 0.6497798312499999 0.782894790625 0.6497900390625 0.7746646046875 0.6851244765625 0.7651049078125001 0.6903611953125 0.7585347921875 0.698975171875 0.7587485171874999 0.74844625 0.7626516624999999 0.7672095109375 0.7605328671875 0.7865711953125001 0.7645293468750001 0.7892916765625 0.7674955953125 0.79667963125 0.766403140625 0.8120422906250001 0.76386061875 0.8180291546875 0.76781043125 0.828771028125 0.7691943890624999 0.849510459375 0.7741472125 0.8602640031250001 0.781634778125 0.8663675796874999 0.790172021875 0.864461434375 0.796734359375 0.85718435625 0.8033783624999999 0.83586984375 0.809443084375 0.8279184781250001 0.8045213734375001 0.8118173437499999 0.8076315125000001 0.794472678125 0.8142300499999999 0.7864404078125 0.8142411718749999 0.784528696875 0.8107572078124999 0.7744542140624999 0.8129654499999999 0.7397181984375
0 0.7632731234375 0.7386240671875 0.7631331234375 0.7626882375 0.7650924734375 0.7707329703125 0.7783579578125 0.7731712390625 0.780786771875 0.7731995015625001 0.7862178859375 0.7602828749999999 0.79126793125 0.7543251890625 0.7990723625 0.7490680453125 0.8128715140624999 0.7478916250000001 0.8174278328125 0.7405912031249999 0.8165337140625001 0.7218629546875001 0.8185864 0.71386490625 0.8137658015625 0.6803840906249999 0.8163783234374999 0.662365140625 0.8149827015625 0.64363105625 0.8190841828125001 0.6283034093750001 0.81873045625 0.602896503125 0.8172609421875 0.5968629546875001 0.8068226812500001 0.5806976265625 0.7972979859375 0.579918303125 0.7892078015624999 0.5911885703124999 0.7825560203124999 0.6138399828125001 0.767289215625 0.6517665187499999 0.76368535 0.6677684515625 0.7633121625 0.6750409687500001 0.7631740390624999 0.69878249375 0.7653296968750001 0.72995756875 0.7632731234375 0.7386240671875
0 0.7943938453125 0.43583498593750003 0.7782387359375 0.43564700468749995 0.7683714937499999 0.4480205125 0.7618286015625 0.4519553453125 0.74938415625 0.5220024578125 0.7432727671875 0.5379752125 0.741169528125 0.5546631 0.7357779375 0.5731679734374999 0.735744146875 0.5789763234375 0.738001053125 0.5820345046875001 0.7449948953125001 0.586795346875 0.7514094515624999 0.6049193390625 0.76391984375 0.6097443703125001 0.77146574375 0.6058212078125 0.7750307203125 0.59650376875 0.783622409375 0.585239334375 0.7937925 0.561291875 0.7968676390625 0.5499632515624999 0.799569609375 0.5165699703125 0.7981623171875001 0.49984123281250004 0.8050829625 0.47856729218750005 0.805207003125 0.45724658749999997 0.797520978125 0.4376637875 0.7943938453125 0.43583498593750003
0 0.7736755703125 0.5314696375 0.757292978125 0.58876953125 0.746609715625 0.6147165046875 0.7416467234375 0.6387660765625001 0.741596321875 0.6474291390625 0.748335728125 0.6628681890625 0.7553179046875 0.669634378125 0.7552167937500001 0.68701405625 0.75267815625 0.6923324734375 0.754668621875 0.6950296109375 0.7686874140625 0.6992037015625 0.7722096125 0.697239203125 0.7934905796875 0.6600511421874999 0.8016585453125 0.6354118890625 0.8176094656249999 0.65230985625 0.823650853125 0.6483691874999999 0.824669415625 0.6457070625 0.8207896046875 0.6229331046875 0.810409678125 0.5967410390625 0.8101298421875001 0.5586336000000001 0.8151915546874999 0.550670565625 0.8157358374999999 0.5433234578125 0.811793803125 0.531244690625 0.808897553125 0.5118246484375 0.7963640421875 0.5014873546875 0.7937047875000001 0.5014564109374999 0.7838262171875 0.5108644234375 0.7736755703125 0.5314696375
0 0.7819179843749999 0.387057871875 0.7752312031249999 0.41572532500000003 0.7681401375 0.42767571249999997 0.76135224375 0.473722846875 0.75967498125 0.4944519140625 0.75958754375 0.5094811734375 0.772490178125 0.54203888125 0.7784693421875 0.5487934 0.78549429375 0.548206646875 0.7915512375 0.54159218125 0.79966864375 0.5256427687499999 0.80528630625 0.5083272812499999 0.8087929484374999 0.5090365796875 0.8107756343749999 0.513070615625 0.8127310953125001 0.5217837984375 0.8116775296875 0.53046196875 0.813174265625 0.531816371875 0.8177772515624999 0.5164945609375 0.8185198703125 0.47505654374999995 0.8161523468749999 0.45096319687499997 0.830781534375 0.43642654375 0.829801859375 0.432404178125 0.824806259375 0.42900357656250004 0.827861953125 0.4210172 0.821871121875 0.4162680296875 0.8169299656250001 0.40350913750000006 0.8216262859375 0.372144546875 0.8146830015625 0.358693865625 0.8070815203124999 0.351601909375 0.8059121093750001 0.3515883015625 0.7991596953125 0.3545022703125 0.7819179843749999 0.387057871875
0 0.7688263703125 0.3045958125 0.75607875625 0.3405461828125 0.7530463953125001 0.3445218625 0.75044165 0.3612039171875 0.7400171578125 0.38168638593750004 0.73995501875 0.3923670125 0.740209334375 0.3958465640625 0.7566423171875 0.41609261093749994 0.7656849546875 0.41352385625 0.7811188140625 0.433089784375 0.7880309890625 0.45188805624999995 0.7960395046875 0.45465522187499996 0.8215152890624999 0.3860967328125 0.8191516578125 0.36133493437499997 0.8142299453125 0.3452337984375 0.8032862921874999 0.329731084375 0.8013230515625 0.322354803125 0.802878121875 0.31368246875 0.8015097203125 0.2902692421875 0.797108959375 0.27083169375 0.789388740625 0.2623275046875 0.7805019078125001 0.262224096875 0.770937390625 0.2865710265625 0.7688263703125 0.3045958125
0 0.7209965640625 0.2549043296875 0.716953775 0.2603742109375 0.7001871078125 0.26970834374999997 0.692174471875 0.2681104921875 0.689491921875 0.26958389375 0.6827269453125 0.29124002656250003 0.6827102203125001 0.2941148484375 0.6926474359375 0.30171907343750004 0.7467568109375 0.30836715312499996 0.7955944484375 0.30191389375 0.8343469953125 0.30537405 0.842374221875 0.3044643796875 0.8424267390625 0.2954372984375 0.8350883874999999 0.292844215625 0.8311185390625001 0.28577648437500003 0.8572464109375 0.276049740625 0.8746494312499999 0.2722399359375 0.87403641875 0.26270357187500004 0.8574010484375 0.2494700015625 0.83267718125 0.247677696875 0.8186630890625001 0.24350232031250002 0.8106154390625001 0.2479225234375 0.80259113125 0.2483306921875 0.7925819 0.24520499375 0.7865950328125 0.24011994531249997 0.7625279453125 0.2403414375 0.733519778125 0.23511311250000003 0.7232299984375 0.23499337968749998 0.71975303125 0.2388406296875 0.7209965640625 0.2549043296875
0 0.7218157234375 0.1643736296875 0.72715748125 0.1654388625 0.738459846875 0.1761026859375 0.735692684375 0.1921197171875 0.795742240625 0.2118769203125 0.8023712984375001 0.2214832859375 0.8137320156250001 0.22211701874999998 0.8177252046874999 0.2251727140625 0.8183703140624999 0.22919252812500002 0.8270659890625 0.22829063437500002 0.833724221875 0.23288195625000002 0.848450528125 0.22954254375 0.8731656421875 0.2328393609375 0.8892609406249999 0.2239989546875 0.8926498703125001 0.216013771875 0.8727043468750001 0.19722476093750002 0.8653630765625 0.1951331859375 0.8580393109375001 0.19003258125 0.85002375625 0.188936234375 0.8420519671875001 0.1803173203125 0.8320485703125 0.1761886125 0.8274482031250001 0.16259354374999999 0.8181482671874999 0.15245455937500002 0.802811865625 0.1457561046875 0.75940935 0.1372264546875 0.7460082734375 0.1425874421875 0.723286834375 0.141319978125 0.71171090625 0.1439242734375 0.7116844437500001 0.14847295 0.716453540625 0.16681892812500002 0.7218157234375 0.1643736296875
0 0.7943351171875 0.0246753828125 0.79175759375 0.0366782890625 0.7586775734375 0.11918668125000001 0.7500547734375 0.1357987078125 0.7492361437499999 0.1400227265625 0.749213003125 0.14400026562499998 0.75601449375 0.14589547187500002 0.7599331968749999 0.16198493593750002 0.7602596984375001 0.1920709859375 0.7642134015625001 0.2021444078125 0.771728190625 0.20356883906249998 0.775254278125 0.200935890625 0.79549335 0.17042065 0.8066586718750001 0.1478217578125 0.8126845046875 0.1465548859375 0.8196472328125 0.156663321875 0.8231927656250001 0.15068812812500001 0.8238109375 0.13064048749999999 0.8423823265625 0.0419468234375 0.8334913578125 0.0184460625 0.827854846875 0.0096329625 0.8096889031250001 0.009421582812499999 0.8054226609375 0.015445475 0.7943351171875 0.0246753828125
0 0.8099856328125 0.0184391296875 0.8089320687500001 0.0271172984375 0.796872628125 0.030987940624999998 0.781333765625 0.029470140625000002 0.7779835140625 0.0333735921875 0.777951075 0.0389493859375 0.79074179375 0.050302939062499996 0.8052387578125 0.0584935609375 0.8204859515624999 0.11014505156250001 0.821920465625 0.12219464218750001 0.8363396484375001 0.1437542484375 0.8378580156250001 0.14139040625 0.8386238296874999 0.009758271875 0.8062444531249999 0.009381503125 0.8060124875 0.0117079546875 0.8099856328125 0.0184391296875
0 0.5581332156250001 0.10846914375000001 0.5659978421875 0.135968928125 0.57452341875 0.13606813281250002 0.582088765625 0.128802725 0.5984285781249999 0.0788557734375 0.599120640625 0.0461075953125 0.594297134375 0.006915273437499999 0.55 0.0063998296875 0.5494329640625 0.10386513593749999 0.5581332156250001 0.10846914375000001
0 0.5263879671875 0.079215690625 0.5276869359374999 0.085750803125 0.52230725 0.0912051296875 0.5129314546875 0.0941052625 0.5029017984374999 0.09449009375 0.48213319062500004 0.1022730453125 0.479447721875 0.1042479515625 0.4791032875 0.10599932187500001 0.4790660875 0.1123935125 0.4820544125 0.11581366875000002 0.48739325312500004 0.11738040624999999 0.497373309375 0.12552115156250002 0.526688790625 0.1424130375 0.53137960625 0.140461465625 0.5413013078125 0.1586323 0.548633825 0.16222838906249998 0.5546527859375 0.1617968890625 0.5821350625 0.149076671875 0.6129245734375 0.1424134046875 0.6203008546875 0.13848692499999998 0.63835481875 0.137693925 0.6450159703125 0.14178374375 0.6517442265625 0.1343389578125 0.6610937625 0.135952365625 0.6765060234375 0.1296117015625 0.6865765265625 0.12220580625 0.684644121875 0.1096448609375 0.6726528828125 0.1024837890625 0.6285585765625 0.09795839843750001 0.579828890625 0.0858559921875 0.55915073125 0.078092303125 0.5513796625 0.07673314375 0.534288921875 0.076534275 0.5284049859375 0.0772330046875 0.5263879671875 0.079215690625
0 0.6291113015625001 0.1249605484375 0.6211883421875 0.1074875 0.611796003125 0.1040004484375 0.6066343203125 0.10394038750000001 0.602632675 0.1072715859375 0.5990443640625001 0.12059972187500001 0.5909852921875001 0.1265223953125 0.5884194359375 0.13651995625 0.5882833234375 0.15991567812500002 0.5857408000000001 0.1659025421875 0.58294491875 0.2526099171875 0.5828961953125 0.26098481875 0.598647528125 0.27501732031250004 0.6010539374999999 0.292426178125 0.60704088125 0.29784379843750003 0.621662290625 0.28464404375 0.6278009 0.2639921453125 0.628889465625 0.249297934375 0.633511896875 0.2306338765625 0.633228171875 0.1931948859375 0.638084671875 0.1755104984375 0.63809376875 0.17394685625 0.6329075015625001 0.1621061625 0.6291113015625001 0.1249605484375
0 0.5755015140624999 0.193396053125 0.569868296875 0.2133853390625 0.551293184375 0.21651166875 0.549252165625 0.22250436875 0.5501890656249999 0.23387967812500002 0.5546131609375 0.24930652812499998 0.5635039609375 0.35904307343749997 0.5709604171875 0.3704942421875 0.58098273125 0.37194785 0.586514834375 0.3693382453125 0.5992041171875 0.34341461406249996 0.6064235124999999 0.309405403125 0.615796709375 0.2500184640625 0.61700194375 0.21527077499999997 0.6115981703125 0.1958215578125 0.59675254375 0.17570526875 0.5959594109374999 0.1756960390625 0.58813635 0.1768307109375 0.5755015140624999 0.193396053125
0 0.5944865828125 0.2558338078125 0.5913958890625 0.269836228125 0.5909719953125 0.342697190625 0.5886119187500001 0.35289193750000003 0.588311309375 0.404562265625 0.5910612734375 0.4135586421875 0.6070783078125 0.41909297187499994 0.615502771875 0.4365718546875 0.6225005 0.44066424687500005 0.6325500359375 0.4374387125 0.6356018421875 0.4301207859375 0.6346921671875 0.4140663328125 0.6428951296875 0.3834110375 0.642117678125 0.34462931406249997 0.6343269406250001 0.30442899375 0.630866965625 0.29569830625 0.6325114796875 0.27165164062499997 0.630042846875 0.2649379703125 0.6301400703125 0.248226740625 0.6226719484375 0.23878091875 0.61558885 0.2384286796875 0.604736321875 0.23830239843749998 0.600582415625 0.24253485000000002 0.5944865828125 0.2558338078125
0 0.585892496875 0.4803843625 0.589469140625 0.469061575 0.594515296875 0.4637723375 0.5980802734374999 0.454454896875 0.6026132578125 0.4511651703125 0.60365515625 0.44449234843749996 0.6061782359375 0.44184773125000004 0.6171568890625 0.4513344 0.61508865 0.46200624531249995 0.6185680687499999 0.4673946875 0.614509365625 0.47536939375 0.6154890421875 0.47939176093749997 0.6290957734375 0.468185684375 0.6311484593750001 0.4601876359375 0.6313390171875 0.42743362500000004 0.6334267031249999 0.413419534375 0.630460453125 0.406031578125 0.6286411046875 0.373922675 0.625737078125 0.355839534375 0.6197968031250001 0.3424005234375 0.608273865625 0.340260959375 0.6001992375 0.3488574296875 0.597590603125 0.36620793281249997 0.5914831031250001 0.3815122375 0.5929487265625 0.3882142359375 0.5893876390624999 0.3968632265625 0.5918601625 0.4029084453125 0.5923033328125 0.4129410203125 0.58259585625 0.44357880781250003 0.58014166875 0.4658586546875 0.5800748703124999 0.47734032031250007 0.581876571875 0.4810061265625 0.585892496875 0.4803843625
0 0.6669060921875001 0.498515540625 0.6275346953125001 0.48652203125 0.61081179375 0.48833359375 0.6034909468749999 0.482731484375 0.5874540015624999 0.481541803125 0.537657015625 0.46722490937499994 0.521446628125 0.46703628437500005 0.51731351875 0.47270102812500003 0.498524 0.4850208546875 0.4757529609375 0.49227896718749997 0.46897418125 0.5040990859375001 0.468961125 0.5063433203125001 0.472956621875 0.5133110421875 0.4949891875 0.5180812593749999 0.5316809515625 0.531046671875 0.5283007765625001 0.5375273390624999 0.5175880828125 0.5404119140625 0.512885596875 0.5443695046875 0.522897746875 0.5469937 0.6593635015625 0.5310277765625 0.6747874328125001 0.522681096875 0.6782903296875 0.5166511468749999 0.6783059359375 0.513968625 0.6762147781250001 0.5071500109375 0.6669060921875001 0.498515540625
0 0.5654378343750001 0.518319571875 0.553755453125 0.543586425 0.549269134375 0.5388547625 0.5458208234375 0.5281187265625 0.54227104375 0.52912711875 0.5421971734375 0.5418245374999999 0.5436203609375 0.56151784375 0.5514655421875 0.5923598765625 0.5508901484375001 0.6050545734375 0.5416820140625 0.6303728546875 0.541670009375 0.632436246875 0.5436901953125 0.6357215390625 0.5441255875000001 0.6470910109375 0.5520602140624999 0.6625587125 0.5564570875 0.6826647078125 0.5604419015625 0.6873905375 0.5694612046875 0.688832475 0.576493934375 0.6869088234375 0.58360833125 0.6709477406250001 0.5877642578125 0.6462618046874999 0.59337803125 0.629614765625 0.59930680625 0.5588233406249999 0.595508659375 0.5220119515625 0.5905441703125 0.5132637578125 0.5886003765625001 0.502545228125 0.58162373125 0.4958634125 0.574192609375 0.49577694375 0.5705695484375 0.49832445312500007 0.5654378343750001 0.518319571875
0 0.58496311875 0.68376190625 0.5795204578125001 0.6709971828125 0.5806362468749999 0.6516238265625 0.5781948359375 0.6402310124999999 0.5838202765625 0.6215786265625 0.5878712015625001 0.61494081875 0.5886921859375 0.6076843015625 0.58874725 0.5982194921875 0.5840419453125001 0.5834770203125 0.575088753125 0.5706714484375001 0.5656404484374999 0.5675572953125 0.564024809375 0.567538496875 0.558033709375 0.5711414875 0.552412159375 0.589125425 0.547886953125 0.591078253125 0.5418883421875 0.5876659796875 0.5348517234375 0.5902580796875 0.5312945250000001 0.5982386203125001 0.5427941281249999 0.60438888125 0.5437349140625 0.6150957406249999 0.534031328125 0.6450650796875 0.530404128125 0.6650777078125001 0.5258439203124999 0.673046578125 0.522483078125 0.7073202453125 0.5224506375 0.7128961171875 0.530870465625 0.757335365625 0.541312615625 0.7728322453125 0.5493677984375 0.7675780203125 0.5651594421875 0.7256466234375 0.5741631890625001 0.7297623546875001 0.581118140625 0.741207690625 0.5879563203125 0.7341687296875 0.5879681234375 0.732140084375 0.584834784375 0.70582073125 0.58496311875 0.68376190625
0 0.508998175 0.7313981171874999 0.49429229531249996 0.7312269984374999 0.48228646875000003 0.7265734515625 0.48290823281249995 0.734605303125 0.476967971875 0.7416179015625 0.476959321875 0.7431046734375 0.48483188750000006 0.7486707625 0.490795409375 0.757767846875 0.490748728125 0.7657919203125 0.497395290625 0.7723892609375 0.50135055 0.7819645140625 0.5113306046874999 0.790105259375 0.5507516031249999 0.7935731921875 0.578835221875 0.7923953609375001 0.5875075546875 0.7955055046874999 0.6022046828125001 0.7971811359375 0.66569860625 0.79942456875 0.6750714828125 0.7970259421875 0.6811021140625 0.794588421875 0.6858483625 0.7831082640625 0.681218821875 0.7745282421875 0.669224665625 0.7678686765625 0.6645805328125001 0.761796175 0.5798567078125 0.7317210921874999 0.5718615765624999 0.7271142140625 0.5585100984375 0.7239496265625001 0.547942503125 0.7173615156250001 0.5317813078125 0.7171734640625 0.527078396875 0.7260915781249999 0.508998175 0.7313981171874999
0 0.4843718625 0.8284601796875 0.4796635421875 0.833420778125 0.47959643593749995 0.8449553828124999 0.493601775 0.850635271875 0.52557938125 0.8695642890625 0.5589609953125 0.8769742578124999 0.6083912234375 0.8835678921874999 0.6242311078125 0.89169845625 0.6247533390625 0.8917045328125001 0.6337572812500001 0.8898815140625 0.6404330203125 0.891463809375 0.664517615625 0.8882332890625 0.67393425625 0.87831209375 0.671981428125 0.8692616781250001 0.6406868578125 0.847832915625 0.6239931328125 0.8446294359375001 0.6146844453125 0.8359949671875 0.5893037999999999 0.8321888671875 0.5514127109375 0.8220964828125 0.5220902828125 0.8217552859374999 0.498438471875 0.823608475 0.4843718625 0.8284601796875
0 0.4823642625 0.922902371875 0.48214884687500004 0.9254577234375001 0.482112084375 0.9317766687500001 0.4843083390625 0.9334573015625001 0.5209475828125 0.9554497921875 0.5416169921875 0.9647179937500001 0.59773463125 0.9708879046875 0.6164191140625 0.9766222421874999 0.6317846921875 0.9783056515625 0.6445027328124999 0.9754444093749999 0.6618794953125 0.9761481453125 0.679948046875 0.972847621875 0.6840025078124999 0.965371721875 0.684063778125 0.954840128125 0.6800764234375001 0.9507814234374999 0.66739923125 0.9466216031249999 0.658078871875 0.9399931515625 0.6480579671875 0.9388734703124999 0.6380574890624999 0.9342432578125001 0.6347677625 0.9251772859375 0.6247643640625 0.921048578125 0.6254415671875 0.9195518421875001 0.6240929984375 0.9215423046875 0.5966836640625 0.9217249078125 0.581983615625 0.9205507796875001 0.5706462375 0.9159050109375 0.5595309265624999 0.9143846874999999 0.510102228125 0.9138095328125001 0.497116825 0.91504941875 0.4823642625 0.922902371875
0 0.5923454312499999 1 0.5928867234374999 0.9069597890625 0.59262368125 0.9069567281250001 0.589848121875 0.9120082328124999 0.576983840625 0.968012078125 0.5734305296875 0.9753241687499999 0.57738423125 0.985397590625 0.574342578125 1 0.5923454312499999 1