0 0 0.034683984375 0.0037225140625 0.0379670859375 0.0109534671875 0.05754157343750001 0.016872754687499998 0.0641823703125 0.021691215625 0.06421040312500001 0.02792856875 0.06252343593750001 0.0382819578125 0.037470559375000004 0.047498098437500004 0.0319434875 0.052565759375 0.034763315625 0.052690228125 0.0346099875 0.053737274999999994 0.0166328859375 0 0.0163202515625 0 0.034683984375
0 0.052799821875 0.12261269374999999 0.0499916703125 0.10794704375 0.0421108625 0.09953015781249999 0.040186271875 0.08765999218750001 0.032691640625000004 0.10854398125 0.0275277609375 0.1343246359375 0.0078413765625 0.1579280390625 0.0095968515625 0.178241190625 0.0630629 0.178552246875 0.0635739578125 0.1697777140625 0.0626408421875 0.1512709890625 0.052799821875 0.12261269374999999
0 0.0430637796875 0.28777165937500004 0.046892328125 0.2759349640625 0.0612673546875 0.25369583125 0.0659032265625 0.2369807296875 0.0703348515625 0.2147147484375 0.070366775 0.21416662656250002 0.07103580468750001 0.2007361 0.016590403125 0.2004193453125 0.0097527890625 0.21293612031250003 0.009488785937499999 0.2174688953125 0.000445425 0.23799507968750003 0.0009228265625000001 0.24776406718750002 0.004903846875 0.251275159375 0.017436164062500002 0.2876225625 0.022556454687499998 0.297106825 0.0292157109375 0.29714556875000003 0.031552507812500005 0.29677331093750003 0.0430637796875 0.28777165937500004
0 0 0.3813791875 0.043269475 0.3816309203125 0.0593052109375 0.34435060625 0.0601243109375 0.33635058125 0.06035430000000001 0.332401821875 0.0473671453125 0.3247487328125 0.044929534375 0.2947383375 0.03998371875 0.289826459375 0.029523468749999997 0.289765603125 0.013944950000000001 0.30571945624999997 0 0.33783657031250003 0 0.3813791875
0 0.069639171875 0.4413485203125 0.0693017890625 0.4294188015625 0.061309125 0.404956778125 0.062360145312500004 0.3958942703125 0.065944996875 0.388241675 0.0622889046875 0.3791517828125 0.0663155359375 0.37289693125 0.0661174515625 0.3673150875 0.0514274890625 0.376995834375 0.040403609374999996 0.3776292859375 0.037062453125 0.381097778125 0.0318679484375 0.38943859375 0.026536609375 0.4270772421875 0.022306896875000003 0.4368188421875 0.010110148437499999 0.448606853125 0.0039964609375 0.4457809390625 0.0024580484374999998 0.46321164687499994 0.005743601562500001 0.4876462859375 0.0067840765625 0.49083071718750004 0.06462124062499999 0.491167203125 0.068763134375 0.45638950312500004 0.069639171875 0.4413485203125
0 0 0.55193328125 0.0035844078125 0.553107653125 0.02052449375 0.564373040625 0.021828062500000002 0.564380625 0.02820161875 0.561621909375 0.025659192187500002 0.5453882343750001 0.03151215 0.5407135796875 0.0413969 0.5386783265624999 0.055919403125 0.5408555765624999 0.0735663875 0.5372959140625 0.0753236328125 0.531603371875 0.0755882234375 0.5270605109375001 0.073813359375 0.5210784671875001 0.04461931875 0.5073056874999999 0.0425610078125 0.49473715937499996 0.0462642671875 0.4790630109375 0.0416874375 0.473804484375 0.0356701796875 0.4722424171875 0.035344382812500005 0.472240521875 0.0199172765625 0.47629377812499996 0 0.4783613796875 0 0.55193328125
0 0 0.6503768609375 0.0053997828125 0.65494075625 0.0075049125 0.6549530031249999 0.01577450625 0.6514172640625 0.0231066734375 0.6333226765625 0.0293472015625 0.6249879468749999 0.0347091671875 0.6047891359374999 0.042483115625 0.588092290625 0.04602235625 0.590205640625 0.05056200937500001 0.6020910203125001 0.05852904531250001 0.6000446125 0.0519429546875 0.57838111875 0.046555359375 0.572071496875 0.04080528125 0.5532032124999999 0 0.5529658140625 0 0.6503768609375
0 0 0.719170125 0.029033635937500003 0.7193390375 0.035401171875 0.7178065140625 0.041802446874999996 0.70371763125 0.046714359375 0.7032230187499999 0.0596114171875 0.6940269640625 0.0599427625 0.6883379828125 0.05960501875 0.6855095625 0.0399301828125 0.67597768125 0 0.669331259375 0 0.719170125
0 0 0.8330946984375001 0.0289655484375 0.8332632156249999 0.033770931250000004 0.8084331171875 0.0440020328125 0.7741764812499999 0.0450109609375 0.75685386875 0.044743553125 0.7547828046875 0.034491378125 0.7421666046875 0.0236805703125 0.72117611875 0.0146011421875 0.7190784953125 0.014241575000000001 0.719076403125 0.0058575265625 0.7217700140625001 0.003801096875 0.730129084375 0 0.737865965625 0 0.8330946984375001
0 0 0.947195525 0.0024846078125000002 0.9498491421875 0.006186309375 0.9491730921875 0.014671364062500001 0.9561983203125 0.0203332796875 0.975763678125 0.0258071015625 0.97161000625 0.0284677765625 0.9618592765624999 0.0376789203125 0.9654007968749999 0.0485859484375 0.9577908015625001 0.060102217187499994 0.93972055625 0.0672263078125 0.9341813125 0.0804640859375 0.9314679828125 0.0852731890625 0.92433585 0.087107828125 0.8928362999999999 0.0850080828125 0.8624333671875 0.0856529421875 0.8603443609375001 0 0.8598460453125 0 0.947195525
0 0.9762756390625 0.0153414015625 0.9684492 0.0299451828125 0.974539303125 0.0451531171875 0.987423409375 0.0515063515625 0.9922001 0.052663334375 0.9957073421875 0.0526837390625 0.9980209234374999 0.012961073437500002 0.9833709859375 0.013289921875 0.9762756390625 0.0153414015625
0 0.8969190578124999 0.1064913109375 0.9015905500000001 0.0981474546875 0.921420971875 0.093030928125 0.9494063609375001 0.09162417187500001 0.9532193515625 0.08443369375000001 0.9539517656250001 0.0718586265625 0.9506857656250001 0.0696576453125 0.9403473625000001 0.0675047390625 0.9200665625 0.05639976249999999 0.9267691796875 0.0491141 0.9300764359375 0.0402391140625 0.9260751078125 0.037076696874999995 0.877199678125 0.037838728125 0.8516990703125 0.0444918390625 0.8335375078125 0.044909365624999996 0.818348115625 0.042205046875 0.8076441671874999 0.04632829375 0.7932435124999999 0.0420589921875 0.7601634390625 0.047098439062500004 0.7492462578125 0.05488276875 0.7496661734375001 0.071627284375 0.7584271046875 0.0769101546875 0.7955052296875 0.087066471875 0.7987787453124999 0.09074784531249999 0.8077833734375 0.09184661250000001 0.8162429609374999 0.0903262578125 0.8492892953125001 0.0978431734375 0.8607177781249999 0.10523431875 0.8785442609375 0.11056992968749998 0.8825455874999999 0.113732346875 0.89402531875 0.116176378125 0.8991706 0.11620631249999999 0.902738278125 0.1143730140625 0.8969190578124999 0.1064913109375
0 0.8580040015625 0.2380444265625 0.8658948015625001 0.22832412500000002 0.8662653406249999 0.2129793796875 0.869809578125 0.20602413749999998 0.8705050453125001 0.185100590625 0.876913034375 0.1649078671875 0.8820778140625001 0.12509482968750002 0.8832663171874999 0.1046890421875 0.8777147140625001 0.0972466546875 0.8753533375 0.0749101515625 0.8643344546874999 0.066475009375 0.859424259375 0.06993437500000001 0.8506042875000001 0.086625134375 0.8282672218749999 0.10184208125000001 0.8258908578125 0.1067113609375 0.823453896875 0.14855236562500002 0.8246523968749999 0.1639062375 0.827785475 0.1729930875 0.8286540499999999 0.2029943546875 0.8217636640625001 0.2224866859375 0.827618665625 0.25670248125 0.8315590703125 0.2609109234375 0.8410401843749999 0.2627928890625 0.8427184515624999 0.2628026515625 0.8517990921875 0.2547504 0.8580040015625 0.2380444265625
0 0.848063290625 0.2504537703125 0.8554599843749999 0.255205509375 0.8928155437499999 0.24862137187500002 0.9297446328125 0.249359409375 0.9683121234375 0.24592145781250002 0.9755293187499999 0.241777928125 0.984812553125 0.23974003124999999 0.9864592156249999 0.21146794062500002 0.9493140046875 0.20081660937499998 0.9034412109375 0.19793378125 0.8716339890624999 0.2050733890625 0.8527141500000001 0.20653288593750002 0.84185789375 0.21327119218749999 0.8287910125 0.2100560328125 0.8248201484375001 0.20637060312500002 0.815693671875 0.20736388749999998 0.7817606625 0.22704768125000002 0.776361359375 0.23591049531250002 0.7800276046875 0.24482605156249998 0.7976408515625 0.2538227484375 0.8283881703124999 0.2564671640625 0.830582596875 0.2564799296875 0.8424540265625 0.25094432499999997 0.848063290625 0.2504537703125
0 0.9115569562499999 0.3798025234375 0.9144197249999999 0.3929512421875 0.9184218046874999 0.3929745265625 0.9204837890625001 0.3882254953125 0.9203413093749999 0.3547405203125 0.9162940421875 0.3254183484375 0.9169845140625 0.313563396875 0.9218640812500001 0.2926641921875 0.93353781875 0.280873140625 0.9379492703125001 0.266102346875 0.9381622625 0.262445396875 0.9316232187500001 0.250865790625 0.9271697921875001 0.22851711406250003 0.9233106203125001 0.222913971875 0.9115250265625001 0.2186598890625 0.8894622812499999 0.247132571875 0.8863598265625001 0.25548555781250004 0.884379634375 0.2715185234375 0.87720993125 0.2868237125 0.874909803125 0.29936688437500003 0.8549291171875 0.3459889265625 0.84875483125 0.3801347390625 0.8526546203125 0.3850405296875 0.8618657671875001 0.388582053125 0.8618032671875 0.3926451296875 0.8967841875 0.39284864218750004 0.9027875890624999 0.37765874843749997 0.9115569562499999 0.3798025234375
0 0.8308765296875 0.489373028125 0.8316692187499999 0.489377640625 0.8428225125000001 0.48546955625 0.8665455218749999 0.4374741140625 0.86980544375 0.4354003203125 0.8846478812499999 0.44106736093750004 0.8874755203125 0.434962490625 0.8885411828124999 0.416665771875 0.8871254578125001 0.39852900625 0.8807018296875 0.3740761125 0.8819153140625 0.3622242046875 0.8857032468750001 0.351084859375 0.8846265953125 0.3336389359375 0.8870991765625 0.3001691765625 0.8828438359374999 0.283402346875 0.8794670609375 0.27849959687500003 0.8686056453125 0.276343646875 0.860638609375 0.27839005625 0.8566525921875 0.28394755625 0.8478276250000001 0.3097069109375 0.84613174375 0.320858425 0.83819533125 0.340344671875 0.8325440578125001 0.374493525 0.819063090625 0.428766665625 0.8172069499999999 0.46063536093749996 0.8227093359375001 0.48046943593749997 0.8308765296875 0.489373028125
0 0.62484503125 0.6680688171875 0.6398649171875 0.6437406765625 0.647806325 0.6151858375 0.65682438125 0.6040769218750001 0.6577941703125 0.5964091125000001 0.6705448140625 0.5634708453124999 0.6716523265625 0.54445560625 0.670899459375 0.542073621875 0.6624550218749999 0.5343510421875 0.659926184375 0.5238725343749999 0.6610584390625001 0.5134153265625 0.6576054250000001 0.5008386828125 0.647876265625 0.488225525 0.64570298125 0.4896080546875 0.6389800546875 0.49724239218750005 0.6191212171875 0.541772384375 0.6084528890625001 0.5542668734375 0.598175734375 0.5869936390625 0.5960330796875 0.605816009375 0.5848267515625001 0.6455132328125 0.595429484375 0.6790590625 0.6045408078125 0.683434928125 0.613383765625 0.683486375 0.62045285625 0.6805998171875001 0.62484503125 0.6680688171875
0 0.5964727640625 0.4950767296875 0.5960922328125 0.5285586609374999 0.5940308078125 0.5459863265625 0.5902834921875 0.556428321875 0.58283946875 0.5584777734374999 0.581107965625 0.56125804375 0.5848809109374999 0.57732448125 0.5914719984375 0.58991938125 0.59757135625 0.5927386718750001 0.6141817390625001 0.5928353093750001 0.6259195859375 0.57337771875 0.6333736015625 0.5531910812499999 0.6343077703125 0.5371520296875001 0.641604315625 0.5106861968749999 0.65255695625 0.493310259375 0.66170185625 0.4710407 0.663824521875 0.4641643828125 0.6640211140625001 0.46078901562499996 0.662077390625 0.44662736093750005 0.6501186921875 0.3914484640625 0.6467419171875 0.3865457140625 0.6476304734375 0.38027260625000003 0.6432482890625 0.37466642031249997 0.6378963140625 0.3767280421875 0.6359211171875 0.383692415625 0.62513094375 0.398278953125 0.607125453125 0.43793662187500004 0.600646221875 0.4413868609375 0.589505490625 0.43504376718750004 0.5838692046875 0.441986840625 0.583817371875 0.4423527765625 0.5833584109375 0.45023282656249997 0.5869922921875 0.469210878125 0.5964727640625 0.4950767296875
0 0.6160261874999999 0.744064234375 0.6257803281250001 0.7113344234375 0.631416615625 0.7043913500000001 0.6332393390625 0.682079190625 0.6398116796875 0.6617595281249999 0.641641428125 0.630343940625 0.6422111328125 0.60888481875 0.634908940625 0.57256784375 0.624494303125 0.56274104375 0.619624725 0.565503059375 0.614872 0.57524161875 0.606620653125 0.5821694765625 0.5968765015625 0.5967621000000001 0.5893568921875 0.6629890578125 0.5875441578125 0.6671640296875 0.5773632234375 0.6712903171875 0.5874935515625 0.6859985671875 0.588656428125 0.6929811953125 0.58502096875 0.719468328125 0.5745913421875 0.736847309375 0.573540321875 0.7459098171874999 0.5791666171875 0.7571039328125 0.5863404625 0.76304354375 0.6002418078125 0.76312441875 0.6039462921875 0.7628287874999999 0.6160261874999999 0.744064234375
0 0.5987489765625 0.8019091671874999 0.5991154796875 0.7969265140624999 0.600981959375 0.7648803156249999 0.5996218953125 0.7509904390625 0.5957370953125001 0.718878865625 0.5896740140625 0.6972184140625 0.5903288671875 0.6769922203125 0.5839764796875 0.6692818125 0.5810870968749999 0.6560108609374999 0.5781521 0.6525058546875 0.5638326765625 0.64684185625 0.555180165625 0.651674621875 0.5447505375 0.669053603125 0.544298765625 0.685793046875 0.5531393734375001 0.7046793109375 0.553373078125 0.7186323984375 0.5472494 0.733943671875 0.5472444046875 0.7430122671875 0.53737840625 0.759696940625 0.5344590484375 0.8008375515624999 0.53815575625 0.8092300953124999 0.54000910625 0.8043577734375 0.5460871734375 0.7988124421875 0.556506809375 0.7995706484375 0.56003605625 0.8198211875 0.568917278125 0.8380101015625 0.576473159375 0.8520057874999999 0.5821021625 0.8536745937499999 0.5841280890625 0.8536863796875 0.589228540625 0.848592065625 0.5987489765625 0.8019091671874999
0 0.5861226171875 0.8829050546874999 0.5872548703125 0.8724478453125 0.5949069687499999 0.8578430499999999 0.59493905625 0.848309325 0.5982175 0.8369347203125 0.60519995 0.8266411 0.605420321875 0.822857475 0.603980628125 0.8188310031249999 0.6061995234374999 0.8076825296875001 0.6039500046875 0.801391165625 0.6058995734375 0.7679183609375 0.5947738296875 0.7343694890625 0.5839371859375 0.720827765625 0.583120084375 0.7208230125 0.5751836625 0.7293724125 0.5726042203125 0.7377284421875 0.5658000624999999 0.7467574796875 0.563098771875 0.757205559375 0.5513844203125 0.7696939625 0.545580675 0.788495028125 0.544027275 0.8331315187499999 0.54570816875 0.8491857843749999 0.5500853578125 0.8638605640625 0.548993721875 0.873620421875 0.543352440625 0.8896320875000001 0.5397575984375 0.91542186875 0.5467238359375 0.9300572125000001 0.5469398140624999 0.9300584687500001 0.5637705625 0.9253277828125 0.5861226171875 0.8829050546874999
0 0.571000403125 1 0.577137909375 0.9963882328125001 0.5805652921875 0.9824564453125 0.5952602515625001 0.96370710625 0.6014651625 0.9470011328125001 0.60606041875 0.9309833812500001 0.6061060296874999 0.9212174375 0.6109855984375 0.900318234375 0.6108737421875 0.8842730984375 0.61325849375 0.876134509375 0.6135066796875 0.8718733171874999 0.6056992203125 0.8563395390625 0.60626784375 0.8465766374999999 0.6128789140625 0.8228971625 0.609827065625 0.8124156125 0.6090703484375 0.7984594828125 0.6043276140625 0.7900608546875 0.590972984375 0.7857976390625 0.5823610875 0.78993305625 0.5789387015624999 0.79479625 0.5628884265625 0.863763921875 0.543750684375 0.9138788 0.53921425 0.9397970156250001 0.53841366875 0.953542446875 0.538886753125 0.9794236218749999 0.5486259062500001 0.9738995906250001 0.5501137140625 0.97530341875 0.5529674765625 0.9802031281250001 0.5547823859375 1 0.571000403125 1
0 0.6495905234375 1 0.6637375921875 0.9941649281249999 0.6718349124999999 0.9868873796875001 0.681113696875 0.983279034375 0.688920365625 0.972551646875 0.689058840625 0.9701741203124999 0.68208848125 0.9665426328125 0.6611375171875 0.9669439343749999 0.6280911828125 0.9594270187499999 0.5414065390625 0.9625850296875 0.5249442953125001 0.957780546875 0.513573459375 0.9613767234375 0.500323809375 0.9612996390624999 0.4896198625 0.9654228828125 0.48297816875 0.9716625203125 0.480821915625 0.9847297203125001 0.4907338515625 0.9942048 0.5176563468750001 0.9990701390625001 0.5196004390625 1 0.6495905234375 1
0 0.8282435375 1 0.8363004703125 0.998176121875 0.8407282671875 0.9940163640625 0.840169634375 0.985642075 0.82427053125 0.9262547359375001 0.8244379921875 0.9143967421875001 0.8117125828124999 0.8633989046874999 0.8025014374999999 0.8598573843749999 0.7957885015625 0.8493545328125001 0.7887456453125 0.8534990765625 0.77811793125 0.865296215625 0.7735176828125 0.890382559375 0.7719413765625001 1 0.8282435375 1
0 0.7498026640625 0.9259642828124999 0.77415226875 0.9151189609375001 0.782429084375 0.9167366828124999 0.791555559375 0.9157434 0.8003197671875 0.9089929203124999 0.818271371875 0.9002031328125 0.8502918265625 0.8894024406250001 0.8534467703124999 0.8831425171875 0.8592388046874999 0.8795138859374999 0.8648513437500001 0.8669899828125001 0.8702989562500001 0.8640535968749999 0.87032823125 0.8635509609375 0.8634294578124999 0.8554715343750001 0.8632194984374999 0.8470992781250001 0.8680128406250001 0.83666336875 0.866983684375 0.83037910625 0.86364924375 0.82774375625 0.8551287328124999 0.8303101359375 0.822231434375 0.832211503125 0.8124989921875001 0.831631690625 0.7974923734375 0.8257892968749999 0.7903970265625 0.8278407781249999 0.765164021875 0.8538534640625001 0.7551846109375 0.8694911 0.733289325 0.8861057890625 0.71321520625 0.8954064171875 0.7129105859375 0.9006365421875 0.7035676 0.9173242593750001 0.7035947874999999 0.9288345937500001 0.7082020796874999 0.9335701046875 0.7210504703125 0.9357605031249999 0.7245625125 0.9357809359375 0.7270609921875 0.9331566312499999 0.7498026640625 0.9259642828124999
0 0.7893793062500001 0.8928858749999999 0.8008955734375001 0.8748156296875 0.802632071875 0.8629667640625 0.8077859593750001 0.8553232968750001 0.8185373015625 0.8135006312499999 0.81973915625 0.7928655578125 0.8163159734375001 0.78073118125 0.81532055625 0.761890559375 0.8207993734375 0.7486682921875001 0.8237467390625 0.7240580203125 0.8252824343749999 0.6976911593749999 0.8186204453125001 0.6872680171875001 0.8090031375000001 0.690699996875 0.8001881624999999 0.6983221625 0.7592363640625 0.7636570296875 0.7631617828125 0.7950712531249999 0.7544130515624999 0.8285045015625 0.7545149171875 0.8626868265625 0.7595775812500001 0.8745752484375 0.7635486125 0.8962235281250001 0.7697092390625 0.9016569437499999 0.7758690203125 0.9016927796875001 0.77932021875 0.8949201125 0.7893793062500001 0.8928858749999999
0 0.9234124984375001 0.7559795484375 0.9409618875 0.751101284375 0.941425059375 0.7431489265625 0.9232395546875001 0.7230175859375 0.9222408609375 0.7162103078125 0.931854728125 0.706848825 0.9278229375 0.7042094203125 0.910846115625 0.6962628046875 0.8756468078124999 0.6897797437500001 0.8546077328124999 0.6797167359375 0.8022183671875001 0.6689481500000001 0.790122996875 0.6610299328125 0.78108790625 0.660454178125 0.773992559375 0.6625056578125 0.7587085046875 0.6734037234375 0.7561595249999999 0.681236740625 0.7604012734375 0.692248403125 0.7717383703125 0.7012085875 0.8398251531250001 0.7418903171875 0.8437350953125 0.746621771875 0.852011909375 0.7482394953125 0.8684404140625 0.7656003359375 0.8701286546875 0.7662576046875 0.8848078812500001 0.7663430046874999 0.9093741109375 0.75746744375 0.9234124984375001 0.7559795484375
0 0.8788005578125 0.630186065625 0.8814206171875 0.621132684375 0.87354480625 0.60364720625 0.8803133437499999 0.586246925 0.8898645765625 0.581797246875 0.8903404593750001 0.57362663125 0.885761534375 0.5555848234375 0.8850454328125 0.5409313421874999 0.8813893421874999 0.5318414484375 0.8717770312500001 0.526204834375 0.8650184843750001 0.525467928125 0.85620350625 0.533090096875 0.8386854093749999 0.5643795640625 0.8368270640625 0.5783204796875 0.8288500359375 0.5985040765625 0.8159271953125 0.6137757921875 0.8022026765625 0.696708721875 0.8065392499999999 0.712080853125 0.8169538890625001 0.7219076546875 0.819999790625 0.72845325625 0.820538003125 0.7284563875 0.8412255375000001 0.700423684375 0.8788005578125 0.630186065625
0 0.8172693437499999 0.6234070234375 0.8257237734375 0.6129924156250001 0.8328022515625 0.6172191140625001 0.8343256765625 0.6269941875 0.8373012890625 0.6298018437499999 0.8398757359375001 0.6305144078125 0.8438211359375 0.6256542578125 0.8529660359375001 0.60338469375 0.8615573015625 0.5636722562500001 0.8680771453125 0.5595246687500001 0.8769683609375001 0.559576396875 0.8776132203125 0.5574873890625 0.8723930859375001 0.539319771875 0.8724386984375 0.5295538296875 0.8910890468750001 0.487807153125 0.8934919546875 0.46584521093750003 0.8940176687499999 0.45681903906250004 0.8839087031249999 0.449398128125 0.8750174890625001 0.44934640000000003 0.8715138703124999 0.4556042953125 0.866161896875 0.4576659171875 0.8562958984375 0.474350590625 0.8532796734374999 0.47224028437500004 0.844307225 0.47358325625 0.8407986109375001 0.48890974375 0.8313387734375001 0.4986209171875 0.8271496781250001 0.50766516875 0.8153590906250001 0.5124796765624999 0.8130183484375 0.5257202000000001 0.80335543125 0.5389181234375 0.7878075359375 0.5723118125 0.7872389109375 0.582074715625 0.7903669953125 0.600230159375 0.788427415625 0.6155657765625 0.7824255875 0.6287849999999999 0.7824547515625 0.6453942640625 0.798095378125 0.645485259375 0.8075301906250001 0.6289310546875 0.8172693437499999 0.6234070234375
0 0.822685965625 0.5268141046875 0.8289165031250001 0.5366165625 0.8293126718750001 0.54778025 0.8247986484375 0.5624033015625 0.8262408421874999 0.5735730718750001 0.830647846875 0.5784643765624999 0.8363911625 0.578497790625 0.8500251000000001 0.5604573046875 0.8588400765624999 0.5528351390624999 0.8720472296875 0.532681971875 0.8829236328125001 0.5076321390625 0.89449050625 0.47072735625 0.900822259375 0.44286073750000005 0.9116174875 0.4230036015625 0.9117648140625001 0.420474109375 0.9105714062500001 0.41919952031249996 0.9100127734375001 0.410825234375 0.9130033703124999 0.386427109375 0.9113987124999999 0.3780467390625 0.9051275578125001 0.3689416296875 0.8979272296874999 0.36680698125 0.889112253125 0.3744291484375 0.882749875 0.3848559265625 0.8710355218749999 0.3973443296875 0.8643076000000001 0.4140472609375 0.8540404374999999 0.42863684218750003 0.8111364671875 0.5111891625 0.81109595 0.5118848140625001 0.8125100265625 0.5218717984375 0.822685965625 0.5268141046875
0 0.6405845125 0.4848346890625 0.6525019453125 0.4688595359375 0.6599865859375 0.46611273593749997 0.6667807531250001 0.475220884375 0.670000059375 0.4738444421875 0.6730212828125001 0.46688615625 0.6790331046875 0.4355297453125 0.68182561875 0.40554977656249996 0.684846840625 0.3985914890625 0.697569825 0.3946672953125 0.697689784375 0.3926076703125 0.6960381812499999 0.38610004375 0.686430865625 0.3713948375 0.685750384375 0.3651126015625 0.6898226281250001 0.34909180625 0.69996794375 0.336594275 0.6965961625 0.32262293125 0.69977985 0.3128752453125 0.69886066875 0.301708515625 0.69041623125 0.2939859375 0.679031803125 0.29182694374999996 0.658543090625 0.3112401640625 0.648707715625 0.345364675 0.639085415625 0.3578652484375 0.6299911218750001 0.36130027187499997 0.6344139234374999 0.36620910625 0.6340077625 0.3731826078125 0.622369646875 0.3933449046875 0.6156417249999999 0.410047834375 0.6114476328125 0.4281606796875 0.6047247062500001 0.4357950171875 0.60258704375 0.4455487890625 0.6026126734374999 0.4720572203125 0.60554766875 0.475562228125 0.6095999296875 0.4958158078125 0.6191652234375 0.5006455640625 0.631010640625 0.500714478125 0.6339784390625 0.49944557031250003 0.6405845125 0.4848346890625
0 0.6931806 0.3275373953125 0.6974560859375 0.32599269999999997 0.7198931359375 0.324030475 0.7361758828125 0.3199396875 0.7521844734375 0.3205560125 0.7564904218749999 0.3184883046875 0.7597672140625 0.3101363328125 0.7567069328125 0.3027938703125 0.7404883843750001 0.2938052890625 0.735972478125 0.2875007375 0.7181764578125 0.2816421171875 0.7279121749999999 0.2701885828125 0.731338 0.2712548921875 0.7370691109374999 0.26867228593750003 0.7401054828125 0.25247106874999997 0.73810481875 0.250889859375 0.7312227046875 0.24928025156250003 0.7255220546875 0.25133984531250003 0.7150922671875 0.2507559765625 0.7022353453125 0.255913075 0.6818903453125 0.2578874703125 0.6597546390625 0.26665291406249997 0.6520228640625 0.2676543125 0.638803675 0.267054215625 0.6320434078125 0.2633525578125 0.6222195828125 0.2643417828125 0.6071520406250001 0.2595454140625 0.5929308796874999 0.2641713859375 0.572010378125 0.264049675 0.5642176796875 0.266097096875 0.5503587875 0.27648026406250004 0.5505992078124999 0.284329509375 0.5655449031249999 0.2912179265625 0.5706363125 0.299618584375 0.5845528515625 0.30022273906249997 0.586824396875 0.30913018124999997 0.6415190453124999 0.31624985156249996 0.6534621078125 0.3267831296875 0.6761520375 0.33998507031249997 0.6820813640625001 0.340019565625 0.686901171875 0.3395342265625 0.6931806 0.3275373953125
0 0.65810223125 0.23860032812499998 0.6602755124999999 0.23721779999999998 0.6691004796875 0.2114584453125 0.6756809265625 0.17033913437499998 0.6874408890625 0.1480847875 0.68635924375 0.1397074578125 0.6972484015625 0.13182413906249998 0.6974532734375 0.1283066359375 0.695707225 0.11395114843750001 0.6989185171875001 0.103149353125 0.6995733859375 0.0919056875 0.6992614515625 0.0888587171875 0.6851044921875 0.08040531875 0.6761726625 0.081050940625 0.669810284375 0.0914777203125 0.6589844890625 0.097693015625 0.6498802046875001 0.119265225 0.6334231203125 0.1233549984375 0.634504765625 0.131732328125 0.6303562859375 0.140079228125 0.6075318249999999 0.1636643765625 0.6097001140625 0.171350440625 0.6005195921875 0.1852487578125 0.5950863859375 0.1887050796875 0.5931111890625 0.195669453125 0.5948376953125 0.20195777499999998 0.6001490515625 0.2005935015625 0.6049324 0.20829478125 0.6035970671875 0.22223874062500001 0.599326740625 0.23267769062500002 0.5962192890625 0.25009927187500003 0.5917102609375 0.25565373125 0.5904689984375 0.276965403125 0.5925888453125 0.27697773593749997 0.6522322390624999 0.23159031406250002 0.65810223125 0.23860032812499998
0 0.566540759375 0.0944258875 0.5684500375 0.09757613281250001 0.563900390625 0.103827940625 0.56729575625 0.10541726250000001 0.5838493859375 0.108652709375 0.59255266875 0.10294825625 0.623777834375 0.11777923125 0.638845378125 0.1225756 0.6610806359375 0.12576235156249999 0.6919057 0.1259416875 0.700757225 0.12555174375 0.715374390625 0.11412660625 0.7174943609375 0.10624857968750001 0.71765143125 0.10355180312500001 0.716135940625 0.10105129374999999 0.69706706875 0.093092509375 0.6837293078125 0.082551115625 0.6862782890625 0.074718096875 0.69798420625 0.06536878593749999 0.6934378375 0.0595872484375 0.6509299453125 0.05881675468749999 0.62430879375 0.0607546359375 0.602084978125 0.0590557734375 0.5870174359375 0.05425940312500001 0.5466320546875 0.0529780703125 0.5349870609375 0.061281357812500006 0.5320185625 0.07040355468750001 0.531913696875 0.0722040296875 0.53801360625 0.0811801765625 0.566540759375 0.0944258875
0 0.6736295484375 0.0288457859375 0.6810904421874999 0.0205181546875 0.7436642203125 0.0057997874999999996 0.7436816375 0.005500740625 0.7422543187499999 0.0046551125 0.534506484375 0.0034464703125000004 0.5355303250000001 0.00449880625 0.567727 0.014626728124999998 0.5797309859374999 0.024113979687500002 0.5951640734375 0.0226341984375 0.603985928125 0.026871040625 0.6106276234375 0.020631403125 0.6148421843749999 0.0201327328125 0.653071315625 0.0344812671875 0.6590733078125 0.03922489375 0.665499965625 0.0398214421875 0.678249259375 0.039895615625000005 0.680054734375 0.03830058125 0.6736295484375 0.0288457859375
0 0.17684143125000001 0.076746678125 0.1765664234375 0.08146838749999999 0.190707121875 0.11662544374999999 0.1993140234375 0.121558621875 0.208647015625 0.1230080921875 0.21541555625000003 0.1056078125 0.2191420703125 0.10188577968750001 0.225 0.0013090109375000001 0.1938674359375 0.0011278875000000001 0.1918537109375 0.0071110546875 0.17684143125000001 0.076746678125
0 0.1650810484375 0.001544640625 0.15287930156250001 0.022401245312500002 0.1503711015625 0.0474997625 0.15778514999999999 0.0998618734375 0.16138064531250002 0.145923490625 0.159359834375 0.16265380625 0.1546883421875 0.17099766562500002 0.1536779375 0.179362821875 0.1670681890625 0.19199728124999998 0.1736002875 0.1948256296875 0.1797195265625 0.1948612296875 0.18420575625 0.19418974375 0.1924571015625 0.187261884375 0.2043645421875 0.18942391875 0.20814747812499998 0.1873531671875 0.20228748125 0.162205965625 0.205029225 0.1330976859375 0.20922847500000002 0.12387909999999999 0.2140980515625 0.12111708437499999 0.2130976375 0.11134505312500001 0.2160782453125 0.10508411875000001 0.21318386406249998 0.10088175937499999 0.21298578125 0.095299915625 0.2189876125 0.08208069375 0.23053590000000002 0.040442184375 0.2318087765625 0.018587728125 0.23073193593750002 0.0151807296875 0.222490578125 0.0039714 0.218084940625 0.00126878125 0.173073025 0.001006909375 0.16749303124999998 0.00504660625 0.1650810484375 0.001544640625
0 0.211869365625 0.25551701875 0.21879037656250003 0.253464525 0.22338063749999998 0.2465153671875 0.2284732765625 0.2039922265625 0.22849325937499998 0.167717853125 0.23940026875 0.1297724546875 0.23979334375 0.123023621875 0.2373382125 0.10568412499999999 0.22850260156250002 0.077729265625 0.2206167953125 0.0783809734375 0.208541896875 0.0880769328125 0.20169712031249998 0.0978033203125 0.184255259375 0.13676668281249998 0.18079225625 0.14232722656250002 0.1743130265625 0.1457774625 0.16323918906249998 0.2370968515625 0.16857617656249999 0.2622410109375 0.1759695921875 0.279026096875 0.18013635781249998 0.280830275 0.19063697500000001 0.280891365625 0.1921017515625 0.28051512500000003 0.211869365625 0.25551701875
0 0.1980142203125 0.374359628125 0.20611309531250002 0.35208398281250003 0.2128766390625 0.34375229531249996 0.2086212953125 0.326985465625 0.2128153875 0.30887262031249996 0.2200768078125 0.30052639062500003 0.2202070328125 0.29829051406249996 0.2171719453125 0.2879703765625 0.2213760265625 0.2517203421875 0.21985260156250003 0.241945271875 0.224615315625 0.21406952499999998 0.22016189062499997 0.191720853125 0.21344895468749997 0.1812180015625 0.2114837484375 0.1700451859375 0.2040853390625 0.1623286953125 0.20332362499999998 0.1574411578125 0.19491480781249998 0.158089821875 0.1843939578125 0.1950006921875 0.174131790625 0.2005216796875 0.1668046203125 0.209547675 0.1643220453125 0.261154621875 0.1673688984375 0.280704765625 0.16409898437499998 0.3009157484375 0.1681206203125 0.303729490625 0.17081191874999999 0.311418596875 0.16883172500000002 0.32745156249999996 0.1658511203125 0.33371249999999997 0.1693853625 0.34489444375 0.1696953046875 0.366521425 0.174275571875 0.3777094546875 0.179855440625 0.3824255546875 0.1886229828125 0.3824765625 0.19076827968750001 0.38199092343749996 0.1980142203125 0.374359628125
0 0.187741134375 0.42062177656250005 0.205746621875 0.3809641078125 0.210041703125 0.36547776875000004 0.21247501406249997 0.3236994265625 0.2120677359375 0.2993832765625 0.2143507328125 0.29149458125 0.2159435375 0.2641471921875 0.2145453125 0.2568449234375 0.19849438749999998 0.2539611953125 0.1919289296875 0.2678747265625 0.1863332609375 0.27412044999999996 0.17790163750000001 0.2796520859375 0.16343755937499999 0.280963109375 0.15828367031249999 0.2886065765625 0.158192446875 0.3081384625 0.1556130046875 0.31649449375 0.1588123296875 0.351392425 0.1551006328125 0.3702056625 0.1555324234375 0.3897405921875 0.1504141546875 0.40575530156250006 0.149393759375 0.432257646875 0.150597253125 0.438542925 0.15993002812499998 0.45420898750000005 0.171898621875 0.45427861875 0.17956102812500002 0.4442921234375 0.187741134375 0.42062177656250005
0 0.20170264062499998 0.5891624796875 0.21851962343750003 0.51601375 0.2257705578125 0.4993138609375 0.22887800937499997 0.48189228125000005 0.2337927203125 0.46757595937499996 0.23454965468750003 0.45457989374999996 0.2336813421875 0.453319184375 0.2266434796875 0.4483951359375 0.22094094531250003 0.429527128125 0.20814994375 0.4245696078125 0.20006106093749998 0.42870806562499997 0.1958313484375 0.43844966718749995 0.1862496625 0.450252890625 0.1743272359375 0.47529663749999995 0.1704986875 0.4871333328125 0.165852825 0.5219856218750001 0.1664064609375 0.5394285015625 0.15774395937500002 0.5623984531249999 0.156525478125 0.5833189562500001 0.16367519531250002 0.6042881437500001 0.16895087656250002 0.6074383546875 0.18263456250000001 0.6075179640624999 0.19465977968749998 0.5933070234375 0.20170264062499998 0.5891624796875
0 0.1547543046875 0.5067583578125 0.1536982890625 0.524889459375 0.150758296875 0.5304530468750001 0.1526878828125 0.53325461875 0.1655997203125 0.5370825328125 0.1678707390625 0.5370957453125 0.170871475 0.535453165625 0.1951125 0.4965293609375 0.20498349375 0.4707760921875 0.2207044953125 0.4883072140625 0.22722434218749998 0.4841596265625 0.2282792515625 0.48173002656249997 0.22834377187500002 0.48062225312500007 0.22562967343749998 0.4576420671875 0.21623043437499997 0.430381515625 0.2180225359375 0.39062951875 0.223740053125 0.3822917453125 0.2247098421875 0.3746239390625 0.22125683125 0.3620472953125 0.21929661875 0.3418058859375 0.2053427390625 0.3298657359375 0.19318660781250002 0.340956396875 0.1814672609375 0.3625133921875 0.1612378828125 0.422388128125 0.14867059375 0.44952088281249997 0.140867803125 0.4797005890625 0.140769340625 0.48139112968750003 0.147838290625 0.49974225937499994 0.1547543046875 0.5067583578125
0 0.17717021875 0.656444746875 0.18571586874999998 0.62649825 0.1937691328125 0.61398855 0.20337080156249998 0.5659109515625 0.2055892015625 0.549268975 0.20684735468749998 0.527667321875 0.1954843453125 0.494711259375 0.18961435468750001 0.48770124531250003 0.18225156250000002 0.48835599687500003 0.1755692546875 0.4952929828125 0.1662262671875 0.5119807 0.15941711249999999 0.5300783296875 0.155796640625 0.52935968125 0.1539482875 0.5251634078125 0.15238424687500002 0.5160856859375 0.15395827812500001 0.507026221875 0.1524704734375 0.5056223937500001 0.146829190625 0.5216340609375 0.1437879875 0.5648667203125 0.144940871875 0.5899865375 0.1288799546875 0.6052399984375 0.1296822859375 0.6094301843750001 0.1347093296875 0.6129473640625 0.1310838640625 0.62129730625 0.13707570156249999 0.6262152703125 0.141534121875 0.63949535 0.13491805625 0.6722434171875 0.1414279109375 0.68623301875 0.14866633906249999 0.6932869625 0.1508759953125 0.69329981875 0.157397603125 0.690511446875 0.17717021875 0.656444746875
0 0.21698099375000002 0.7025497875 0.21640585781250002 0.6892001578125 0.2121505171875 0.672433328125 0.20157840781249997 0.6563273359374999 0.199933134375 0.6486443125 0.2020301796875 0.639587890625 0.20188270312499998 0.615171509375 0.1983534546875 0.5949209734375 0.1905132625 0.5858067359375 0.18162204843750002 0.5857550093749999 0.170182015625 0.6114991484375001 0.166993334375 0.6303154296875 0.15172475624999998 0.6678962640624999 0.148342984375 0.6720621078125 0.144712521875 0.6894806453125 0.13186591718750001 0.71242625625 0.1321402359375 0.7256819921875 0.14818117343749998 0.7467029078125 0.15775786249999998 0.743968278125 0.1727933859375 0.76428575625 0.1789783140625 0.78385415625 0.1843537140625 0.7857133234375 0.1875903765625 0.7857321546875 0.2160532453125 0.718478628125 0.21698099375000002 0.7025497875
0 0.21052980937500002 0.813312365625 0.2109489328125 0.8061162718749999 0.20686016093749998 0.75830595 0.21235396718750002 0.7178779015625001 0.211795334375 0.7095036171875 0.20238110781250002 0.709448846875 0.19931926875 0.7171044828124999 0.1917533953125 0.721245984375 0.1828771703125 0.693988475 0.1797490859375 0.67583303125 0.1697712328125 0.6764725687500001 0.1551575046875 0.6938272078125001 0.152085675 0.7196200296875 0.1470486375 0.7342400390625 0.151268359375 0.7426356265625 0.1513039796875 0.75100686875 0.1475566640625 0.7614488640625 0.14196099375 0.7676945875000001 0.14102182968750002 0.7928022312499999 0.13327850624999998 0.8269389140625 0.1329129625 0.833215065625 0.1373763796875 0.8374265515625 0.1541940125 0.8361292203125 0.15970345625 0.8403467906250001 0.1686252921875 0.8578383562499999 0.1665688625 0.8661974296875 0.1679754359375 0.8689959578125 0.19136185 0.8764098046875001 0.1929529453125 0.8764190609375 0.20165132031250002 0.865703946875 0.21052980937500002 0.813312365625
0 0.22483771562500002 0.91162230625 0.2377995625 0.90866855 0.237907346875 0.9068179578125 0.23336477968749997 0.8849892374999999 0.22763366718750003 0.88757184375 0.22211579062500003 0.8864933625000001 0.2109005421875 0.8754411281250001 0.21466472812499998 0.8587209546875 0.1530607765625 0.8384813421875 0.1466660546875 0.8285035328125 0.1348415671875 0.8279115499999999 0.1308402375 0.8247491328125 0.130386584375 0.8205609734375001 0.12126010937500001 0.8215542578124999 0.11456076562499999 0.8168065734375001 0.09900583125 0.82037840625 0.0733866515625 0.8170902203124999 0.0561019328125 0.8264070765625 0.0521277890625 0.834754990625 0.0719211984375 0.85422816875 0.0794702 0.8563648468749999 0.08683643125 0.8616396 0.0951437078125 0.862734309375 0.1029940546875 0.8716742078124999 0.11321060937500001 0.8759191640624999 0.1172695859375 0.8900689015625 0.1264232453125 0.900585953125 0.142066290625 0.907478428125 0.183421015625 0.9154393421875 0.1885215015625 0.915469015625 0.20118873593750003 0.910438340625 0.22483771562500002 0.91162230625
0 0.1575815046875 1 0.1867513953125 0.9355252265624999 0.196658009375 0.9181432015625001 0.1986416078125 0.91008018125 0.1986597328125 0.9097689875 0.1909910984375 0.9076464375000001 0.1877817828125 0.8908856937499999 0.189086490625 0.8595018968750001 0.18551163125 0.849017303125 0.177747675 0.8475769609375 0.1739241234375 0.8503450625 0.15113528437499998 0.8823014546874999 0.1382480640625 0.9059444140625 0.13189068125 0.9073026000000001 0.1251777453125 0.8967997515624999 0.12115111406250001 0.9030546015625 0.11940962031249999 0.9239720609375001 0.09952376874999999 1 0.1575815046875 1
0 0.3872121625 1 0.3898207953125 0.98251954375 0.4048150546875 0.9316829734375001 0.4139193375 0.9101107624999999 0.41660788125000003 0.89797270625 0.41711758750000005 0.8892213984374999 0.41631068750000005 0.878035703125 0.4143404859375 0.87593148125 0.407460090625 0.877286625 0.40203187968750004 0.8716743546875 0.3994624296875 0.8618931953125 0.39954865625 0.8514299031249999 0.392439553125 0.829763365625 0.3905099671875 0.82696179375 0.3854582734375 0.825959053125 0.382770075 0.8259434125 0.3783182140625 0.8296812093750001 0.3764242484375 0.83525088125 0.36744680625 0.8456624484375 0.34840028749999996 0.8762454390625001 0.3502080265625 0.8811390593749999 0.33077033437500003 0.8914897703125 0.3266624703125 0.8991393234375 0.3268199390625 0.905418515625 0.338753009375 0.9340889812500001 0.344206846875 0.966209684375 0.3479441703125 0.9739048765625 0.3478935640625 0.9927394140624999 0.343303303125 0.999688571875 0.3436333609375 1 0.3872121625 1
0 0.35207595625 0.938203771875 0.359611203125 0.916622434375 0.3615507796875 0.90128681875 0.367395140625 0.8817883999999999 0.3691466234375 0.8427337546875 0.375514 0.82323838125 0.37051225625 0.8103039328125 0.3685823453125 0.7715766609375 0.361270159375 0.753396875 0.347956146875 0.7484363125 0.3419186953125 0.7532842921875 0.33744528906250004 0.76720999375 0.32871154375 0.773437459375 0.3254872390625 0.783882496875 0.3240656796875 0.8082897499999999 0.321085071875 0.8145506859375 0.3127025359375 0.9135591812499999 0.3285860015625 0.9283009015625 0.33014504843750003 0.9464472171875 0.3360962703125 0.9520625328125 0.35207595625 0.938203771875
0 0.403660796875 0.6838314515625 0.39650608125 0.671930859375 0.3861270625 0.670475303125 0.380211459375 0.6732312328125001 0.3655521234375 0.7003518140625 0.3561585296875 0.7358740703125 0.34312947656250004 0.79788345625 0.3399714171875 0.8341395734375 0.34454669375 0.8543961953125001 0.35901859062499997 0.8754079828125001 0.367991034375 0.8740650109375 0.3820817484375 0.856707328125 0.38905336875 0.8358202968749999 0.40860791250000006 0.8324461296875001 0.4096357484375 0.8298263562500001 0.41057283437500003 0.8137372125000001 0.406937009375 0.798254678125 0.403660796875 0.6838314515625
0 0.3640662625 0.7913814609375 0.368057275 0.7767553671874999 0.37248442187499997 0.700744209375 0.3764348171875 0.6868154640624999 0.3787565890625 0.6622603812500001 0.379970625 0.6414161843749999 0.37626670624999997 0.6268220578125 0.35985523124999996 0.6211458890625 0.3520200359375 0.602963059375 0.3455295859375 0.5990874828125 0.34387855312500004 0.599077878125 0.334278225 0.6021622546875001 0.3306933734375 0.609814846875 0.3307646140625 0.6265573343749999 0.3205280765625 0.658586753125 0.319218371875 0.69903914375 0.3251496125 0.74092883125 0.3282826921875 0.7500156828125 0.325251478125 0.77511115625 0.3274603796875 0.7820998703125001 0.3264449796875 0.799533621875 0.3337215421875 0.8093421656249999 0.351672434375 0.8101321968749999 0.3519986234375 0.8101340953125 0.35697779218750003 0.80529195 0.3640662625 0.7913814609375
0 0.3860188953125 0.5912811796875 0.38397745156249996 0.5724344718750001 0.378513621875 0.55845095625 0.370699365625 0.5570321218750001 0.365900475 0.557004203125 0.357709971875 0.5653057875 0.3540388921875 0.5834216750000001 0.3468285765625 0.5994242140625 0.3479914515625 0.60640684375 0.3438023578125 0.6154510953125001 0.34605187656249997 0.621742459375 0.345965646875 0.6322057531249999 0.334160071875 0.66422604375 0.33008283125000004 0.68931543125 0.3295142078125 0.6990783328125 0.33136256249999996 0.703274603125 0.3355872796875 0.702601596875 0.339938840625 0.69076794375 0.34549389375 0.685219571875 0.34972360468749997 0.6754779703125 0.3546337984375 0.6720186046875 0.356085984375 0.6650511906250001 0.358863509375 0.6622770046875 0.3698011625 0.672106846875 0.36705925625 0.6832522765625 0.3703954171875 0.6888523765625 0.3657239234375 0.6971962359375 0.36652625156249996 0.701386421875 0.3813380625 0.689613625 0.383917503125 0.681257596875 0.3859076890625 0.64708744375 0.38808575312500004 0.6362657328125 0.3883854375 0.631120346875 0.3861613765625 0.6247661546875001 0.3860188953125 0.5912811796875
0 0.3028155921875 0.53893375 0.3432586203125 0.55120240625 0.3608142203125 0.549211784375 0.3681499890625 0.5550095484375 0.3848254671875 0.5561529421875 0.43851869531250004 0.5714939484375 0.45239401093750004 0.571574671875 0.45755983125000005 0.5649471359375 0.477847184375 0.5519854203125 0.502014015625 0.544278171875 0.50983735625 0.531748703125 0.509955084375 0.529727375 0.5060828203125001 0.5223278734375 0.483344428125 0.5174868765625 0.44575172343749997 0.5041884234375 0.44963448125000005 0.497409546875 0.46097485312500003 0.49433638437500005 0.46609999999999996 0.490180684375 0.45579205937499995 0.4875047640625 0.312466475 0.5049825609374999 0.29590956875 0.5137804640625 0.2916688046875 0.520492953125 0.2915722953125 0.5221499703125 0.293570546875 0.5299857375 0.3028155921875 0.53893375
0 0.40916384843750003 0.5174477000000001 0.42273654374999997 0.49101838124999997 0.4271593453125 0.495927215625 0.430170578125 0.5071061171875 0.43476051718750003 0.50579545625 0.4349092875 0.503241165625 0.43429342968749995 0.4722507859375 0.42779356249999995 0.440123996875 0.42908827968749996 0.4268773890625 0.4406501609375 0.3990411984375 0.43827879375 0.394841884375 0.43844625312499996 0.382983890625 0.431012221875 0.3668961546875 0.42752358749999997 0.3459482671875 0.4236238 0.3410424734375 0.4142908078125 0.33959300312499996 0.40684678124999996 0.3416424546875 0.398549821875 0.35833625625 0.39286293125 0.3841138671875 0.386094390625 0.40151414843750005 0.37603595625 0.47539978437499997 0.377986175 0.5137783796875001 0.38268829375 0.522874359375 0.3841304875 0.5340441328125001 0.3915954421875 0.541523396875 0.3980003015625 0.541560659375 0.4027152421875 0.5383377734375 0.40916384843750003 0.5174477000000001
0 0.43612799999999996 0.4180895171875 0.44529852812500004 0.4223283890625 0.4519302328125 0.4342259390625 0.458034409375 0.42823231249999993 0.45886123593750006 0.41403625625 0.4577439703125 0.397287684375 0.4590842984375 0.3742751328125 0.454102865625 0.3609920109375 0.4563267546875 0.34077494375 0.4544021640625 0.32890477812499996 0.46129255 0.3094124484375 0.46530902812499997 0.30333193281250004 0.4666148328125 0.280912128125 0.4636076625 0.26966349375 0.454965140625 0.256359071875 0.4441849578125 0.252808421875 0.43714209843749996 0.256952965625 0.430292328125 0.27574794687500004 0.4254633671875 0.2778126140625 0.41939029687499996 0.2742893484375 0.4119056578125 0.2770361484375 0.4077571765625 0.2853830515625 0.4194209203125 0.2917291859375 0.4198170890625 0.302892871875 0.40805213125 0.3342158125 0.4031725625 0.3551150140625 0.3979780578125 0.36345583124999997 0.39200185625 0.40318348593750003 0.39861357656249996 0.4513554109375 0.40812335156249996 0.4665941390625 0.4100039953125 0.46660508125 0.41735580156249996 0.4619282453125 0.43612799999999996 0.4180895171875
0 0.4379222078125 0.19409734375 0.43881576093749997 0.1787556421875 0.4442539609375 0.166230725 0.4358451453125 0.16687939062499998 0.427883103125 0.15985720625 0.4210789453125 0.16888624375 0.411299175 0.1751076234375 0.40293097343750006 0.1750589390625 0.39572565000000004 0.18199288125 0.385544715625 0.1861191703125 0.376567275 0.19653073593749998 0.3710328546875 0.23765613281250003 0.3708960203125 0.266953965625 0.3672299375 0.2760012578125 0.3647673453125 0.29133383125 0.3593397859375 0.3575729609375 0.361386225 0.367351075 0.36363574375 0.37364244062499996 0.3753807203125 0.378593875 0.3845562453125 0.3737641515625 0.392086496875 0.3612514078125 0.39864696093749996 0.3564064703125 0.4341399234375 0.26801949375 0.439334428125 0.2596786765625 0.44328482343750003 0.2457499328125 0.4505368734375 0.234925875 0.45153427187500006 0.21780121874999997 0.4425787125 0.21295926562499998 0.4379222078125 0.19409734375
0 0.51116866875 0.193575196875 0.5140731 0.190662 0.5149568859375 0.17548797968750002 0.5027460968749999 0.1705058453125 0.4704003890625 0.15095964374999998 0.4359593515625 0.1434346125 0.3847209921875 0.13685824062500002 0.3684719828125 0.12839266875 0.3585872328125 0.1304279203125 0.35170511875 0.1288183125 0.32638728125 0.13233334531250002 0.31601514062499997 0.1427367984375 0.317558875 0.1521631953125 0.3490549234375 0.1743204046875 0.366305903125 0.17755990625 0.37555095 0.18650791875 0.4018370171875 0.1903231765625 0.4423714328125 0.20102279374999998 0.4443687265625 0.20109000156249998 0.46639045156250003 0.2012181203125 0.496219696875 0.1987201265625 0.51116866875 0.193575196875
0 0.4061781 0.014321229687500001 0.3965607921875 0.017753209375000002 0.391767453125 0.0281891203125 0.39023903125000003 0.0274826421875 0.3922498484375 0.0288895140625 0.3911076046875 0.057483909374999996 0.389168028125 0.0728195234375 0.3837704421875 0.084647090625 0.38070360625 0.1013713203125 0.378109178125 0.13693313125 0.37930268125 0.1613556 0.386777328125 0.176745984375 0.393926953125 0.17735109843750002 0.3957362484375 0.177361625 0.397882440625 0.17471783125 0.4226058609375 0.13649441874999999 0.433279184375 0.1149313390625 0.44244406718749996 0.056387401562499995 0.4493344546875 0.036895073437499995 0.44970471874999995 0.034523989062499996 0.4508294859375 0.0152124671875 0.44947128750000004 0.0075972390624999995 0.449905046875 0.0026174703125 0.41173084531250004 0.0023953796875 0.4114944515625 0.003888365625 0.4061781 0.014321229687500001
0 0.4159358328125 0.0196131671875 0.41121872656249997 0.0377229703125 0.40932476093750003 0.0432926421875 0.40211943906250003 0.0502265859375 0.3969605546875 0.0669386453125 0.40001240156250006 0.0774201953125 0.4048413625 0.07535553125 0.40685717656250003 0.067693809375 0.412087303125 0.06772423749999999 0.41457552187499996 0.0789000953125 0.4153272421875 0.10192481874999999 0.4229643546875 0.1145258046875 0.4289519796875 0.11659672031249999 0.43085661562500005 0.1166078 0.4375 0.0025453 0.415963521875 0.0024200046875 0.412360971875 0.009128573437499999 0.4159358328125 0.0196131671875