0 0.05274096874999999 0 0.053278349999999995 0.0006254203125 0.05853353125000001 0.027471078125 0.06597196250000001 0.0482466765625 0.066400078125 0.0482242390625 0.0683517328125 0.0364855515625 0.07666394531250001 0.027253906249999998 0.0796971609375 0.0117019015625 0.0837085875 0 0.05274096874999999 0
0 0.156195684375 0 0.157243975 0.0038216546875 0.172176028125 0.026495159375 0.1761167671875 0.038749667187499996 0.188127953125 0.0476492109375 0.190920775 0.047965553125 0.1975243953125 0.047619471875 0.2029808015625 0.0373417828125 0.21583214375 0 0.156195684375 0
0 0.2644103203125 0 0.25513760625000004 0.009402256250000001 0.255712253125 0.02036716875 0.2611165359375 0.025581457812500003 0.2927791421875 0.028320103125000003 0.30156711875000003 0.04215308125 0.309261275 0.041408678125 0.3070911390625 0 0.2644103203125 0
0 0.33154408125 0 0.33472021875 0.060604303125 0.33909928906250003 0.06024286718750001 0.335830525 0.0538171578125 0.3476253125 0.0411044890625 0.3576581046875 0.036730432812500005 0.39695939375 0.03137223125 0.40547273281249996 0.0259783015625 0.40895531093750004 0.022497278125 0.409082925 0.0109458125 0.4158322109375 0 0.38298524375 0 0.37921104843750003 0.0004167984375 0.3779352734375 0 0.33154408125 0
0 0.4651771296875 0 0.43861666250000003 0.01376395625 0.436123671875 0.0221408796875 0.43877637187499996 0.0307978796875 0.4572523515625 0.03367785625 0.4724883 0.0306803671875 0.482837146875 0.0323370140625 0.48894369062500004 0.036964745312500005 0.486179421875 0.0541519078125 0.4903570609375 0.055774634375 0.49587496093750005 0.055485453124999994 0.5054898515625 0.048652545312500003 0.5029400796875 0 0.4651771296875 0
0 0.53753776875 0 0.5395046859375 0.0375310015625 0.54258610625 0.0373695109375 0.5495863234375 0.0340889625 0.57055529375 0.028592014062499997 0.5790111671875 0.0221015953125 0.597672228125 0.01452659375 0.6015410109375 0.0044283125 0.597601096875 0 0.53753776875 0
0 0.6275304875 0 0.6373835406249999 0.006613465625 0.6425292312499999 0.00689354375 0.6491529578125 0.021389695312500002 0.6531705578125 0.0221732765625 0.6857604375 0.0204653125 0.6846878953125 0 0.6275304875 0
0 0.71851263125 0 0.7192118796875 0.0023525125 0.7308927703125 0.0259294046875 0.7329972234375 0.0346151375 0.7396213703125001 0.0364440796875 0.7452751578125001 0.0361477765625 0.751675884375 0.03436923125 0.7631362390625 0.0117785640625 0.7724003734375 0 0.71851263125 0
0 0.9169000828125 0 0.9247240296875001 0.015065625 0.899455290625 0.02243716875 0.886970925 0.02199194375 0.8798046453125 0.0251162703125 0.872782028125 0.030981821875 0.857718471875 0.037268784375 0.8589091859375 0.04600240625 0.8812987265625001 0.053625042187500006 0.91062805 0.0817745328125 0.9139186046875001 0.0821472515625 0.92068815625 0.081792475 0.9379009765624999 0.07810344999999999 0.9338077484375 0 0.9169000828125 0
0 0.16753475625 0.8648528437499999 0.16415820781249998 0.858555903125 0.134832246875 0.8584435578124999 0.114077084375 0.8540337750000001 0.10923140312499999 0.845491703125 0.1153793640625 0.8369232296875 0.11011874375 0.8344501734374999 0.09420926874999999 0.8385824625 0.0899956953125 0.8421017921875 0.0712771703125 0.8485803046875 0.0592525234375 0.8569070078125 0.0451118734375 0.8607858234375 0.04602058125 0.878125 0.16789558124999998 0.8717378015625 0.16753475625 0.8648528437499999
0 0.143955459375 0.7763095015625 0.1375535671875 0.759052965625 0.127773675 0.7507694859375 0.11637544687500001 0.7535658484375001 0.11221934062500001 0.758181671875 0.1058728359375 0.79443136875 0.1129762125 0.81458315 0.1118823046875 0.8461595609374999 0.10854261093749999 0.8558636109375 0.10719244531250001 0.8720604125 0.10949103125 0.9159200609375 0.11195218124999999 0.9209220890625 0.1352730671875 0.9358259359375 0.1444161859375 0.9529388109375001 0.148709009375 0.955783278125 0.1503274765625 0.9556984578125001 0.16114363125 0.9469311499999999 0.163755440625 0.923338209375 0.1701382078125 0.9145296765625 0.169459578125 0.90158065 0.1633288640625 0.85225938125 0.15673542499999998 0.8313478765625 0.1561343765625 0.8093893203125001 0.15246180468749998 0.8022517734375001 0.15216723593749998 0.7861411687500001 0.143955459375 0.7763095015625
0 0.23231108125 0.8607799406250001 0.21248804375 0.8601695671874999 0.179191053125 0.8542180687500001 0.1310891015625 0.8594877421874999 0.0950686734375 0.8715024937500001 0.0967018140625 0.9026646734374999 0.10335946250000001 0.9038216015625 0.11089926406249999 0.90782446875 0.1513050671875 0.9095551499999999 0.190019028125 0.9069764859375 0.2291352359375 0.9120732609375001 0.23691758125 0.9067176421875001 0.2427942671875 0.906959409375 0.252747290625 0.9111610750000001 0.2720165109375 0.9101512171874999 0.28975028593749996 0.9077970578125001 0.3082676859375 0.8974808281250001 0.31141817656250004 0.889761215625 0.3112443125 0.8864436796874999 0.30655979218749996 0.8788787859375 0.2711112390625 0.8598460125 0.2615508484375 0.8592475500000001 0.2573660109375 0.8633151265624999 0.24364951562499998 0.8673324859375 0.23231108125 0.8607799406250001
0 0.2991343328125 0.8689280296874999 0.277405634375 0.8739150421874999 0.26497873437499997 0.874566309375 0.23396092343750002 0.87014461875 0.1987582765625 0.8697905046875001 0.19660839218749998 0.8707278031250001 0.1969236921875 0.876744078125 0.20804738750000001 0.8791992093750001 0.2107288203125 0.88840445625 0.19780276562500002 0.89351780625 0.19978003125 0.9312462874999999 0.20124530468750002 0.9312323234375001 0.20541745625000002 0.9409091953125 0.2103632609375 0.9447181578125001 0.21343344531250003 0.9445572562500001 0.246353128125 0.9387638468749999 0.29438156875 0.9181049874999999 0.3074532671875 0.9157706734375 0.3231903515625 0.9083489124999999 0.3399457515625 0.906371296875 0.3485740203125 0.9031703515625 0.376751340625 0.880753390625 0.376619884375 0.87824504375 0.3723774109375 0.8678382812500001 0.36629959843750004 0.86375879375 0.34259172968749996 0.8589540046874999 0.32900285 0.851419896875 0.3109578546875 0.85676360625 0.2991343328125 0.8689280296874999
0 0.36276396875 0.7504891406249999 0.35442535625 0.7487271437499999 0.3430271265625 0.7515235046875001 0.339457575 0.756841590625 0.334894553125 0.7746727734375 0.3372816703125 0.8097317609375001 0.33604643125 0.82812154375 0.3399488625 0.83964505625 0.3411483734375 0.8520432234375 0.33426553124999997 0.8780590046875 0.33224028125 0.9023542062500001 0.33226668125000003 0.9133478515625001 0.336602428125 0.9226496484375 0.3521950734375 0.9159684578125 0.3555994765625 0.9179890453124999 0.38017267499999996 0.96727835 0.3885845078125 0.9698473921874999 0.3937490875 0.969576728125 0.40128608593750004 0.9610408296875 0.406596546875 0.94199908125 0.404549821875 0.9029452234375 0.3916252796875 0.85013084375 0.38591038125 0.81451325625 0.3777105140625 0.794418940625 0.3760010671875 0.7827805 0.366908165625 0.7561359671875 0.36276396875 0.7504891406249999
0 0.6095519796875 0.57784358125 0.592036853125 0.5793112625 0.5575525125 0.5926632921875 0.549540309375 0.5936329421875 0.53830411875 0.6030178296875001 0.5086781484375 0.6111674765624999 0.48384039375 0.6267627046875 0.47088362500000003 0.6312900015625 0.46639877656250006 0.643619575 0.473724765625 0.6575291703125 0.5095020609375001 0.668848196875 0.550680278125 0.6573443625000001 0.5703596546874999 0.6552135078125 0.6042566625 0.64464101875 0.6168686421875 0.633534775 0.6627041015625 0.6129908453125 0.6704002499999999 0.6059904890625 0.6709601203125 0.6050471843749999 0.670855646875 0.60305370625 0.6580147671875001 0.593445553125 0.6446270140625 0.5897491625 0.6336908328125 0.59087205625 0.6225535265625 0.5881572265624999 0.614024140625 0.579258459375 0.6095519796875 0.57784358125
0 0.52570130625 0.5859763203125 0.5074839203125 0.5880305546875 0.47231000312500004 0.5882246890625 0.44465984062499997 0.5781289921874999 0.42244269062499995 0.5737958296875 0.41589247812499996 0.5746888609374999 0.4088698578125 0.5805544171875 0.41608091875 0.5922710328125 0.412770734375 0.599041528125 0.3719660375 0.6176725546874999 0.357161075 0.628893725 0.34993733125 0.6309215609375001 0.34803167031250004 0.636518946875 0.3541382171875 0.6411466781249999 0.36068842968750003 0.64025364375 0.366006515625 0.6438231953125 0.42458829218750005 0.6566958453125 0.4380113625 0.658599109375 0.444296903125 0.6582696984374999 0.4502305515625 0.6564514953125 0.47319138125000004 0.647001896875 0.49092031875000003 0.6356274859375 0.5183820421875 0.6281410125 0.5351949078125 0.6272598875 0.55604895 0.6195699578125 0.575521415625 0.607634159375 0.5745477109375 0.5890547749999999 0.5717539390625 0.583562803125 0.55819379375 0.576576940625 0.5411223359374999 0.572523853125 0.53828455625 0.5743218296875 0.5364938265625 0.5821121984375 0.52570130625 0.5859763203125
0 0.597524971875 0.5849014015625 0.56359923125 0.5949256453125 0.5444657687500001 0.6074731671875 0.54389448125 0.6245454015624999 0.5516928734375 0.633482478125 0.5637335671875 0.6394484703125001 0.573207759375 0.638402196875 0.59096543125 0.62757603125 0.6186282796875 0.6239272765625 0.6260244171875 0.6251889171875 0.6412569343750001 0.635413128125 0.6421706781250001 0.6353652421875 0.645818725 0.62525104375 0.65011849375 0.6233764484375001 0.7193618109375 0.6158992984375 0.7342242375 0.60577461875 0.7411031953125 0.5971678359375 0.7511072546875 0.5922455359375001 0.7531271171875 0.5883902046875 0.7530227375 0.5863985281249999 0.7429353421875 0.5761812640625 0.704406465625 0.5683049515625 0.6524196828125 0.569380209375 0.6279106703124999 0.5772616890625 0.6045475890625001 0.579035846875 0.597524971875 0.5849014015625
0 0.78941233125 0.5481225109375 0.788106690625 0.5371959078125 0.7936385875 0.530858728125 0.7986693500000001 0.5289458234375 0.7896675625 0.525019575 0.7465676375 0.527828096875 0.729512228125 0.538067709375 0.7199805718750001 0.5380174890625 0.7041860234375 0.5443427609375 0.6895086765625 0.544012465625 0.6692259203125 0.5346301625 0.651653328125 0.5350013515625001 0.63389565625 0.54582751875 0.6292384156249999 0.554867615625 0.6358908734375001 0.5699120140625 0.6397182375 0.5730099390625 0.653808253125 0.5761197734375 0.662222709375 0.5828255578125 0.683450271875 0.5822628203125 0.70651334375 0.58875065625 0.7404551296874999 0.5930191078125 0.7479133671875 0.593787296875 0.8010050078125 0.5910048828125001 0.8425357203124999 0.582721528125 0.8480963499999999 0.5769325921874999 0.8455011140625001 0.5693720843750001 0.8304215140625001 0.56136635 0.8108697515625 0.5519457375 0.78941233125 0.5481225109375
0 0.8166646109375 0.534192015625 0.8046399640624999 0.5425187203124999 0.792844296875 0.5458856609375 0.7828250671875 0.5458609953125 0.7678477125 0.5537926953125 0.75691153125 0.5549155875 0.713412715625 0.5780858171875 0.7092151906249999 0.59589784375 0.72499705625 0.6033170234375 0.7519289078125 0.599706578125 0.768483184375 0.59389124375 0.7786883703124999 0.5928066624999999 0.7943265687500001 0.5974846109375 0.811283096875 0.5993447140625 0.8335326406249999 0.5987009296875 0.86039665 0.5972930468750001 0.8776024390625 0.5920208062500001 0.8901569531250001 0.579818071875 0.9010069375 0.5770504421875 0.9101650749999999 0.56997346875 0.9188220749999999 0.5673207687499999 0.9270871328125001 0.559374784375 0.9270105953125001 0.5579143578125 0.9126132874999999 0.546755603125 0.87680725625 0.5348883328125 0.8417195375000001 0.5367272015625 0.8349969296875001 0.5343307625 0.8233872218749999 0.53658845625 0.8166646109375 0.534192015625
0 0.8625808578124999 0.4619534734375 0.8575581203124999 0.47101272656250004 0.8566795796875001 0.48571880624999997 0.8534165078125 0.4968848453125 0.8602014953125 0.5214513234375 0.8607378328124999 0.531685240625 0.8517888453125 0.54974628125 0.8551430296874999 0.561298528125 0.8549276640624999 0.57816885625 0.8599146765624999 0.5998975546875001 0.8599027687499999 0.61016020625 0.8646216125 0.6267719453125 0.8710235031250001 0.64402848125 0.886312253125 0.6630182828125 0.8898196765625 0.6774945046874999 0.902472275 0.6843950734375001 0.9114218109375001 0.6839260484375 0.9131141609375 0.68140470625 0.915254340625 0.6593024859375001 0.918275646875 0.6540131328125 0.9198437640625 0.6524649484375 0.9300186640625 0.6577957203125 0.93071854375 0.6286662078125 0.9301279140625001 0.6173963453125 0.925321053125 0.589139734375 0.9055671343749999 0.5373988578125 0.8891648171875 0.46569128125 0.885607175 0.460746715625 0.8766053875 0.45682046718749997 0.8625808578124999 0.4619534734375
0 1 0.514039875 0.997495575 0.5092670515625 0.9910672828125 0.481016871875 0.980624215625 0.470569140625 0.9669946953125 0.4727494375 0.9607605343750001 0.47967317343750004 0.9569492171875 0.49086794375 0.9576771031250001 0.5047568328125001 0.9544523406250001 0.516653865625 0.9603059843749999 0.533939134375 0.961218678125 0.6247835359375 0.9707329874999999 0.6594690015625 0.9713340328125 0.681427559375 0.9761595265624999 0.6899340375 0.9762326265624999 0.68993020625 0.98887789375 0.680508125 0.9922175859375001 0.670804075 0.9994716171875 0.6623608859375001 1 0.660924675 1 0.514039875
0 1 0.7757154859375001 0.895788034375 0.776604259375 0.8696446375000001 0.7812728859375 0.8577636500000001 0.79234081875 0.8537512078124999 0.7996978718750001 0.865118371875 0.8067986625 0.8692905234375001 0.8164755343750001 0.9235150671874999 0.8301262906250001 0.9359707015625001 0.83002326875 0.9989263234375001 0.8469868249999999 1 0.84693055625 1 0.7757154859375001
0 0.88396565 0.7362536203125 0.876540778125 0.7344437359375 0.860774965625 0.7413172515625 0.8505697796874999 0.7424018343750001 0.8160981234375001 0.7420094125000001 0.8071825328125 0.7397279015625 0.8036712234375001 0.7426606796875 0.8025540234375 0.7493162453125 0.8075146343749999 0.7600513 0.8072433562500001 0.7688615390625 0.799662140625 0.7780548765625 0.8056824859375 0.781037871875 0.8114890203125 0.7939275984374999 0.8175381015625 0.7974588390624999 0.8208068656249999 0.8038845484375001 0.8543049828125 0.813673765625 0.873068284375 0.822036196875 0.8822137375000001 0.8287036703125 0.8917741250000001 0.8293021359375 0.9004598578125 0.82719768125 0.9259170390625 0.8374083062500001 0.9497111015625 0.8438578328125 0.9506572156249999 0.8448161265625 0.966698475 0.843975440625 0.9694766781249999 0.8433717140624999 0.974335046875 0.838169334375 0.9743708906249999 0.8337832031250001 0.9739190750000001 0.825162025 0.9647425640625 0.8089854796875 0.964455240625 0.8035030234375 0.943470221875 0.7947072765625001 0.9206209624999999 0.778312709375 0.9102560687500001 0.76236336875 0.88396565 0.7362536203125
0 0.8959897968750001 0.7538797890625 0.887160403125 0.7532430156250001 0.842713421875 0.758321140625 0.8290831234375 0.7639832375 0.8092313515624999 0.7628246203125 0.7928621578125 0.7581849765625 0.7804352578125 0.75883624375 0.7312448359375 0.771309728125 0.723462490625 0.7766653484375 0.71109305625 0.77841310625 0.692661853125 0.790374071875 0.6910147859375 0.8009056671874999 0.6838772390625001 0.8045782406249999 0.683126409375 0.80729763125 0.6832521125000001 0.8096961984375 0.69041476875 0.8174296578125 0.7133629109374999 0.8217245109375 0.726105865625 0.8271039453125001 0.7469922796875 0.82728750625 0.7665123031250001 0.8262645046875001 0.79675370625 0.8184536859374999 0.8299645015625 0.822760446875 0.8966379546875001 0.7802338890625 0.9042191734375 0.7710405515625001 0.9073569625 0.76098058125 0.8959897968750001 0.7538797890625
0 0.717422425 0.8189370890625 0.7087366921875 0.82104154375 0.70460931875 0.8262056140625 0.6329912984375 0.8722898140625001 0.6210528484375 0.8822612546874999 0.6165392671875 0.8940425812499999 0.6191632359375 0.9021513359375 0.635117490625 0.9128599890625001 0.6357826359375001 0.913022125 0.654257903125 0.9120538765624999 0.6647434640625 0.9047103406250001 0.719724371875 0.8908338859375 0.7418392765624999 0.879229615625 0.7787751921875 0.87069686875 0.796619059375 0.861515440625 0.8008613640625001 0.858544353125 0.79084125625 0.849173959375 0.7919297249999999 0.841970146875 0.8107218453125 0.8203743546875 0.810256146875 0.8114883140625 0.79231256875 0.80731574375 0.7776064890625001 0.806437203125 0.7492827984375 0.79747630625 0.740482134375 0.797387778125 0.7347491109375001 0.799887240625 0.717422425 0.8189370890625
0 0.6052720296875 0.7462734921874999 0.5981831453125 0.7473780062500001 0.5880729578125 0.7537718734375 0.5841850187500001 0.7635046578125 0.5833447875 0.77894173125 0.57650025625 0.8056885046875 0.5888681375 0.810904346875 0.595856584375 0.8288631453124999 0.587494153125 0.8476264484374999 0.5901851625 0.85701444375 0.6291421703125 0.929005984375 0.6508147156249999 0.95767128125 0.6511167109375 0.957655453125 0.6544525796875 0.9504025796875 0.6654294000000001 0.9395652828125 0.6690251218750001 0.9268791562500001 0.668232109375 0.9117475718750001 0.6561900031250001 0.836696234375 0.6427375390625001 0.82127520625 0.6344993609375 0.8004498968749999 0.632636675 0.7858874765625 0.6144653671875 0.7538547109375 0.6052720296875 0.7462734921874999
0 0.5282008578124999 0.8057046546875 0.5148004187499999 0.815752715625 0.5009977296875 0.8181253390625001 0.49651288125 0.8304549109374999 0.48721108125 0.8347906578125001 0.4774656140625 0.8446471703125 0.461527403125 0.8482312140625 0.460553865625 0.8576280078125 0.46291924062499995 0.8608025515625 0.44586383124999995 0.8710421640625 0.44395817187500003 0.8766395484375 0.43755161875 0.8802738109374999 0.43804006875 0.8895939859374999 0.44574448593750005 0.8994797296874999 0.47109893906250006 0.8981509578125 0.47876192812499996 0.8973553687500001 0.521730878125 0.8780611671875 0.5319935265625 0.878073078125 0.5513441625 0.8836559703125 0.5535084125 0.8829927968750001 0.5530199625 0.8736726203125 0.5570611390625 0.8668638124999999 0.5983830203125 0.8581012078124999 0.6213438453125 0.8486516109375 0.626259678125 0.8445457234375 0.6253850234375 0.8418428078125 0.6222886546875 0.838706571875 0.61193980625 0.837049925 0.6071515875 0.829604346875 0.6176855140625 0.8208060156249999 0.6230162859374999 0.8106311171874999 0.6404691953125 0.80054590625 0.639625721875 0.784451471875 0.621637134375 0.784315325 0.60803556875 0.79052566875 0.5920111625 0.7924649734375 0.5727754546875 0.7890750625 0.5625415375 0.7896114 0.5282008578124999 0.8057046546875
0 0.5524459453125 0.854502634375 0.5714644796874999 0.8397621296875 0.5704461609375 0.8343179859375001 0.5650706125 0.829651940625 0.5532597765625 0.828071915625 0.538110025 0.832714140625 0.526356653125 0.8322306046874999 0.5157492140625 0.8256397515625 0.510057609375 0.81494300625 0.49897776875 0.81332466875 0.4140869234375 0.8579054625 0.3992532296875 0.868578390625 0.3820254265625 0.875528528125 0.369470909375 0.8877312609375 0.35882205312500004 0.894336609375 0.351305446875 0.9034515937500001 0.3513219359375 0.9037662140625 0.3538360703125 0.91109045625 0.3637125140625 0.9177196203125 0.372599371875 0.9194528859375 0.3980979703125 0.9164673078125001 0.4069273671875 0.91710408125 0.40865349218749997 0.9186582921875001 0.4103487890625 0.9185694453125001 0.43132145 0.90702961875 0.460302625 0.9005630171875 0.49852813281249997 0.8886641781250001 0.5243267406250001 0.8774166046874999 0.5448647265625 0.8636959718749999 0.5524459453125 0.854502634375
0 0.41917408125 0.6065353171875 0.402533609375 0.6107059171875 0.39589719843750004 0.6099542140625 0.3799716734375 0.59979380625 0.37105608125 0.5975122953125 0.3673884265625 0.6114482953125 0.36022214531249996 0.6145726218750001 0.3288468625 0.6173164328125 0.296181984375 0.6234263375 0.28901570468750004 0.6265506640625 0.2877261125 0.6299167578125 0.2976312875 0.63709416875 0.2951095625 0.644922846875 0.2789000765625 0.6573171296875 0.2638652546875 0.6641523359375 0.2625756609375 0.66751843125 0.26239058125 0.67797340625 0.2688706453125 0.6897283328125 0.2903567984375 0.6940998031250001 0.2941841640625 0.697197728125 0.2988281734375 0.697229221875 0.33050456875 0.6955691328125 0.33219585937499996 0.6952056203125 0.3398920078125 0.688205265625 0.3587254609375 0.6839197359375 0.37595326562500003 0.6769696 0.3965774484375 0.664893703125 0.403887390625 0.66451060625 0.40926293906250005 0.6691766484375 0.4124294625 0.659664925 0.42509890625 0.6496551734375 0.46048663437500004 0.639554309375 0.4789861109375 0.619192925 0.47866128437500005 0.6129948640625 0.47706627968750004 0.6062500734375 0.468536896875 0.59735130625 0.4567547921875 0.596319525 0.4466645359375 0.5995970890625 0.43181479375 0.595977321875 0.41917408125 0.6065353171875
0 0.28876575 0.61417603125 0.2816569328125 0.6183968484375 0.267796778125 0.6196729796875 0.2596983765625 0.6189978953125 0.23654910624999997 0.6108653234375 0.21523534843749997 0.609783325 0.20179013124999998 0.60499044375 0.1908539484375 0.6061133375 0.18489106875 0.6042268328125 0.177667325 0.6062546671875 0.1755605390625 0.608014334375 0.1786442234375 0.62489501875 0.1846358375 0.62732976875 0.1882333421875 0.6260417296874999 0.1983683796875 0.6376051046875 0.17967858750000001 0.6446318609375 0.1749064171875 0.6514789765625 0.1578510046875 0.6617185875 0.1545982890625 0.6695855734375 0.1579819828125 0.6782042640625 0.162482875 0.6801673890625 0.179267009375 0.6787380187500001 0.1963097328125 0.6822428578124999 0.219816475 0.6832099281249999 0.2242886390625 0.68462480625 0.23079743437500003 0.6969279765625 0.237658359375 0.6973014140625 0.24172568125 0.6970882546875 0.265926571875 0.681892903125 0.27850981875 0.6702384140625 0.3358848375 0.6600847484375 0.3383203640625 0.650611334375 0.3529115171875 0.64929689375 0.3582997515625 0.6402184859375 0.3731512828125 0.6326832046875001 0.3726333859375 0.622801140625 0.3598445765625 0.61374945625 0.35168870937499996 0.6119778828125 0.32975888593749997 0.613127175 0.3148804125 0.608959159375 0.2990571296875 0.6147361859375 0.28876575 0.61417603125
0 0.20132825625 0.6489764390625 0.20482351875 0.631750965625 0.2270533515625 0.6223396796875 0.233057653125 0.6110299796875001 0.243706509375 0.60442463125 0.2439490546875 0.5950661453125 0.2343726203125 0.5801749859374999 0.22405250312499997 0.579066584375 0.20817175781250002 0.5837471203125 0.1897245109375 0.5814153906249999 0.18155596093749998 0.5933882671874999 0.172697834375 0.592203246875 0.14988066718749998 0.604394071875 0.10698187031249999 0.6110403140625 0.080337340625 0.6201332140625 0.07899028125 0.6224028171875 0.0866450109375 0.628598665625 0.040184160937500005 0.6931554859375 0.06430696875 0.6918912625 0.0699250640625 0.68719881875 0.0880849875 0.68404809375 0.09884877343750001 0.6796357265624999 0.113439925 0.678321284375 0.12176818281249999 0.683382334375 0.12059351874999999 0.688941409375 0.1217928390625 0.68927254375 0.13460655625 0.68860100625 0.1378787875 0.6830877640625 0.152038953125 0.6735496390625 0.1602235515625 0.675869459375 0.183899325 0.65208885625 0.1924701296875 0.6477914203124999 0.20132825625 0.6489764390625
0 0.0530221734375 0.691257440625 0.062318531249999996 0.7112942921875 0.0645841921875 0.7126390125000001 0.0691687703125 0.7123987453125 0.076024671875 0.7105759843749999 0.08731988125 0.6953239890625 0.087280278125 0.6788335375 0.0861022515625 0.6563554500000001 0.0811690796875 0.630409171875 0.0753920546875 0.614585890625 0.058278928125 0.5817646640625 0.0638499125 0.5726766796875 0.0596410046875 0.5553052140625 0.0578047171875 0.5517364406249999 0.051455629687500004 0.5564671921875 0.0480512265625 0.55444660625 0.032736074999999996 0.524463159375 0.027297074999999997 0.520859221875 0.0355879078125 0.679057728125 0.0412910640625 0.6772122046875 0.0530221734375 0.691257440625
0 0.149954628125 0.170650075 0.149415478125 0.1603624765625 0.13575475312500002 0.1490972578125 0.1269955078125 0.1358125265625 0.11481115156249999 0.12710530625 0.10586682812499999 0.12427554999999998 0.0970948984375 0.12473526718750001 0.0450667 0.1390067296875 0.031465134374999995 0.145217071875 0.0255884484375 0.1449753046875 0.0210300890625 0.141915690625 0.014594803125 0.14500170625 0.007559618749999999 0.1442461140625 0.009826459375 0.1875 0.1409713796875 0.18062698593749998 0.149954628125 0.170650075
0 0.042752046875 0.1541958046875 0.0409325859375 0.161437928125 0.0156224296875 0.1820056765625 0.0138604296875 0.190344290625 0.017975118749999998 0.19892467187500001 0.035978695312499996 0.2067771671875 0.058339546875 0.2115929921875 0.080961471875 0.210407428125 0.15811218437500002 0.2014759234375 0.161422365625 0.194705428125 0.1670979265625 0.1911094765625 0.20720036249999998 0.1730650046875 0.2170894921875 0.16594972187499998 0.22669129843750002 0.15335198125 0.2269763078125 0.145503090625 0.2269540390625 0.145078196875 0.1971768953125 0.135657465625 0.1750172125 0.13242079375 0.1324057390625 0.1445494921875 0.0942791109375 0.14434861875 0.0498321328125 0.14942674375 0.042752046875 0.1541958046875
0 0.214231028125 0.046020073437499996 0.204795925 0.0443155421875 0.1969170296875 0.051325473437500005 0.1920475296875 0.0633087046875 0.19159039687499999 0.08605571875 0.18781738750000002 0.0979814859375 0.190903403125 0.1044167703125 0.19288101875000002 0.12117217031250001 0.190012953125 0.1293855 0.185780228125 0.1325393375 0.18908419375000002 0.1536232375 0.185770903125 0.1743209328125 0.18805758125 0.22844323281249998 0.1956828 0.23757263437499998 0.2064059453125 0.24287467343750002 0.21720829375 0.281157646875 0.222604575 0.281323803125 0.2260643875 0.2811424828125 0.2268468546875 0.2762544984375 0.2346491328125 0.2677825796875 0.23677740468750003 0.2559430109375 0.24387819687499998 0.24457584687499997 0.2486829859375 0.22086797812499998 0.24386112031249998 0.19180060625 0.2455177671875 0.1814517578125 0.241332675 0.143554990625 0.24502068906250002 0.1310564484375 0.245008990625 0.130833225 0.23689390625 0.12179756093750001 0.23260838125 0.10296410781250001 0.2371714015625 0.0851329234375 0.230132734375 0.07670578125000001 0.22177963125 0.053687490625 0.214231028125 0.046020073437499996
0 0.298830225 0.1295329 0.26199319375 0.1259659328125 0.25333619375 0.128618634375 0.23281089375000003 0.1285948140625 0.2250285484375 0.133950434375 0.22435670000000002 0.14910380625 0.21895409687499998 0.15790809374999998 0.2126624734375 0.1637353359375 0.19851509375 0.17045789218750002 0.1985672609375 0.1714533 0.20217332500000001 0.187374609375 0.21106018437500002 0.18910787499999998 0.2373759734375 0.1877287234375 0.24676396875 0.18503771093750002 0.281194575 0.18581253125 0.306538765625 0.1844842984375 0.3148613546875 0.1836678859375 0.33220408749999997 0.1789107328125 0.3730087828125 0.1602797046875 0.3974890640625 0.15184998125 0.40859830625000004 0.143102346875 0.408013934375 0.1319518703125 0.3900321 0.1214547046875 0.38336695625 0.1201547546875 0.3555604453125 0.12106228125 0.3389774390625 0.12632937187499998 0.31842340625 0.12575730937500001 0.298830225 0.1295329
0 0.5088394390625 0.135207159375 0.490679515625 0.13835788437500002 0.47348044375000004 0.1458562671875 0.397415634375 0.1630366890625 0.393403190625 0.17039374062499998 0.3779821625 0.1838462046875 0.378585540625 0.1953593625 0.3833737578125 0.2028049421875 0.40226493437500005 0.20923654218749999 0.43192893750000005 0.2076819171875 0.4514136796875 0.20033862343750003 0.4697747296875 0.2010256171875 0.506180775 0.1963689 0.51843528125 0.192428159375 0.5441764250000001 0.1800840953125 0.556114875 0.1701126546875 0.5661476671875 0.165738596875 0.5692498546875 0.1591078484375 0.5690241640625 0.1548014296875 0.5642673796875 0.1438470828125 0.5441570171875 0.137754253125 0.5386378046875 0.13034698281249998 0.5348391734375 0.12779730312499998 0.5297222140625 0.128065471875 0.5088394390625 0.135207159375
0 0.2793133734375 0.179172084375 0.2845038421875 0.1942931046875 0.2875427484375 0.1963328484375 0.293247040625 0.19328514218749998 0.3122528890625 0.1922890875 0.31996508281249997 0.1995814265625 0.3401616421875 0.2073189921875 0.372711590625 0.19901610625 0.40061698437500004 0.18600886562500002 0.4625630453125 0.165170365625 0.48464921875 0.15301785 0.4946887484375 0.141516859375 0.4945601296875 0.1390626796875 0.4824816078125 0.125643878125 0.46111038281249994 0.1234653890625 0.4477226296875 0.1197690015625 0.4397104265625 0.12073865312500001 0.4312258203125 0.12668082812499998 0.38953042031249996 0.1283162390625 0.36041826875 0.1182971609375 0.3375555578125 0.11548674218749999 0.3343193859375 0.11565634218750001 0.332468096875 0.116463459375 0.328426921875 0.12327226718749999 0.347621209375 0.13985838125 0.32103414375 0.1500477734375 0.28130522812500003 0.1752194359375 0.2793133734375 0.179172084375
0 0.5335334734375 0.0309399796875 0.5251829515625 0.039440631250000004 0.5182737078125 0.05446276875 0.5250084796875 0.0885609015625 0.5202539093749999 0.1027371140625 0.513943128125 0.1081988609375 0.51769231875 0.1167983953125 0.5124014140625001 0.120740690625 0.5115347796874999 0.12518412031249998 0.52827671875 0.1404327546875 0.5269146421875 0.1668922046875 0.52983809375 0.21218510937500001 0.5356534296875 0.228739384375 0.537221546875 0.22719119999999998 0.5356270296875 0.2177457390625 0.537321984375 0.20812788750000003 0.5392851078125 0.20362699218750002 0.5430845171875001 0.202694871875 0.5501112734375 0.2213846640625 0.5598026375 0.23846880625 0.5667646828125 0.24543395937499998 0.57327315 0.2457113359375 0.5745752421875 0.2456430953125 0.58067428125 0.23810797187500002 0.5933889671875 0.20116326562500003 0.5927757375 0.1894621421875 0.5893763328125 0.162885725 0.5796057640625001 0.11282064843749999 0.5712407515625 0.10006500781250001 0.5624662359375 0.069005778125 0.5419487078125 0.0341639640625 0.5335334734375 0.0309399796875
0 0.6774603921875 0.102309321875 0.6539696968750001 0.115634946875 0.6358385046875 0.11933392031250001 0.631624934375 0.1228532515625 0.5928695578125 0.1386281203125 0.5732476453124999 0.1418554671875 0.54702431875 0.1535656578125 0.5475321890625 0.1632563984375 0.5571978671875 0.1712836734375 0.5786552890625 0.1751069015625 0.60432628125 0.17541079531249998 0.6137430078125 0.17326803125 0.621898871875 0.1750396078125 0.63934385 0.1862198859375 0.6571750328125 0.19078290625 0.6765708828125 0.19172719375 0.686482678125 0.1912077390625 0.7573697671875 0.1611100171875 0.7572167249999999 0.1581898140625 0.7548375640625 0.15212979375 0.7339674765625 0.145527028125 0.71187794375 0.1296423984375 0.7142847390625 0.1196207390625 0.691406746875 0.10267792656250001 0.6774603921875 0.102309321875
0 0.7753952234375 0.10198251875 0.770204753125 0.0868615015625 0.767142553125 0.0599009140625 0.7519304250000001 0.0423731015625 0.741475446875 0.042188021874999995 0.7380855375 0.0614237265625 0.7286147046875 0.09050714531250001 0.7207094078125 0.086523434375 0.7175467734375001 0.078626159375 0.707678353125 0.0791433421875 0.707041578125 0.0879727359375 0.71255301875 0.13019800312500002 0.70767419375 0.1839628296875 0.717356234375 0.24282856874999997 0.7261582296875 0.2533668828125 0.7290804453125 0.2532137359375 0.7526355031249999 0.24464466875 0.7541269984375 0.24163449531249998 0.7520225468749999 0.23294876250000002 0.761481465625 0.21412799374999997 0.7672823125 0.2094259734375 0.7849027890625 0.20996852656249998 0.7879736875 0.20693666249999998 0.7870157984375 0.1886590515625 0.7813544718750001 0.16324236718750001 0.7805235671874999 0.1368978453125 0.774696321875 0.1306062203125 0.7708322 0.1198137015625 0.7709207296875 0.1110130390625 0.7753952234375 0.10198251875
0 0.83401336875 0.065022878125 0.8324571593750001 0.0563084140625 0.8265532953125 0.0485548015625 0.8239389062500001 0.040628793749999996 0.802504525 0.0197620671875 0.79392414375 0.023876754687499998 0.7849751578124999 0.041937796875 0.78968209375 0.0688121859375 0.786687190625 0.0850951828125 0.792004496875 0.092146534375 0.7914060328125 0.101706921875 0.795830309375 0.1022080578125 0.799349640625 0.10642162968749999 0.800549153125 0.118819796875 0.8113489171875001 0.125583825 0.83563013125 0.19028146875000002 0.8530207515624999 0.1864380578125 0.865185175 0.1982615796875 0.8665881437499999 0.2040520671875 0.8641533953125 0.21004368437499998 0.8881269062499999 0.215109425 0.8892197921875 0.21505215 0.8917308234375 0.20126839218749998 0.8893318000000001 0.17647205625 0.8938185953125 0.1637425609375 0.893452503125 0.15675710781250002 0.8833342406250001 0.1144812140625 0.8753259218749999 0.09804186875000001 0.8638246734375 0.0883825984375 0.8487538718750001 0.0840414125 0.8437932609375001 0.0733063578125 0.83401336875 0.065022878125
0 1 0.0787366234375 0.9892278031249999 0.0791212984375 0.9714540828124999 0.0756547671875 0.9688301171875 0.0675460109375 0.9601443843749999 0.0696504671875 0.9423579796875 0.0799283875 0.8535823062500001 0.12031476562500001 0.8405680734375001 0.12374556875 0.8309662671875 0.136343309375 0.8211058687499999 0.1440068390625 0.8241608203125 0.16033927812499998 0.835499253125 0.1668918234375 0.8583747390625 0.1743653 0.86754616875 0.1738846453125 0.9577890890624999 0.150587359375 0.97969018125 0.148889821875 0.9860680015625001 0.144707315625 0.9747008375 0.137606521875 0.9758180375000001 0.13095095625 1 0.1176089390625 1 0.0787366234375
0 1 0.06245785625 0.9951746640625 0.0821007546875 0.9797352578125 0.091705921875 0.9661321375 0.10487986406250001 0.96526550625 0.10932329375000001 0.97050619375 0.1149126546875 0.9874251875000001 0.112559965625 1 0.11603189843749999 1 0.06245785625
0 1 0.34609258125000003 0.89340908125 0.351678775 0.8950566249999999 0.3559904421875 0.921503390625 0.37109696875 0.9362956671875 0.37362024531250004 0.9515316140625 0.3706227578125 1 0.374311678125 1 0.34609258125000003
0 1 0.32346965625 0.9970037078124999 0.3234768515625 0.9865973953125 0.320723715625 0.9804333859375 0.3149994921875 0.9815218546875 0.307795678125 0.9792139437499999 0.3057176265625 0.9622861484375 0.30440576875 0.9456169437499999 0.308028121875 0.9233871109375 0.31743940937500004 0.8706853828125001 0.332845671875 0.8226696265625 0.3397600828125 0.8099139843750001 0.3481250953125 0.80856834375 0.360736821875 0.8086387374999999 0.3620800234375 0.8198352078125 0.369595203125 0.83702159375 0.375841271875 0.847169315625 0.3736601984375 0.854910240625 0.381500784375 0.8619903250000001 0.37673172187500004 0.8817846312500001 0.37679385 0.8900554234375001 0.38075840625 0.9240834078125 0.3866715953125 0.9520247953125001 0.3982088703125 0.965160796875 0.3975204421875 0.9692486984375 0.3952996109375 0.979179246875 0.374988121875 0.9844111359375001 0.37691293593749997 1 0.3670360578125 1 0.32346965625
0 0.79785256875 0.3035630625 0.7776433234375 0.309569946875 0.761618915625 0.311509253125 0.7393028859374999 0.3192758046875 0.725516240625 0.3359411203125 0.7317089828125 0.342213590625 0.7508584921875 0.343958765625 0.767128803125 0.36069812031250004 0.8707863124999999 0.3525169015625 0.877221596875 0.3494308875 0.9028063921875 0.3480900453125 0.9136276437499999 0.3447741703125 0.9197468734375001 0.33565745156250004 0.9341656296874999 0.33105353437499996 0.9383364140625 0.32558139062499997 0.9381968828125 0.3229189765625 0.9331025328125 0.3107684484375 0.91363696875 0.302992571875 0.8728369359375 0.300732803125 0.8589974859374999 0.29541083125 0.838816975 0.3019659609375 0.79785256875 0.3035630625
0 0.6482069781249999 0.36215687343749997 0.6455990593750001 0.3683408140625 0.6476356937500001 0.37922910781249997 0.6604935796875 0.386801525 0.7809225343749999 0.3909353875 0.797993990625 0.3949884734375 0.801687278125 0.3951201859375 0.8127542296874999 0.394540190625 0.8169423734375 0.392895928125 0.8195342468750001 0.372419290625 0.84114801875 0.3652392953125 0.8587045609375 0.3505754109375 0.8593921234374999 0.343938925 0.8592317609375 0.340879028125 0.8368863078125001 0.325880540625 0.8153714203125 0.320960821875 0.7774171890625 0.3240494234375 0.7128758921875 0.3373274140625 0.67599744375 0.3469566515625 0.6482069781249999 0.36215687343749997
0 0.673312309375 0.29939269375 0.63085718125 0.3005181703125 0.5976911687500001 0.31105235000000003 0.5800898453125 0.3108752921875 0.572221303125 0.31458617499999997 0.5691409796875 0.325742634375 0.5739291984375 0.333188215625 0.5934234953125 0.34151233593749997 0.6001908828125 0.35874971875 0.6151987921875001 0.3625902609375 0.6418963343749999 0.361191103125 0.66325750625 0.35929279687500004 0.677704996875 0.355237128125 0.7573833578125 0.3510613609375 0.772561840625 0.3469673828125 0.786836934375 0.3396222390625 0.790046928125 0.33618495312499996 0.78891123125 0.314514565625 0.779293775 0.3075822265625 0.7610189218750001 0.30853997031249997 0.75356531875 0.306181840625 0.727335725 0.30920572968750004 0.717631675 0.3058660375 0.673312309375 0.29939269375
0 0.6176710125 0.310458796875 0.610210940625 0.29399071875 0.6064736578125001 0.27512853125 0.5972037015625 0.26608532500000004 0.58470898125 0.268939153125 0.5788962296875 0.28390382187499996 0.5766411203125 0.303813059375 0.5762870062500001 0.3390157078125 0.573418940625 0.3472290375 0.5764164296875001 0.36246498437499997 0.5782936078125 0.398283696875 0.5809463078125 0.4069406984375 0.59640020625 0.41859182656250005 0.5972668375 0.41414839687500005 0.59242115625 0.40560632500000005 0.595952396875 0.399557246875 0.5931464578125001 0.38797626875 0.6046715234375 0.37711023906249996 0.607565990625 0.379890553125 0.60904558125 0.38714303125 0.6141713390625 0.3905394109375 0.618545396875 0.40057220468750004 0.62433433125 0.40613283281249996 0.628795259375 0.4182821953125 0.6336095421875 0.4180298890625 0.634425465625 0.41615920468749995 0.63335585625 0.39574985625000003 0.630553996875 0.377952803125 0.61837508125 0.34487298593750004 0.6183486796875 0.3338793390625 0.6207451203125001 0.3271567328125 0.616409375 0.317854934375 0.6176710125 0.310458796875
0 0.44786316406250004 0.3520041171875 0.45189165468750003 0.35893976250000004 0.41240528281250005 0.3747529390625 0.38854107031249996 0.380951375 0.383883828125 0.38999147343749996 0.392671803125 0.40382445 0.4179565875 0.41074560312499997 0.43914273593750003 0.4233790703125 0.44406656875 0.4295302078125 0.46115525156250003 0.42863462812500003 0.515437403125 0.4105846140625 0.532923796875 0.4085686875 0.540648678125 0.4021165765625 0.5590384609375 0.40335181562500005 0.601506271875 0.38848188906250003 0.611251740625 0.37862537500000004 0.6119481484375 0.37591657343749996 0.6114078765625 0.3656075546875 0.60889905 0.36170638125 0.591597734375 0.35326733125 0.441469296875 0.3418939296875 0.4306480453125 0.345209803125 0.4359948625 0.3493276015625 0.44786316406250004 0.3520041171875
0 0.4490076515625 0.3577577609375 0.4203138 0.36970681875 0.4064536421875 0.37098295000000003 0.37236819374999997 0.3639732703125 0.3371368125 0.3630709109375 0.335933415625 0.3680817421875 0.3478304484375 0.37130650468750004 0.3532059984375 0.37597254687500004 0.3260890640625 0.3900379671875 0.3044465625 0.396669715625 0.299703125 0.40406507812500003 0.30060651250000003 0.40731624218749996 0.30986689218749996 0.4161767 0.321677728125 0.4177567265625 0.33146797499999997 0.42274115468750006 0.36170964375 0.42444560156250005 0.3860502171875 0.4231699671875 0.4490718375 0.41492854375 0.46703063437500003 0.407940096875 0.4938475609375 0.40213666875 0.5109891671875 0.3935417953125 0.5122986390625 0.3878450875 0.51198204375 0.381804109375 0.5108007265625 0.3759596265625 0.5054539078125 0.37184183125 0.48326549375 0.368056915625 0.46599291093749995 0.36016610937500004 0.4535372765625 0.36026912968749997 0.4490076515625 0.3577577609375
0 0.374006775 0.3785428515625 0.3538549953125 0.38564622656249997 0.3412844328125 0.383556265625 0.32014306718749996 0.3857637390625 0.305938121875 0.380460925 0.28181531406250004 0.3817251484375 0.250912434375 0.379496440625 0.24327375 0.38759328593750003 0.25610290468749997 0.39461745625 0.2610060515625 0.4042560203125 0.21584412187500002 0.42366515 0.2104558859375 0.432743559375 0.22787213281250002 0.4433755921875 0.278827909375 0.4506006359375 0.3202934484375 0.44457925937500004 0.3288067875 0.43918533281250005 0.3505354859375 0.43419832031250005 0.382884309375 0.42205771406250003 0.39463768125 0.4225412484375 0.4018774703125 0.434806109375 0.4104482734375 0.430508671875 0.4129699984375 0.4226799953125 0.40897023906249996 0.41629259375 0.4109046328125 0.41124345625 0.43032541718750006 0.404178390625 0.43299202187499997 0.3992890171875 0.4326238765625 0.3922643890625 0.4300795125 0.385499728125 0.415673440625 0.37635919375000004 0.3985732515625 0.3717578640625 0.3912633109375 0.3721409625 0.3810868578125 0.37377378906250003 0.374006775 0.3785428515625
0 0.209427040625 0.29239096875000004 0.2016102734375 0.27960659374999997 0.19202192812500002 0.274978084375 0.1796804484375 0.2807558859375 0.1772840078125 0.28747849531249997 0.175354728125 0.2965588796875 0.1761799828125 0.3123056890625 0.1803632828125 0.367214321875 0.182850834375 0.383209996875 0.186638334375 0.3925405265625 0.186602609375 0.4233284765625 0.19215236093750002 0.4662847390625 0.20149893593749998 0.476789934375 0.21214546250000002 0.48062998593749995 0.219655753125 0.48756640625000003 0.22842768281249998 0.48710668906250004 0.2386408921875 0.49316845468750004 0.24475498906249998 0.5010805546875 0.2472016421875 0.5009523312499999 0.2541066984375 0.49455693125 0.2629169375 0.49482820937499994 0.25729315 0.48192890468750005 0.2564503359375 0.46584703281250006 0.261446675 0.4457941328125 0.2710469265625 0.44015999375000003 0.271919559375 0.435044334375 0.2716360671875 0.42963496875 0.270127490625 0.42261613281250004 0.2623873421875 0.4112937484375 0.258331671875 0.396846259375 0.2529377453125 0.3883329203125 0.21627415625 0.2971631375 0.209427040625 0.29239096875000004
0 0.063471984375 0.438508784375 0.086071928125 0.43732437187500006 0.08853540625 0.4371265484375 0.13108941406250002 0.42390135781250005 0.15866606562500002 0.418607865625 0.168411534375 0.408751353125 0.18651399375 0.4045041359375 0.2196639609375 0.379677259375 0.22133976249999998 0.3696939078125 0.21053119687500002 0.3592653359375 0.18401428125 0.35680676718750004 0.1767905359375 0.3588346015625 0.1664416890625 0.3571779578125 0.149357546875 0.366869321875 0.09560876874999999 0.37628319062500004 0.059461312499999995 0.38587411875 0.0254366890625 0.4079980765625 0.021476625 0.409798421875 0.022773471875 0.434543715625 0.0321051953125 0.43733517187500004 0.063471984375 0.438508784375
0 0.048034570312500004 0.413826628125 0.064058978125 0.4118873203125 0.09405846875 0.41086486562499996 0.0956353875 0.41298122812500004 0.09481819687500001 0.4113748015625 0.10555325 0.4064141890625 0.1086910390625 0.3963542203125 0.1193973609375 0.3908453625 0.1303048078125 0.389174225 0.134596721875 0.3858385359375 0.1345294453125 0.38455480937500003 0.020466945312500002 0.390532571875 0.0221092078125 0.4218688046875 0.0358662609375 0.419412103125 0.048034570312500004 0.413826628125