0 0.0447957875 0.0587485203125 0.0613373109375 0.053784907812500005 0.0620055484375 0.0537134921875 0.05952273125 0.00040641875 0.029703389062500002 0.0017952765624999999 0.030309989062499997 0.0028153171875000002 0.025145303125 0.011966368750000001 0.0010152796875 0.0217984765625 0.0016368640625 0.035144115625 0.0061401359375 0.039058903125 0.026055693749999997 0.0465176765625 0.0371005765625 0.058582784374999995 0.0447957875 0.0587485203125
0 0.10404535625 0.0623092703125 0.1331726234375 0.0724838796875 0.158451196875 0.074046271875 0.1772217796875 0.07317201875 0.1748101171875 0.0213926671875 0.137612715625 0.0177657796875 0.1147554015625 0.037175523437500003 0.0891239671875 0.042038357812499996 0.06849578125 0.0492888984375 0.08047253125 0.05135180625 0.0892304875 0.059330251562500005 0.10404535625 0.0623092703125
0 0.19107317031249998 0.06179496718750001 0.22801744687499997 0.074750378125 0.231699075 0.07877208125 0.2415106953125 0.0793633921875 0.2617171265625 0.07056005625 0.2662499015625 0.0703489375 0.29146722187499996 0.0565948921875 0.2923167515625 0.056406775 0.2900935734375 0.00867425 0.26202947656250003 0.009744440625 0.23986043281249997 0.013921865624999998 0.22329455 0.0183624609375 0.2015883390625 0.0324771234375 0.1898795453125 0.036167353125 0.18132555 0.047572851562500004 0.1803206046875 0.056006010937499996 0.19107317031249998 0.06179496718750001
0 0.28712569062500004 0 0.2902945109375 0.009331039062500001 0.2959077140625 0.0398195640625 0.3117829515625 0.0768187546875 0.32628033749999996 0.09128373749999999 0.3385893546875 0.0907104359375 0.3426373546875 0.08656349375 0.34542483125 0.056382565625000006 0.3577237296875 0.048669237500000004 0.3570903390625 0.0350700921875 0.34218959375 0 0.28712569062500004 0
0 0.387214765625 0 0.3867734765625 0.00132458125 0.3832031484375 0.025951071875 0.3845381484375 0.0433604625 0.3906843828125 0.040278746875 0.4027428125 0.051597785937499994 0.4068586140625 0.0611901671875 0.4117505890625 0.0987009140625 0.4168474546875 0.1068498765625 0.42014792968750003 0.1101904671875 0.4311636734375 0.11037626250000002 0.444431784375 0.118664425 0.445781053125 0.1186015828125 0.446002903125 0.11387829375 0.44204949843749997 0.1077726609375 0.44581136250000003 0.0985122328125 0.4423160109375 0.0909875390625 0.4413707640625 0.08194634843750001 0.4496482046875 0.057100621875 0.45004250625 0.0471941046875 0.4491098203125 0.027168946875 0.446183953125 0 0.387214765625 0
0 0.5286518765625 0 0.5281941031249999 0.00037785 0.5189671140625001 0.012338840625 0.5124320890625 0.0220778625 0.5112322671875 0.0263269234375 0.515586884375 0.02979313125 0.5236092718750001 0.030418639062500002 0.524079971875 0.0303967171875 0.53199723125 0.0249202578125 0.5308365515625 0 0.5286518765625 0
0 0.4708925875 0 0.465228078125 0.017548778125 0.4637173234375 0.0413804796875 0.46024777187500004 0.056917059375 0.4621091265625 0.0631201296875 0.46756660937500005 0.067757984375 0.48312706875 0.06423779375000001 0.4958092859375 0.06644256093749999 0.5108042359375 0.0957952609375 0.5180877500000001 0.098009059375 0.5197356515625 0.09793230625 0.5270501046875 0.09573746093749999 0.529899203125 0.078133190625 0.5271250828125 0.06358627812499999 0.5287624171875 0.0537259375 0.53320969375 0.0479279 0.5495854812500001 0.0506595 0.5517335359375 0.045223340625000004 0.5516022781250001 0.0424051515625 0.5400480125 0.025944651562499997 0.5305062328125 0 0.4708925875 0
0 0.558058025 0 0.5533010203125001 0.0017200156250000002 0.5431330859375 0.0084833609375 0.532672834375 0.0089705546875 0.5348002484375 0.0546469828125 0.545974090625 0.054475985937500006 0.569376396875 0.061772359374999995 0.5759205046875 0.0672331796875 0.5975220984375 0.07395278125 0.5979337296875 0.0739336078125 0.59963040625 0.0661288734375 0.5875318578125001 0.06145090156250001 0.585269290625 0.057887253125 0.601689015625 0.0503085796875 0.6217172921875 0.045182570312499996 0.6298175328125 0.039039678125 0.6476563203125 0.03191905625 0.6495398625 0.027086979687500002 0.64920078125 0.019806753125 0.6447603984375 0.014757081250000002 0.618519971875 0.0065446015625 0.6073848703125 0 0.558058025 0
0 0.6591364625 0 0.6541336984375 0.0037938921875000004 0.645116865625 0.005262151562499999 0.6379972078125 0.0024488734375 0.626448340625 0.009572790624999999 0.6287228109375 0.058406578125 0.6325471 0.058228459375 0.6356491640625 0.057069535937500006 0.6626895640625 0.056824551562500006 0.6810371421875 0.0559699984375 0.7232473171875 0.04722396875 0.7430319937500001 0.0368678328125 0.74370713125 0.031679439062499995 0.743564640625 0.028620115624999998 0.7303488140625001 0.0196375578125 0.725443003125 0.0193419046875 0.719206490625 0.0054804 0.7128572625 0.0042036796875 0.6772924078125 0.0058601390625 0.6666616390625 0.0026862453125 0.6642995140625 0 0.6591364625 0
0 0.758883309375 0 0.738459384375 0.005919167187499999 0.69826765 0.0132687 0.7005258765625 0.061753740625 0.7084458812500001 0.064088753125 0.7185036984375001 0.063620303125 0.7346435625 0.0590357515625 0.7763140500000001 0.053425887500000005 0.7956206140625001 0.0478093453125 0.8181703328125 0.0368002796875 0.8264654531250001 0.034841487500000004 0.82813676875 0.0289226796875 0.8278410265625 0.0225729796875 0.8263345734374999 0.01702658125 0.8048537984375 0.0059716796875 0.7973515453125 0 0.758883309375 0
0 0.8464141125 0 0.844030075 0.0032821734375 0.863872553125 0.00917190625 0.8712601687499999 0.017738325 0.8707333359374999 0.021431892187500003 0.8773018046875001 0.027415725000000002 0.8988952953125 0.0258858453125 0.910427375 0.0484112046875 0.886288078125 0.055301128125 0.8743844062499999 0.054807256250000005 0.8675327046874999 0.057747115625 0.8608028031250001 0.0633020359375 0.8464020484375 0.069214234375 0.847489153125 0.0775499546875 0.868799409375 0.08494376875000001 0.8966141375 0.11195222187500001 0.9029390062499999 0.1127059296875 0.9645403281249999 0.09987800625 0.9787099484375 0.10148329062500001 0.9761983359374999 0.0475579625 0.9660448609375001 0.042151746875 0.95637031875 0.029498670312500003 0.9747094515624999 0.0155910203125 0.9739832890625 0 0.8464141125 0
0 0.09734327968749999 0.9012153250000001 0.1227645546875 0.906845221875 0.13910324375 0.906434759375 0.17252369843749998 0.9048781765625 0.175665725 0.9022847234375 0.1724622078125 0.8935234281250001 0.16584502031249998 0.88649356875 0.1862539703125 0.874535915625 0.1966167828125 0.8719566734375 0.20021370156249998 0.8694002953125001 0.199668603125 0.8576968203125 0.195593675 0.8499901453125001 0.1676265921875 0.8497202906249999 0.1478571921875 0.8453995953125 0.1432833375 0.8372262703125 0.14919409374999998 0.8290887671875 0.14419084375 0.8267010625 0.1289953015625 0.8305536890624999 0.12495735937500001 0.8338866390625 0.10706985312499999 0.8399612375000001 0.0955559375 0.8478355656250001 0.062424170312500006 0.8567167609374999 0.053982890625 0.8555374796875 0.0449660578125 0.8570057390624999 0.041649828124999996 0.860829225 0.0401162171875 0.8613112812500001 0.042147771875000004 0.9049295484375 0.053312785937499996 0.9011694875 0.06396791562500001 0.9048663953125 0.0791878140625 0.9015367796874999 0.09734327968749999 0.9012153250000001
0 0.2599307203125 0.876932228125 0.276423525 0.8709225921874999 0.28437761093749997 0.8616416234375001 0.28177400625 0.8507557968749999 0.27739502968749996 0.846766575 0.24285948125 0.8405128875000001 0.22360163437499997 0.8471754546874999 0.19349378281250001 0.845957015625 0.1842577140625 0.8427181625 0.168818575 0.8413406625000001 0.1269775703125 0.8432894375 0.1221935578125 0.845608846875 0.1078506046875 0.8677669124999999 0.0914795984375 0.8763916093749999 0.08821208593749999 0.8812611218749999 0.0971162 0.8923776421875 0.11960192031250001 0.894999384375 0.12900850625 0.9018993234374999 0.187391034375 0.8949869375 0.2073705890625 0.888814903125 0.22831545156250002 0.888363528125 0.23514279375 0.8849006562499999 0.2505088546875 0.8847091171875 0.2599307203125 0.876932228125
0 0.276184228125 0.8750690406249999 0.2711198390625 0.8676174265625001 0.271383015625 0.8620142671875 0.2760875421875 0.8510485437499999 0.2757142640625 0.8430340984375 0.27244239531250003 0.8172377031250001 0.2627067125 0.7995207171875001 0.253620621875 0.79575073125 0.24495676562500002 0.801046296875 0.2266088296875 0.8347474187499999 0.2259850390625 0.8438616890624999 0.2298410046875 0.847875271875 0.2335961921875 0.8609787656250001 0.22728422343750002 0.8717556906249999 0.2265921359375 0.8906572234375 0.22073154062499997 0.9223790125000001 0.22549025781249998 0.9682823171875 0.23302460468750003 0.9913160046874999 0.27052645468750003 0.9895693281250001 0.2714762046875 0.9878052359374999 0.27335091562499997 0.9492804625 0.271106484375 0.9123452703125 0.276184228125 0.8750690406249999
0 0.34780875624999996 0.8939940390625001 0.340818053125 0.878944653125 0.339024996875 0.862954321875 0.33602017968750003 0.8547079203125 0.31429102656249996 0.8270665953125 0.30245661562500004 0.8318109687499999 0.2985323515625 0.8375846453125 0.29381856093750003 0.86016780625 0.28655800625 0.873085503125 0.2915540953125 0.8903243765625 0.3030895125 0.9016677734374999 0.3077249890625 0.9224177578124999 0.3082771421875 0.934272709375 0.303888146875 0.9638293687499999 0.303503834375 0.9880333828125 0.31646045 0.98742991875 0.32117336406249997 0.9860867703125 0.3216025421875 0.9871904218750001 0.3747007484375 0.9847173328125001 0.37462815156249996 0.9831586453125001 0.3693979734375 0.9523918453125001 0.3499624265625 0.9064732609374999 0.34780875624999996 0.8939940390625001
0 0.3060675609375 0.8753588390625 0.3006592796875 0.8792797640625001 0.2989326234375 0.887222390625 0.30153622812499997 0.898108215625 0.306588196875 0.901541946875 0.3235681953125 0.9059925609375 0.3570166375 0.9039105281250001 0.374547828125 0.9051905874999999 0.38555927031250004 0.9015328390624999 0.39738986249999997 0.9004576734375 0.422162509375 0.9071660765624999 0.445321221875 0.909232325 0.4486195109375 0.9092435921875 0.456676803125 0.9088683171874999 0.4647008640625 0.9051848203124999 0.458415634375 0.89027729375 0.46036152656249996 0.8870417796875 0.507504290625 0.863880184375 0.509678003125 0.8569082484375 0.50938415625 0.8505992390625 0.5016728125000001 0.8437100515625 0.481132984375 0.8378527968749999 0.45044958125 0.8392818984374999 0.395846121875 0.8523080390625 0.3618464828125 0.8575606265625 0.342637359375 0.8652692203125 0.3315284765625 0.8668349187500001 0.3060675609375 0.8753588390625
0 0.5887527984375 0.62289319375 0.581106309375 0.623773484375 0.5703384625 0.6326613578125 0.542039425 0.6402691703125 0.518265525 0.655004284375 0.5058837421875 0.6592500046875001 0.5015382046875 0.6709836359375 0.5084477078125 0.6842896484375001 0.5418517859375 0.6950720328125 0.5435704593749999 0.6949919828125 0.5818399828125 0.6845403765625 0.6006197156249999 0.682617403125 0.6330054140625 0.6727226609375 0.6450948796875 0.6622007875 0.6889214140625 0.64286268125 0.69629995 0.63622925625 0.6966729109375 0.6356091171875 0.696564915625 0.6332904234375001 0.684557715625 0.624196628125 0.6718105359375001 0.6205971609375001 0.6613746453125 0.6216073671875 0.6507682359375 0.6189564828125 0.64268326875 0.6104225453125001 0.638426090625 0.6090483875 0.6217140484375 0.6103509109374999 0.5887527984375 0.62289319375
0 0.4771053125 0.5347677734375 0.46788596406250005 0.5393903484375 0.46114842187500005 0.5522836843750001 0.45718834062499997 0.5685419734375 0.45888729531249994 0.5712582953124999 0.46630690937499997 0.5730093093749999 0.469932178125 0.583323403125 0.47179019375 0.600708434375 0.47178017656250004 0.6342543171874999 0.461998659375 0.6605678234375 0.457742921875 0.681731921875 0.45855825 0.6879837125 0.46411317343749997 0.6947136171875 0.47532713125 0.6879015515625 0.48176568125 0.6910959875 0.4993073953125 0.73011415 0.5099267046875 0.7442956671875 0.5118205375 0.7511960875 0.5120258718749999 0.7512673296875 0.51875155625 0.7509540765625 0.521595378125 0.747246503125 0.52078005 0.7409947125 0.5242137796875 0.7359427453125 0.5368152562499999 0.6801456578125 0.538496459375 0.6687654296875001 0.538101121875 0.6602773749999999 0.53672449375 0.655689684375 0.527839959375 0.633739878125 0.5170907312499999 0.6167689609375 0.5101033687500001 0.590537615625 0.5093563375 0.5744985640625 0.502138278125 0.554567728125 0.49021310625 0.53485613125 0.4771053125 0.5347677734375
0 0.586121790625 0.6569728265625 0.6228224671875 0.6646981125 0.6716498875 0.6639723562500001 0.6724968390625 0.6639329078125 0.6958249875 0.656580640625 0.7181158296875 0.6550182812500001 0.724845734375 0.6494633609375 0.7572557921875 0.6400916296875 0.775572690625 0.6282314171875 0.775854990625 0.621046046875 0.7753869046874999 0.6109960390625 0.7688246249999999 0.60338665 0.75737470625 0.5976301734375 0.7483335140625 0.5985754203125 0.7313382374999999 0.6088016374999999 0.7049363734375 0.6121279125 0.69788979375 0.610883671875 0.6830616640625 0.6008052625 0.6826449375 0.600824671875 0.6790126234375 0.61071459375 0.6749016015625 0.6124785109374999 0.6088238625 0.6192251609375 0.594593625 0.6287984468750001 0.5879855218750001 0.6369684296875 0.578417496875 0.64160724375 0.575847334375 0.6464442765625 0.586121790625 0.6569728265625
0 0.743156396875 0.5631013828125 0.7090106015625001 0.5652158953125 0.6626048234375 0.57419119375 0.6572696203125 0.57968115625 0.6597027062499999 0.5869058921875 0.6740394625 0.5946245 0.6926333984374999 0.6037172703125 0.7130757890625 0.6074824734375001 0.7142603328125 0.617910246875 0.7089494890625 0.6239232218749999 0.7041411171874999 0.6257196171875 0.708817359375 0.6277916828125 0.756349846875 0.625577821875 0.7701457765625 0.617403928125 0.7792356875 0.6175047046875 0.7943337921875 0.611560028125 0.8083295140625 0.6119564625 0.8276208 0.62101675 0.8443815609374999 0.620760253125 0.8613768374999999 0.6105340359375 0.8657933375000001 0.6020823796875 0.8657768203125 0.601727771875 0.8596076609375001 0.5875539640625 0.855974753125 0.5845782859375 0.8425545828125 0.5815343109375 0.8345670546875 0.575092425 0.8143195437499999 0.575511321875 0.79236065625 0.5691960125 0.760014596875 0.564936934375 0.743156396875 0.5631013828125
0 0.813578865625 0.5800087125 0.8040238234375 0.5799295984375 0.7896961484375 0.5874108328125 0.77926025625 0.5884210390625 0.7376475703125001 0.6102767734375 0.7335456312499999 0.62724053125 0.7485553781250001 0.634403646875 0.7742598921875 0.6311098515625 0.79007970625 0.6256557093749999 0.7998182468749999 0.62467798125 0.8147061953125 0.6292260359374999 0.8308670453125 0.6310940671874999 0.8482732937499999 0.63069175625 0.8780704734375 0.6293039296875 0.8941553843750001 0.6244773359375 0.90619613125 0.6129094390625001 0.9165589437499999 0.6103301953125 0.9253321781249999 0.603631809375 0.933602940625 0.6011500046875 0.9406028 0.5944983078125 0.94046021875 0.591437003125 0.927795821875 0.5815028843750001 0.8937140250000001 0.5699865921875 0.8602412218750001 0.5715456125 0.8538432734375 0.569222865625 0.84275875 0.5713115765625 0.8363608015624999 0.5689888296875 0.8248468859375 0.5768631609375 0.813578865625 0.5800087125
0 1 0.581024759375 0.99161825625 0.5801638984374999 0.9865906453125 0.5772531796875 0.9851228671875001 0.5757491015625 0.99026319375 0.5660750390625 0.955971240625 0.5650514765625 0.9247610046875 0.570174146875 0.8753069515625 0.5887260671875 0.8068295687499999 0.6039708359375 0.802094275 0.60733626875 0.7982999296875 0.615899346875 0.8031173828125 0.6293027953125 0.8117291812499999 0.6341431671875 0.8257492609374999 0.6350626125 0.83638003125 0.63823650625 0.8598463359374999 0.631902075 0.8696092375 0.631447359375 0.886378596875 0.6398782 0.8877221546875 0.639815621875 0.897819915625 0.6369473375 0.9139076875000001 0.6372463328125 0.9346576703125 0.63261085625 0.9444449328125 0.6326791546874999 0.9603134656250001 0.6282710359375 0.9768062703125 0.6222614 0.9950013703125 0.6077861234374999 1 0.6066057578125 1 0.581024759375
0 1 0.5867236671875 0.9889797625 0.5935215031250001 0.9779196015625 0.5961332265625 0.9645237921875 0.5936122640625 0.954760890625 0.594066978125 0.9336058734374999 0.605011084375 0.9066284578125 0.610984903125 0.8966066796875 0.620886321875 0.898610375 0.6338966765625 0.9051788406249999 0.639880509375 0.9158339703125 0.6435774171875 0.9290836203125 0.6429603046875 0.9375999374999999 0.645321975 0.9436004703125 0.6450424953125 0.9569289031249999 0.6406150953124999 1 0.6404329609375 1 0.5867236671875
0 1 0.741151746875 0.9933564984375 0.7339365 0.9863624578125 0.7300690765625 0.9795274765625 0.7408703625 0.9702756484374999 0.7447955875 0.9569562828124999 0.7964329343750001 0.9569854234375 0.80831224375 0.940394725 0.8684883093750001 0.9397384546875 0.8769052296875 0.944117434375 0.880894453125 0.953106084375 0.8825723875 0.9554254921875 0.887356396875 0.9669184140624999 0.931548328125 0.9794393749999999 0.9377605046875 0.9800179625000001 0.9377335562500001 0.9838172125 0.93425556875 0.9873841999999999 0.9208110390625001 0.9944140609375 0.914193853125 1 0.904495525 1 0.741151746875
0 0.8963406671874999 0.7793844234375 0.8880455484375 0.781343215625 0.8638240906249999 0.7714642578124999 0.8411678546875001 0.76518143125 0.8382322953125 0.762173271875 0.82231504375 0.765535365625 0.8176528281250001 0.7704698375000001 0.8175630296874999 0.7768882796875001 0.8178296656249999 0.7826130765625 0.826639103125 0.7983552390625 0.8268827 0.8035853640624999 0.8468469765625001 0.8120901625 0.8685469906250001 0.827852175 0.87834333125 0.8431203171874999 0.9032712187499999 0.8681666375000001 0.9070166093750001 0.8691027296874999 0.9129201078125 0.8688277703124999 0.925415903125 0.863466203125 0.9351544437499999 0.8624884765624999 0.9680273375 0.863053984375 0.9765173359375 0.8652792921874999 0.9798822890625001 0.86250183125 0.9809846734375001 0.856160721875 0.9763133749999999 0.8458953484375 0.976620971875 0.83749466875 0.9828885046875 0.8299838203125001 0.9828062734375 0.828218278125 0.978177109375 0.8258909531249999 0.9727110250000001 0.8135660093749999 0.9669617078125 0.8101647578125 0.963879990625 0.804018525 0.9319876828125 0.7944968453125 0.9141398171875 0.7864176203125 0.9054549406250001 0.7800082140625 0.8963406671874999 0.7793844234375
0 0.7111151953125 0.83362315625 0.7080669187499999 0.8431997796875 0.7183458234375 0.8497042015625 0.7499956375 0.8482300875 0.76970168125 0.8460947125 0.782732096875 0.8407704875 0.8016579859374999 0.8419855890625 0.8130709734374999 0.84529230625 0.836085615625 0.8442203828125001 0.8760795671875 0.834326171875 0.8835311812500001 0.8292617828125 0.8953374109375 0.827663603125 0.9129813203125 0.816358884375 0.9146105359375 0.80632420625 0.921437878125 0.802861334375 0.922024665625 0.8007832796875001 0.9218852671875 0.7977903390625001 0.9152744453125001 0.7905688703125 0.8934129953125 0.7863456125 0.8812900890625001 0.7811446265625 0.847022496875 0.7806440765625 0.81386636875 0.7890022625 0.7822176578125 0.7847107046875 0.718396290625 0.8248976796875 0.7111151953125 0.83362315625
0 0.8253072234375001 0.8475735359375 0.8296771203125 0.8363629156249999 0.8272196734374999 0.828615165625 0.8120637687500001 0.8183139734375 0.8049928312500001 0.8165467203125001 0.7959516390625 0.8174919671875 0.7837647328124999 0.8259217890624999 0.7312533218749999 0.8388504890625 0.7100983015625 0.8497945953125001 0.6748257671875 0.8577272046875001 0.6577574109375 0.866384384375 0.653695109375 0.8691943249999999 0.663199134375 0.8781863156249999 0.662121109375 0.8850504375 0.643536096875 0.9061589734375 0.6438957421875 0.913880690625 0.6615637203125 0.9180976671875 0.6755838 0.9190171125000001 0.7025459390625 0.9277201265624999 0.710938496875 0.9278533843749999 0.7164198609375 0.925501496875 0.73304974375 0.90743009375 0.7413448640625 0.9054713 0.745309728125 0.900569309375 0.8138663859375 0.857016903125 0.8253072234375001 0.8475735359375
0 0.5557466484375 0.8770344484375 0.5484655515625 0.8857599265625 0.5494795781249999 0.8925266093750001 0.5555212125 0.9022040109375 0.5647816406249999 0.9059658765625 0.579499071875 0.9068528421875 0.603005759375 0.9130141640625 0.6052341078125 0.9129103765625001 0.6100119562499999 0.9017626546875 0.6271777515625 0.895197525 0.64502561875 0.903276746875 0.65399373125 0.9007624625 0.7228670671875 0.8640092218750001 0.748691409375 0.84471968125 0.748583575 0.8424044421874999 0.7434130921875 0.8399898 0.7331386375 0.8294612515625 0.7175533390625 0.8249456765625001 0.6349827953125 0.8377019625000001 0.6202013671875 0.850445803125 0.6002948906250001 0.8581868734375 0.586396609375 0.859882490625 0.5557466484375 0.8770344484375
0 0.5335121640625 0.8378635875 0.5291666265625 0.8495972187499999 0.5202715953125 0.85368054375 0.5109228078125 0.8630264703125 0.4957029046875 0.866356084375 0.49472232031249996 0.8753122578125 0.49696052812499997 0.87835289375 0.4806382421875 0.8880236171875 0.47878978906249997 0.8933511812500001 0.4726597953125 0.8967815734375 0.47307391093750006 0.9056727875 0.4807018921875 0.9155787796875 0.49577494531250005 0.914876740625 0.5118666390625 0.9133006328125 0.5529524921875 0.8951384687499999 0.562739753125 0.8952067671874999 0.581163171875 0.9006384484375 0.5832308609375 0.9000179968750001 0.5828167468750001 0.8911267828125 0.58670853125 0.8846557562499999 0.62616516875 0.8765282671874999 0.6481149765625001 0.8676437328125 0.6528259078125 0.8637552875000001 0.6520067593750001 0.861172703125 0.6490712015625 0.8581645468750001 0.6392108609375 0.8565272109375 0.634685725 0.8493999140625 0.64478058125 0.8410675296875001 0.64992090625 0.83139346875 0.6662118890625 0.8221056828125001 0.6654856437500001 0.80651288125 0.648751640625 0.8062888656249999 0.6357455859375001 0.8121361031250001 0.6204526046875001 0.8138966796875 0.602126625 0.8105570484375001 0.5923637234375 0.8110117625000001 0.5595242734375 0.8261691109375 0.5466887359375 0.8356774359375001 0.5335121640625 0.8378635875
0 0.4913437625 0.845255809375 0.454822684375 0.8563914546875001 0.43015655468749997 0.866974946875 0.4104936765625 0.87994614375 0.40321258125000004 0.8886716187499999 0.39511504375 0.8948726265625 0.3959588375 0.9129892 0.4022897953125 0.9138736609375 0.4167636296875 0.9095305 0.42796995000000004 0.9100568515624999 0.438049528125 0.9164013015625001 0.443418171875 0.926634196875 0.45168836093750003 0.9278913328125 0.454939959375 0.9277398874999999 0.5351822625 0.8861940625000001 0.5493881390625 0.8760977640625001 0.565856584375 0.8695651156249999 0.57789733125 0.8579972187499999 0.5880896250000001 0.8517568875 0.593683865625 0.845052896875 0.593303865625 0.836894146875 0.5929376359375 0.835806675 0.5835554078125 0.8294297453125001 0.5750897687500001 0.82772745 0.5507555953125001 0.8304332734375001 0.5423386765625 0.8297770046874999 0.5401491859374999 0.82778239375 0.5190185281249999 0.8392495125 0.4913437625 0.845255809375
0 0.3379232546875 0.6702985781249999 0.32239575625 0.6820288734375 0.3080193625 0.68846408125 0.3067708203125 0.6916671156249999 0.3065363046875 0.701636834375 0.31265101875 0.712883275 0.33311776875 0.717171490625 0.3367506765625 0.72014716875 0.3633230578125 0.7204819812500001 0.37301287968749997 0.718458228125 0.3803914140625 0.7118248031250001 0.3983763578125 0.70784225625 0.414844803125 0.701309609375 0.4345807609375 0.6899074484375001 0.44155426249999996 0.689582653125 0.44665495 0.6940624093750001 0.449727584375 0.6850087984375001 0.4618657703125 0.6755329531250001 0.49567052812499995 0.6660962625 0.5139572453125 0.646202825 0.5138501843750001 0.6439041859375 0.5116670578125 0.6344265328125 0.5035820921874999 0.6258925953125 0.4923514125 0.6248432296875001 0.4827103109375 0.6279130078125 0.46856843125000003 0.6243784984375 0.4564546046875 0.6343773578125 0.4405617109375 0.6382624640625 0.434236840625 0.63750875625 0.41910529687500003 0.627730575 0.41228853593750003 0.625943840625 0.41047437656249997 0.6260283359375001 0.4070401890625 0.638775459375 0.4001884859375 0.64171531875 0.3702511515625 0.6441579671875 0.3390652765625 0.6498036500000001 0.33221357500000004 0.6527435078125 0.3309650328125 0.6559465421875 0.34037161875 0.6628464828125 0.3379232546875 0.6702985781249999
0 0.28585304375 0.570058653125 0.27600990468750003 0.5837954984375 0.2742751296875 0.5915637890625 0.27524951875000003 0.612484290625 0.2711919953125 0.6266505296875 0.2766136609375 0.64177299375 0.27602234999999997 0.6515846125 0.280008234375 0.658387596875 0.281148359375 0.6716128890624999 0.280459609375 0.6793324578125 0.2725752640625 0.7013644265625001 0.271425121875 0.721685015625 0.2667796296875 0.7344809140625 0.2677898359375 0.7449168046875 0.26595762343749996 0.7505930453125 0.26785145625 0.757493465625 0.2695179328125 0.7595124375 0.2856338828125 0.7566652359375 0.287989109375 0.7509646375 0.2867806859375 0.7475266078125 0.297864728125 0.7379251421874999 0.30446233437500003 0.7557882874999999 0.31096584374999997 0.7603774203125 0.320636565625 0.776699709375 0.32550387812500003 0.77874540625 0.3317221734375 0.778455784375 0.336359421875 0.77666626875 0.33825659531249996 0.772384728125 0.3369865515625 0.7563700359375 0.34042362187499997 0.74013610625 0.341476325 0.717723465625 0.342850484375 0.7134662875 0.35396749843749997 0.7076675328124999 0.3533551890625 0.6945209953125 0.340476134375 0.6737416921875 0.32943125 0.661676584375 0.32006619999999997 0.60690260625 0.31104506718749997 0.60452731875 0.3098724625 0.5906046796875 0.3012444265625 0.5854156328125 0.2937307109375 0.5703906078125 0.28585304375 0.570058653125
0 0.13176826875 0.6662834953125001 0.1105158140625 0.6751355515624999 0.10472685781249999 0.68588811875 0.0945345625 0.69212845 0.094251328125 0.7010521437499999 0.1033016 0.715306740625 0.1131375796875 0.7164210640625 0.1283087640625 0.712045425 0.1458886734375 0.714371509375 0.1537453203125 0.702998490625 0.16218660000000001 0.7041777734375 0.1840146078125 0.692678175 0.22496338593749998 0.686577778125 0.2504243015625 0.6780538578125 0.2517215625 0.6758968484375 0.244455746875 0.6699454921875 0.2883356875 0.6097169796874999 0.2882871734375 0.6086753875 0.26611035156249996 0.6097082890625 0.260726428125 0.6141522265625 0.24339011562500001 0.617056265625 0.2331003828125 0.621204546875 0.21917774375 0.6223771515625 0.2112632921875 0.617504303125 0.2124143953125 0.61220921875 0.20630305624999998 0.6104835359375 0.205662240625 0.61051338125 0.19914038437499998 0.61230331875 0.19589723125 0.6176958421875 0.1823399859375 0.6267136328125 0.1745473375 0.624455846875 0.1518361828125 0.64700366875 0.1436385 0.6510545109375 0.1351972203125 0.6498752296875 0.13176826875 0.6662834953125001
0 0.10203241406250001 0.6695117140625 0.13342844375000001 0.6533733015625 0.1420646 0.6587366859375 0.15865484531250001 0.6548191 0.16206851718749998 0.6530876625 0.15759209999999998 0.647006390625 0.15953799062500001 0.6437708765625 0.188217703125 0.62933141875 0.1933722046875 0.6216497640624999 0.19302227656249998 0.614136690625 0.191476134375 0.6092620656250001 0.1799287765625 0.6014135375 0.1395311921875 0.6043433796875 0.12440872968750001 0.60976504375 0.10216660625 0.6123734296875 0.0755698625 0.6115156046875 0.0330558703125 0.614019871875 0.028852235937499998 0.6194690625 0.0288930828125 0.6203460734374999 0.0400384515625 0.6288949203125 0.042495896875 0.63664266875 0.030127596875000003 0.646851571875 0.031693031249999996 0.680462103125 0.047487665624999995 0.6805160625 0.059668767187500006 0.67994871875 0.08690995 0.6749333796875 0.10203241406250001 0.6695117140625
0 0.09189198750000001 0.63555541875 0.0889807859375 0.6330702734375 0.0709227640625 0.6354837812499999 0.064865853125 0.6404832093749999 0.03049560625 0.6547528890625001 0.030565334374999996 0.65625 0.09279143281249999 0.6533517734375 0.0927202171875 0.6533378453124999 0.085356959375 0.6452944390625001 0.09189198750000001 0.63555541875
0 0.11302984375 0.20750617187499998 0.1175689078125 0.20445255156250003 0.11755484218750001 0.204150534375 0.0097423421875 0.2091719828125 0.010864953125 0.233274909375 0.04748801875 0.22575910000000002 0.0660728734375 0.21965202499999997 0.08968533749999999 0.21645567031250001 0.11302984375 0.20750617187499998
0 0.090530384375 0.2295116015625 0.09613354375 0.229774778125 0.100463803125 0.232717975 0.10661815625 0.229810596875 0.1164541375 0.23092491874999999 0.1190243 0.2260878890625 0.12809367031250002 0.22199644687500003 0.1571593140625 0.2195943984375 0.182604953125 0.2257473078125 0.1845264875 0.22198878125000002 0.1818741625 0.21005693124999997 0.187945359375 0.202550759375 0.18728231875 0.1883150125 0.1855863484375 0.184724971875 0.1723763328125 0.171188265625 0.16403249375 0.1721010328125 0.15585917031250002 0.1766748890625 0.1391714875 0.1785004234375 0.0928540671875 0.174367928125 0.04006561875 0.166343646875 0.015009734375 0.1685589375 0.0080409296875 0.1726419765625 0.011480701562499999 0.24649527187500003 0.0167504359375 0.248196271875 0.0323428578125 0.24747004218750002 0.07752433125 0.235358840625 0.090530384375 0.2295116015625
0 0.0825604171875 0.225392615625 0.073333428125 0.2373536046875 0.07300147343749999 0.2452312734375 0.10138267031249999 0.254392340625 0.121299315625 0.257419834375 0.12352510000000001 0.2573161671875 0.16320323125 0.2462715296875 0.199562871875 0.246674640625 0.241979428125 0.2420783234375 0.2487580515625 0.2375694265625 0.25053342500000003 0.230672825 0.2747854390625 0.21119811875 0.275816934375 0.2064532265625 0.2755756734375 0.2012732796875 0.2726355875 0.195049690625 0.25550943125000003 0.1874609984375 0.2300881515625 0.1818311 0.1390032484375 0.1918390671875 0.135808815625 0.198277615625 0.13037617343750002 0.2016755265625 0.092031 0.21866174843750003 0.0825604171875 0.225392615625
0 0.3422381171875 0.185487559375 0.319654959375 0.1807737703125 0.2919071140625 0.185211028125 0.282046775 0.18357369375000002 0.245882009375 0.1873546828125 0.23383218125 0.1837227359375 0.225107665625 0.19146714375 0.2071227234375 0.195449690625 0.190142725 0.1909990734375 0.1820668390625 0.1976649828125 0.1600683140625 0.205503490625 0.1527141390625 0.21265992812499998 0.1512101140625 0.22071694531250002 0.151265659375 0.221909525 0.1576777484375 0.2292014546875 0.169078946875 0.23391190625 0.1907698796875 0.23447407656250002 0.2021223578125 0.2381385015625 0.20827671093750003 0.23523112343750002 0.22426704218750002 0.2334380671875 0.23208405000000001 0.2362188671875 0.23506832812499998 0.24027304843750003 0.25519404218749997 0.237239090625 0.274914721875 0.2405137625 0.30997879687499996 0.23923660937500002 0.32675890625 0.2384550640625 0.3352918609375 0.23141188750000002 0.3404078265625 0.22121481250000002 0.3769776265625 0.2111251921875 0.377285221875 0.2027245109375 0.37235505 0.20190584375 0.3643188046875 0.19441793125 0.3530394046875 0.1923225421875 0.3422381171875 0.185487559375
0 0.30089664531250004 0.17802210000000002 0.28132212343749996 0.177885503125 0.273870509375 0.1829498921875 0.2731457015625 0.197397696875 0.2679444765625 0.205764228125 0.261911921875 0.21128667031249998 0.248232878125 0.21768939999999998 0.2517774296875 0.2337728703125 0.26024306875000003 0.23547516562499998 0.285347671875 0.23430589999999998 0.2943157828125 0.23179161406249998 0.3363029453125 0.232980915625 0.3592667796875 0.23086306093750003 0.3758326625 0.22642246406250002 0.414850825 0.20888075 0.4382440515625 0.20097728125 0.44898635000000003 0.1926193671875 0.448497409375 0.18212161093749998 0.43130110781250003 0.1719484140625 0.424951878125 0.17067169375 0.39842821562499997 0.17138290625 0.38258404218750003 0.1763140359375 0.3629851609375 0.175654428125 0.3442785078125 0.1791464390625 0.3091674078125 0.17554029531249998 0.30089664531250004 0.17802210000000002
0 0.4794201125 0.13129708125 0.47215915781250006 0.15222441874999998 0.4731730640625 0.1739934125 0.481394690625 0.1961993546875 0.4806376421875 0.21370618593750002 0.484876684375 0.248451890625 0.48856691406249997 0.260160684375 0.50019643125 0.28477809375 0.5096397984375 0.296218928125 0.5137556 0.30581131093749997 0.5180289796875 0.30784099375 0.5269549234375 0.3074252609375 0.534643621875 0.3041395734375 0.5405658359375 0.284994446875 0.5476606546875 0.279771959375 0.549972290625 0.2763709015625 0.549710978125 0.27076040468749996 0.543190915625 0.2513267640625 0.5402868749999999 0.23399045156249998 0.5332312140625 0.217546365625 0.5172685546875 0.1449092421875 0.5102745140625 0.1410418171875 0.49753067343749996 0.126260390625 0.4865474109375 0.1267719453125 0.4794201125 0.13129708125
0 0.48601669062499997 0.1714812953125 0.47837019999999997 0.172361584375 0.4702455953125 0.17798146406249998 0.43047228281249994 0.1793097890625 0.402764075 0.16959322968749999 0.3788592953125 0.1665134359375 0.3761186140625 0.1676893796875 0.37222683125 0.17416040625 0.39044009218750003 0.1900848203125 0.3650278953125 0.199654765625 0.32699939843750003 0.22344015 0.325305046875 0.2267543109375 0.32536552812499997 0.22805285 0.3299440390625 0.24164815312500001 0.332830878125 0.24361028281250002 0.33828788125 0.2407353828125 0.3564189828125 0.2398909140625 0.36373351875000004 0.24688829218750002 0.379933865625 0.253203184375 0.3894608625 0.2527594578125 0.4140401609375 0.2466418109375 0.4407252609375 0.23439184375000002 0.49991785625 0.21486219687500002 0.5210485140625 0.20339507812500002 0.531670203125 0.191369128125 0.5191331796875 0.1772769296875 0.49876386874999995 0.1750807625 0.48601669062499997 0.1714812953125
0 0.48301234531250004 0.20589171093749997 0.49107295312500004 0.21390263593749997 0.5053609906250001 0.22057521875 0.5379172062500001 0.214341565625 0.5514104546875 0.2189545796875 0.556584221875 0.2250033703125 0.5648062625 0.22147554062500002 0.568536609375 0.22654326875000003 0.571164484375 0.22707169062500002 0.573152134375 0.22697911406250001 0.5874047015625 0.21151250312499997 0.6126311015625 0.21295829843749997 0.655842446875 0.2104215515625 0.6716622609375 0.20496740624999998 0.67019448125 0.20346332656250002 0.6611776500000001 0.2049315875 0.652014659375 0.20326177343750002 0.647733121875 0.2013646015625 0.646865253125 0.19773599375 0.6647283984375 0.19113838593750002 0.6810750453125001 0.181990671875 0.687756228125 0.175389728125 0.6877606828125 0.175297790625 0.6873950437499999 0.1674473765625 0.6808467265625 0.1620837171875 0.6439024515625 0.14912830625 0.6091567453125 0.153367346875 0.5613562671875 0.162407603125 0.549145003125 0.17031441249999998 0.519475625 0.178510196875 0.4861337 0.19788412500000002 0.48301234531250004 0.20589171093749997
0 0.6597150187499999 0.1100155171875 0.6559498140625 0.13045790468750001 0.6555175609375 0.1549382375 0.6575088359375 0.16393070781250002 0.655774059375 0.1716989984375 0.645014815625 0.18827396406250002 0.6405641984375 0.2052539625 0.63915088125 0.23117771406249998 0.668253153125 0.300844190625 0.6714788140625 0.300693953125 0.676885190625 0.2986076296875 0.6832979375 0.2787407921875 0.69856941875 0.257762490625 0.7081135625 0.260113415625 0.7243985890625 0.23838904218749998 0.7247055296875 0.22887240625 0.7245023296875 0.22450960000000003 0.7122493984375 0.20261403281249998 0.708822346875 0.1853020796875 0.70548939375 0.1812641390625 0.69066018125 0.1442162265625 0.6876911828125001 0.1254852140625 0.6765521984375 0.1001460953125 0.667660984375 0.10056020937500001 0.6597150187499999 0.1100155171875
0 0.8547156609375 0.2201231796875 0.8715160578125 0.20571286406249997 0.8717505734375001 0.195743146875 0.8534245968749999 0.1924035140625 0.8257407484374999 0.18320996875 0.8295838140624999 0.175692915625 0.837132865625 0.1727205765625 0.8366943906250001 0.1633063515625 0.828277471875 0.16265008125 0.7879773265625001 0.1676719734375 0.7367297359375 0.1627208078125 0.6805366937499999 0.1716278078125 0.66976885 0.18051568125 0.6786089671875 0.205263009375 0.68147144375 0.20670212812500002 0.6897665671875 0.20474333437499997 0.707663153125 0.21386858281249999 0.7121152109375 0.21942684375 0.7115000218749999 0.2362282046875 0.71439175 0.2391914484375 0.731701659375 0.2383852265625 0.75608170625 0.2331034859375 0.7812106671875 0.2324572328125 0.7872432203125 0.22693478906250003 0.797557315625 0.2233095203125 0.8059498734374999 0.223442778125 0.8145373125 0.22776013593750002 0.8289867859375001 0.22289396250000001 0.8547156609375 0.2201231796875
0 0.8721472890624999 0.132682875 0.8603166999999999 0.1337580390625 0.8538060312500001 0.144020075 0.7919701953125 0.166817715625 0.79553910625 0.183424196875 0.7841957093749999 0.194959615625 0.778665628125 0.19626547656249999 0.772965028125 0.19391025312500001 0.7677850640624999 0.2177381328125 0.7811808734375 0.22025909531250001 0.80484205625 0.2181087625 0.8155490437499999 0.22195285468749998 0.8266812609375 0.2214343640625 0.863995015625 0.2127329359375 0.8797173890625001 0.2051867421875 0.888993096875 0.1942717765625 0.893216834375 0.17992307968750001 0.903482209375 0.1752517859375 0.9114362937499999 0.1659708171875 0.9197557765625 0.164535034375 0.9271830296875001 0.1589476359375 0.9347564421874999 0.15649830781250001 0.9537538218750001 0.1372099234375 0.9535884546875 0.13365942656250002 0.9508991296874999 0.1279666546875 0.9337242515625 0.11933193906249999 0.9080684578125 0.123671759375 0.892556240625 0.12072522031249999 0.8858019765625 0.12575713125000001 0.87668770625 0.1251333421875 0.8761852328125 0.129349921875 0.8721472890624999 0.132682875
0 1 0.125574203125 0.9173927390625 0.146388396875 0.896496596875 0.147885796875 0.8903909656250001 0.1518392015625 0.9011922515625 0.158674184375 0.9000898671875 0.1650152921875 0.8769158796875001 0.1776258765625 0.8458121640625 0.2000404390625 0.8431932812499999 0.2038314453125 0.844953378125 0.21161167500000003 0.85560850625 0.21530858125000002 0.88701361875 0.21437001093750002 0.9039448968749999 0.2177746015625 0.905921775 0.2240072359375 0.91451313125 0.22360708749999997 0.914697465625 0.2235635578125 0.9317171015625 0.21386035468750003 1 0.18327488593750002 1 0.125574203125
0 1 0.39970276875 0.9691529843750001 0.401139490625 0.9678487796875 0.4012202546875 0.9163270359375 0.42039262656250004 0.9159255749999999 0.4208433828125 1 0.416927553125 1 0.39970276875
0 1 0.3654912703125 0.999717796875 0.36541484999999996 0.993871040625 0.3599215484375 0.9949490640624999 0.3530574265625 0.992759575 0.351062815625 0.976623084375 0.3497177953125 0.96070583125 0.353079890625 0.939453375 0.3619319453125 0.8891070921875001 0.3763322453125 0.8432768656249999 0.3826599984375 0.8310656 0.3905668078125 0.8295825421874999 0.40373955937500006 0.8404081890624999 0.41109755468750003 0.8567639171874999 0.4171496859375 0.8664537390625 0.41512593437499995 0.8737926359375001 0.422646328125 0.8805712578125 0.4181374296875 0.8994484296874999 0.4183065078125 0.9073141578125 0.42213333124999997 0.939733296875 0.4279614453125 0.9689580015624999 0.4402281078125 0.9697718234374999 0.44025790625 0.9761915875 0.43995890156249995 0.9827588453124999 0.43644044062500004 0.9923421484375 0.4171247953125 0.9973210359375001 0.41898948750000004 1 0.417313896875 1 0.3654912703125
0 0.836842003125 0.27469821250000004 0.829318271875 0.29321906875 0.8269367890625 0.3321168765625 0.821784521875 0.34528580781249996 0.8279240781249999 0.36456801250000004 0.8292199234375 0.40364397656250006 0.8348364640625 0.42295054375 0.836597040625 0.43824352343750006 0.8438800593750001 0.45956906093749994 0.8587863046875001 0.4720472625 0.8605630375000001 0.47196450937499995 0.8657133296874999 0.4669385109375 0.867483921875 0.44868561093750003 0.8830083343749999 0.4337708578125 0.8820115156250001 0.4123687484375 0.8763110859375001 0.3343598375 0.8734037078125001 0.3282054875 0.8722669218749999 0.303798234375 0.8691646640625 0.29345978281249996 0.8605041468750001 0.2875733875 0.8561934671874999 0.273796903125 0.850212971875 0.2691834109375 0.836842003125 0.27469821250000004
0 0.6920582109375 0.39977439062500003 0.6752334515625 0.41366169375000006 0.674252865625 0.42261786562500003 0.695904159375 0.43733385468749997 0.7126734921875 0.4412712265625 0.7525710484375 0.43941296875 0.7526087515625 0.43941012031250004 0.8142344343750001 0.42710520937499996 0.849458253125 0.41812657499999994 0.8760459109375001 0.40378455625000004 0.878241340625 0.3986621578125 0.8780807109375001 0.395213353125 0.8766854609375001 0.3875062078125 0.8644651171875 0.38021317187500003 0.74963686875 0.37560258750000003 0.7333785796875001 0.37164250625 0.7214749109375 0.371148634375 0.715296196875 0.3735330015625 0.71271075625 0.3930468625 0.6920582109375 0.39977439062500003
0 0.627920084375 0.3550413515625 0.6111349640625 0.3547748375 0.6036102718749999 0.3582701875 0.6006107140625 0.3688928359375 0.6051358515625 0.3760201359375 0.6236810687500001 0.38406687968750003 0.6300393796875 0.40054344375 0.6425550515625 0.40382391718750005 0.6848466359375001 0.40185415625000004 0.690182003125 0.40141128593750003 0.703982846875 0.39762361875 0.7799940046875 0.39408334218749996 0.7944921968750001 0.39026319374999996 0.8081468828125 0.3833374515625 0.8115904671875 0.3796927734375 0.81065891875 0.3596920375 0.801130859375 0.3527395484375 0.7836971078125 0.35355153906250003 0.776601809375 0.351261271875 0.751570284375 0.353999575 0.742334215625 0.350760721875 0.70010345625 0.34434129687500004 0.6596084328125 0.3451790890625 0.627920084375 0.3550413515625
0 0.675327890625 0.39341647968750004 0.6650290765625 0.38236491875 0.667696678125 0.3796199390625 0.6746214593750001 0.37824911562499997 0.6778889718750001 0.37337960468750003 0.6874813546875 0.369263803125 0.6928165578125001 0.363773840625 0.7045009921875 0.3595605984375 0.7050034640625 0.35534401875 0.7007219250000001 0.353446846875 0.6909590234375 0.35390156093749997 0.6659762203125 0.3576858890625 0.6343609515625 0.3691171890625 0.6238763406250001 0.369081371875 0.6174783921875 0.366758625 0.6085833593750001 0.370841946875 0.6015367796875 0.36959770625 0.5857900421875 0.3766208875 0.5677807390625 0.38008041875 0.5591049453125 0.3888708546875 0.56175726875 0.40080270625000003 0.5759965859375 0.4064292640625 0.5949711953125 0.4086903890625 0.6285414375 0.40922341875 0.6323115171875 0.4105645765625 0.6476550265625 0.409849940625 0.6509053609375 0.409230096875 0.6850755140625 0.4076385953125 0.693346275 0.405156790625 0.7045435140625 0.3904832984375 0.7003106953125 0.3896321515625 0.6921373703125 0.3942060078125 0.6863880531250001 0.3908047546875 0.675327890625 0.39341647968750004
0 0.4513428015625 0.414597046875 0.42854948750000005 0.42037598593750003 0.42405779218750006 0.42897154375 0.4323619953125 0.44221259531249996 0.4564372921875 0.44895347656249995 0.4765720875 0.46111936093750006 0.48057064687500006 0.466174596875 0.5006458265625 0.4652395796875 0.5494040890624999 0.449340803125 0.566091771875 0.447515265625 0.573494665625 0.441404853125 0.59102585625 0.4426849125 0.6316092375 0.428739328125 0.6409580234375001 0.41939339999999997 0.6424871140625 0.4135860453125 0.6422585890625 0.40867953593750006 0.6388081718749999 0.40324497031249995 0.6223550062500001 0.3951007875 0.479243003125 0.3834211875 0.46890455 0.38652344375 0.473980878125 0.3904801875 0.48528463750000006 0.3930985890625 0.48908806406250005 0.3997353546875 0.4513428015625 0.414597046875
0 0.4458125296875 0.4105533390625 0.413344671875 0.4036792 0.37975007031249997 0.4026231578125 0.37857460781249996 0.40739523125000004 0.3899027265625 0.4105366453125 0.3950034140625 0.4150164 0.369064384375 0.428279915625 0.3483874796875 0.4344844265625 0.34382270625 0.4415109484375 0.3446662140625 0.44461654531250006 0.353448528125 0.453118 0.36470356875 0.454690378125 0.3740127171875 0.45949826875 0.40903821718750005 0.46167682499999996 0.41745797968750004 0.46128466875 0.48621299999999995 0.45270001718749997 0.5033787937499999 0.44613488593749995 0.5289858703125 0.440749040625 0.5453812359375 0.43264735625000006 0.5461400078125 0.42943218906249997 0.5455740515625 0.4172808609375 0.545299075 0.41587847499999997 0.5402227468749999 0.4119217296875 0.5190830078124999 0.4081890078125 0.5026542 0.400567834375 0.4907748890625 0.40059697656250004 0.486468990625 0.398176790625 0.459037821875 0.409413215625 0.4458125296875 0.4105533390625
0 0.2892328546875 0.4268593015625 0.28103517031249997 0.4309101453125 0.27858680625 0.4383622390625 0.282365875 0.4444759921875 0.2804930609375 0.44928054375000004 0.261932565625 0.45591063125 0.2580651421875 0.46290467343749997 0.26206344531250003 0.4737255375 0.275751571875 0.4825226515625 0.29203422031250004 0.48700574531249996 0.2990077203125 0.48668094999999995 0.30872190312500003 0.485180209375 0.3155005265625 0.48067131406249997 0.334758371875 0.47400874687499994 0.346735121875 0.47607165625 0.366909553125 0.47408372343750005 0.3804271609375 0.47921974843750004 0.4034397125 0.47814792187500005 0.432898934375 0.480444865625 0.4402287484375 0.47276541562499996 0.4280327625 0.4659953921875 0.4234101859375 0.45677604531249993 0.466588090625 0.43851644062500006 0.4710545203125 0.4310899234375 0.47097546562500003 0.42939258437500005 0.45522653125 0.41965216875 0.4066709015625 0.4124790359375 0.367092465625 0.41799146093750006 0.3589435015625 0.4230883296875 0.3381935171875 0.42772380625000006 0.3072755984375 0.439122625 0.296069278125 0.438596275 0.2892328546875 0.4268593015625
0 0.197885165625 0.39429910625 0.18781467031250001 0.4031545 0.184093403125 0.413286615625 0.17743657968749998 0.420410575 0.177826334375 0.42877877656249996 0.17198865937500002 0.43848531875 0.1632301859375 0.44517243281249996 0.16323153125 0.4452013 0.1705786796875 0.45322710937500005 0.170271084375 0.46162778906249996 0.1826041484375 0.45633604375000003 0.19794585 0.45562149218750003 0.21704225781250003 0.46049768125 0.22236218437500002 0.46968455000000003 0.22544016875 0.4702280421875 0.2348660203125 0.469789025 0.23909858593750002 0.4689050390625 0.249939509375 0.46158620156249996 0.263740353125 0.457798534375 0.2718893171875 0.4527016671875 0.3590399140625 0.41824202968749996 0.3636290484375 0.411738521875 0.3758646734375 0.40435472499999997 0.380146534375 0.3956147375 0.3801060796875 0.39474616406249996 0.37489028593749996 0.3834342234375 0.36849233593749997 0.381111478125 0.3586076375 0.378951128125 0.2924324578125 0.383605728125 0.2771638359375 0.38588931875 0.26824444375 0.389449628125 0.23888266093750002 0.38924473437499996 0.197885165625 0.39429910625
0 0.08796908437499999 0.4710530609375 0.11520193125 0.472230690625 0.14246445000000002 0.47096091875 0.182443296875 0.458790646875 0.20877208125000002 0.453895334375 0.21812086874999997 0.44454940625 0.2354084625 0.4405993421875 0.26716080625 0.41710627499999997 0.2681408953125 0.41146863125 0.2679197875 0.4067213578125 0.2585642890625 0.3975890703125 0.2332891671875 0.3950972484375 0.22638874687500002 0.3969910828125 0.2171241390625 0.39545266875 0.216281503125 0.39549191562499997 0.200181759375 0.40450145937500004 0.1488701703125 0.41318109999999997 0.1143437015625 0.42212725781250005 0.0817722078125 0.443037740625 0.0673958140625 0.44947295 0.0679560875 0.46150224062499995 0.0730811359375 0.4665050078125 0.08796908437499999 0.4710530609375
0 0.139851034375 0.44078802812499995 0.17715781875 0.4165121125 0.17904745 0.41495239375 0.1786008890625 0.4053645484375 0.16300685937499998 0.397777759375 0.138477809375 0.39629948125 0.1029373140625 0.3984789546875 0.0862983515625 0.401350515625 0.07466263749999999 0.40660978124999997 0.059369654687499995 0.40837035781250003 0.0307539421875 0.409179009375 0.029261803125000003 0.40715191875 0.030032232812499997 0.4086884765625 0.019766859375 0.4133597703125 0.0193181921875 0.4147693265625 0.0217596078125 0.4671875 0.0413268515625 0.46627614062499995 0.060362206249999995 0.459690546875 0.11867165625000001 0.4512091234375 0.139851034375 0.44078802812499995
0 0.0602351515625 0.44856925781249996 0.0677354828125 0.44455089531249997 0.101700271875 0.435291265625 0.10169169687499999 0.43510715156249996 0.020441696875000002 0.43889143124999996 0.0212573546875 0.45640393437500004 0.026113717187500003 0.45120678437499995 0.0316194375 0.449377909375 0.049580021875000005 0.4448723515625 0.0602351515625 0.44856925781249996