0 1 0.029097028125 0.9453125 0.027505784374999998 0.945358375 0.0288194765625 0.9528049765625 0.035912734375 0.9730755562500001 0.045059154687500005 0.9842232187500001 0.05821843125 0.9853537484375 0.0583282 0.9939040453124999 0.058576989062499994 1 0.05721740937499999 1 0.029097028125
0 1 0.0961054171875 0.9744677984375001 0.09168676875000001 0.950871025 0.10971775156250001 0.9246110140624999 0.1126971796875 0.9047717234375 0.1181329359375 0.90479625625 0.1188354609375 0.9156563484375001 0.12152802031250001 0.9245146546875 0.1303423765625 0.9396241171874999 0.1345255328125 0.9692793265624999 0.1471537484375 0.9951502296875001 0.150707078125 1 0.1508481921875 1 0.0961054171875
0 1 0.20462615624999997 0.9865036640625 0.2041197890625 0.9637912921874999 0.2066676546875 0.9468037499999999 0.20991688281249998 0.92444656875 0.2226360546875 0.9124331984375 0.2254952296875 0.9035533093750001 0.236467396875 0.90284690625 0.2418080890625 0.9029697734375001 0.2453265609375 0.9133492140625 0.2517264921875 0.9509625234374999 0.267794990625 0.9546784109375 0.27218141406249996 0.9608645687499999 0.27302154375 0.9657612062500001 0.273164021875 0.985462490625 0.26612489687499996 0.990098725 0.26625979843750003 1 0.2616492390625 1 0.20462615624999997
0 1 0.2954839671875 0.9958731796875 0.296566075 0.964638996875 0.2999355578125 0.9266273359375001 0.31326880625000003 0.9120511296875 0.32658786093750003 0.9125185328125 0.339972509375 0.9162993296874999 0.34398599375 0.94711935625 0.34916106875 0.9545693015625 0.361810375 0.9700524546875 0.3622608890625 1 0.351880196875 1 0.2954839671875
0 0.9489887328125001 0.37043270625 0.945652203125 0.3667729140625 0.934385325 0.3657325375 0.9195826546875001 0.35532623750000003 0.919246584375 0.36101679531249997 0.9232180781249999 0.36754523125 0.919259225 0.3766930859375 0.922745203125 0.38463248125 0.9236043374999999 0.393920525 0.9148401359375 0.41860448281249996 0.914161153125 0.4317097140625 0.9146186374999999 0.44481031406250005 0.9186713093750001 0.48719975 0.9754626640625 0.4888522109375 0.9784955640625 0.4803101984375 0.9821703078124999 0.4571937515625 0.9817248078125 0.4444363015625 0.9812837484375001 0.43763880312500003 0.974959396875 0.4403049515625 0.9627586625 0.4278367328125 0.9586626296875 0.41774196249999995 0.9541056140625 0.37913209531250003 0.9489887328125001 0.37043270625
0 1 0.5229874765625 0.9989367421875001 0.5213480734375 0.9756867859374999 0.520076978125 0.971875065625 0.51996606875 0.971907996875 0.5209090625 0.973875775 0.5234690421875 0.9860017859375001 0.5337974609375 0.9958868375 0.54121050625 0.9998603375 0.5426331296875 1 0.54263719375 1 0.5229874765625
0 1 0.480732640625 0.98525281875 0.47484653750000005 0.9609082796875 0.47146424531250003 0.9450668562500001 0.466725003125 0.9387035390625 0.46814421250000005 0.9338976125 0.47335225468750003 0.93731150625 0.489495228125 0.9349070984375001 0.502260178125 0.904722678125 0.5152863875 0.9031961703125001 0.5200017906250001 0.9034723703124999 0.5279111140625 0.90458893125 0.5318609234375 0.922551459375 0.5361270953124999 0.9374552859374999 0.5344216 0.9475157968750001 0.5368534828125 0.9533901796875 0.5418375 0.9504033640625 0.5583290203125 0.957531221875 0.5616933390625001 0.9577280484375 0.5616990671875 0.9757818609375001 0.550510853125 1 0.5434846984374999 1 0.480732640625
0 1 0.6040236890624999 0.9952584999999999 0.6155360546875001 0.9915859015624999 0.6175668187500001 0.9840287984374999 0.6002459203125 0.979023815625 0.5794365703125 0.9728362703125001 0.570706028125 0.9657646828124999 0.5519741734375 0.9559792640625 0.54741419375 0.948173453125 0.553599946875 0.9394590703125001 0.5797104390625 0.9293253140625 0.5958040421875 0.921719371875 0.6034500625 0.9219343015625 0.6096048749999999 0.9224284546874999 0.6127043734375001 0.9337455203125 0.6458105984375 0.9403638781250001 0.656409475 0.9876289921874999 0.6577847484375 0.98762741875 0.6573539921875 0.995370771875 0.6340654140625 1 0.6289592640625 1 0.6040236890624999
0 0.993436896875 0.6762500796875 0.9986407671875 0.6721262453125 0.9924532234375001 0.6633957015624999 0.9910587578125 0.6540920796874999 0.9940216703125 0.6470528718749999 0.992759909375 0.64487853125 0.9381653625 0.6432899921875 0.93809539375 0.6701098390625 0.9386604171874999 0.6862900062499999 0.947199834375 0.7304829953125 0.9575581375000001 0.751448109375 0.961398340625 0.75223716875 0.9661735859375 0.7523761140625 0.9753359890625 0.739852178125 0.975696965625 0.7348748875 0.989951665625 0.729589321875 0.9913334890625001 0.72321665 0.9900631890625 0.6868400453125 0.993436896875 0.6762500796875
0 1 0.7933788890625 0.999315640625 0.7841727453125 0.9895049406249999 0.7482601828125001 0.9841649234375 0.71675295625 0.9297283828125 0.7151690140625 0.9290618765625 0.717287246875 0.935212246875 0.7402675484375 0.9404540390625 0.783172590625 0.9459694437499999 0.8032842499999999 0.9569627078125 0.8271180062499999 0.9588675984374999 0.8357239375000001 0.9658288562499999 0.8382162640624999 0.970039090625 0.8383387687500001 0.9770937921874999 0.8369668078125001 0.9886591921875001 0.815927065625 0.9994528203125 0.803415371875 1 0.7998518796874999 1 0.7933788890625
0 1 0.8813158124999999 0.99791033125 0.8728833734375 0.9924075640625001 0.8684480062500001 0.9861456687500001 0.88821698125 0.977294103125 0.8950848468749999 0.9735218718749999 0.89426254375 0.967322059375 0.9004950265625 0.968629534375 0.9226218718749999 0.94544855 0.932635503125 0.9386881234375 0.907499825 0.9393353546875 0.89540544375 0.9364096156249999 0.8881948921875 0.9308072203125001 0.880906459375 0.9249308375 0.8657720921875001 0.916390434375 0.8662361328125 0.90857235625 0.8873849109374999 0.8806109328125 0.9136479140624999 0.879764440625 0.9200361609375 0.8921525421875 0.9838128578124999 0.891493490625 0.9890227359375 0.9506545390625 0.9907441468749999 0.9511884984375 0.98980588125 0.9642479921874999 0.980922828125 0.9716413828125001 0.9913548015625 1 0.9921799531250001 1 0.8813158124999999
0 0.08853461093750001 0.113036375 0.0958050875 0.106835046875 0.1077942921875 0.12856015625 0.1103092359375 0.13932146406249998 0.11327636249999999 0.1437781171875 0.122488271875 0.14404615625 0.12384198125000001 0.1439904796875 0.1327931765625 0.1399756796875 0.13340285937500002 0.111491740625 0.138058759375 0.0916760359375 0.1464746234375 0.08764565937499999 0.154728771875 0.0942987109375 0.1572310765625 0.089383725 0.1534711140625 0.0735983953125 0.150109675 0.0692253375 0.1441087515625 0.050524634375 0.136190671875 0.0381810296875 0.12750045000000002 0.003726153125 0.1275029375 0.0037099562500000002 0.084375 0.0024550624999999998 0.08823954687499999 0.113121221875 0.08853461093750001 0.113036375
0 0.137156696875 0.082150128125 0.133695625 0.074924003125 0.13368298750000002 0.059247709375 0.12583963125 0.049043903124999996 0.1198885234375 0.031769734375000004 0.1104889875 0.0229457328125 0.099321740625 0.024758426562499998 0.09518853125 0.028913414062499997 0.08837903593749999 0.0636298359375 0.09496510625 0.083772646875 0.0933594859375 0.1143652359375 0.0899359625 0.1235286671875 0.08894308749999999 0.13326797968749998 0.090709778125 0.183859359375 0.0921527578125 0.1870094109375 0.11464934062500001 0.20333991875000001 0.12327710624999999 0.22069196875000002 0.1274163328125 0.22379607968749998 0.12899694687500002 0.2238420703125 0.1396980390625 0.21618197499999997 0.1426483125 0.193466475 0.14981915625 0.1844120765625 0.1434442453125 0.12437305624999999 0.1373685984375 0.10353255624999999 0.137156696875 0.082150128125
0 0.1209448859375 0.2040759859375 0.12187837187499999 0.1848645125 0.128252165625 0.15298558125 0.12393158906249999 0.1058320921875 0.12037742343749999 0.0943280046875 0.0764725234375 0.0930505015625 0.07474350937499999 0.1215018734375 0.07659895625 0.1593205890625 0.07095975624999999 0.19692123125 0.0760517296875 0.2049073546875 0.0757156609375 0.2105979125 0.0716613296875 0.2194660390625 0.07243551875000001 0.241635921875 0.07409776875 0.2561535265625 0.083846015625 0.2749632640625 0.09197672812499999 0.27895773749999997 0.09402198125 0.27901724843750003 0.10202239375 0.2747796 0.1211943375 0.241847971875 0.1219411984375 0.23260665625 0.118044428125 0.2282180203125 0.1143591890625 0.2145724921875 0.1209448859375 0.2040759859375
0 0.0310932828125 0.3036691625 0.0782652484375 0.2873937234375 0.0910479671875 0.2861612984375 0.10651550624999999 0.280193903125 0.122883253125 0.27960057968749996 0.13134898281250001 0.2771729671875 0.1598638453125 0.2571459359375 0.1551542796875 0.2447087765625 0.149298590625 0.240260090625 0.12626841875 0.23370731406249998 0.1131492046875 0.22530376406250002 0.0954670875 0.22906757031249997 0.08373413125 0.23995672343750002 0.0624669875 0.243081428125 0.050341453125000005 0.24272861250000002 0.020178612500000002 0.23596829531250002 0.00820195 0.23487312500000002 0.010639921875 0.3046875 0.0179690203125 0.3049007546875 0.0310932828125 0.3036691625
0 0.125292790625 0.27892173593749997 0.1168765546875 0.25231279375 0.1129299703125 0.246497621875 0.10482526875 0.244124175 0.0936580203125 0.245936865625 0.09008505156249999 0.250820696875 0.08532952187500001 0.267783334375 0.087060428125 0.3020357171875 0.08554179687499999 0.3198050796875 0.0891523125 0.3313108078125 0.0901110796875 0.3434519171875 0.08295287343749999 0.36818260625 0.08073587343750001 0.389929625 0.08123535 0.4042327640625 0.0844722515625 0.4116918796875 0.0997976125 0.406437465625 0.10308432812499999 0.4086707234375 0.12152231093750002 0.4483959609375 0.148425634375 0.44917876718749994 0.153156821875 0.43364157187499996 0.152060878125 0.402257834375 0.1393865203125 0.3455982296875 0.1344187140625 0.310539121875 0.1267619828125 0.2903651578125 0.125292790625 0.27892173593749997
0 0.37583599687499997 0.5215312015625 0.3587362890625 0.5215684359375 0.32489206249999997 0.5318142171875 0.31706482187499996 0.5321212562500001 0.30595166093750004 0.540354503125 0.2769320546875 0.5459275765625 0.2524537671875 0.559119815625 0.23974582500000002 0.5624935703125 0.23543114843750002 0.5734479265625 0.2354771328125 0.5747647437500001 0.2420696796875 0.5882310078125 0.274388584375 0.6011305890624999 0.2806406828125 0.60131250625 0.31709355 0.5941574968750001 0.3363143625 0.5936471890624999 0.36953879375 0.5860573140625001 0.38202240625 0.576259578125 0.42705457031250005 0.559921878125 0.4346761734375 0.5537261890625 0.43602687500000004 0.5516280124999999 0.4360267828125 0.5516254078125 0.42281524531250003 0.5405461609375 0.40982688906250003 0.5358899328125 0.3991465828125 0.53611395625 0.38833541718750003 0.5325906546875 0.38017168125 0.5232617187499999 0.37583599687499997 0.5215312015625
0 0.4356167765625 0.4708915046875 0.455908934375 0.4602513984375 0.4561548453125 0.44688885625 0.45153875 0.43712835781250003 0.43843822968749996 0.429260140625 0.42186484531249996 0.42396481250000007 0.41906786093750004 0.4254877921875 0.41718977968750004 0.432920178125 0.40660294375 0.435820859375 0.3888086609375 0.436372675 0.3545157765625 0.4337704890625 0.327732328125 0.42176062343750004 0.3061473828125 0.41578468593749995 0.2997466765625 0.4161332328125 0.2928009484375 0.4212790125 0.2996316234375 0.4332431 0.29628961875000004 0.43956331249999997 0.256194240625 0.4544402953125 0.24157082968750002 0.46417576875 0.23449424375 0.465574225 0.233334734375 0.468715790625 0.2334363109375 0.4716245671875 0.23841576718750002 0.47584930156249994 0.244816475 0.4755007546875 0.2499402 0.47939335468750005 0.30683040625 0.49655754218750003 0.31968293124999997 0.49942830312500003 0.32617143125000003 0.49961710000000004 0.3318321328125 0.49835459374999996 0.35437625625 0.4909887421875 0.371852734375 0.48133628437500003 0.3987512359375 0.4762362828125 0.4151563703125 0.4767136234375 0.4356167765625 0.4708915046875
0 0.371846525 0.593065859375 0.36264587812500004 0.5593086734375 0.350731396875 0.5397233640625 0.33408629218749997 0.5378139562500001 0.325234728125 0.544681821875 0.3192092703125 0.5559071703125 0.32006840468750003 0.565195215625 0.3303270734375 0.5833072640625 0.3334148984375 0.61047370625 0.33205798125 0.6175596453125001 0.321752728125 0.6316457234375 0.3217792875 0.6324062984375 0.331659828125 0.63678669375 0.3334152703125 0.641113025 0.33952883749999996 0.708982403125 0.34915254375 0.72422580625 0.3574316015625 0.731592121875 0.36206296718750003 0.7417024703124999 0.36361646875 0.7426480546875001 0.369109734375 0.7428078921875 0.3778738453125 0.7350370984375 0.3862146125 0.6982276046875 0.38605215312499996 0.6476323953125 0.37878130312499997 0.62319440625 0.377448921875 0.6003542937499999 0.371846525 0.593065859375
0 0.417909690625 0.7647284375 0.4226525828125 0.732089509375 0.42473145468749995 0.7150489890625 0.4229756375 0.6800833421875 0.4143475 0.6320919734375 0.40879491874999996 0.6262300734374999 0.4013749953125 0.6281518015625001 0.393307840625 0.6421679124999999 0.3837841375 0.6604168921875 0.37968847656250004 0.6809614390625 0.369006746875 0.681363175 0.36291883281250004 0.6754856984375001 0.3611384828125 0.6704461015625001 0.3577018296875 0.67772233125 0.359215909375 0.72107990625 0.3688580453125 0.738362209375 0.368646515625 0.7476191 0.37454780625 0.763466734375 0.3739752984375 0.7777009171875 0.364476503125 0.796663165625 0.3645389609375 0.8137659906250001 0.3747976296875 0.8318780374999999 0.38312080000000004 0.8368703140625 0.38415402187500003 0.8369003781250001 0.3983273265625 0.8318501421875 0.40141477812500004 0.8283772671875 0.40468885312499997 0.814934234375 0.4113741828125 0.8072907953125 0.41118718593750003 0.7866216359375 0.417909690625 0.7647284375
0 0.48765223906250005 0.806733290625 0.4920468921875 0.7897479453125 0.476787878125 0.7812821359375001 0.450471784375 0.7826555671875 0.4342348953125 0.7869962125 0.42426785625 0.787240990625 0.40910231250000006 0.7814518390625 0.3926037046875 0.7782978375 0.3469172453125 0.775898921875 0.327827290625 0.7801565515625 0.315381065625 0.7910249515625 0.30475684062499997 0.7928549703125001 0.2957087046875 0.7990091515625 0.28722427968750003 0.8009014328124999 0.2782322234375 0.8086616093749999 0.292927528125 0.821389321875 0.32763168593750003 0.8357688078125 0.361868490625 0.8367649984375 0.36822261093750003 0.8395586453125 0.368842709375 0.8395766890624999 0.37973754843749996 0.8383545109374999 0.3834865203125 0.8400027796874999 0.38804853125 0.840135521875 0.3981142359375 0.834076125 0.40967055312499995 0.8317384406249999 0.4194374625 0.832557415625 0.4341730390625 0.826033934375 0.444853346875 0.8258099124999999 0.48765223906250005 0.806733290625
0 0.4193158828125 0.9315862750000001 0.4144477078125 0.8993802359374999 0.39605905468749997 0.8475421546874999 0.38128054843750003 0.776570484375 0.37789420156250003 0.7714841578125 0.36917944375 0.7669553328125 0.3554102609375 0.7708299421875 0.35035583593749997 0.779233378125 0.349247996875 0.7934519812499999 0.34587429062499997 0.8040419468750001 0.352074475 0.828448784375 0.352423184375 0.83843451875 0.3450619734375 0.8521483625 0.3454390859375 0.8629474515625001 0.34646018437500004 0.8667626921875 0.3460469671875 0.880354921875 0.34618056406250003 0.8841806203125 0.35045695781249997 0.904643715625 0.350270334375 0.9146138718750001 0.35459053749999997 0.93112804375 0.360541646875 0.9484022124999999 0.3751327859375 0.96806540625 0.378307603125 0.982408625 0.3904309453125 0.9900524296875 0.3993159765625 0.9903109562499999 0.400965896875 0.9880557078125 0.40343065468750006 0.9667511640625 0.406468290625 0.96185175625 0.40802447031250005 0.9604719515625 0.4178597078125 0.9664584640625 0.4193158828125 0.9315862750000001
0 0.4013251359375 1 0.4018067203125 0.9354216765625001 0.393116496875 0.9009668015625 0.3929045953125 0.879584375 0.3883230453125 0.8709005609375 0.37577397343749996 0.879085925 0.3723504515625 0.88824935625 0.36512979218749997 0.8958772187499999 0.355294928125 0.920530025 0.35566854531250003 0.9312290265625001 0.3529048953125 0.94397436875 0.34816163125 0.9459739796875001 0.337048796875 0.9355717953125 0.3380953 0.965539721875 0.3436800859375 0.97078255 0.3533536078125 0.9874524875 0.355893459375 0.9989270625 0.3556751234375 1 0.4013251359375 1
0 0.18360495 0.9161831843750001 0.171460721875 0.9152950359375 0.1101413609375 0.8937236703125 0.101544771875 0.892403959375 0.09741472500000001 0.896562090625 0.095592725 0.9056004718749999 0.090674634375 0.907596521875 0.0453620578125 0.9159042421875 0.038678051562499996 0.9285446687500001 0.042393939062500004 0.9329310953125001 0.0560955609375 0.937608075 0.06277668125 0.94528950625 0.08756988125000001 0.9615197656250001 0.18147697499999998 0.968363365625 0.2195787875 0.969472015625 0.235290878125 0.9679571609375 0.24706122343749998 0.958138671875 0.25109780000000004 0.9513038796875 0.24013707968750003 0.9434979234374999 0.23623425 0.9337581796875 0.18360495 0.9161831843750001
0 0.22108758593750003 0.864426740625 0.1990913703125 0.8466735015625 0.1892580765625 0.8303437421875 0.164072296875 0.8028715125 0.1572252203125 0.8006400890625001 0.156583284375 0.8006214109374999 0.14137862031249998 0.8059547109375 0.1314115765625 0.8061994875 0.0978132625 0.803082725 0.08916059062500001 0.8001570171875001 0.085687728125 0.8027299078125001 0.0844855234375 0.8091123828125 0.089139009375 0.81994354375 0.0887248515625 0.8284881000000001 0.08117802187499999 0.8368251171875001 0.086996321875 0.840203140625 0.09243785156249999 0.8531963828125001 0.0982748453125 0.8571097390625001 0.10135224375 0.8636167374999999 0.1338418234375 0.875792634375 0.151991296875 0.885412125 0.1607935203125 0.8926204890625 0.17010337656250002 0.8939609531249999 0.1786064953125 0.8926040046875 0.20325014375 0.9045516078125001 0.22633640000000002 0.9127103812499999 0.22848619375 0.9150992625000001 0.234684478125 0.9152796140625 0.2456132953125 0.9138060687499999 0.25043791406250004 0.9091333609375001 0.250739909375 0.8973768124999999 0.24158249375000002 0.87999714375 0.2413955515625 0.874643825 0.22108758593750003 0.864426740625
0 0.2658576546875 0.7400275062499999 0.2572610640625 0.7387077953125 0.2138452640625 0.7401184640625 0.2004614421875 0.7445421265625 0.1811284640625 0.7418404421875 0.165249653125 0.7360305359375 0.15312411718750002 0.73567771875 0.104958475 0.7439024265625 0.0972807875 0.74849211875 0.08519264062500001 0.749209965625 0.067021590625 0.7593770015625 0.065236978125 0.769486046875 0.058216476562499994 0.7724904984375 0.056939496874999995 0.776731646875 0.064371271875 0.7855044953125 0.0866694828125 0.7915011859375001 0.0990006546875 0.7977426546874999 0.11870212656250001 0.79951918125 0.1386015875 0.8000981968750001 0.16801928125 0.7949378 0.200321921875 0.8017603781249999 0.266041709375 0.765702684375 0.2735885359375 0.757365665625 0.276818375 0.7478334624999999 0.2658576546875 0.7400275062499999
0 0.198907534375 0.665451909375 0.20350782343749999 0.6543552171875 0.20108760937499998 0.6462629765625 0.1857164296875 0.6345851734375 0.178508984375 0.63223630625 0.1692552109375 0.6325018375 0.1566968234375 0.6401582453125 0.10286243125000001 0.6492875828125 0.081106353125 0.6588155171875 0.044954078125000005 0.6641810484375 0.0274028234375 0.6716921796875 0.025066656250000003 0.6731164578125 0.025176598437499996 0.676264759375 0.03282565625 0.6841500890625001 0.031642146875 0.691067896875 0.025902750000000002 0.6970590265625 0.0268267640625 0.7235193171875001 0.03068008125 0.7247315453125001 0.0450015 0.7267526203125 0.071340771875 0.737265525 0.0835376359375 0.7376204171875 0.0866700796875 0.7365216593749999 0.10388483906249998 0.7193745546875 0.1123879578125 0.71801760625 0.11649931093749999 0.7133241421875 0.1870998015625 0.6741997343749999 0.198907534375 0.665451909375
0 0.0374085265625 0.63481889375 0.0529113796875 0.63526998125 0.12572083750000002 0.6295605609375 0.1409827375 0.6177045140625 0.16142445156250002 0.6113470624999999 0.1756523984375 0.6106914796875 0.20718857499999999 0.5955654484374999 0.2147354046875 0.58722843125 0.2137791125 0.5802483640625 0.2077177890625 0.569911025 0.198295765625 0.56535856875 0.18326108125 0.563316740625 0.15730306562500002 0.5545396203124999 0.15200820312500002 0.566150890625 0.13438217187499998 0.5715206953124999 0.11623270000000001 0.5619012031249999 0.10703500937499999 0.563772728125 0.03619149375 0.5959378234375 0.0211591265625 0.605918090625 0.021881490625 0.626603903125 0.025281084375000002 0.630381578125 0.0374085265625 0.63481889375
0 0.14870273437499998 0.49335447187500003 0.146623490625 0.479755675 0.13467183437500002 0.47442012343749995 0.13060070937499998 0.46503861874999997 0.1211513546875 0.4547880828125 0.11792672343749999 0.43901833124999995 0.10877626562500001 0.43732699375 0.10563899843749999 0.4393733359375 0.09594056875 0.42199013125 0.090512525 0.41969456562499996 0.0870763640625 0.4131817046875 0.077975721875 0.412916903125 0.06773553593750001 0.41993680624999996 0.0682627796875 0.43503508125 0.0697096765625 0.451866196875 0.0877994359375 0.4951450765625 0.0876128140625 0.505115234375 0.081836434375 0.5234732515625 0.08244648906249999 0.525628628125 0.09154713125 0.5258934296875 0.0981205609375 0.53035995 0.10596429062499998 0.5712030734375 0.11479132031249999 0.5942612609375 0.11871299843750001 0.5993631640625 0.12136475 0.5987277796875 0.124477109375 0.595968171875 0.12626972812499998 0.58604474375 0.133614928125 0.5819832140625001 0.14201852343750002 0.5929158640625001 0.1518537609375 0.5989023765625 0.1613479625 0.616572390625 0.17711228125 0.6170310859375 0.17733264843750002 0.6082744921875001 0.1769850921875 0.5983217484375001 0.171723125 0.5859422171875 0.1701044890625 0.5702191953125 0.1737395390625 0.551798871875 0.1733908296875 0.5418131374999999 0.158276625 0.5071713421874999 0.14870273437499998 0.49335447187500003
0 0.2082917453125 0.4109636765625 0.2058902265625 0.40340676562500005 0.1963747328125 0.39617765 0.18774075625 0.393787275 0.1628325015625 0.39466688437499997 0.1542359109375 0.3933471734375 0.152021334375 0.3911435828125 0.13028394999999998 0.4012068484375 0.101921525 0.405194678125 0.064454884375 0.41373069375 0.0391137765625 0.422619525 0.018859007812500002 0.4343302953125 0.016807212499999998 0.436596921875 0.01785371875 0.4665649140625 0.02491744375 0.4649894921875 0.0363671 0.46639221875 0.046595859375 0.47364208750000003 0.0519626109375 0.48449400468750004 0.0564993828125 0.4855267953125 0.06538553124999999 0.48578535624999997 0.14625045625 0.45033713124999997 0.1608925625 0.441136990625 0.1778053296875 0.43574643281250003 0.190251553125 0.4248780359375 0.20074491874999997 0.4193006921875 0.2082917453125 0.4109636765625
0 0.35755868281250003 0.4010981671875 0.35369908906249997 0.38245977343750004 0.3472126484375 0.365170028125 0.335783684375 0.3441737609375 0.33553460625 0.33704109375 0.3401782390625 0.3321884140625 0.33095305625 0.3283572796875 0.3214040734375 0.3152536765625 0.3121536125 0.28006995625000003 0.291927278125 0.25980110624999997 0.290166109375 0.2597498609375 0.2799463328125 0.2613192671875 0.2711196765625 0.2689004015625 0.26991220781249997 0.280265940625 0.2729375765625 0.29032955781249997 0.269153078125 0.30447028125000003 0.2792373921875 0.317589459375 0.28302226406250003 0.33408805625000004 0.28217577031249996 0.340476303125 0.2719921953125 0.355143371875 0.2701783515625 0.3616132296875 0.2702563265625 0.36384615625 0.283147175 0.36829370625 0.2860729140625 0.37550425625 0.28821461406250004 0.4062058796875 0.2936181203125 0.43842749843749995 0.29654385781250003 0.44563804687499997 0.299805665625 0.44715804062500003 0.3069765109375 0.43810364531249996 0.3145707875 0.44117478437499996 0.3263856375 0.457907028125 0.3327973546875 0.4730569734375 0.3360591609375 0.47457696406250005 0.3411139125 0.475077284375 0.34698515625000004 0.47524812031249997 0.357833415625 0.47022273593749997 0.36246440625 0.4496937671875 0.3655518578125 0.44622089374999996 0.3662113578125 0.4191634859375 0.3642566515625 0.40913102187500006 0.35755868281250003 0.4010981671875
0 0.4075276953125 0.263071146875 0.42297653906250005 0.2565684203125 0.4234093921875 0.24855919375000002 0.40948344062500003 0.2374582296875 0.40156272968750006 0.23508860937499998 0.3801647265625 0.2344659921875 0.36573114218749997 0.22923292499999998 0.350207521875 0.2335943265625 0.3401844 0.2322331078125 0.3331825921875 0.235772890625 0.3196492171875 0.235913896875 0.31176589374999997 0.2346149390625 0.289336821875 0.224870925 0.268577309375 0.22212773437500002 0.255551565625 0.21640084375000002 0.24487125937499998 0.21662486718750001 0.239090346875 0.2143175078125 0.2320137625 0.21571596249999997 0.2299300453125 0.2172596984375 0.232649365625 0.233917246875 0.23844897187499997 0.2367599390625 0.2419779171875 0.23579304531249998 0.25166165625 0.24784014999999998 0.23332235625000003 0.2531891953125 0.2285538203125 0.25946790468750003 0.21175322031250002 0.2680704515625 0.2093460140625 0.27345424218750003 0.2095186203125 0.2783970296875 0.2116007796875 0.284109653125 0.21595515625 0.28637550625 0.232341596875 0.2863175140625 0.24889628749999998 0.2910775109375 0.2717956 0.2938829640625 0.2761312828125 0.2956134828125 0.2821756765625 0.307905646875 0.29449708281250003 0.3082641625 0.31676879375 0.2962611234375 0.3292337125 0.28592805781249997 0.38533876093749997 0.2806083046875 0.3878740265625 0.27159067812500004 0.40212066875 0.271470425 0.4075276953125 0.263071146875
0 0.3788617609375 0.1602663578125 0.3874770453125 0.1621214 0.391177125 0.145650634375 0.4130079828125 0.1382640296875 0.419053496875 0.12774417656249998 0.4295468640625 0.122166834375 0.4299423296875 0.11308694687500001 0.42085968906250004 0.0978486046875 0.4126379578125 0.09629580625 0.4096091140625 0.096207675 0.3952568640625 0.0992427921875 0.377313028125 0.09551195 0.36914640468750004 0.1065048734375 0.36053112187499997 0.10464983125 0.3380804703125 0.11469234218749999 0.2961472859375 0.11775051562500001 0.270018134375 0.12447726562500001 0.268666378125 0.1265770859375 0.27602337499999996 0.1332086078125 0.22991295625000002 0.191934165625 0.2299256734375 0.1922983421875 0.25317148437500003 0.1929747265625 0.258728065625 0.1888581015625 0.27648495624999997 0.1872356234375 0.28705309843750004 0.183799609375 0.30129973906249996 0.18367935468750002 0.309332615625 0.18926096718750002 0.308093025 0.1945727796875 0.313257928125 0.1964243578125 0.3165185140625 0.19651923124999998 0.3216637875 0.1955024359375 0.325043178125 0.1902528875 0.3390094078125 0.1821026546875 0.3469488125 0.1850076078125 0.37043341875 0.163764634375 0.3788617609375 0.1602663578125
0 0.4130678484375 0.071527575 0.4085639171875 0.06497906875000001 0.410591553125 0.06182934062499999 0.44008140156250003 0.0493177078125 0.4468775734375 0.0398892734375 0.4436506234375 0.0290996203125 0.431939246875 0.0202022453125 0.3906071640625 0.0200691796875 0.3750835421875 0.0244305828125 0.35231508749999996 0.02537245 0.325136175 0.0224424734375 0.2816455953125 0.021711815625 0.276858365625 0.0274551875 0.2886071296875 0.037423225 0.2910273421875 0.045515465625 0.2771358921875 0.055807024999999996 0.257444834375 0.06325589375 0.2566791921875 0.0644452453125 0.256970071875 0.0727749578125 0.25791219062500004 0.07663919218750001 0.2725887984375 0.088831571875 0.27794767187499997 0.08925489375 0.31450255625 0.09031853281249999 0.3359760671875 0.0880020125 0.3514996890625 0.0836406140625 0.3837865234375 0.06960600156249999 0.3925513609375 0.0757437 0.40955759687500004 0.073029803125 0.4130678484375 0.071527575
0 0.77335035625 0.0753536734375 0.7730142859375 0.0810442296875 0.7699517421875 0.08523037343749999 0.772852571875 0.09172765625 0.7715952859375 0.101666659375 0.776512903125 0.10465991562500002 0.7805902546875 0.11421973593750001 0.7827008203125 0.144029778125 0.77610285625 0.1694893109375 0.779924903125 0.1717381453125 0.7921628140625 0.1699566078125 0.8004418703124999 0.1773229234375 0.803638753125 0.1779138234375 0.8117890578125 0.178150971875 0.8180331000000001 0.1756971484375 0.83203871875 0.1632789140625 0.8312044937499999 0.1547041375 0.8266229453125 0.1460203234375 0.82495449375 0.12887076718749998 0.8297345609375 0.08198208125 0.8385731109375 0.028798603125 0.8382357578124999 0.02439016875 0.7575348953125001 0.0220420140625 0.7675237874999999 0.061645840625000003 0.77335035625 0.0753536734375
0 0.801783978125 0.11834728750000001 0.7848645140625 0.077952628125 0.778091821875 0.067779975 0.7659658109375 0.0574515578125 0.757910925 0.056504642187499995 0.7482005984375 0.08472378124999999 0.745053315625 0.10366166875 0.74520705625 0.1080642109375 0.755770715625 0.14836028750000002 0.75492459375 0.18538785468750002 0.75912063125 0.2289750078125 0.7636523640624999 0.2362322890625 0.770686403125 0.238574584375 0.7903197 0.2647973671875 0.7967686328125 0.2666859265625 0.7994590609375 0.2667642109375 0.8068651734375001 0.26385370625000004 0.814832696875 0.2469845296875 0.82089533125 0.2215094234375 0.8117437546874999 0.127900134375 0.8051952328124999 0.12414688125 0.801783978125 0.11834728750000001
0 0.81651540625 0.28502564375 0.818308025 0.275102215625 0.814871490625 0.23795003750000002 0.8187307140625 0.22594911718750002 0.810912265625 0.21645857500000001 0.8070526687499999 0.19782017968750001 0.8118082 0.18085754375000002 0.8050853234375 0.17211142343750002 0.7973289593749999 0.1490843921875 0.790095659375 0.1410359625 0.7809202921875 0.1386313609375 0.773114484375 0.1448171125 0.768159690625 0.156073615625 0.7673258374999999 0.17813815625 0.76344170625 0.1894258109375 0.7663425359375 0.19592309531250002 0.76798608125 0.21235938281250002 0.7650480765625 0.2201118578125 0.7608650515625001 0.22284031249999997 0.76372870625 0.24358735468749998 0.7601434703125001 0.2634342125 0.760498809375 0.2777706328125 0.7618593421875001 0.316731196875 0.768734434375 0.3256753390625 0.779105003125 0.331677428125 0.78892499375 0.369477915625 0.7977536093750001 0.36973480312499996 0.7984769546875 0.36573056875 0.806232946875 0.3581182828125 0.80851108125 0.346783896875 0.8156321109375 0.33630296875 0.8207237125000001 0.3136497734375 0.81651540625 0.28502564375
0 0.8218741453125 0.338632609375 0.825982075 0.30312503749999997 0.823541853125 0.2945035296875 0.8239150984375 0.27456321250000004 0.8188231234375 0.2665770890625 0.8040516796875 0.2647221984375 0.7955547734375 0.25877462812499996 0.789977284375 0.2521994640625 0.7835904765625 0.237762784375 0.76709481875 0.24013297812499998 0.7656593078125 0.246753246875 0.7666935171875 0.276369159375 0.768614196875 0.2836422515625 0.7677220703125001 0.3058230734375 0.7693376765625 0.35208795937500004 0.7731344078125 0.36714119218749997 0.7906141109375 0.40826469374999996 0.7984202921875 0.4327182609375 0.806136853125 0.4433416109375 0.8181790156250001 0.4436920015625 0.8281996156250001 0.4278844140625 0.829581440625 0.421511740625 0.8291702765625001 0.3944231828125 0.824314740625 0.3778934328125 0.82522331875 0.3579686953125 0.8218741453125 0.338632609375
0 0.782825984375 0.42580100468750004 0.77872995 0.415706234375 0.770550525 0.41119298281249994 0.7573415812500001 0.41579643749999995 0.7510547796875 0.43485214375 0.7437344875 0.4396269390625 0.7412929015625 0.442964303125 0.7414868703125 0.44851884531249997 0.7479677 0.46896433593750003 0.750731721875 0.4868583109375 0.7577534921875 0.5041636328125 0.7732167796875 0.5794304796875 0.7803255421874999 0.5839125765625 0.7924423 0.5990343765625 0.8059858703125 0.599428453125 0.8117733171875001 0.5962282859375 0.8192971421875 0.5758754890625 0.818486428125 0.5526596671874999 0.8105275546874999 0.5299256296875 0.8115108531249999 0.512140690625 0.807588803125 0.4763994703125 0.8039533796875 0.46418047656250006 0.792350059375 0.438191340625 0.782825984375 0.42580100468750004
0 0.8840911453125001 0.3978298859375 0.8632942453125001 0.39401603125 0.8503058890625 0.38935980468750003 0.8424786484375 0.38966684375 0.8341063906249999 0.394771115625 0.793431490625 0.3930528078125 0.7652215078125 0.3810014359375 0.7408208859375 0.3760131453125 0.7380052078125 0.37700079375 0.7339499359375 0.383300253125 0.7523798203125 0.4009497234375 0.72628805625 0.4087471359375 0.6871302734375 0.43006885625 0.6862660109375 0.4316542 0.6864896984375 0.4380597828125 0.6899243703125 0.448867734375 0.6928522140625 0.451092078125 0.6984648796874999 0.44858145 0.717009815625 0.44912105156250004 0.7244042 0.4568232390625 0.741669640625 0.4648794921875 0.748941615625 0.465091084375 0.7758341843750001 0.46045885000000003 0.8032590109375001 0.450026284375 0.8640017375 0.4346805015625 0.8857391234374999 0.42461723593749995 0.89674011875 0.41317199687499995 0.8840911453125001 0.3978298859375
0 0.79160996875 0.6583399062499999 0.79342749375 0.6491297453125 0.7954193734375 0.64491245 0.7991417890625 0.6443082203125 0.8056780437500001 0.6630244984375 0.81484114375 0.680392125 0.8215142046875 0.6877117109374999 0.8290337578125 0.68864305 0.8352086625 0.6816973015625 0.8489027484375 0.6450435734375 0.8449806984375 0.609302353125 0.8363027437499999 0.55988445 0.82835975625 0.5468275765625 0.8203294046874999 0.5159546109375001 0.8009076374999999 0.4804749359375 0.7941660328125 0.4773333671875 0.7921001125 0.47727325625 0.7844617953124999 0.48427166406250005 0.777465303125 0.4983189265625 0.783453959375 0.531982653125 0.7785738890625 0.54537895625 0.772324259375 0.5501849046875 0.7758351453125 0.558837565625 0.770606365625 0.562248134375 0.77045703125 0.5629368265625 0.7706139171874999 0.567429453125 0.785757746875 0.5826401703124999 0.78397776875 0.608239890625 0.7860573843750001 0.65247800625 0.7914482515625 0.66902333125 0.793004434375 0.6676435281249999 0.79160996875 0.6583399062499999
0 0.7990883765625 0.7828554796875 0.80818901875 0.7831202828125 0.8164305281249999 0.774097040625 0.8205261875 0.75355249375 0.8212604078125001 0.7286348859375 0.8193306109374999 0.7193156890625 0.821197953125 0.7115320609375 0.8324023734375 0.695469609375 0.8371579078125 0.6785069734375 0.8389129750000001 0.6521939859375 0.8095808765625 0.5779486796875 0.8011151968749999 0.580552521875 0.7943179671875 0.60030591875 0.77844500625 0.62050778125 0.7687093984375 0.6173743359375 0.7517906828124999 0.6382583109375 0.7514800484374999 0.6452886953125 0.7517430953125 0.652821365625 0.763792528125 0.6756597156249999 0.76709188125 0.6935692671875 0.7704533203125 0.697942328125 0.7851816390625 0.736848146875 0.7879954812500001 0.7561686546875 0.7990883765625 0.7828554796875
0 0.8397412281250001 0.8038874265624999 0.854570275 0.8000406046874999 0.8809050640624999 0.799202503125 0.8982506828125001 0.785802721875 0.898608759375 0.7756521703125 0.8799142703125 0.7708299125 0.85172298125 0.759313871875 0.8557408640625 0.7519437484375 0.8634933281249999 0.7494953828125 0.8631568328125001 0.7398594078125 0.8545602421874999 0.7385396953125001 0.8133029359374999 0.740547959375 0.76097274375 0.731538275 0.703422465625 0.7362811875 0.694025115625 0.7432432671875 0.6942728125000001 0.750336340625 0.7010525609375 0.7704386609375 0.7039617109375 0.7721276718750001 0.7124648296875 0.7707707234375001 0.7306516875 0.781460878125 0.7351369234375 0.7874740515624999 0.73430860625 0.8045631656250001 0.73754565 0.808160215625 0.75291439375 0.8086074 0.779920290625 0.8048207546875 0.8056165875 0.806103228125 0.811849046875 0.80093669375 0.8224358828125 0.7980360125 0.8310137781250001 0.7988203921875 0.8397412281250001 0.8038874265624999
0 0.8712111359374999 0.885234721875 0.8669035734375001 0.8843968421874999 0.863542134375 0.8800237843750001 0.8625833703125 0.8678826703125001 0.8521629859375001 0.8604540500000001 0.82957866875 0.7956681296875 0.8125476781250001 0.798022746875 0.800882275 0.785570103125 0.7996123500000001 0.7798328171875 0.802089746875 0.7742045656250001 0.777775640625 0.76708421875 0.775036896875 0.780542828125 0.7769544265625 0.80482505 0.7715892531249999 0.8188528390625001 0.771596821875 0.819069571875 0.7817482515624999 0.8655306078124999 0.789280446875 0.8821382390625001 0.8003357937500001 0.89243550625 0.8149641093750001 0.8978489421875 0.8196203828125 0.9086725546875 0.82901991875 0.9174965578125001 0.8303894765625 0.9260869125 0.83601678125 0.9340886125000001 0.8384320953125 0.9419968531249999 0.8581511078125 0.963077975 0.861045215625 0.963162184375 0.8674273828124999 0.9606540796875 0.8764655671874999 0.9438160546875001 0.8723319875 0.917331725 0.8755313390625 0.9017488921875 0.8704642734375 0.8944760374999999 0.8712111359374999 0.885234721875
0 0.861848515625 1 0.8625891765624999 0.9965842374999999 0.8705444328124999 0.994678084375 0.86863954375 0.9860721546875 0.8589162046875 0.967975684375 0.821031059375 0.8785181265625001 0.8179060609375 0.8656014421875 0.8057800484375001 0.8552730234375 0.7984720249999999 0.8450847937500001 0.7824867921875 0.846757296875 0.77590109375 0.857253803125 0.7675117140625 0.8808820984375 0.7676198359375 0.88397829375 0.78972158125 0.9773629968750001 0.7910041484375 0.9987765765625 0.7917484031249999 1 0.7985800140625 1 0.802096671875 0.994824084375 0.8085704687499999 0.9964375359375 0.810399109375 1 0.861848515625 1
0 0.6208903796875 1 0.62307806875 0.9924418109375001 0.628767459375 0.9869070203125 0.6357765875 0.9885360484374999 0.6378431921875001 0.9864585546875 0.6394116390625 0.970115725 0.6361621000000001 0.95363270625 0.627359978125 0.9312877890625 0.6132290734375 0.8788610546875001 0.607302503125 0.8316608359375 0.5993595140625 0.8186039624999999 0.5859014953125 0.8160747468749999 0.5782451328125 0.8265401000000001 0.571858696875 0.8427427406250001 0.5738134031250001 0.8527752046874999 0.566032503125 0.8596742234375 0.5705642359375 0.8669315046875001 0.570166084375 0.886158553125 0.5661574140625001 0.893879875 0.559808528125 0.9264720750000001 0.54691111875 0.9553110218749999 0.546904859375 0.955439821875 0.5471628749999999 0.9628284078125 0.55062126875 0.9696698156249999 0.5702668328125 0.9809295734375001 0.5682998593749999 0.985860134375 0.5766167656250001 1 0.6208903796875 1
0 0.6412914296875 0.7745817203125 0.6382411515624999 0.7638048375000001 0.6294516703124999 0.7571362109375 0.6252061906249999 0.7427618390624999 0.6191431859375001 0.7375976296875 0.6053989109375 0.74218550625 0.597481203125 0.7604812171875001 0.5945809328125 0.7999429109375 0.5902278265625001 0.81038815 0.5904709703125001 0.81735085625 0.5952038140625 0.8330942390624999 0.596063321875 0.8730216000000001 0.601578728125 0.893133259375 0.6031973640625 0.90885628125 0.6103934875 0.93115446875 0.625896003125 0.9453936546874999 0.6269215703125 0.9454234953125 0.632640990625 0.9403523093749999 0.6346700453125 0.9218852562500001 0.6512776031249999 0.9074051046875 0.6450640328125 0.806043340625 0.642163203125 0.7995460578125 0.6412914296875 0.7745817203125
0 0.6907839109375 0.752896303125 0.6783779640625001 0.7445135078125 0.5610470234375 0.7309385546875 0.5444736421874999 0.7256432265625 0.5323107171875 0.7242197453125 0.5259660937499999 0.7261742890625 0.5230914453125 0.7458777984375 0.501899078125 0.7511438312500001 0.48453476406249996 0.7640082796875001 0.48413977812500003 0.7672356015624999 0.48436843124999995 0.773783375 0.5053848609375 0.7897499906250001 0.5246016328125 0.795720528125 0.5426014703125001 0.79624426875 0.5633277171875 0.7962490468750001 0.6264719624999999 0.7884601734375 0.6625868484375 0.7820239765625 0.6899368984375001 0.7694500843750001 0.6925843296874999 0.7636444484375 0.6907839109375 0.752896303125
0 0.616989359375 0.7185999890625 0.6947354359375 0.72086216875 0.709601871875 0.718086009375 0.7236428781249999 0.71207710625 0.7284674984375 0.707404396875 0.727099934375 0.6886470265625 0.716833784375 0.6803264921875 0.699002115625 0.67980764375 0.6917759765625 0.67692344375 0.6661544562499999 0.6777822984374999 0.6567511296874999 0.673765175 0.6136560156249999 0.6639546265625 0.5722491546875 0.661680234375 0.5397379921875001 0.6692908640625 0.5225822 0.6677221046875 0.5148484328125 0.6707058031249999 0.512284496875 0.6792212296875 0.51240104375 0.68255869375 0.5161973015625 0.6889278421875 0.5350600390625 0.6985680875 0.5413643875 0.7158647390625 0.5586697328125 0.721716153125 0.6028361875 0.7213969015624999 0.616989359375 0.7185999890625
0 0.6194798453125 0.5566530421875 0.6159317843750001 0.5622501390625 0.6184716375 0.5737247140624999 0.607043046875 0.5833677640625 0.604266753125 0.5804368140625 0.6029470124999999 0.5732729937500001 0.5980044859375 0.5695664703125 0.593908453125 0.5594717 0.5883558718749999 0.5536098 0.584185115625 0.5413752296875 0.5798775515625 0.5405373499999999 0.5778856718750001 0.5447546453125 0.5782343812499999 0.5547403796875 0.5818077234375 0.580495865625 0.5931247890625 0.6136020921875 0.5929630734375 0.624285515625 0.590510584375 0.630627034375 0.594581709375 0.6400085375 0.5932247921875 0.6470944765625 0.6002216546875 0.66368653125 0.60354591875 0.6823093484375 0.611228028125 0.6905381453125 0.6196358046875 0.6907827875 0.624672940625 0.690049503125 0.6305987656250001 0.6759710859375 0.633138246875 0.6568063453125 0.634084 0.622631846875 0.6365179734375 0.61620935 0.63633636875 0.6110088453125 0.6343576140625 0.5998384625 0.6331371296875 0.5648883921875 0.6306969078125 0.556266884375 0.6158195125 0.54372078125 0.6148982968750001 0.547969228125 0.6194798453125 0.5566530421875
0 0.6012927546875 0.46542843906250003 0.594457978125 0.468792278125 0.5797047515625 0.4291731921875 0.57406480625 0.4054952 0.5653251406249999 0.40025310625 0.551680496875 0.40769405000000003 0.544497384375 0.4317114703125 0.5318115046874999 0.4512935265625 0.5263134140625 0.4551753328125 0.52698703125 0.47446520937500003 0.5429921390625 0.5264357609375 0.544660590625 0.5435853171875 0.5508232265624999 0.55160259375 0.54930459375 0.56937195625 0.563086790625 0.61181295625 0.5725361421875 0.6220634921875 0.5783158796875 0.62402218125 0.5835569781250001 0.62417468125 0.5890816171875 0.6211198328124999 0.5976093796875 0.6049795 0.6112647984375 0.46001825937499996 0.608214521875 0.449241375 0.6041062203124999 0.45410962968749996 0.6012927546875 0.46542843906250003
0 0.6663851125 0.41466497812499997 0.6612426921875 0.41023704375000003 0.639676440625 0.40479643750000005 0.6229721984375 0.3957537875 0.6108279703124999 0.3948656390625 0.606454896875 0.3920644546875 0.5782794171875001 0.401405603125 0.5647460421875 0.4015466109375 0.5316366640625 0.39202661875 0.4973063890625 0.3883537703125 0.496048103125 0.39313025 0.5075912296875 0.3972096375 0.5127523453125 0.40217289999999994 0.4860781765625 0.413696884375 0.464867115625 0.4184275859375 0.460117271875 0.42524162343749994 0.460942703125 0.42847436875 0.46981970625 0.4378240578125 0.48130675156249997 0.4402974484375 0.49076616093750003 0.44592056874999997 0.5262382375 0.4508065171875 0.5355862171875 0.451078515625 0.6055460265625 0.4476559578125 0.6231720609375 0.4422861546875 0.649413378125 0.438771396875 0.6662700609375001 0.43177484374999997 0.6681481421875 0.42434245937500004 0.6663851125 0.41466497812499997
0 0.57715255 0.3911480765625 0.57056648125 0.37100526562499997 0.5728197078124999 0.35895761249999997 0.5710267171875001 0.33824172343750003 0.5764421203125 0.324860996875 0.5756201609375 0.30132319375 0.57832135625 0.2714750265625 0.5705527234375001 0.2634110203125 0.5634815093750001 0.27531848281250004 0.55399498125 0.27931770624999996 0.5358305 0.233899025 0.5270659281250001 0.227943665625 0.5163968375 0.24402169375 0.50950161875 0.2866392796875 0.510194803125 0.30648946875 0.5136465718750001 0.33372196249999997 0.5187634531249999 0.342421353125 0.5232580109375 0.3639283921875 0.5345501703125 0.39632135156250003 0.53387803125 0.407702465625 0.5217895671874999 0.41376360625 0.525835784375 0.4224318421875 0.5334300625 0.42550298125 0.5397295062499999 0.4221235671875 0.5446222171875 0.42440355781249994 0.5511833796875 0.44383310312499996 0.5561991374999999 0.446995553125 0.56222005 0.44717074375 0.569409571875 0.445075971875 0.578572296875 0.4318042828125 0.5833527375 0.41555491250000004 0.5831036593750001 0.40842224375 0.5816842859375 0.39840535625 0.57715255 0.3911480765625
0 0.6075143578125 0.2452983890625 0.6080742265625 0.21538791562499998 0.6033926734375 0.1732117171875 0.59445374375 0.162263490625 0.584132990625 0.1576879328125 0.5769245984375 0.1503527703125 0.5683592859375 0.1501035453125 0.55849914375 0.1434037671875 0.5517513578125001 0.1339443796875 0.543435125 0.140827821875 0.5348449078125 0.13986533125 0.5401112343750001 0.15284432187500002 0.540659209375 0.168536190625 0.53544306875 0.18762304999999999 0.5259814484375 0.1923355390625 0.525100125 0.1969378828125 0.5253096484374999 0.20293781875 0.5265792359375 0.2094539421875 0.5339370765625 0.22106870625 0.5376472234375 0.23542749999999998 0.54276410625 0.24412689062499998 0.57697665 0.335615209375 0.5835749875 0.3407949953125 0.5909826421875 0.3538362921875 0.5977484625 0.35767159843749996 0.6035414265625 0.35784015625 0.61239591875 0.35445935624999997 0.6148484078124999 0.3481178390625 0.6171763578125 0.33820998750000003 0.6132041203124999 0.27040291562499996 0.6110501515625 0.2546643171875 0.6075143578125 0.2452983890625
0 0.666407265625 0.12042194375 0.6560476468750001 0.1094247515625 0.6302391843749999 0.1049302859375 0.6231625984375 0.10632874218749999 0.6131020875 0.103896859375 0.5962827921875 0.11196407500000001 0.5437253828124999 0.11685226562499999 0.5083237625 0.123309215625 0.47477864218750004 0.1421203078125 0.46092788906250004 0.147232728125 0.46140570312499996 0.16091551875000001 0.465615453125 0.16538435468749998 0.4807809984375 0.17117350625 0.5034015468749999 0.17386055 0.5383115734375 0.174876328125 0.5775048640625 0.165966065625 0.6044781421875001 0.163007390625 0.6141460750000001 0.15419730468749998 0.6318655796875 0.1515041625 0.6646039609375001 0.12999565625 0.666407265625 0.12042194375
0 0.5377029249999999 0.0331205078125 0.5429443453125 0.0453862296875 0.54456298125 0.0611092515625 0.545048871875 0.0903376140625 0.5429573609375 0.09170184218750001 0.5445384468750001 0.0910353046875 0.5491947203125 0.1018589171875 0.5589552328125 0.1057056296875 0.5641468374999999 0.116544821875 0.56559111875 0.127274975 0.5728991437500001 0.13746320625 0.577655046875 0.151139884375 0.5807946015625001 0.15425968437499998 0.59562734375 0.1546912734375 0.60120965 0.151825253125 0.5982727921875 0.0677246203125 0.5970753234374999 0.0640622890625 0.5908497609375 0.017191971875 0.5349452296874999 0.0155653171875 0.5349638109375 0.0159397984375 0.5377029249999999 0.0331205078125