0 0.9323314437500001 0.9226176421875 0.9260673578124999 0.9157946140625001 0.9243718234375 0.9158242109374999 0.9161082953124999 0.9182508203124999 0.9063708203124999 0.9423350640624999 0.8976090234375 0.9478022828125001 0.892758384375 0.9452298109375 0.8917195109374999 0.9465406515625 0.8903586515624999 0.9725073984374999 0.94688526875 0.971520721875 0.9484405328125 0.9663581703125 0.9493186546875 0.9496026000000001 0.9393397984374999 0.9410953015624999 0.9323314437500001 0.9226176421875
0 0.8952926859374999 0.8513336218750001 0.8767846531249999 0.8740706749999999 0.8767276 0.87515931875 0.8794697046875 0.90475264375 0.9309860484374999 0.9038534234375 0.9288875328125 0.866690071875 0.9193381578125001 0.8396210546875 0.9165769015624999 0.8257192609375 0.9090110140625001 0.8178798984375 0.9071471890625 0.806849921875 0.9070270875 0.8068520187500001 0.9000749875 0.8266715874999999 0.8952926859374999 0.8513336218750001
0 0.9002462124999999 0.7043298 0.8966598250000001 0.7156852515625001 0.883069715625 0.7371796015625 0.878740409375 0.75319801875 0.876177975 0.7664987796875 0.8745386749999999 0.7977784812500001 0.92061463125 0.796974221875 0.932445875 0.7748462890625001 0.932672371875 0.7705244796875 0.9411853484374999 0.7507794671875 0.940675184375 0.7414883765625 0.9368573953125001 0.7382335890625 0.9246973109375001 0.7039030046875 0.9193459328125 0.6942399046875 0.9179724671875 0.694263878125 0.9111782453125 0.6955032703125 0.9002462124999999 0.7043298
0 0.8810686406249999 0.6731793296874999 0.893076540625 0.6799386078125 0.8955701953125 0.7084593515625001 0.900316296875 0.7130265062500001 0.9102963359375 0.712852303125 0.9250698406250001 0.69731586875 0.940424559375 0.661176440625 0.9459497812500001 0.6318514390625001 0.9514559437500001 0.6156258890624999 0.90052775625 0.6165148453125 0.8816931015625 0.661263896875 0.8810686406249999 0.6731793296874999
0 0.9069445015625 0.5195766468749999 0.9037762624999999 0.5229533765625 0.8988670984375 0.531010490625 0.8939914234374999 0.56696700625 0.8900105703125 0.5763364875 0.8784401515625 0.587831303125 0.8731735546875001 0.585530521875 0.872018946875 0.6075617624999999 0.8744927890625 0.6251001859375 0.87915025625 0.6389688812500001 0.9310937375 0.6380622046875 0.9298234843750001 0.63476295 0.9353960703125 0.5855085625 0.9348050515624999 0.5682474578125001 0.927042609375 0.5451329640625 0.9279946046875001 0.5364806375 0.9313719203125 0.529114546875 0.9278328953124999 0.520540609375 0.9316395203125 0.514495596875 0.9314457078125 0.509822365625 0.9304620343750001 0.5098395359375 0.917458390625 0.5187288421875 0.9069445015625 0.5195766468749999
0 0.9326471546875 0.46346470625 0.9332774781250001 0.4656971578125 0.9394556859375 0.47456313437500003 0.9481888609375 0.48537869999999994 0.9513825718750001 0.48781567812500004 0.9520775609375001 0.46187918124999994 0.9459906124999999 0.45805315156250004 0.93626226875 0.45822296093750003 0.9327653828125 0.461208796875 0.9326471546875 0.46346470625
0 0.91000334375 0.46298905625 0.9044488312500001 0.4675729203125 0.8950357140625 0.4697314078125 0.8811775546874999 0.467979121875 0.8643721531249999 0.4717622796875 0.8633465828125001 0.47517028906250003 0.8629368203125001 0.4829890296875 0.864226346875 0.4872197359375 0.89213683125 0.499694740625 0.8941687671875 0.511624365625 0.8907246453125 0.5266408484375 0.8951173859375 0.531549628125 0.9010229734375 0.5329421812499999 0.9158598453125 0.5286948375 0.9385969859375001 0.5258052328125 0.956224190625 0.5190164562499999 0.9716078781249999 0.5170105765625 0.9739416265624999 0.47247999375000005 0.9558548515625 0.4626872609375 0.9310073203125 0.45514424687500005 0.9144307328125001 0.4445543953125 0.9140933703125 0.44456028437499995 0.9074895749999999 0.44757802187499995 0.91000334375 0.46298905625
0 0.8952808765625001 0.36831176718749997 0.884559759375 0.3980557828125 0.884020621875 0.40834315468750004 0.890346675 0.41489787187499994 0.8995252671875 0.430016221875 0.907218015625 0.4544605046875 0.9143894343750001 0.4603138953125 0.92358054375 0.4561677515625 0.9304745531249999 0.438775996875 0.936381721875 0.4307014609375 0.9413842609374999 0.411349865625 0.9487075812500001 0.3952791859375 0.9520960578125001 0.397212896875 0.956493703125 0.40842898749999995 0.9640832703125 0.40630365468749996 0.9576784546875 0.3858226046875 0.9525030421875 0.3799343734375 0.9456689140625001 0.3581322453125 0.9457676140625001 0.353465309375 0.90200145625 0.35422925156249996 0.901791584375 0.3582338421875 0.8952808765625001 0.36831176718749997
0 0.9092099984375 0.277367390625 0.9077590015625001 0.28602842812499996 0.9025459890624999 0.29315411875 0.9024698265625 0.2946073765625 0.9066327781249999 0.298005225 0.9096031078125 0.30791765625 0.9078259828125 0.34182723125000003 0.9090093781249999 0.3477851453125 0.9222036687499999 0.3528691203125 0.9224587515625 0.357514665625 0.931277721875 0.36998215156250003 0.9388324421875 0.3685217140625 0.9488250015625 0.349083015625 0.9581108390624999 0.305078096875 0.95870456875 0.265210609375 0.95906104375 0.26425224531249997 0.909968753125 0.2651091546875 0.906564440625 0.270770715625 0.9092099984375 0.277367390625
0 0.869753034375 0.234413659375 0.8677807078124999 0.24162713593750001 0.867623796875 0.24462115624999997 0.869528775 0.251368121875 0.8774290421875 0.2527258609375 0.8988736515625 0.26182390624999996 0.917255309375 0.2659899640625 0.9569658640625001 0.26878663125 0.9779809437500001 0.27340526718749997 0.9847505796875 0.2709861234375 0.98729239375 0.2224854109375 0.95362313125 0.21849188125 0.9239063953125 0.21178946875000002 0.9025112546875 0.21216292343749998 0.8903013281250001 0.222588440625 0.869753034375 0.234413659375
0 0.929490503125 0.056444028125000004 0.917468446875 0.0480181625 0.91491346875 0.0433508109375 0.8614253453125 0.044284449999999996 0.862369153125 0.052965637499999996 0.8497868562500001 0.1123066609375 0.85047125 0.1182732828125 0.876093225 0.1430688953125 0.8830318890625 0.1628763421875 0.8909810765625 0.163401875 0.8967028546875 0.14935200625 0.9020413296875001 0.14261596875 0.904884796875 0.1359234828125 0.9044791671875 0.12463771093750001 0.9111877843749999 0.1012706234375 0.9326211890625 0.1108607828125 0.9310419718749999 0.13148119687499998 0.9367163890624999 0.1373607171875 0.9402442453125 0.1366348546875 0.948378825 0.1431357171875 0.9538901750000001 0.16163950625 0.9590892671875 0.15756304375000002 0.961573115625 0.1482196921875 0.9703809234375 0.151387378125 0.9807442625 0.143899346875 0.9916302890625 0.1264379109375 0.9924952875 0.1257433875 0.9968882875 0.041919934375 0.93938169375 0.042923715625 0.929490503125 0.056444028125000004
0 0 0.6654737640625 0.01797415625 0.6416039546875 0.012320446875 0.630457490625 0 0.6306725453124999 0 0.6654737640625
0 0.1368056765625 0.9780683046875 0.1382566734375 0.9694072671875 0.1371778171875 0.961454675 0.14583643125 0.929417840625 0.15341483281249998 0.91799270625 0.15931083906250001 0.900618371875 0.162513925 0.89657675 0.16603921093750001 0.8828154546875 0.1661055 0.8815506 0.16402345000000002 0.8772861234375 0.156224809375 0.8834008171875001 0.14844985156249998 0.87955081875 0.1444355078125 0.8610208984375 0.14433232499999998 0.8344512843749999 0.1373596015625 0.8312141093750001 0.12571313281250002 0.8314173984375 0.12337424062499999 0.8348171093750001 0.12085555156250001 0.8448253546875 0.109331140625 0.8649550734375 0.102658721875 0.8590929734375001 0.094315071875 0.8565814703125 0.091111984375 0.8606230937499999 0.0896707984375 0.9071482265625 0.0949033828125 0.9309711640625 0.094496396875 0.9482496890625001 0.091234784375 0.9629208984375 0.0947041171875 0.9728246203124999 0.08998034375 0.9868570671875 0.0911246546875 0.9974946328125001 0.12828958906250001 0.996845915625 0.133138434375 0.98145374375 0.1368056765625 0.9780683046875
0 0.1181208390625 0.7740871140625 0.1106469734375 0.783517565625 0.1103793734375 0.7981365171875 0.1070369046875 0.8048377140625 0.1064905375 0.8247758125000001 0.100489996875 0.844144828125 0.0958540296875 0.881613390625 0.0948027828125 0.901672371875 0.10010398437500001 0.9085872484375 0.102481940625 0.929802871875 0.11304183593749999 0.9375899734375001 0.1177070828125 0.9341871156250001 0.1260284078125 0.9180990171875001 0.14725409218750002 0.903114240625 0.14949401874999999 0.8984251484374999 0.1515847546875 0.85853153125 0.15035535 0.8439387093749999 0.14731532812499998 0.8353560640625 0.1463186796875 0.8068091875000001 0.152783378125 0.7880963578125 0.1470057828125 0.755647221875 0.143222840625 0.7517275390625 0.133896834375 0.750098878125 0.13262343593749998 0.7501211046875 0.12394715468749999 0.7580425671875 0.1181208390625 0.7740871140625
0 0.066567884375 0.8224108859375001 0.0725322265625 0.8322710593749999 0.068876146875 0.844956296875 0.06517405937500001 0.8490066296875 0.065719071875 0.8576328265625 0.083043403125 0.8885518421875 0.0910027671875 0.8929050249999999 0.091626834375 0.8928941328125 0.0999746265625 0.8889205921875 0.10936364531250001 0.8714852859375 0.11349640000000001 0.840191734375 0.108599753125 0.82898435625 0.1083795125 0.82367391875 0.113253834375 0.8162816953125 0.108613625 0.781155565625 0.11095944218750001 0.7459074953125 0.1093829359375 0.709399315625 0.105739375 0.7028200625000001 0.10304781249999999 0.687588478125 0.09444907500000001 0.6804314312499999 0.0865347359375 0.6792410046875 0.078840634375 0.6833610203125 0.0778537921875 0.6926782375 0.0653885515625 0.7307600890625 0.061125115625000004 0.769818465625 0.0608081765625 0.77586604375 0.066011709375 0.8044848874999999 0.066567884375 0.8224108859375001
0 0.059494009375000004 0.6459999578125 0.057694557812500005 0.66130993125 0.05093993125 0.6760421125 0.048815703125 0.688036325 0.03001398125 0.732871634375 0.025931003125 0.7562611046875001 0.0253775625 0.7668213703125 0.028062628125 0.7701056765625001 0.0368704359375 0.7732733609375 0.0366488453125 0.7965272171875 0.0418615234375 0.8110260453125001 0.0420093828125 0.8110234640625 0.0494249875 0.8095899171875001 0.0552624640625 0.8028451703125 0.0597771625 0.7928020859375 0.06835357187499999 0.7813595296875 0.07585112031249999 0.7619643859375 0.084229615625 0.7638109937500001 0.087060565625 0.7763830031250001 0.09051873437499999 0.776986925 0.0927935046875 0.7716329328125 0.09247008749999999 0.7397528828125 0.0884445796875 0.7119231593750001 0.0890369546875 0.7006199703125 0.0935753359375 0.6806121890625 0.1046467546875 0.6691260875 0.1095099109375 0.6524340640624999 0.1026521015625 0.64059663125 0.0982781390625 0.6194158484375001 0.094564884375 0.61416638125 0.0836033515625 0.6104803953125 0.083213778125 0.6104871953125001 0.0624071671875 0.6379776828125 0.059494009375000004 0.6459999578125
0 0.1085925640625 0.584345478125 0.105494015625 0.5863924203125 0.09130172187499999 0.581325865625 0.08776669687500001 0.589123859375 0.08733845 0.597295278125 0.087332034375 0.599995146875 0.089176140625 0.6218843749999999 0.095441575 0.6450249984374999 0.0943501984375 0.6563369015625 0.09079865625 0.6670274609375 0.0919235265625 0.683614959375 0.0897519328125 0.7155385640625 0.09390565937499999 0.731408909375 0.09715475625 0.7360021953125 0.1075292609375 0.7378139625 0.11511882656250001 0.7356886312500001 0.11889060468749998 0.730308509375 0.1271659203125 0.70558550625 0.128721453125 0.6949297875 0.13618415781249998 0.676199534375 0.1413846046875 0.6435587734375 0.1541174453125 0.5908579765625 0.1556506515625 0.561602659375 0.15017415 0.542433975 0.14269155625000002 0.5345176140625 0.140491628125 0.5345560140625001 0.130956990625 0.5381194125000001 0.1085925640625 0.584345478125
0 0.3436401 0.3516155328125 0.324942915625 0.3944561578125 0.3148346578125 0.4065897359375 0.30521288125 0.43797909687500003 0.30327404687500004 0.4559486453125 0.29444210625 0.4880454515625 0.2939461984375 0.497507928125 0.3031082734375 0.5257015046875 0.3157687140625 0.531459084375 0.326990678125 0.5266132046875 0.3311109125 0.51458415 0.34530455937500004 0.49108641249999996 0.352721253125 0.46372125000000003 0.361262815625 0.452943590625 0.36214511875 0.445621053125 0.37429674999999996 0.4135232453125 0.3756320453125 0.3975570890625 0.3743441125 0.39359385625 0.36624438125 0.3864281 0.36377305312499997 0.37650695624999997 0.36479473906250004 0.366524840625 0.36142994375000004 0.3546264359375 0.3526260234375 0.3435247171875 0.3509860359375 0.3435533421875 0.35001142500000004 0.344197184375 0.3436401 0.3516155328125
0 0.354419790625 0.43769948281250004 0.3442069953125 0.4518277390625 0.3272507375 0.4899879796875 0.3210884859375 0.49341696874999996 0.310424053125 0.48762454999999993 0.3050855765625 0.49436058593750004 0.30500906875 0.49492480624999996 0.304630290625 0.502152328125 0.30821761406250003 0.5202130453125 0.3174073703125 0.544631196875 0.3172317859375 0.5765199609375 0.31536264375 0.593159721875 0.311845946875 0.6031853875000001 0.3047553828125 0.605302009375 0.30311899531250003 0.6079877140625001 0.3068085640625 0.623201875 0.3131673703125 0.6350480203125 0.32194033125 0.6388805984375 0.334450228125 0.6379979515625 0.34593979375 0.6185331265625 0.352938340625 0.5991466890625 0.3537397890625 0.5838541359375 0.3605529421875 0.5584923671875 0.3709051203125 0.5417045359375 0.379505209375 0.5202972875 0.381919365625 0.5122837234375 0.3797268015625 0.49704343125 0.36800854375 0.44476942812500003 0.3647594515625 0.44017614531250004 0.3655720640625 0.434183390625 0.3628258484375 0.430766634375 0.3566315 0.43087475781249995 0.3562652546875 0.43102441562499993 0.354419790625 0.43769948281250004
0 0.2675390921875 0.3457546171875 0.259283271875 0.35466689375 0.2590601671875 0.358924 0.26010560781250003 0.360840734375 0.26920490625000004 0.3646702703125 0.27546156875 0.3720392421875 0.28897975625 0.3802785546875 0.35196158906249997 0.3826690203125 0.355872496875 0.38409639218749997 0.35931098281249996 0.393362290625 0.359567975 0.39335780468750003 0.373876928125 0.382785034375 0.38060431875 0.3811719703125 0.40576566875 0.382726959375 0.42191728125 0.3914188515625 0.430534746875 0.391766978125 0.44148686406250004 0.3855932625 0.44858037656249994 0.37699417031250004 0.44806128906250003 0.3615483203125 0.43065834374999995 0.351382634375 0.39980061718750004 0.344443075 0.3934131984375 0.3395691125 0.37216275468750004 0.3394414953125 0.351205421875 0.3341830890625 0.3385412734375 0.33440414218750003 0.3025842890625 0.33616908125 0.2675390921875 0.3457546171875
0 0.3397930140625 0.2555139484375 0.34482449531250003 0.260910125 0.34363656875 0.27090177187500003 0.324119290625 0.27572935625 0.3063351765625 0.28551214375 0.2926188796875 0.293728290625 0.290258075 0.30074913593749997 0.2953157078125 0.3056463109375 0.339523609375 0.31135575000000004 0.37207724531249997 0.3112860703125 0.38816544999999997 0.3085125203125 0.41903822343749997 0.302489634375 0.44001604843750003 0.295143828125 0.45932411406250007 0.294308259375 0.46697791562499996 0.2876935703125 0.47979395625 0.283980046875 0.4832753328125 0.28092800625000003 0.489326725 0.266863103125 0.4850908953125 0.2589603125 0.46893928437500004 0.25026842031249996 0.4529556859375 0.2510459609375 0.434506678125 0.260840353125 0.4211565015625 0.2620704734375 0.40679035937499997 0.2573357796875 0.398120590625 0.25798565625 0.38465233906249996 0.2508625265625 0.34008839218750003 0.25164039374999997 0.33521721250000003 0.254098184375 0.3397930140625 0.2555139484375
0 0.38251263125 0.1245628046875 0.3760716140625 0.13331094375000002 0.373552921875 0.14331918906250002 0.362446659375 0.1554701859375 0.3579155046875 0.1705109375 0.356095434375 0.205239940625 0.3557826953125 0.21603647499999998 0.35747625781250003 0.231285478125 0.36173451874999996 0.24516114375 0.3607476796875 0.2544783625 0.35545521406249997 0.2698493078125 0.35216991875 0.2944852109375 0.358923190625 0.30831732500000003 0.3751351734375 0.30338434687500004 0.3962228296875 0.26249485156249996 0.397244515625 0.2525127390625 0.4044633 0.238436740625 0.40444053281250003 0.2293583515625 0.40750467500000004 0.2184550921875 0.415083078125 0.20702995781250003 0.41290167968749997 0.2010894671875 0.414956215625 0.1904250375 0.412774815625 0.1844845484375 0.41444740312499995 0.1525696546875 0.4036449421875 0.1208725109375 0.3935843453125 0.10864918750000001 0.3920496765625 0.10867597656250001 0.3849267875 0.11654924062500001 0.38251263125 0.1245628046875
0 0.3081838078125 0.1212667734375 0.306775565625 0.12278699062500001 0.3019644 0.12586224375 0.2818606828125 0.129204428125 0.2790965015625 0.131246859375 0.27865608124999997 0.1339466875 0.2784523171875 0.1378347515625 0.2854165703125 0.150081271875 0.2985836859375 0.152344165625 0.315855871875 0.16500486406249998 0.331551803125 0.16971634375 0.34666129375 0.1729424265625 0.35599595625 0.17228094375 0.3757597046875 0.175425784375 0.3911045609375 0.174160846875 0.4016121 0.176470165625 0.4180402765625 0.1672095921875 0.4273487875 0.1670471109375 0.44969365312500004 0.1716425359375 0.45985011875000004 0.1679754359375 0.47322644687500004 0.16624631406249998 0.4814666859375 0.161117025 0.4861359890625 0.1480733390625 0.4825650515625 0.140158940625 0.47806770624999995 0.13724616875 0.41284472499999997 0.12691809375000002 0.3657830828125 0.11228464687499999 0.33893998125 0.109603009375 0.3315891359375 0.10973131875 0.3033353859375 0.112377584375 0.3081838078125 0.1212667734375
0 0.3652565109375 0 0.362750259375 0.0049305609375 0.3622624203125 0.014239071875 0.3645943671875 0.0268197890625 0.3620408296875 0.037492928125000005 0.3527563453125 0.052933553125 0.3438551640625 0.0610603484375 0.33821424375000003 0.083080228125 0.34239165 0.0889858796875 0.3565267703125 0.07611772812499999 0.3609132515625 0.0780340171875 0.3632800421875 0.08994984218749999 0.36275735781249996 0.09992324687500001 0.371517803125 0.12302032031250001 0.3781205296875 0.130212209375 0.38116055000000004 0.1387948546875 0.39271845 0.14656453593750002 0.3971286140625 0.13851613125 0.3976749796875 0.11857803281249998 0.406333596875 0.086541196875 0.4071614375 0.0041553609375 0.4085419015625 0 0.3652565109375 0
0 0.3699737453125 0 0.36678485625 0.0608476296875 0.375639109375 0.0514107125 0.3854351140625 0.0166968828125 0.3943711390625 0.007905193750000001 0.3947854328125 0 0.3699737453125 0
0 0.17171777187499998 0 0.166697925 0.095784378125 0.1748198734375 0.0939089171875 0.179036190625 0.013456789062499998 0.1813147828125 0 0.17171777187499998 0
0 0.14359644062500002 0 0.1356286046875 0.009071462499999999 0.13138015 0.0330598921875 0.1304115734375 0.1466696015625 0.1436978828125 0.169023390625 0.1503702984375 0.1748854921875 0.15370024843750002 0.1874487890625 0.1575180359375 0.1907035765625 0.16984254062499998 0.18384559843749998 0.1810546953125 0.1411356234375 0.183294621875 0.13644652968749998 0.19188219374999999 0.134303775 0.1960832828125 0.130244734375 0.195503425 0.12228343125 0.1800022265625 0.066089746875 0.18009560156249999 0.0547952640625 0.16766926875 0.006519334375 0.1588614625 0.0033516484375000002 0.1566625140625 0 0.14359644062500002 0
0 0.13228388124999998 0.0971294 0.1319319484375 0.1038446953125 0.133874196875 0.105618675 0.139745165625 0.1267733296875 0.1490394578125 0.1491968 0.14712430468749998 0.157201653125 0.14766931562500002 0.16582785 0.15373819375 0.17369334218750002 0.16135008906249998 0.190167609375 0.170261078125 0.21990491093750003 0.1761097203125 0.22245996406250002 0.17932396875 0.2277181421875 0.1910560984375 0.2321633546875 0.19377134375 0.2374302421875 0.202138678125 0.2299770515625 0.21015755625 0.2291727953125 0.219928521875 0.23298795625 0.2259862375 0.231553646875 0.22865547656250002 0.228185628125 0.2265786125 0.2202504546875 0.2262203484375 0.18903529531250002 0.2272071875 0.1797180765625 0.2334628125 0.164994603125 0.2318152609375 0.1583805078125 0.20804991093749997 0.13620963125000002 0.19353284531249998 0.1278273171875 0.1786101484375 0.10815923281249999 0.1706037890625 0.08969899375 0.16561376875 0.08978609374999999 0.1523138328125 0.0832002375 0.13855289531249998 0.0834404359375 0.1343160265625 0.08767525781249999 0.13228388124999998 0.0971294
0 0.2087596296875 0.1665597921875 0.20484982343749997 0.146035190625 0.1979619546875 0.1401630609375 0.19522555156250002 0.14021082499999998 0.193152540625 0.1409250859375 0.189810071875 0.14762628125 0.1802244984375 0.14978645468750001 0.169338471875 0.167247890625 0.16774809375 0.17856850156249998 0.1628737734375 0.1859607234375 0.15185957187500002 0.22998201875 0.151155775 0.2434112484375 0.155153278125 0.25717402031250003 0.1562084546875 0.2750913078125 0.151055371875 0.287802678125 0.1469290984375 0.3240610640625 0.14658986406250002 0.3305340203125 0.1470146375 0.3363660421875 0.15347798125 0.3462175046875 0.16263424531249998 0.3427362546875 0.171001578125 0.3352830625 0.20970620625 0.2721646453125 0.2057852359375 0.24234024375000002 0.21372746406249998 0.21116540156250002 0.21391986406250002 0.2074942046875 0.2136562765625 0.177767171875 0.2087596296875 0.1665597921875
0 0.053287115625000006 0.282441584375 0.036447065625000004 0.287519646875 0.036058659375 0.2949308859375 0.053634246875 0.31384389218750003 0.0546240640625 0.3203077078125 0.0455097171875 0.32944061874999997 0.049368320312500005 0.3318659921875 0.0655983875 0.339060878125 0.09919414374999999 0.344457009375 0.119308965625 0.35357826875 0.1693178484375 0.3626762703125 0.180893659375 0.369952396875 0.189511125 0.3703005234375 0.1962646671875 0.368188459375 0.2107766171875 0.3574656953125 0.213163571875 0.3499458484375 0.20905849999999998 0.339548046875 0.198199884375 0.3312623109375 0.1330593015625 0.2940113390625 0.12930530625 0.2895899546875 0.12140503750000001 0.2882322171875 0.1056456984375 0.2720552953125 0.103783946875 0.271375809375 0.0902949109375 0.2716112609375 0.06666344375 0.28071246250000004 0.053287115625000006 0.282441584375
0 0.16180830625 0.32042083906249996 0.1582692828125 0.3118469046875 0.149067009375 0.306693246875 0.14709303437500001 0.306524471875 0.14208688125 0.306611853125 0.1342474953125 0.313594775 0.117709384375 0.3437762921875 0.1160144671875 0.357091584375 0.10851691875 0.37648673125 0.0962732703125 0.39131472343749996 0.08364360937500001 0.470585134375 0.08786702656249999 0.48512569531249994 0.09785823125000001 0.4942512921875 0.1010027875 0.5008392578125 0.1208945296875 0.47325634531249994 0.156350065625 0.40554464375 0.15879906562499999 0.3968661859375 0.151187171875 0.3803919171875 0.157547334375 0.363673765625 0.16855146875 0.358286690625 0.1685990234375 0.357379284375 0.1625735546875 0.334357475 0.16180830625 0.32042083906249996
0 0.1615859546875 0.392367059375 0.1522666265625 0.40847257812500004 0.14937715000000001 0.40653015937500003 0.1408244265625 0.40800801875000003 0.1375628125 0.4226792265625 0.1285919390625 0.43213580937499996 0.124645934375 0.4408403953125 0.1134239703125 0.4456862765625 0.11126489843750001 0.458345384375 0.1021197984375 0.4711264359375 0.08747315781250001 0.5032677921875 0.0869853203125 0.5125763015625 0.09007135 0.52979385625 0.0883067421875 0.544438934375 0.0832702234375 0.555773675 0.0827237390625 0.566201196875 0.0827815203125 0.5737639375 0.097252578125 0.57351134375 0.10660675156249999 0.5567409296875 0.115867553125 0.5512649984375 0.123875265625 0.54116094375 0.13065222031249998 0.5450283640625 0.132160390625 0.554302034375 0.13501502031249998 0.5569093484375001 0.137475184375 0.5575306906249999 0.14121211718749999 0.5528154625 0.14981220625 0.5314082171875001 0.157786428125 0.493404759375 0.163983528125 0.489310875 0.1724665625 0.489162803125 0.1730701 0.4871594109375 0.16798806093750002 0.46997670156250004 0.167976896875 0.46067690156249996 0.1855366953125 0.42051326875 0.18856690781250002 0.3912318203125 0.1805304328125 0.385555421875 0.16916353906249998 0.3857538328125 0.1666805109375 0.390285278125 0.1615859546875 0.392367059375
0 0.0642961078125 0.51791500625 0.054647628125 0.5245645109375 0.0439570265625 0.5257482078125 0.030177321875000003 0.5224989156250001 0.0194344171875 0.524680615625 0.014544798437500001 0.5292528734374999 0.0143595140625 0.5302532046875 0.014130931250000001 0.5346148453125 0.030916725 0.5464161937500001 0.0378121296875 0.5542725625 0.056492559374999994 0.565413040625 0.079958 0.5739772703125 0.11472663281249999 0.5823442 0.1410870140625 0.5863709874999999 0.16117568437500002 0.5959912484375 0.163274971875 0.5939604234375 0.1713059984375 0.59282315 0.19449882031250001 0.5939139546875001 0.20258215000000002 0.5917786781250001 0.21156573750000002 0.5851407765625 0.213926540625 0.5781199328125 0.20703113593750003 0.5702635625 0.1973453984375 0.564948628125 0.1859264984375 0.5546784890625001 0.17025671874999998 0.5494680062499999 0.15676467968750002 0.540729690625 0.08013645312499999 0.505949175 0.0781578109375 0.5059837125 0.06947339531249999 0.507853725 0.0642961078125 0.51791500625
0 0.31111121875 0.5698071312499999 0.3020009640625 0.5819232890625 0.2933437015625 0.5853958296874999 0.2975908015625 0.5899716921875 0.2972423453125 0.5966206281249999 0.2862517828125 0.6160767468749999 0.279926465625 0.6321300046875 0.2760264671875 0.6494695 0.26965514218750003 0.65688785 0.26801821718749996 0.66458624375 0.2677006015625 0.6706467171875 0.267843171875 0.6914623171875001 0.27066295625 0.6947345265625 0.274642453125 0.7139293390625 0.28534173125 0.719056865625 0.294857615625 0.71822648125 0.29792131875 0.7168444328125 0.304142096875 0.70278585625 0.3154225890625 0.687310390625 0.322548 0.6845288734375 0.329081034375 0.6930505484375 0.3321447375 0.6916685015625 0.334988203125 0.6849760140625001 0.3405482703125 0.6549861203125 0.343044634375 0.6263782734375 0.34588810312499996 0.6196857875 0.3585722265625 0.6154786734375 0.35649536249999997 0.6075435015624999 0.34724708125000003 0.5937549359375 0.34656268749999997 0.5877883140625 0.3503581484375 0.5724435 0.3599674046875 0.560318634375 0.3566723015625 0.547090440625 0.3596551484375 0.53773838125 0.35871567187500003 0.5271262140624999 0.3506159390625 0.51996045625 0.3421001671875 0.518548359375 0.3392908296875 0.518597396875 0.3203036828125 0.5370966921875 0.31111121875 0.5698071312499999
0 0.31047366875 0.6354976875 0.30927775468749996 0.64880426875 0.3006553375 0.651611915625 0.2914155109375 0.7042517421875 0.28080825 0.71639403125 0.2672487859375 0.7388418703124999 0.2669109328125 0.7452885109375 0.26712476875 0.7491828609375 0.2783230484375 0.7543016765624999 0.27961098125 0.7582649078125 0.28049192968750003 0.7795066640625 0.28368249687499997 0.7947295359375001 0.282382046875 0.8100308 0.28416898125 0.8139853203125 0.2920136296875 0.8165055328124999 0.2991738859375 0.8130591234375 0.30849321406249997 0.7969536046875 0.3147251578125 0.792194828125 0.3211201640625 0.7748117828125001 0.3316452171875 0.7832637765625 0.330472984375 0.786605665625 0.33268922968750003 0.7918812640625 0.3480537546875 0.79360593125 0.3496552984375 0.7915851203125001 0.351500759375 0.7849100546875001 0.349783515625 0.77962574375 0.350805203125 0.76964363125 0.346442403125 0.7577626468750001 0.3454569171875 0.7385155734375 0.338054096875 0.7180519421875 0.3374393953125 0.7107555328124999 0.3386004625 0.6981138437500001 0.3424419328125 0.6914039375 0.3419317671875 0.682112846875 0.3471893890625 0.6674067953125 0.34339528124999996 0.654187315625 0.34444065 0.6342405062500001 0.34282794375000003 0.6269615171875 0.33423490624999996 0.615472028125 0.32583242968750004 0.61561869375 0.318736465625 0.6300391765625 0.31047366875 0.6354976875
0 0.3098766859375 0.769650928125 0.3078109859375 0.77101555625 0.2995356703125 0.7957385609375 0.293487765625 0.8350369656250001 0.2823926671875 0.8564877624999999 0.283471525 0.86444035625 0.27273352968750003 0.8724827625 0.2726828796875 0.8734492234375001 0.2746972078125 0.8891720718749999 0.271232790625 0.9011185796875001 0.270877178125 0.9079040546874999 0.2714467578125 0.9131430828125 0.2850006671875 0.9208779234375 0.293518546875 0.9200649578125001 0.29953025312500003 0.9099957421875 0.30982390312499997 0.903837496875 0.3183891453125 0.88309514375 0.33406728124999996 0.8788357671875 0.3329884234375 0.870883175 0.336899584375 0.86284348125 0.358543415625 0.8398799828125 0.3564317078125 0.8326097046875001 0.365112653125 0.8191724703125001 0.3702769 0.8157609000000001 0.3721223609375 0.809085834375 0.3704399640625 0.8031366328124999 0.365380253125 0.8045535203125 0.360773534375 0.7973267921875 0.3619694484375 0.784020209375 0.365985146875 0.773985834375 0.3688522953125 0.757328653125 0.37312307499999997 0.7519398234375 0.3741756671875 0.731855159375 0.3718599234375 0.7318955796875 0.3155162546875 0.7761953421875 0.3098766859375 0.769650928125
0 0.2547456015625 0.889640259375 0.2526900640625 0.897490840625 0.25257565 0.8996739734375 0.2540918109375 0.902115309375 0.272316559375 0.909275378125 0.2850914015625 0.9190233015624999 0.2827044453125 0.92654315 0.2715954203125 0.935710878125 0.27596200625 0.9411186593749999 0.316494365625 0.9409097093750001 0.3418649296875 0.9384726828125001 0.3630630703125 0.9395983046874999 0.3774553671875 0.9438339953125 0.41596689218750005 0.944158865625 0.427023615625 0.935989140625 0.43020622187499996 0.9259626796875 0.424028015625 0.9170966999999999 0.396756271875 0.9051090921875 0.3949185 0.902149896875 0.39922168125 0.8960922390625001 0.3959756671875 0.8946532625 0.38017513125 0.8919377875000001 0.3719087390625 0.8975660781249999 0.342055878125 0.8841278890625001 0.327663584375 0.879892196875 0.30139726875 0.8767440109375 0.29096159843749997 0.876926165625 0.268618809375 0.8784300999999999 0.2547456015625 0.889640259375
0 0.3507247171875 0.8758829968749999 0.3502801140625 0.8763273828125 0.339161334375 0.907742875 0.329552078125 0.9198677406250001 0.33028248125 0.9344692718750001 0.325837471875 0.94318256875 0.33151188593750003 0.9490620906249999 0.3318018125 0.9530427421875001 0.31637740625 0.99051195625 0.3139255953125 0.9936056265625 0.3456584875 0.993051728125 0.351800025 0.875864228125 0.3507247171875 0.8758829968749999
0 0.7695810859375001 0.9101916640625 0.7554249921875 0.8758959187500001 0.7471858765625 0.8713897359375 0.7413770671875 0.8706252062500001 0.7380963484375 0.8706824703124999 0.7319133703125 0.8869348828125 0.729225275 0.8896931125 0.7241547203125 0.9864450515625001 0.7530559453125 0.985940578125 0.754944253125 0.9801971171874999 0.7695810859375001 0.9101916640625
0 0.7732616906249999 0.9430674234374999 0.777216409375 0.9341966109375001 0.7818468078125 0.9314586453125001 0.7808376406249999 0.922176265625 0.7836462625 0.916148671875 0.7808613234374999 0.9122115703125001 0.7806410859375 0.9069011328125001 0.7862931734374999 0.8941810531250001 0.7992810984375 0.8461258 0.7996992453125 0.8381470765625 0.7971233796875 0.8302206140624999 0.7891978749999999 0.8197303874999999 0.7771061265625 0.8126343109375 0.7673069625 0.8014854890625 0.7569352265625 0.801666528125 0.743603303125 0.814547675 0.7439977671875 0.8165336468750001 0.736732975 0.8219747359375 0.73441219375 0.8186938203125 0.7228877828125 0.8388235406250001 0.7220678265625 0.847543353125 0.7211038328125 0.8659374484375 0.7280019578125 0.91246995 0.731690171875 0.95624840625 0.7298558734375 0.9722232734375 0.725445709375 0.980271678125 0.724738028125 0.98643486875 0.77435280625 0.9855688406249999 0.7708088828124999 0.9708441515624999 0.7732616906249999 0.9430674234374999
0 0.743984865625 0.7373433640625 0.7275624546875 0.7748299984375 0.7242896796875 0.780201409375 0.7181274265625001 0.7836303984375 0.7085968015625 0.8662898 0.7083040296875 0.8718762312499999 0.7133062156250001 0.8946502125 0.720453953125 0.910468296875 0.7282637578125 0.9136534031249999 0.7358533234375 0.9115280718750001 0.7545728359375 0.8872870468749999 0.7611643984375001 0.8851791359375 0.76550486875 0.8784605171875001 0.7701254625 0.8378584546875001 0.7699414250000001 0.8033188265625 0.7809793515625 0.7639333234375 0.7780327015624999 0.7440561953125 0.769794425 0.718705325 0.7614180921875 0.7188515343749999 0.7504607296875 0.7279303296874999 0.743984865625 0.7373433640625
0 0.7774218828125 0.7187334515625 0.7804284125 0.699416696875 0.7765757796874999 0.6968268015625 0.77396506875 0.6895652328125 0.775764521875 0.6742552609375 0.778573140625 0.6682276671875 0.7751386546875 0.65765905 0.7747218625000001 0.637073478125 0.770289371875 0.62652228125 0.763117953125 0.620668890625 0.7545303828125001 0.62281164375 0.7476600546875 0.6302387046875 0.74005796875 0.6516285328125 0.7336517984375 0.6597117765625 0.737805525 0.675582121875 0.7339055265625001 0.6929216171875 0.726597790625 0.70153248125 0.7265715015625 0.702034115625 0.729866146875 0.7129206859375 0.7260581671875 0.7475299953125 0.7275663375 0.756803665625 0.7231785015625001 0.7834516703125 0.7275524640625 0.8046324546875001 0.734015809375 0.8144839171875 0.7359532890625 0.8250786640625 0.7430550171875 0.8322618421874999 0.7438091015625 0.8368986765624999 0.751827978125 0.8360944234375 0.7616588281250001 0.8007156984374999 0.77141863125 0.7952310578125 0.778343740625 0.7864930218749999 0.7784167265625 0.7851003578125 0.780438221875 0.7372807921875 0.7774218828125 0.7187334515625
0 0.700552490625 0.6220962015625 0.6766163203125 0.622514009375 0.6685329906249999 0.6246492859375 0.6660387328125 0.6358010359375 0.6657945421875 0.640460471875 0.6780729234375 0.6454216781250001 0.6837954500000001 0.650307246875 0.6887092484374999 0.6579489328125 0.6893198671875 0.6716482734375 0.6963983328125 0.6760116296875001 0.7150676578125 0.6746886640625 0.722941775 0.676545403125 0.756447971875 0.6709750953125 0.774269340625 0.6731567468749999 0.7929648171875 0.67133478125 0.8080481578125 0.675059865625 0.8333402671875 0.6741198421875 0.8394027640624999 0.6725183875 0.85590939375 0.6617608046875 0.8570711687499999 0.6522681625 0.8461864015625 0.644481428125 0.8239199890625001 0.6383889968750001 0.7868056 0.624080465625 0.7710312140625 0.620865990625 0.7594025531249999 0.6205392640625 0.7428841578125 0.62082759375 0.7090915015625 0.623941334375 0.700552490625 0.6220962015625
0 0.7739522562500001 0.40797968906250004 0.7615485921875 0.408196196875 0.7499402296875 0.4222548078125 0.74324413125 0.4263574 0.7276092937499999 0.4963802734375 0.7207849765625001 0.512442240625 0.7179178296875001 0.529099421875 0.711418284375 0.548477146875 0.711174365625 0.553131403125 0.7134951468749999 0.5564123203125 0.72023725625 0.560944634375 0.72578345 0.57878353125 0.7380145812500001 0.5832200328125 0.7457086859375 0.57910001875 0.7496895359375 0.5697305390625 0.7587649453124999 0.5582792750000001 0.769999428125 0.534168903125 0.7735858140625 0.5228134515625 0.7778231046874999 0.48952521875 0.7771972390624999 0.47292900937500004 0.7849514906249999 0.451900640625 0.7860937140625001 0.43010569375 0.779439875 0.4111113234375 0.7739522562500001 0.40797968906250004
0 0.688599146875 0.547239471875 0.6713119125 0.547541221875 0.6661235203125 0.5451390578125 0.663359340625 0.5471814890625 0.6590902203125 0.5598775218750001 0.6589849609375 0.5618859984375 0.6604493546875 0.5646813749999999 0.6965850312499999 0.5849895375 0.7207676703125 0.59254415625 0.7033084781250001 0.6088023625 0.7069840187499999 0.6147207531250001 0.7095912921875 0.615672334375 0.7324068875 0.6112857218750001 0.7588869218750001 0.6003540546874999 0.796812009375 0.599193525 0.8045292171874999 0.6040442765625 0.8118168953125 0.6044156140625 0.8239941921874999 0.6002146953125 0.8434330171875001 0.596884115625 0.8554684546875 0.5827147609375001 0.845405490625 0.571922409375 0.8253168203125 0.5623021500000001 0.7689728203125 0.54733218125 0.7435911515625 0.5373057640625001 0.7165136359375001 0.5323068656250001 0.7128078953125 0.5323715499999999 0.6956142046875 0.5401373859375 0.688599146875 0.547239471875
0 0.6795450703125 0.40787175624999994 0.6790848031250001 0.4166541953125 0.68478640625 0.4219389640625 0.700325428125 0.42964445625 0.7173249953124999 0.434831728125 0.716477040625 0.43833634843749997 0.7123830718749999 0.440401990625 0.7036348484375 0.44254887343749993 0.695043534375 0.4417017453125 0.6936352921875 0.4432219609375 0.7086924828125001 0.4474460484375 0.7498897359375001 0.44722549375 0.7739566625000001 0.44431267500000005 0.7878259265625001 0.45852840781250004 0.791867590625 0.45746076718750006 0.7954535765624999 0.4524127203125 0.8032753890625 0.4552674609375 0.8082434624999999 0.449198196875 0.8211379578125 0.44398766875 0.85215259375 0.4479332140625 0.8658165875 0.440715071875 0.8735488437500001 0.4326033765625 0.8706166515625 0.4251763765625 0.838926015625 0.408778990625 0.8106755609375 0.4027910109375 0.7990735984375 0.3960138890625 0.7535359109375 0.3903276578125 0.7439121921875 0.38977119375 0.7159495390624999 0.3902592828125 0.6851152765624999 0.40298849218750005 0.6795450703125 0.40787175624999994
0 0.7095006859375 0.30939091875 0.71168953125 0.3183265328125 0.6915969171875 0.3341321625 0.6726137750000001 0.3414431515625 0.6702090859375 0.3477169453125 0.670106446875 0.3496754046875 0.7367122375 0.3732283125 0.761444059375 0.3703038890625 0.777663021875 0.36503533125 0.793530909375 0.3537903546875 0.8009493453125 0.351666684375 0.8095145078125 0.3530128140625 0.8328642390625 0.3511096078125 0.85238151875 0.346282021875 0.8614435609375001 0.338147115625 0.8618881375 0.32966408125 0.8377839546875 0.32061245625 0.8199364328125001 0.3189298046875 0.7846859671875 0.307081465625 0.7808535156249999 0.30415708750000003 0.7643619328125 0.30195222187500004 0.743156628125 0.2914369296875 0.7419453015624999 0.29145807343749996 0.7303104968749999 0.29257568125 0.7095006859375 0.30939091875
0 0.71072864375 0.2314561671875 0.706451615625 0.237014825 0.6893323953125 0.24678600624999997 0.6814321265625 0.24542826875 0.6786940968749999 0.24697169843750003 0.6712740312500001 0.2678225765625 0.6710671359375 0.271770365625 0.6803448640624999 0.278849796875 0.733887428125 0.2838977546875 0.782790784375 0.27606450625 0.8211977046875001 0.278385384375 0.82922873125 0.277248109375 0.829699459375 0.26826607343750003 0.8225163875 0.265898728125 0.818893146875 0.258982334375 0.84534703125 0.24854966875 0.8628434781250001 0.244255903125 0.8626754640625001 0.23478647187499999 0.8467330640625 0.2221025640625 0.82221045625 0.22103497187499999 0.808456903125 0.21728667656249998 0.800242815625 0.2219169625 0.7922379390625001 0.22255523593749998 0.7824214453125 0.219735309375 0.77669891875 0.214849740625 0.7527365968749999 0.21576654999999997 0.7285266859374999 0.21207769375000002 0.713168078125 0.21234577968749999 0.710235709375 0.215511315625 0.71072864375 0.2314561671875
0 0.7453502875 0.224565528125 0.7448731984375 0.23366890625 0.7521928140624999 0.2478670921875 0.7588336390625 0.25057545000000003 0.760489290625 0.25054655000000003 0.7795110578125 0.23078311562499998 0.78189036875 0.22343444531249998 0.7872636890625 0.216033515625 0.788679840625 0.20803737187500002 0.7975810234375 0.1999105765625 0.8020957234375 0.189867490625 0.8158126953125 0.18497806249999998 0.826280571875 0.17549535 0.833569046875 0.160089565625 0.84381804375 0.11673211875 0.8390259328124999 0.10353005625 0.8412086875 0.08090625312500001 0.8388767421875001 0.0683255359375 0.8161080421875001 0.0747015328125 0.8183242875 0.07997713125 0.8170475187499999 0.0853137015625 0.8059761015625 0.0967998046875 0.7901474203125 0.0944189546875 0.768049240625 0.15459036406249999 0.7582197453124999 0.16140479218749998 0.75712836875 0.17271669375 0.753925284375 0.176758315625 0.749898421875 0.177492890625 0.7504434328125 0.1861190875 0.7471233015625 0.190734384375 0.7467044671874999 0.198726221875 0.7483303703125 0.207413103125 0.7453502875 0.224565528125
0 0.7949334968749999 0 0.794355471875 0.0004789265625 0.7912332421875 0.012490564062499999 0.754477259375 0.095503528125 0.7451230843750001 0.112273940625 0.74320793125 0.1202787953125 0.750588425 0.122142825 0.753744146875 0.138030590625 0.752675096875 0.1679420921875 0.756144428125 0.1778458171875 0.7635597671875 0.1790449515625 0.7671921625 0.17632440625 0.788755140625 0.1453908953125 0.8009179359375 0.122592890625 0.80697565 0.12115858125000001 0.81343899375 0.13101004375 0.81724561875 0.1249650296875 0.8187899890624999 0.10500951249999999 0.8413885249999999 0.016265096875000003 0.8359262875000001 0 0.7949334968749999 0
0 0.708342778125 0 0.707570128125 0.006846435937500001 0.70503705625 0.0108167 0.7049999453125 0.0115248390625 0.7157168640625 0.016176598437500002 0.7601078265625001 0.018393025 0.7688298984374999 0.0167451453125 0.7794158953125 0.017557454687499998 0.7862740421875001 0.01344938125 0.7948653578125 0.014296510937500001 0.7982270828125 0.026202923437499998 0.7960865953125 0.0416951984375 0.8011703796875 0.04609336875 0.8052120453124999 0.04502573125 0.8171951765625 0.0318543828125 0.825932296875 0.0172440546875 0.8779398031250001 0.0008813484375 0.8841635796875 0 0.708342778125 0
0 0.49699971875 0 0.4726137953125 0.0074533484375 0.472114178125 0.0169866125 0.47828065468750003 0.02354135625 0.527310825 0.0386389875 0.5598644609375001 0.038569307812499995 0.6221179921875 0.029505939062499997 0.6359761515625 0.031258226562500005 0.649430934375 0.028032099999999997 0.673486759375 0.012655839062499999 0.6782114390625 0 0.49699971875 0
0 0.5254985453125001 0.06149465625 0.5264883625000001 0.06795847187500001 0.520881546875 0.0735403390625 0.5114161265625 0.076696834375 0.5014165703125 0.07736992031249999 0.48038644374999995 0.08571372968749999 0.4776222625 0.0877561625 0.4759263515625 0.09476540312500001 0.47968035000000003 0.099186784375 0.48492104375 0.10059094531249999 0.49447602343749997 0.108400890625 0.5228683390625 0.124357303125 0.527627203125 0.1222800546875 0.5366591484375001 0.140070040625 0.5437899171875 0.143435390625 0.5498001125 0.1428319375 0.577740690625 0.1293820484375 0.6086919203125001 0.12186215625 0.6162149625 0.1177424765625 0.63421939375 0.11643111718750002 0.6406591171875 0.120307075 0.6477003265625 0.11270598750000001 0.6569303828125 0.1140405140625 0.67256290625 0.1072865546875 0.682928584375 0.0996274375 0.6815876921874999 0.08718720625000001 0.6699857312499999 0.08041008125 0.6263119640625 0.0771840453125 0.578376215625 0.0665542203125 0.5581567875 0.05942896875 0.545714646875 0.057600553124999995 0.53954265 0.057708285937500006 0.5275978328125001 0.05946383125 0.5254985453125001 0.06149465625
0 0.5895775671875 0.11668080624999999 0.5878129609375 0.13132588437499998 0.582346265625 0.15002129687500002 0.580893915625 0.1872466296875 0.57492821875 0.2059507515625 0.5797725953125 0.21815547343750002 0.5818306796875 0.2549873875 0.588908725 0.272135259375 0.6016388609375001 0.2765630515625 0.6073718015625 0.2718129859375 0.611561728125 0.2584541421875 0.6198593703124999 0.2523307375 0.6228770640625 0.2423137828125 0.6240966609374999 0.21904250625000002 0.626905278125 0.2130149125 0.6343483625 0.11855646875 0.61911205625 0.1048724265625 0.6175230328125 0.08762874375 0.612427078125 0.082974284375 0.611162021875 0.0829963671875 0.59664580625 0.09596458125 0.5895775671875 0.11668080624999999
0 0.5588592765625 0.1854215671875 0.5500961234374999 0.219453084375 0.5380128296875 0.278785396875 0.5380005953125 0.2789360109375 0.53601358125 0.3168504828125 0.539681353125 0.3325633890625 0.5536060484374999 0.3522488953125 0.5621587703125 0.3507710359375 0.575504959375 0.33393094218749997 0.58203935 0.31388832187500004 0.6006766531250001 0.31024158125 0.6029862703125 0.3042226984375 0.60258064375 0.29293692656250003 0.5988910734374999 0.2777227640625 0.5951247140625 0.168845703125 0.5882320578125 0.1576731640625 0.5814721015625001 0.1568849265625 0.57742710625 0.15695553281250002 0.5726933062499999 0.1592729640625 0.5588592765625 0.1854215671875
0 0.5228742171875 0.31183991718750004 0.50514240625 0.3206247015625 0.50113173125 0.327121790625 0.5010530578125 0.3286229515625 0.5035883578125 0.3376023734375 0.510745278125 0.34046872499999997 0.526755028125 0.33919217968750004 0.556921709375 0.346642346875 0.5955378421875 0.3449712109375 0.635849884375 0.3362908328125 0.6446765625 0.33264694375000003 0.668534278125 0.33372614375 0.675313971875 0.3311150734375 0.6919363125 0.3308249296875 0.7016370968750001 0.3231774203125 0.703217296875 0.30570074375 0.6987984046875 0.30129096718750004 0.6858143515624999 0.2955350578125 0.6720084953125001 0.292784765625 0.599535090625 0.29404979375 0.586394128125 0.29128789843749997 0.5798794968750001 0.2911648015625 0.5411538921875 0.291840759375 0.529030215625 0.29577900625 0.5228742171875 0.31183991718750004
0 0.5827548140625 0.3457190046875 0.5759653421875 0.36111607968750004 0.5771138921875 0.36773888593750004 0.573167884375 0.3764434734375 0.575349284375 0.3823839640625 0.5753256015625 0.39234865937499996 0.5642416671875 0.42309925625 0.560492215625 0.4470789796875 0.560004378125 0.45638749062499995 0.5617913109375 0.46034201093749993 0.5658181734375 0.4596074359375 0.5699035625 0.44824327343750003 0.575172346875 0.44283702343750003 0.5791532 0.43346754374999996 0.5838184453124999 0.4300646828125 0.58516490625 0.4233983265625 0.587799296875 0.4206952015625 0.598289503125 0.42981209062500003 0.5957359656250001 0.440485228125 0.5989502140625 0.4457434046875 0.5945400515625 0.453791809375 0.5953289828125 0.4577637515625 0.6093944109375 0.4462253875 0.611808565625 0.43821182187499996 0.613516 0.4056320359375 0.6162437656249999 0.39163443125 0.6136330562500001 0.3843728609375 0.6133096359375 0.35249280625 0.61125645625 0.334592940625 0.60596534375 0.3213995890625 0.6000887953125 0.320472390625 0.5936519109375 0.32058474531250003 0.5861558109375 0.32838822031250003 0.5827548140625 0.3457190046875
0 0.4797493640625 0.4664048625 0.45675070624999997 0.47428448906250004 0.44904761875 0.48690977812499997 0.4489989828125 0.48783779374999997 0.4529927671875 0.495288996875 0.47469889218750005 0.49939702343750003 0.5106142499999999 0.51123375625 0.5069498125 0.5177788109375 0.4961546046875 0.5209585156250001 0.49129113750000003 0.5250317718749999 0.5011337828125 0.5273526953125 0.6376873859375001 0.5075200515625 0.653424515625 0.498770084375 0.6577800015624999 0.491714421875 0.655565003125 0.4832778109375 0.64670106875 0.4749572578125 0.6080738328125 0.4641649515625 0.5913468843749999 0.466451103125 0.5843207234375 0.4610897453125 0.5684155796875 0.4603702796875 0.5222314234375001 0.44827811874999995 0.5028126671875001 0.4486170734375 0.49902017499999995 0.45360485156249997 0.4797493640625 0.4664048625
0 0.4686081890625 0.5525548125 0.45786528593750003 0.5547365125 0.4497403109375 0.5630534421875 0.449498446875 0.5676684671875 0.452934465625 0.57277021875 0.472619759375 0.577412065625 0.4972842296875 0.5884480921875 0.4923946109375 0.5930203515625 0.4815732515625 0.5966990578125 0.4826676734375 0.6011668625000001 0.514713325 0.5981147765625 0.5457168578125 0.5895968796875 0.5583236859375 0.589875371875 0.5844225484375001 0.5988921796875 0.5885426703125 0.5963275343750001 0.5998720125 0.595631234375 0.615582990625 0.5873802718750001 0.6357651640624999 0.5825410796875 0.64062863125 0.5784678234375 0.642429146875 0.5694625765625 0.6408005890624999 0.562511365625 0.6252092640625 0.555803875 0.6008174125 0.5522412734375 0.5844827390625 0.5470423953125 0.525278971875 0.5434502328125 0.5063757171875001 0.5437801906249999 0.47751332187499995 0.5474139171875 0.4686081890625 0.5525548125
0 0.5080602234375 0.751373184375 0.5084718640625 0.751366 0.5164421765625 0.7461007078125 0.534106509375 0.7039423984375001 0.542879471875 0.7077749765625 0.549273125 0.7189562265625 0.5566424546875 0.7115204562499999 0.55461295625 0.68365589375 0.5557628609374999 0.6617144046875 0.5509359046875 0.6491772375 0.55294443125 0.6298779015625 0.5510417953125 0.6186182625 0.5575064953125 0.5999054296875 0.5618469671875 0.5931868125 0.5633328093750001 0.58386088125 0.563681265625 0.5772119453125 0.55949269375 0.56200649375 0.5511727234375 0.549530296875 0.5408679109375 0.546388740625 0.5341718109375 0.5504913328125001 0.5277419578125 0.568539271875 0.5231464046875 0.5706123453124999 0.5173326078125 0.567392396875 0.5102071968749999 0.5701739140625001 0.5062960359375 0.5782136078125 0.517459471875 0.5839973171875 0.5178999453124999 0.5946181953125 0.50685085625 0.6247039 0.502312475 0.6447116796875 0.497403309375 0.65276879375 0.4936186546875 0.678988825 0.4927152078125 0.6962276359375 0.49850178593749994 0.7364495796875 0.5080602234375 0.751373184375
0 0.49541252656249996 0.7049674796875001 0.47717273281250006 0.7107698578125 0.462545071875 0.7110251843750001 0.4508123515625 0.706743071875 0.4510588203125 0.714715496875 0.4445215109375 0.7222080796875 0.4444720234375 0.7231523453125 0.45232125468750006 0.7286527359375 0.45783456874999995 0.7375303203125 0.45741614375 0.7455143515625 0.463725109375 0.7518853203125 0.4672175921875 0.7612967234375 0.47677257187500005 0.76910666875 0.5158443859374999 0.7714159406250001 0.5438483703125 0.76943149375 0.5523350796875001 0.7722746296875 0.566884284375 0.7735163093749999 0.6299707234375 0.77391076875 0.6394099921875 0.771253278125 0.6455247921875 0.768653815625 0.6507805328125 0.7570955296874999 0.6465708546875 0.7486937359375 0.6349427421875 0.7424156125 0.6306023046875 0.7365088296875 0.5476776078125 0.7090406453125 0.5399342484375 0.704688896875 0.526793284375 0.701927 0.5164949562500001 0.695625665625 0.512802940625 0.69509185625 0.5032284640625 0.6952589796875001 0.5005375109375 0.6959042046875 0.49541252656249996 0.7049674796875001
0 0.4489026765625 0.809093525 0.44440825625 0.8137301078125001 0.4437761359375 0.8257916968749999 0.45706051875 0.8308871328125 0.4880078015625 0.8487931296875001 0.5208863609375001 0.8551988703125 0.5697746703125001 0.8603280671875 0.5853136890624999 0.8680335609375 0.59472680625 0.8658750718749999 0.6012972890625 0.8672560203125 0.6254165203125 0.8633451984375 0.6352480640625 0.853202678125 0.6337241109375 0.844255459375 0.603572478125 0.823842846875 0.587107046875 0.8211389796875 0.5782431124999999 0.8128184265625 0.5531602171875 0.8097664312499999 0.5173453578125 0.8011653734375 0.48264601875 0.8017710515625 0.4631269578125 0.803859784375 0.4489026765625 0.809093525
0 0.5507378546874999 0.9777196046875 0.5598941187500001 0.9742383562500001 0.5644088171874999 0.9641952703125 0.565870978125 0.964834034375 0.5639446625 0.9635390875000001 0.5648743281249999 0.9362871593750001 0.5666389359374999 0.9216420796874999 0.5717223296875 0.9102604968750001 0.5745546328125 0.894268209375 0.5768307593750001 0.8603499234375 0.5755553453125 0.8371221984374999 0.568337915625 0.8226338999999999 0.5619330625 0.82224208125 0.5597606078124999 0.8222800015624999 0.5577543375 0.8248114937500001 0.53438074375 0.861755178125 0.52431849375 0.8825236625 0.5159024421875 0.9384705375 0.5094377437500001 0.95718336875 0.5083031375 0.964745259375 0.5077296921875 0.97568725 0.5094712343750001 0.985082771875 0.5090555812499999 0.9901996203125 0.545451253125 0.9895643312500001 0.5457241515625 0.9877714015624999 0.5507378546874999 0.9777196046875
0 0.5610627828125 0.8800168859375 0.55126615 0.896699721875 0.53586406875 0.9527685359375001 0.531987753125 0.9601433390624999 0.5354570859375001 0.9700470625 0.5310580859375 0.9873952656249999 0.530249340625 0.9898296828125 0.5558812265624999 0.9893822765625 0.561613328125 0.8800072765625 0.5610627828125 0.8800168859375