0 0.17479455625 0.04448405625 0.1632059796875 0.041316356250000005 0.15448508125 0.0320847078125 0.1391565328125 0.027442482812500002 0.10925594375 0.013810378125 0.10677761875 0.013410859375 0.104871546875 0.0133109671875 0.10455338437499999 0.0679984671875 0.1049965078125 0.06802169062499999 0.1265797203125 0.052558760937500004 0.15364883125 0.050138503125 0.17479206249999998 0.044912725 0.17479455625 0.04448405625
0 0.22326695000000002 0.0581103546875 0.2341935875 0.06526395 0.2721159734375 0.0826069359375 0.27574542968750004 0.08718444843749999 0.28252116875 0.0882661984375 0.28694551874999996 0.08849806875 0.29960076875 0.0843443609375 0.299979228125 0.0192926234375 0.28783365625 0.02036319375 0.27026746875 0.023281479687500002 0.246795915625 0.0357617078125 0.23434987812500002 0.038399915624999996 0.224779971875 0.0494150453125 0.22326695000000002 0.0581103546875
0 0.3652147765625 0.089474034375 0.369767284375 0.085485271875 0.3743361203125 0.05428238125 0.38734093125 0.0476496546875 0.387429134375 0.0324886578125 0.3830898109375 0.0203739421875 0.3215555375 0.0171490671875 0.32346410312499996 0.031873432812500005 0.338037084375 0.072122890625 0.3524819 0.08880673125 0.3652147765625 0.089474034375
0 0.43812915625000004 0.0428276296875 0.41913287656250003 0.0401868359375 0.397926546875 0.0403649734375 0.3975338890625 0.10785718281250001 0.40014020625 0.1084971390625 0.4133387375 0.10918884375 0.4201929765625 0.10934240625 0.41730727500000003 0.1026102171875 0.429804346875 0.09120008125 0.4400605921875 0.0878987 0.47955341406249996 0.0866779515625 0.48835405 0.082203459375 0.49202815781250003 0.079105534375 0.492826134375 0.0676306875 0.50139084375 0.055790934375000004 0.5014064406250001 0.053109978125 0.4973014078125 0.05250966875 0.49070013437500004 0.056002598437499995 0.48122272656250004 0.05111860625 0.473162653125 0.0539866734375 0.4636565390625 0.0540368921875 0.43812915625000004 0.0428276296875
0 0.56183443125 0.040527003125 0.5652266406249999 0.0436890609375 0.5717931875 0.0440331984375 0.571875 0.0299706984375 0.5683187765625 0.029784325 0.5633219375 0.0362176578125 0.56183443125 0.040527003125
0 0.5374728375 0.0461922578125 0.5344723109375 0.0591969125 0.5029566328125 0.071803978125 0.49998481093749997 0.0798744234375 0.5021267593750001 0.0887612828125 0.5203792875000001 0.093556746875 0.535742921875 0.0921682703125 0.5459640828125 0.0948975890625 0.551783328125 0.1001382765625 0.5480294796875 0.11694234218749999 0.5534165765625 0.119655965625 0.5566787265625 0.1198269265625 0.574396303125 0.10954956406250001 0.5854957875 0.10663152499999999 0.5859292218750001 0.03213066875 0.5730357609375 0.03003153125 0.5361205531250001 0.0280968875 0.5346445484375 0.029591650000000004 0.5374728375 0.0461922578125
0 0.592977315625 0.10737150468750001 0.5937044109375 0.1080798921875 0.6141440234375 0.11658664999999999 0.6165327546875 0.1167118390625 0.6185582140625 0.10938242499999999 0.6061632109375 0.10324870312500001 0.603992553125 0.0992960546875 0.621577878125 0.0930882953125 0.6428022234374999 0.08981331406250001 0.651609240625 0.08424233125 0.6706533625 0.0786594375 0.6732175640625 0.07309718125 0.6732553343750001 0.06660504218749999 0.6685656390625 0.060452403125 0.6415762671875 0.04916651875 0.6248271937500001 0.0373204828125 0.6202805171875 0.032507524999999995 0.5972959609374999 0.0313029546875 0.5934140671875 0.032300259375 0.592977315625 0.10737150468750001
0 0.7270252 0.11781357343750001 0.73670428125 0.1055108234375 0.737282296875 0.10042259687499999 0.7521189500000001 0.09535041718750001 0.7538019625 0.088857665625 0.7540188546875 0.051576964062499994 0.7578042484374999 0.04113353125 0.7578104 0.0400761984375 0.701263434375 0.037112696875000004 0.7008517890625 0.0465969453125 0.70824654375 0.09524481093750001 0.7179916328125 0.116960825 0.7201224453124999 0.1174518140625 0.7270252 0.11781357343750001
0 0.7703088203124999 0.0645688875 0.7695772515625 0.0646293609375 0.7692640500000001 0.11846424062500001 0.7798634734375 0.1190197328125 0.8072896984375 0.118057775 0.8277862421875 0.1141962375 0.8519696515625 0.10504379374999999 0.8607511499999999 0.1038587765625 0.8621828734375001 0.0997110296875 0.8622490578124999 0.088334934375 0.8615905906249999 0.0852567328125 0.839734128125 0.07149779218749999 0.8266432140625 0.05929505625 0.8208016406249999 0.057892085937500004 0.8069095609374999 0.057712446875000004 0.7703088203124999 0.0645688875
0 0.8774176125 0.0615630015625 0.877817009375 0.087176528125 0.8827044390625 0.09547605625 0.89639356875 0.099118340625 0.9034867406249999 0.1053398140625 0.9143410781249999 0.12492030937500001 0.9252592125 0.1335358921875 0.9351488968749999 0.130398103125 0.9372823374999999 0.14074694999999998 0.9419036843749999 0.144704640625 0.9429770468750001 0.14476089375 0.9499855484375 0.1253259234375 0.959348253125 0.11850443125000001 0.9631817187499999 0.11943655156249999 0.9697989421875001 0.11320239218749999 0.9693825328125 0.09051284062500001 0.9935691343749999 0.0808121515625 0.9994509875 0.10671300312500001 0.9982821953125001 0.1190824375 0.9995910671875 0.12269743749999999 0.9999986968749999 0.05263164687500001 0.8794619859375 0.046314584375 0.8774176125 0.0615630015625
0 0.087127284375 0.8321895749999999 0.0860860796875 0.8226291874999999 0.0822696234375 0.8187730890625 0.072082609375 0.778753490625 0.0666554390625 0.76896324375 0.0491200859375 0.7665818203125 0.040832609375 0.7771157468750001 0.035150271875 0.81118515 0.0394469265625 0.8267658859375 0.0349971703125 0.8375009390624999 0.0376448375 0.8537264734375001 0.03698601875 0.8727035875 0.029705725 0.8986458562499999 0.0283115375 0.94975798125 0.0315754953125 0.9543163421875 0.04091268125 0.9518808140624999 0.0486263953125 0.9457041203125 0.06001196875 0.9682373234374999 0.062141159375 0.9793171656249999 0.0646412359375 0.9833739093749999 0.0768050296875 0.9840113875000001 0.085167475 0.9805239234375 0.0869823234375 0.9513703546875 0.0925838578125 0.9311898421875 0.10138130468749999 0.92726359375 0.1095667140625 0.9342735265625001 0.111811221875 0.9302451546875 0.1118316921875 0.9267266390625 0.1091418 0.9130459640625 0.1058778421875 0.9084876046874999 0.100505959375 0.8891944328125 0.09290281875 0.8763652796875 0.085431515625 0.8408753078125001 0.087127284375 0.8321895749999999
0 0.120836259375 0.8620623421875001 0.11350717968749999 0.864968715625 0.097428496875 0.8635776578125001 0.08714992656250001 0.870716759375 0.0695741703125 0.87527978125 0.060748015625 0.8841402390624999 0.06287401718749999 0.895768325 0.06723446562499999 0.90038415 0.103005334375 0.9104850140625 0.12350825781250001 0.905526984375 0.15492505781250002 0.9099155328125 0.16440565468749999 0.914251278125 0.17093373750000002 0.9154845734375 0.227380184375 0.9184428062500001 0.229464134375 0.9176608500000001 0.24567677968749999 0.8960255953124999 0.2632684828125 0.8887213453125 0.26523925 0.886184021875 0.26526619375 0.8815527171875001 0.2582504015625 0.8714575640625 0.23488091562500002 0.86639393125 0.22542264531249998 0.8582204656249999 0.1639936203125 0.8593884078125 0.14276289375 0.86375988125 0.120836259375 0.8620623421875001
0 0.24858609843749999 1 0.2508887015625 0.9773769984375 0.25056585625 0.938605578125 0.257918446875 0.90023640625 0.25303101875 0.89193688125 0.2536132859375 0.8861176609375001 0.259050503125 0.875328 0.25910636249999996 0.8657267171875 0.2571749390625 0.8395064296875001 0.2479653375 0.8200121296875 0.238670675 0.8151377171874999 0.22932073125 0.8197662250000001 0.20828751875 0.8530311203125001 0.20713573749999997 0.8624765796875 0.21094794062500002 0.867063671875 0.2141566125 0.8811249546875001 0.2069656265625 0.8917163468749999 0.20520606562500002 0.9113669921875 0.19733925000000002 0.943859478125 0.19979979375 0.9922487515625 0.2018665625 1 0.24858609843749999 1
0 0.2597152734375 0.9238620515625 0.2296201171875 0.9436729296875 0.23393272187499997 0.9565124390624999 0.23975515937499997 0.9612048828124999 0.263111884375 0.9684614968749999 0.2735635109375 0.9755673453125 0.2831798890625 0.9760713187500001 0.29452230625000003 0.9739465359375 0.3070161890625 0.9630846453125 0.328968340625 0.96039621875 0.3413952421875 0.9610474859375 0.372061909375 0.9686871984375 0.38978552031249997 0.97072451875 0.3902127359375 0.8972923015625 0.3636918671875 0.899148534375 0.3146100046875 0.9146738828125001 0.301442540625 0.9156290453124999 0.28532239375 0.921365175 0.2685031484375 0.9215805421875001 0.2597152734375 0.9238620515625
0 0.28595387968749997 0.9359586296875 0.3071112453125 0.9441968062500001 0.33927498906250003 0.9458824375000001 0.39708731875000003 0.9379439968750001 0.43292835781249994 0.93598345625 0.45343766093750004 0.9299289375 0.4651399453125 0.929445403125 0.49223138281249995 0.9231874265625001 0.49810166406249995 0.9196561843750001 0.49952085312500005 0.914520640625 0.49956295624999997 0.9072837984375001 0.49821648906249993 0.89991934375 0.49312185781249995 0.8958134546875 0.47560989375 0.8894115640625 0.440518984375 0.8881209406250001 0.42225689062500005 0.8849702140625 0.410541846875 0.88764673125 0.39811175468750004 0.8875437093749999 0.37257480468750004 0.8779791828124999 0.3484711359375 0.8734254874999999 0.3441777875 0.8729856874999999 0.33668162343749997 0.8725928296875001 0.3279841609375 0.8756422875000001 0.333739615625 0.8918478890625 0.3315274953125 0.8950224328124999 0.28389268749999996 0.9131908265625001 0.28377341093749997 0.9336928906249999 0.28595387968749997 0.9359586296875
0 0.5600192734375 0.6860416734375 0.5131303921875 0.701681953125 0.5050511796875 0.7078394921875 0.5035764328125001 0.70995585625 0.5166705359375 0.72161034375 0.5298029125 0.7266858843749999 0.5407710156250001 0.7267122859375 0.551716790625 0.73057640625 0.559703503125 0.7403179890625 0.5601532984375 0.7405106546875 0.5844588578125001 0.7417844546875 0.6167816484374999 0.732889484375 0.6248257749999999 0.732762646875 0.6365727140625 0.7246036734375 0.66658175 0.7195954265625 0.692249475 0.706681884375 0.705429696875 0.703533740625 0.71025095 0.6925723484375 0.7102604484375 0.690939578125 0.704120809375 0.67714133125 0.6691096390625 0.6621445671874999 0.6273887515625 0.669281084375 0.6076455296875001 0.6693432109375 0.5732377703125 0.6763145828125 0.5600192734375 0.6860416734375
0 0.56586740625 0.6603945265625 0.5475861734375 0.660533271875 0.5125080234375 0.6570496640625 0.485528221875 0.6441190437500001 0.4636302921875 0.6374872953125 0.45704815468750004 0.637690753125 0.44970631875 0.6427901125 0.45621509375 0.655196303125 0.45252184843750004 0.6615837015625 0.41075949375 0.6758474140625 0.3953480140625 0.6854595734375 0.38802850312500003 0.6867212125 0.3858036265625 0.692088740625 0.3916228734375 0.6973294296875 0.398205009375 0.6971259703125 0.4032996421875 0.7012318578125 0.46095568125 0.7201574546875 0.4744839609375 0.7235171046875 0.48031161093749997 0.72382251875 0.486534096875 0.7225947890625 0.5099737531249999 0.715597015625 0.5283092109374999 0.70613809375 0.556122071875 0.7015631625000001 0.5729349375 0.7024442875 0.59417204375 0.6969763265625 0.6149428765625 0.6868162718749999 0.615040203125 0.67008721875 0.6119200375 0.6628080421875 0.598806796875 0.6544430265625001 0.5820226374999999 0.6486276906249999 0.5790890921875 0.6501191875 0.5768514578125 0.6576796984375 0.56586740625 0.6603945265625
0 0.671951609375 0.5829153296875 0.6625889046875 0.5897368203125 0.6559419125 0.6010879390625 0.6564348718749999 0.6106195953125 0.6661969734375 0.62941163125 0.6682283499999999 0.6573043390625 0.666541084375 0.664528084375 0.6549386187499999 0.67927558125 0.66532976875 0.6842074593749999 0.6669489875 0.688679621875 0.6703826921875 0.7583251921875 0.6796135578125 0.7741645203124999 0.6877947140625 0.7819054453125001 0.6921211390625001 0.7923692234375 0.6970383390625 0.795551790625 0.7086110359375 0.7859212515625 0.7187006031250001 0.7484267375 0.7194143875 0.7294281640625 0.719628515625 0.692622571875 0.7142129374999999 0.6714137609375 0.71380078125 0.647993215625 0.7083608531250001 0.64039595 0.70033705 0.605608240625 0.6889387171875 0.58526801875 0.671951609375 0.5829153296875
0 0.83602114375 0.6335085578124999 0.8411476718750001 0.632131990625 0.832401259375 0.62728630625 0.7892694140625001 0.625574275 0.7716713328125 0.6339750171875 0.762171596875 0.63292874375 0.74605783125 0.6375683828125001 0.731444325 0.635705696875 0.7117680859375 0.624254665625 0.694227415625 0.6227869859374999 0.67589515 0.6316976624999999 0.67072715625 0.6402014234375 0.6764858015625 0.6558587796875 0.6801216343750001 0.6593398015624999 0.6939881953125 0.6639054062499999 0.7019876671875 0.6714540062500001 0.723183309375 0.6731132375 0.7457994734375 0.6819762796875 0.7793901171875001 0.68976923125 0.7875405921875 0.6914714375 0.8390557203125001 0.69417123125 0.8817580046875 0.6901983890625 0.8869074671874999 0.685665365625 0.8869262203125 0.6824418484375 0.8854895265625 0.6772320421875 0.870920678125 0.6676939171875 0.85197543125 0.6562811984375 0.83080530625 0.6502360031250001 0.8301381046874999 0.6392327828125001 0.83602114375 0.6335085578124999
0 0.8537647515625 0.566316453125 0.8362506609375 0.5602800609374999 0.82793766875 0.5751999515625 0.829973296875 0.6023616656249999 0.834809690625 0.619433121875 0.835298396875 0.629695771875 0.8297266343749999 0.6447593265625 0.8268875890625 0.6614285296875 0.8255189218749999 0.708154690625 0.8303383046875 0.7281501234375 0.8417749125 0.7419113984375 0.843904103125 0.752991240625 0.850427765625 0.7628389515625 0.8525697140625 0.7717258109375 0.8604043062500001 0.781253765625 0.8610753140625 0.78128893125 0.873432815625 0.7677006796875 0.887343090625 0.73333126875 0.8875472249999999 0.69824355 0.8899931890625 0.6925805015625001 0.890011390625 0.6894518390625 0.8887500359375 0.6800261609375 0.8900841984375001 0.676937221875 0.890117528125 0.6712083203125 0.883926396875 0.6607617218749999 0.8812546296875 0.6486787328125 0.881861 0.6387169687500001 0.8748231171875 0.6229925703125 0.8743386624999999 0.611998925 0.8537647515625 0.566316453125
0 0.9722604578125 0.657882428125 0.9547740109375 0.6470945718750001 0.9430621562500001 0.64922284375 0.9262556703125 0.6472452265624999 0.9043035187499999 0.6499336546875 0.894072790625 0.648849071875 0.8772375984374999 0.651805665625 0.8596618421875 0.6563686875 0.8398420703125 0.6695887093749999 0.8252062390624999 0.6715637421875 0.8163513796874999 0.685358409375 0.8170440984375 0.6919756671874999 0.8199553171874999 0.6943218890625 0.8418660046875001 0.69876065625 0.8469638249999999 0.7023182968749999 0.8484162453125 0.7040396546875 0.8425108796874999 0.713601596875 0.8564739671874999 0.7154027765625 0.892656075 0.717299 0.9112307078124999 0.716106225 0.9639611640625001 0.701868915625 0.9962444046875 0.69793968125 0.9964880062500001 0.6560683265625 0.9824943765624999 0.6584187640625 0.9722604578125 0.657882428125
0 0.8722196609375 0.9141674078124999 0.9254865453125 0.933411390625 0.93791025625 0.9346109031250001 0.9947419828124999 0.9561841890625 0.9949809046875 0.9151169250000001 0.8702210171875 0.9085785359375 0.8722196609375 0.9141674078124999
0 0.9914410218749999 0.9218515640625 0.9710306 0.9109104671875 0.94920284375 0.8922173156250001 0.93979560625 0.8752719203125 0.9151012843749999 0.8465571078125 0.9078041015625 0.8439810281250001 0.8916871453124999 0.8491689140625001 0.8814500375 0.849180821875 0.847106071875 0.84518728125 0.8383500875 0.8419863359375 0.8346791703124999 0.844536015625 0.83317890625 0.851038340625 0.8375010796875 0.8622331140625 0.8367190515624999 0.8709667328125 0.8286270828125 0.87931725625 0.8344558984375 0.8829132078124999 0.83949630625 0.8963392703125 0.84532193125 0.9004834671875 0.8482076328125 0.9072156546875 0.881035390625 0.9204527515625 0.8992560203125001 0.930730671875 0.9079864828125 0.9383175828124999 0.9174830281249999 0.9399121015624999 0.9262645296875001 0.9387270828125001 0.9510513484375 0.951542771875 0.97439850625 0.9604441250000001 0.9760203734375 0.9623663046875001 0.9862226156249999 0.96290098125 0.9941321593750001 0.962026734375 0.9947110453124999 0.96150180625 0.994868040625 0.934516696875 0.9914091265625 0.927334021875 0.9914410218749999 0.9218515640625
0 0.8429095359375 1 0.848505946875 0.977697759375 0.8546089468750001 0.9655869140625001 0.8556745546875 0.9497433734375 0.8558254078124999 0.92381379375 0.850087259375 0.8944218906250001 0.8561820656249999 0.8625095953124999 0.856187246875 0.8616189875 0.8177836609375 0.7910897640625 0.8090585109375 0.782589109375 0.7992113546875 0.7784169578125 0.7914721234375001 0.7889796171875 0.7903246 0.7976940828125 0.7928064078125 0.8424283875 0.797659815625 0.85657586875 0.79535200625 0.8761977812499999 0.7897759890625 0.891992328125 0.789703690625 0.9044192296875 0.7992829203125 0.9546440125 0.8041703515625 0.962943540625 0.8051945437500001 0.9754279046875001 0.816048884375 0.9950084 0.8264527921875 0.997747296875 0.8274303484375001 1 0.8429095359375 1
0 0.731274365625 0.9068640562500001 0.70855294375 0.9160931203124999 0.6712339671875001 0.92071826875 0.6529112703125 0.927984209375 0.6485093562500001 0.930495578125 0.6579548671875 0.9408620234375 0.656451415625 0.9479125984375001 0.6424789359374999 0.9615525296874999 0.642381209375 0.9783503687499999 0.6540574875 0.98233714375 0.6686678015624999 0.9847480765625001 0.695169309375 0.9960997921875 0.7078398796875 0.9967638296875 0.711014428125 0.9957419734374999 0.729394540625 0.9786076125 0.7381760390625 0.9774225921875 0.742590709375 0.9727182421875 0.8166667171875 0.9343726171875 0.8291478421875 0.92570370625 0.8339939 0.9151916484375 0.8340055421875 0.913190553125 0.8321866453125001 0.906120103125 0.8169027484375 0.8938024406249999 0.809605565625 0.8912263593749999 0.8000994515625001 0.891276578125 0.7868937140625001 0.8988106874999999 0.731274365625 0.9068640562500001
0 0.6891399234375 1 0.6813541937500001 0.922729359375 0.6688381046874999 0.9059866453125001 0.66183424375 0.8844142953125 0.6608228078125 0.8697369484375 0.644566815625 0.8359802406249999 0.6358416671875 0.8274795875000001 0.6287102203125 0.8278370625000001 0.61825953125 0.8331391015625 0.61381828125 0.842412165625 0.6120842343749999 0.857676846875 0.60370745 0.8835616500000001 0.61573483125 0.890041715625 0.6216592125 0.9086326250000001 0.6122327171874999 0.926419028125 0.6143704125 0.9360368812500001 0.643666921875 1 0.6891399234375 1
0 0.556213184375 0.8791439953125 0.542270071875 0.8877362859375 0.5283716140625 0.8886531359375001 0.523184484375 0.900446371875 0.5136592328125 0.9037860640625001 0.5033710921875 0.9125699031250001 0.4872732734375 0.914468315625 0.48575706093750004 0.9237118703125 0.48793090625 0.927116275 0.47033282343750005 0.9355170156250001 0.4681079453125 0.9408845421875001 0.4615098609375 0.943829228125 0.4614556375 0.9531494031250001 0.4686448515625 0.96390945625 0.4915934328125 0.9651121406250001 0.501602903125 0.9651248625 0.545561428125 0.9504278359375 0.5557921578125 0.9515124171875 0.5747597296875 0.95908741875 0.5769559015625 0.958654103125 0.5770101249999999 0.949333928125 0.5814343656250001 0.9429848375000001 0.6231393062499999 0.9385895484375 0.6465789640625 0.9315917765625 0.6517182499999999 0.9280222265625 0.6510032031249999 0.9252426890625 0.648098365625 0.9217999765625 0.63787720625 0.9190706562500001 0.6335358953125 0.9111653593750001 0.6445486515625001 0.903516321875 0.6504540171875 0.8939543796875 0.66692269375 0.886440734375 0.6670213421875 0.8694843203125 0.65060711875 0.8676385906249999 0.6366863328125001 0.8723931609375001 0.62059808125 0.8726468359374999 0.6016177515625001 0.867264815625 0.5913838328125001 0.8667284796875 0.556213184375 0.8791439953125
0 0.4480601984375 0.9108091375 0.4326519078125 0.9198730546875 0.41507296250000003 0.9249843203125 0.4018480859375 0.935807903125 0.3908480890625 0.9412639578125 0.38275611875000004 0.9496144796875001 0.3849044453125 0.9574048484375 0.39436590625 0.9650300671875 0.403125078125 0.9676827671874999 0.4287194421875 0.9673788734375 0.4374849921875 0.96893508125 0.4386341515625 0.9701515437499999 0.44181458749999997 0.9703182234375 0.4623898265625 0.961465684375 0.4916583 0.958063865625 0.530458403125 0.9502258625 0.5568316046875 0.94173659375 0.5781037953125 0.930237928125 0.5861957640625 0.92188740625 0.5870076937500001 0.9213682140625 0.5871555140625 0.8959600765625 0.57316864375 0.898719759375 0.561479115625 0.8970103109374999 0.5512866640625 0.8893467828125001 0.5462334953125 0.8781137015624999 0.5352813421875 0.875346071875 0.4480601984375 0.9108091375
0 0.42884208125 0.672147284375 0.4338060625 0.667288915625 0.42450715156249996 0.6631454953125 0.415263525 0.64949915 0.4072482296875 0.6132494515625 0.38708221875 0.59171851875 0.37500805625 0.593279390625 0.36564110156249996 0.6008318765625 0.36392831875 0.6124415859375001 0.36661000781249997 0.6228191671875 0.3621389875 0.6372091906249999 0.3719308578125 0.6508842671874999 0.3751225171875 0.6678695265625 0.37398775156249997 0.6743910093750001 0.3629335296875 0.6891672390625 0.3601412671875 0.6977955078125 0.3738218921875 0.70289978125 0.3765205921875 0.7103533843750001 0.3774342125 0.741843596875 0.3816288015625 0.77496819375 0.3843275015625 0.7824217953125 0.3876084703125 0.784056178125 0.3953391953125 0.7749555078125 0.402997621875 0.7782817375 0.41441296406249994 0.7956979796875 0.420354359375 0.8113649140625 0.42363532656249997 0.8129992953125 0.424611496875 0.81311900625 0.43541792656249995 0.8136853484375 0.4461431671875 0.8090603640625 0.4517489546875 0.7881488562500001 0.4550596921875 0.7846662796875 0.45665529375 0.7602053843750001 0.45668109375 0.7557706843750001 0.4552808375 0.7466545828125 0.4487486703125 0.7382688609375 0.44556976875 0.7190906171875 0.43964113437499996 0.701230703125 0.428799553125 0.6794572249999999 0.42884208125 0.672147284375
0 0.34375257656249997 0.662496290625 0.33797798437500004 0.6495801640625001 0.32775044375 0.6479473359375 0.30208271875000003 0.6608608796875 0.2888610328125 0.6711362140625 0.23107102968749998 0.6752369359375 0.2280928296875 0.6844038718750001 0.2134697578125 0.6841859218749999 0.20757077031249999 0.6926513734374999 0.191447434375 0.6989357515625 0.191296534375 0.7005216625 0.191255253125 0.7076173 0.20449369375 0.7188139234375 0.212521871875 0.7214283140625 0.23445169531249999 0.7225776078124999 0.24904287187500002 0.7282780125 0.26515345 0.72418661875 0.27538098906249997 0.725819446875 0.28271325625 0.722364825 0.2966053359375 0.7225444640625 0.3046398921875 0.7240623640625 0.32724648749999996 0.7345701421874999 0.34843256093749997 0.7378741093750001 0.3615585578125 0.744046140625 0.37252666093750003 0.7440725421875001 0.3743136875 0.7448380015625 0.3851324046875 0.7454049859375 0.385681365625 0.7453103640625 0.387883915625 0.7437805562500001 0.3857898125 0.7266700125 0.3799578078125 0.72362230625 0.37629645625 0.7245272484374999 0.36686370468749996 0.7119678171875 0.38590463750000004 0.7069331703125 0.3910598703125 0.7006223921875 0.4086579546875 0.6922216515625 0.41176101562499995 0.6859445375 0.41177850156250007 0.6829387812500001 0.4094846375 0.6758125921875 0.4051114296875 0.6733897515625 0.388295375 0.673056871875 0.371508025 0.6677897828125 0.34812897187499997 0.6643708859374999 0.34375257656249997 0.662496290625
0 0.2032241890625 0.6259513796875 0.204718075 0.6205455421875 0.1981518859375 0.618007771875 0.190832375 0.6192694109375 0.18714550937500002 0.6245603187500001 0.1724745921875 0.6325660531249999 0.1644496046875 0.6294034171875 0.13946502968750002 0.6505789546875 0.130670771875 0.6539569562499999 0.1219084109375 0.651852503125 0.11742356875 0.6686182578125 0.09471490625 0.6756543390624999 0.0880721671875 0.6862744625 0.07707216875 0.69173051875 0.07628695156250001 0.701012384375 0.08496957187500001 0.716822978125 0.08712805312500001 0.717283428125 0.10063867343749999 0.717991490625 0.1112981203125 0.7160091484375 0.12539559218750002 0.7192889453125 0.13012906875000002 0.719537015625 0.1383927484375 0.7092029265625001 0.147155109375 0.7113073796875 0.1706107140625 0.7015683796875 0.2137648859375 0.69944269375 0.2408563234375 0.693184715625 0.24233107031249998 0.691068353125 0.2350594046875 0.6841063078125 0.2839447578125 0.626161465625 0.283953271875 0.6246980828125 0.261004625 0.6234953953125 0.25513115468750003 0.6275748828125 0.2368435421875 0.628810121875 0.2258563015625 0.6320731937499999 0.2112332296875 0.63185524375 0.2032241890625 0.6259513796875
0 0.10255350156250001 0.5773142828125 0.0959490375 0.581355459375 0.09267232187499999 0.5789900828125 0.0791447984375 0.5475700203125 0.0693189046875 0.539742896875 0.058336981249999996 0.5420922265625 0.0494970078125 0.553328415625 0.0503468375 0.5957835421875 0.055187484375 0.612124003125 0.0566961328125 0.6356020140624999 0.05434154375 0.6632648609375 0.054630367187499994 0.7078842375 0.060631301562499997 0.7133172531249999 0.07056776718749999 0.7021385296875 0.078804209375 0.7003765296875 0.089684065625 0.7155710609375 0.097788671875 0.73646988125 0.10031447499999999 0.73829319375 0.1034554609375 0.7384578046875 0.1114948125 0.7371881890624999 0.123641271875 0.7232004171875 0.1239931921875 0.7169121234375 0.124204609375 0.6805725687499999 0.1212785421875 0.6579982765625 0.11643789375 0.641657815625 0.1012826453125 0.6072275781250001 0.10736438125 0.5987717046875 0.104176975 0.5810554515625 0.10255350156250001 0.5773142828125
0 0 0.6574972203125 0.0396391109375 0.6452665640624999 0.0440218859375 0.6460446656250001 0.0505625578125 0.652968403125 0.0600909984375 0.649080465625 0.0761633 0.651568015625 0.089378609375 0.6423891703125 0.123795934375 0.633773065625 0.12448049218749999 0.6331523156250001 0.1244862421875 0.6321640046875 0 0.6256399578125 0 0.6574972203125
0 0 0.20542911406250003 0.0395943015625 0.2012859890625 0.059363040624999995 0.196837896875 0.0842296 0.1959474484375 0.1091312453125 0.189026296875 0.12453634531249999 0.18051062499999998 0.126767603125 0.1740466078125 0.1260557453125 0.170718825 0 0.164112521875 0 0.20542911406250003
0 0 0.2037585203125 0.0019794953125000002 0.2072712375 0.013621179687500002 0.21720436875 0.0198089140625 0.2198548375 0.035558365625 0.22068023124999997 0.08384446250000001 0.21265842343750002 0.097765246875 0.2079038546875 0.1036100109375 0.20875857656250002 0.1079768375 0.21227790937500002 0.1145717328125 0.20988147031249998 0.12479608125 0.21206254218749998 0.1277487640625 0.2072815703125 0.137456765625 0.20395145625 0.16798215 0.2044544 0.1942532859375 0.21350898906250002 0.1964685953125 0.2097862 0.1943489734375 0.19706162031250002 0.20170675781249997 0.18922103437499999 0.20210002500000002 0.1868234890625 0.202155303125 0.177322046875 0.199619034375 0.1710140015625 0.18654725781249998 0.1555217921875 0.1777721390625 0.15561032187499999 0.1689746921875 0.1595365671875 0.151424453125 0.159713625 0.1032171140625 0.15060623125 0.048456343750000005 0.1367680875 0.022134175 0.1364854265625 0.00013736875 0.14684929062500002 0.0037763921875000003 0.14978206562500002 0 0.1545046109375 0 0.2037585203125
0 0.291681221875 0.20759644375000003 0.29392204843749997 0.199487690625 0.29031811093750004 0.190524209375 0.2728252859375 0.1808328453125 0.246550959375 0.1723265015625 0.150755640625 0.173338621875 0.1470623921875 0.17972601875 0.141195303125 0.1827090140625 0.1001671328125 0.196462790625 0.08989493750000001 0.2025054 0.07959085 0.21403046875 0.0788120109375 0.2222158421875 0.1079879859375 0.23471314531249998 0.127108621875 0.239544965625 0.1323315046875 0.239818684375 0.1730783609375 0.23264025937500002 0.2110772984375 0.23682535 0.25568389062499997 0.23642101875 0.26301934843749997 0.23241815312499997 0.265253796875 0.2254058875 0.291681221875 0.20759644375000003
0 0.3239544265625 0.188895996875 0.315932628125 0.185185115625 0.31303416875 0.1806459125 0.29182257968749997 0.181727909375 0.2713802609375 0.17626927187500002 0.2172898828125 0.172886103125 0.20774549375 0.1795152671875 0.20183693749999998 0.18962545625 0.163043215625 0.19636696874999998 0.1622611859375 0.2051005875 0.1673717671875 0.20646524687499998 0.1753648578125 0.2151103390625 0.1870448171875 0.2184645234375 0.197965075 0.22671460937500001 0.22132180156249998 0.2339712234375 0.25058070625 0.2322141421875 0.260801865625 0.2349434609375 0.2988263203125 0.2347425875 0.31122770312500003 0.2397798171875 0.32077528125 0.23260240781250002 0.3398002671875 0.2303089875 0.35731223125 0.23671087812499997 0.3661224359375 0.2305916484375 0.3895557125 0.22469036875 0.3976381140625 0.2179845828125 0.39888344062500003 0.212883340625 0.39891472499999997 0.207505965625 0.3933542171875 0.2002108640625 0.38169020625 0.1941154515625 0.35903895625 0.1912831109375 0.34736856562499996 0.18628419062499998 0.3407736703125 0.18868063125 0.3239544265625 0.188895996875
0 0.3611045203125 0.17716462187499998 0.343538334375 0.18008290625 0.30177598125 0.1943466171875 0.2768807125 0.20017127812500002 0.26440277968750003 0.20829194218749997 0.265073171875 0.2187469171875 0.28255005 0.23117950937499998 0.28607196875 0.23224611718750002 0.321927990625 0.2341252515625 0.3337323984375 0.23166821249999997 0.3541906640625 0.2343856234375 0.37394345625000003 0.23267875937500002 0.4017274265625 0.2383073625 0.4157137765625 0.23904035625 0.41924595625 0.23834343906250002 0.43570037812500007 0.240087809375 0.4400585921875 0.2403162140625 0.447777053125 0.2359998015625 0.4493267578125 0.220999665625 0.45522415 0.2128083375 0.46183499218749996 0.20767067031250003 0.4755282296875 0.202751646875 0.47556297656249996 0.1967792 0.4736648609375 0.1852573109375 0.46490569062500003 0.1826046109375 0.43858990000000003 0.1812254578125 0.42907421875 0.18292041406249998 0.38523370625000003 0.177332353125 0.3611045203125 0.17716462187499998
0 0.575848421875 0.209514484375 0.557560809375 0.2107497203125 0.539978675 0.216409234375 0.4631477390625 0.2255446015625 0.45872030781250006 0.2324419359375 0.442565075 0.2442087703125 0.44249809375 0.255721928125 0.4468394046875 0.263627225 0.4675444921875 0.2730162171875 0.4921297125 0.2743046734375 0.5148154828125 0.26828652656249996 0.5330807671875 0.2708890078125 0.569646421875 0.27006326875000003 0.5820924609375 0.2674250609375 0.6084720421875 0.2578393 0.620953165625 0.2491703921875 0.6312094125 0.2458690078125 0.634737984375 0.23950725624999997 0.6347617078125001 0.23542968125 0.6306060015625 0.223900875 0.610910625 0.2157393171875 0.6058383203125 0.20779571093750002 0.6021992953125 0.204862934375 0.5970823375000001 0.204594765625 0.575848421875 0.209514484375
0 0.5030384875 0.1771355109375 0.4701054734375 0.18199051875 0.44152972031250004 0.19200959374999998 0.37856215625 0.2062588125 0.3558375453125 0.216036121875 0.34409444843750003 0.2274622078125 0.3440941484375 0.22751398437499998 0.3564090609375 0.24348671249999998 0.377588753125 0.24788717187499998 0.39072113124999996 0.2529627125 0.39876525625000003 0.25283587343749997 0.40756908281250004 0.24781313593749998 0.44923255937500006 0.2505450375 0.47767435 0.2635522765625 0.4988559765625 0.2684052765625 0.5042242203125 0.2686866140625 0.5054329890625 0.2682975234375 0.50985723125 0.261948434375 0.49168444375 0.24344682812500001 0.5187822609375 0.2360923609375 0.5598518968749999 0.21521139374999998 0.5614349203125 0.21255115156249998 0.5614540375 0.209265103125 0.5577705500000001 0.19590786875 0.5548593312500001 0.193561646875 0.5489954296875 0.19599639687499998 0.52998958125 0.1950003421875 0.5227242953125 0.1869418046875 0.5030384875 0.1771355109375
0 0.605859528125 0.1083147453125 0.59704081875 0.1158959640625 0.589280325 0.13011359375 0.594014653125 0.1647289109375 0.58845139375 0.1783304765625 0.5818426765625 0.183102646875 0.5850811171875 0.192046971875 0.579577396875 0.19541461875 0.5784553890625 0.19974311875 0.59426095 0.21665822656249997 0.591366621875 0.24283035625 0.59165119375 0.2881807265625 0.596487590625 0.30525218125000003 0.5981408312500001 0.303876390625 0.597099628125 0.294316003125 0.599347896875 0.28492800625000003 0.6015663953125 0.280656971875 0.6054083671875 0.280127103125 0.611328496875 0.2994490078125 0.619998359375 0.317452584375 0.626534778125 0.3251073140625 0.6265827234375 0.325114396875 0.6348639734375 0.3255483984375 0.6408274390625001 0.3192754078125 0.6547866453125 0.28592181875 0.6549328812499999 0.260786059375 0.653870875 0.24537484687500002 0.6470371234375001 0.19456273125 0.6394382359375 0.18100258281249998 0.6324939140625 0.1491963140625 0.6140619484375 0.1124007015625 0.605859528125 0.1083147453125
0 0.7321719234375 0.20271253281249998 0.7146599609375001 0.1963106421875 0.6876291250000001 0.1921519515625 0.612177246875 0.21561832500000003 0.615050190625 0.22454349375 0.6354733718750001 0.23329160781249997 0.656573325 0.25139820468749996 0.6535919359375 0.2611133859375 0.6754165046875 0.280354784375 0.6808538203125 0.2810693328125 0.690636959375 0.28158204531250003 0.7134919921875 0.27138198281250003 0.7317827921875 0.2695984984375 0.7361878953125001 0.26653888281250004 0.7757413203125 0.254901471875 0.7954909203125 0.253742853125 0.8222640437500001 0.24485461718749998 0.8223208046874999 0.2350981328125 0.8132006390625 0.226153515625 0.7920305140624999 0.2201083203125 0.7664552875 0.2171227421875 0.7569427953125001 0.21826945156250002 0.74891461875 0.2156550609375 0.7321719234375 0.20271253281249998
0 0.8436368062499999 0.2050717390625 0.83934015 0.1894910015625 0.8378527671875 0.16235802187499998 0.8237047015625001 0.1433361265625 0.8132922859375 0.14205921875 0.80879575 0.1608352078125 0.797664978125 0.18876933437500001 0.79001505625 0.183981115625 0.7873206078125 0.1757965171875 0.7774521875 0.1752793359375 0.7763046625000001 0.1839938 0.779347475 0.22656385625 0.77136158125 0.2795241765625 0.7775960515625 0.339079490625 0.7847223578125 0.34903190781250004 0.79325006875 0.3494788265625 0.8126625078125 0.34457333125 0.8143242546874999 0.3417355515625 0.812730553125 0.332877425 0.8232535375 0.3151484859375 0.82930975625 0.31107857499999997 0.8468451124999999 0.31345999999999996 0.85158440625 0.3095160625 0.8516313921875 0.301439684375 0.8460207984375 0.2666189078125 0.8467221453124999 0.2403318515625 0.8412779640625001 0.23346558125 0.8380522812500001 0.22232827500000002 0.8386515609374999 0.213585078125 0.8436368062499999 0.2050717390625
0 0.9591653375 0.1821518578125 0.9431057921875 0.177471321875 0.9357671453125 0.18202243437500001 0.9262705999999999 0.1804279171875 0.9255140890625 0.184775571875 0.9211089875 0.18783518593749998 0.9086788968749999 0.18773216718750002 0.901308353125 0.197765734375 0.8353976734374999 0.21515118906250003 0.8382195843750001 0.23284828750000003 0.8257257015624999 0.243710178125 0.81987136875 0.244500190625 0.8140393640625 0.24145248437500003 0.807316884375 0.26577875 0.8211866359375 0.269796109375 0.8460468156250001 0.2700021515625 0.8559468000000001 0.274615803125 0.87113569375 0.27541181875 0.9081972671875 0.2705172546875 0.9250515968749999 0.2642711859375 0.9353493078125 0.25384260937500003 0.9405523859375 0.23930814687500002 0.9515428140625 0.23549682968750002 0.9603689671875 0.2266363703125 0.9691472781250001 0.22599959687500001 0.9772201078125 0.2209385484375 0.9852738015625 0.2191669734375 0.9990996359375 0.2071672359375 0.99920948125 0.1882864578125 0.9862312578125 0.18027984531250002 0.9591653375 0.1821518578125
0 0.9536171875000001 0.14209659375 0.9435999203125001 0.16716420781250002 0.9627711375000001 0.26542079531249996 0.9631918015625001 0.28737935000000003 0.9669912437500001 0.29415942500000003 0.974730475 0.28359676562499997 0.9813009171875 0.285403540625 0.993217725 0.3108894546875 0.9966461765625001 0.31637502500000003 0.9969012296875001 0.31638839218750003 0.9978167140625 0.1590300203125 0.9963378171875 0.1516476578125 0.984335953125 0.140781628125 0.9772683000000001 0.130174190625 0.960808171875 0.131505203125 0.9536171875000001 0.14209659375
0 0.9881397562500001 0.358906503125 0.9744463765625 0.3559952140625 0.9661588999999999 0.366529140625 0.9589338921874999 0.3829684859375 0.960519090625 0.3932886015625 0.9522528781249999 0.4001675578125 0.9565963140625 0.4077073578125 0.9553849968750001 0.427386734375 0.9509522515625 0.43519781249999995 0.943081184375 0.468421290625 0.9286524343749999 0.49764500937499995 0.9280659124999999 0.5041952249999999 0.9318568515625 0.5124372859374999 0.9515299015625001 0.5244365625 0.9493071499999999 0.52943859375 0.9672121312499999 0.5625505015625001 0.97592026875 0.5739751328125 0.977530984375 0.5799092828125 0.9823374125000001 0.5844570765625 0.9829199281250001 0.5844876046875 0.9901236203125 0.5834941031249999 0.992333615625 0.5806850546875 0.9969941812500001 0.5690641671875001 0.997983721875 0.39897668125 0.9957386453125 0.37246665156250003 0.9881397562500001 0.358906503125
0 0.8971000671875 0.33352870625 0.891099134375 0.3280956921875 0.8768149796875001 0.3324656109375 0.8679324765624999 0.3510117390625 0.8633104828124999 0.39135205625 0.8572844125 0.40437929375000004 0.8572815546875001 0.404870725 0.86256448125 0.42531455312500005 0.861778078125 0.46622149375 0.8665932109375 0.48694792031249995 0.867596140625 0.5030872546875 0.8740432515625001 0.5260928625 0.8887651609375 0.540478753125 0.8909990875 0.5405958281250001 0.8964702875 0.53604281875 0.8993220875000001 0.5171806296875 0.91610115 0.5034482109375 0.916292684375 0.470526271875 0.9148179265625 0.39880435937500003 0.9121149734375 0.3920817484375 0.912263821875 0.3664969546875 0.9095863859375 0.35538837968750003 0.90085273125 0.3483497140625 0.8971000671875 0.33352870625
0 0.7016092140625 0.45057006875 0.6986501515625 0.45644753125 0.7000483484375 0.46748906406249996 0.7124274046875 0.4763640140625 0.83224984375 0.493063484375 0.849034003125 0.49887882031249997 0.8540539718750001 0.49958520625 0.863418303125 0.5000759703125001 0.8680462296875 0.4987783828125 0.871819215625 0.4786848453125 0.8937841265625 0.47380343593749996 0.9116569109375 0.4613896859375 0.9117217 0.45025344531249994 0.8918207953125 0.4342148234375 0.8706570499999999 0.42707313593749996 0.8326389750000001 0.42617752031249995 0.7675230828124999 0.43263637031249996 0.7301977265625 0.438358009375 0.7016092140625 0.45057006875
0 0.74639420625 0.3103115484375 0.727201359375 0.3100369125 0.7189181359375 0.31983984374999996 0.718811815625 0.33811469843749997 0.7160280593749999 0.345280978125 0.71751969375 0.371682965625 0.7136266890625 0.3809847625 0.7045995921875 0.42438469375 0.7032564390625 0.46672488906250004 0.7118327390625 0.5008103390625 0.7106341796875 0.5182967328125 0.7138768734375 0.5265100625 0.7188972734375 0.5284504015625 0.7282939703125 0.5289428609375 0.7325214765625 0.5267559687500001 0.741952225 0.5082385703125001 0.75953010625 0.5033100515625 0.7645841015625 0.4876928859375 0.7646772937499999 0.471674375 0.7637335671875001 0.44064568125000003 0.76052915 0.4258534046875 0.7609927046875 0.3461750421875 0.7577925390625 0.33065176875 0.7512986484375 0.3156870984375 0.74639420625 0.3103115484375
0 0.6250579171874999 0.40692622343749996 0.6082067765625 0.41262404531249997 0.5891849796875 0.41436921875 0.5796310234375001 0.422643121875 0.58175064375 0.4353677 0.596332253125 0.44271284375000003 0.6160499578125 0.44703668125 0.6511249171875 0.4510685328125 0.659146715625 0.4547794140625 0.6745103515624999 0.4533909359375 0.710329065625 0.455268115625 0.719113753125 0.45353485156250006 0.731626771875 0.4393834859375 0.7272471875 0.43805713593749995 0.718449740625 0.441983384375 0.7126241140625 0.43783918593750004 0.7009154484375 0.4394192125 0.690751703125 0.426821471875 0.6936916281250001 0.4242334828125 0.701007946875 0.42352008906250005 0.7046916249999999 0.418777428125 0.7149478703125001 0.41547604531250004 0.7208277187500001 0.4103000671875 0.7332769484375 0.40711361406249996 0.7338112328124999 0.40404308437500003 0.733819353125 0.402647340625 0.730671553125 0.40090339999999997 0.71455496875 0.400058765625 0.693094596875 0.4011688578125 0.6594082625000001 0.4098232734375 0.648446540625 0.40870038124999997 0.6418835421875 0.405614365625 0.6323582890624999 0.4089540578125 0.6250579171874999 0.40692622343749996
0 0.6631975640625 0.4631219296875 0.6661757640625 0.45395499375000004 0.6618344546875 0.446049696875 0.6450758125 0.435848396875 0.49606464062500005 0.4088446046875 0.48508378125 0.41101118437500006 0.49017522187499996 0.4156653203125 0.501851990625 0.41956774843750005 0.5054654984375 0.42688648906250004 0.4651810796875 0.43848559375 0.44102956562499995 0.44215558125000004 0.43586157343750004 0.45065934375000005 0.4438195796875 0.4653351375 0.4686255375 0.474861353125 0.4890136328125 0.48964016875 0.49248839375 0.4947031453125 0.5161555453125 0.49594348750000006 0.565819053125 0.484890765625 0.583369290625 0.4847137078125 0.5914453125 0.4791044125 0.609707409375 0.48225514062499997 0.652909425 0.47190577031250003 0.6631975640625 0.4631219296875
0 0.3983381890625 0.4307185953125 0.3712658890625 0.43368710000000005 0.353677375 0.44044310312499996 0.3514397375 0.4480036125 0.3528443125 0.457948653125 0.3579357546875 0.46260278593750004 0.3798368734375 0.468686290625 0.39659870625 0.4783393453125 0.40902241562499997 0.47953885781250005 0.41339243437500006 0.48250994374999995 0.4426928015625 0.47362566875 0.45658488124999996 0.47380530781249997 0.490159578125 0.48433948750000005 0.5211981031249999 0.488392875 0.5253265875 0.4886092390625 0.52672204375 0.48406199375 0.5150484640624999 0.47961131874999996 0.5099602125 0.4744089390625 0.53781135 0.46325506250000004 0.5597730703125 0.4589219 0.56315368125 0.4544267875 0.5631934921874999 0.4475839171875 0.5555019328124999 0.4389551984375 0.5438187828125 0.43614925937500004 0.5343477562500001 0.4301687765625 0.49416859375 0.42367577343749996 0.41664812968750004 0.42564563906249997 0.3983381890625 0.4307185953125
0 0.4000366625 0.38936131406249996 0.3962499765625 0.3803882578125 0.38859155 0.377062028125 0.3819913375 0.38037221250000003 0.3770698859375 0.3779206375 0.371154009375 0.35786774062500004 0.364052334375 0.3531082546875 0.35251791250000003 0.356159846875 0.34256868749999997 0.3695315546875 0.336988415625 0.3860570953125 0.3369458875 0.3933670375 0.337982840625 0.4036584203125 0.34232627656250003 0.4111982203125 0.3482379015625 0.4319821109375 0.34542437656249997 0.4442653515625 0.3463975359375 0.4655216453125 0.34028603125 0.4790944796875 0.3401456890625 0.5032172874999999 0.33612935 0.5337179140625 0.343758009375 0.5421611015625001 0.3515057453125 0.5301364546875 0.3613996828125 0.526267671875 0.3781273703125 0.57321100625 0.384981165625 0.578158584375 0.3877361015625 0.5783029640625 0.39847625 0.563309190625 0.408059453125 0.5162305218750001 0.408111659375 0.5072571359375 0.40504280625 0.47151998281249996 0.40015962812500006 0.4624894609375 0.39644949218750003 0.44035850937500004 0.386224203125 0.406917859375 0.38738873749999997 0.39527941875 0.4000366625 0.38936131406249996
0 0.26755794375 0.33445513125000004 0.2605073015625 0.320923715625 0.25121689687500004 0.31531830781250003 0.238577478125 0.319774421875 0.23579797343750003 0.326209709375 0.2329972078125 0.3362999640625 0.234237928125 0.40583060781249997 0.2357891015625 0.42199867500000005 0.239023290625 0.43167399375000004 0.2371999375 0.4622895515625 0.2402384953125 0.5055906 0.24894663281249998 0.5170152296875 0.25933778125 0.5219471078125 0.26642244531250003 0.5296305703125 0.275194375 0.5300902875 0.2850245234375 0.5371864171875 0.29131295625 0.54667904375 0.29196136250000004 0.5467130250000001 0.3003626421875 0.5401839046875 0.30913031874999997 0.541374615625 0.3042726578125 0.5279581296875 0.3043662203125 0.5118762593749999 0.310511746875 0.49245547343749996 0.3204099375 0.4878556953125 0.320705209375 0.4865915375 0.3207894140625 0.47211785937500006 0.32051200468749996 0.4703118359375 0.31345285624999997 0.45824240937500005 0.3102484390625 0.4434501328125 0.30536526249999996 0.4344196109375 0.274107121875 0.3399168796875 0.26755794375 0.33445513125000004
0 0.1280864578125 0.4045359234375 0.11779831562500001 0.4133197609375 0.099504325 0.415651490625 0.06501363593750001 0.43687724687499996 0.0627632421875 0.44663073906250006 0.0729333671875 0.4581319890625 0.09788085468749999 0.46308180468750004 0.1001011046875 0.4631981640625 0.1065463390625 0.46208721875 0.1132965671875 0.4638897078125 0.1182612328125 0.46414989531249995 0.13436239375 0.45696404375000005 0.1884942359375 0.453220021875 0.225088596875 0.44746007031249996 0.26029433125 0.429013853125 0.27417833125 0.424297834375 0.27426445781250003 0.40949389375 0.2706685921875 0.4054273828125 0.2553496109375 0.3991404203125 0.218819040625 0.3939354578125 0.199079009375 0.3934493390625 0.1558865625 0.40215397499999994 0.1280864578125 0.4045359234375
0 0 0.4461101625 0.0032995921875 0.4461878921875 0.014087178124999999 0.44931250624999997 0.024645981249999997 0.44986586875 0.033991778125 0.449441640625 0.05449469999999999 0.44448361406250003 0.1159332953125 0.44167093281250003 0.1386515265625 0.4329901140625 0.1789933578125 0.4115225921875 0.1819300921875 0.40948284843750005 0.18125332031250002 0.4001243625 0.16522248281250002 0.39050961875 0.1461310703125 0.387461671875 0.10119930625 0.385106896875 0.0848131265625 0.3862955421875 0.07235751875 0.3905784859375 0.056269268750000004 0.3908321625 0.0263016984375 0.38871321718749996 0.024852467187499998 0.3864436140625 0.02557389375 0.388126659375 0.0145834640625 0.391937978125 0.010871081250000001 0.4016148515625 0 0.40592582187500004 0 0.4461101625
0 0 0.42213034218749995 0.0006572328125 0.4219801859375 0.019685409374999997 0.4191385203125 0.030624803125 0.42409913125000004 0.038688065625000004 0.42068281875 0.100171315625 0.4101947015625 0.11801319375 0.40152238437500004 0.1180179203125 0.400710159375 0 0.3945251015625 0 0.42213034218749995