0 0.9481582203125001 0 0.9493493359375 0.025573751562500004 0.958770409375 0.0252996265625 0.9682058765624999 0.013020276562499999 0.9867472812500001 0.004364420312500001 0.9909884734375 0 0.9481582203125001 0
0 0.8812916578125 0 0.870613303125 0.004694609375 0.8565892765625 0.008653571875 0.8488586828125 0.0169948625 0.8379895968750001 0.0197360578125 0.8380018281250001 0.019998664062499998 0.858043575 0.025351237500000002 0.8832087375000001 0.028169909375000003 0.9070075203125001 0.045231960937499996 0.9264700687499999 0.041826715625 0.9245219578125001 0 0.8812916578125 0
0 0.7583270421874999 0 0.7330088781249999 0.011167864062500001 0.7236553 0.0172193296875 0.7238128640625 0.020602315625 0.7248857421875 0.0256078421875 0.7341650125 0.035990559374999995 0.7457930671875 0.03869585 0.768004553125 0.05073136406249999 0.78438593125 0.053805620312500003 0.8061491203125 0.056216010937500005 0.8183065109375001 0.05575967187500001 0.8158191828125 0.0023557328124999997 0.810550240625 0 0.7583270421874999 0
0 0.676535409375 0 0.6743124390624999 0.00436429375 0.64544714375 0.009262365625000001 0.6421048421875 0.0131325078125 0.6426887140625 0.0256684734375 0.6576264390625 0.03832976875 0.69474998125 0.050945932812500004 0.724668465625 0.054133570312500004 0.7297469046875 0.0554327921875 0.7308168515625 0.0554016609375 0.728383490625 0.0031564421874999997 0.7189877234375001 0 0.676535409375 0
0 0.5630722109375 0 0.5627512421875001 0.0226201703125 0.5629567328125 0.027032140625 0.5650523890625 0.04273925625 0.5752723843750001 0.0661225828125 0.5751749109375 0.07492110625000001 0.5724815671875 0.08244198124999999 0.5769433640625 0.0911078421875 0.5736804953125 0.097292103125 0.574370709375 0.1021984515625 0.5751184328125001 0.1021766953125 0.587676071875 0.092825325 0.5982829 0.09184010625 0.6011650640624999 0.0883732875 0.6053466937499999 0.0801325203125 0.6066868203125 0.0435575921875 0.6097923390625 0.0339949515625 0.6204022296875 0.0221841828125 0.6266071390625 0.024710004687500002 0.626391321875 0.0116866078125 0.6261825062499999 0.007203225000000001 0.624448559375 0 0.5630722109375 0
0 0.48197304062499996 0 0.4832684234375 0.017921896875000003 0.4916124796875 0.0227518328125 0.4996733984375 0.0215027390625 0.5030936406250001 0.018280232812499998 0.503005496875 0.016387735937500002 0.50202218125 0.0138253140625 0.494840721875 0.0049033734375 0.49033932968749994 0 0.48197304062499996 0
0 0.47599557656249997 0 0.461022 0.0061563734374999995 0.4571807203125 0.006707421874999999 0.45964340000000004 0.0595821234375 0.46706656718749995 0.063302246875 0.49311975625000004 0.0706605296875 0.5100279078125001 0.08060137187500001 0.51278686875 0.0805210953125 0.5178215953125 0.078058134375 0.513711784375 0.06245228125 0.5189048374999999 0.0577357296875 0.52826991875 0.0554341453125 0.5425534859375001 0.05704762343749999 0.5592802156250001 0.053010020312499996 0.5607082375 0.04594195625 0.560621903125 0.0440883359375 0.5578731078125 0.037325528125 0.52820559375 0.0249996890625 0.5249366203125 0.012920275 0.52662383125 0 0.47599557656249997 0
0 0.4257277234375 0 0.421883575 0.004147828125 0.4068149265625 0.0147317234375 0.382239628125 0.024577690625000002 0.376985196875 0.03171159375 0.37706699375 0.033467803125 0.3809912234375 0.0413539953125 0.3988419265625 0.0469218609375 0.407209575 0.0522583796875 0.4269929265625 0.0557409203125 0.443515871875 0.0618546890625 0.4416540078125 0.06545976875000001 0.43040346874999996 0.070859846875 0.432218303125 0.07660693125 0.437680528125 0.07644799687500001 0.45337644062500004 0.0701914015625 0.45919798125 0.0644420203125 0.47580387812499997 0.057810084375 0.47346615312500007 0.007618195312499999 0.46929884375 0.00530454375 0.4501205875 0 0.4257277234375 0
0 0.29801548125 0.0627501328125 0.3058804234375 0.067766046875 0.30663545000000003 0.067744078125 0.3102012375 0.06290283437500001 0.3201712109375 0.059061834375 0.3546306703125 0.058059165625 0.3606409671875 0.056362468750000005 0.36540931875 0.042527375 0.37011545468749996 0.0418831671875 0.38250499375 0.0318844984375 0.3807997234375 0.024325034375 0.360780425 0.0157766375 0.3158555078125 0.009982009375 0.285320171875 0.0120187421875 0.2876819734375 0.0627275765625 0.2891845078125 0.06199254375 0.29801548125 0.0627501328125
0 0.23579876875 0 0.23436808125000003 0.0162269796875 0.2278362171875 0.050246604687499995 0.22787061562500002 0.05508643437500001 0.22832186562499998 0.06477495625 0.22919249531250002 0.0684751078125 0.2403972546875 0.08032772656250001 0.2529928265625 0.100258975 0.26162996875 0.101910571875 0.262579815625 0.101882934375 0.27018526718749997 0.0990821328125 0.27132738437500004 0.0909298046875 0.279913996875 0.0683524453125 0.28359210468749996 0.049300865625 0.285249996875 0.00865714375 0.2868641140625 0 0.23579876875 0
0 0.0723300125 0 0.059712340625000006 0.0055152171875 0.0601270109375 0.01441835625 0.0731177125 0.0186086546875 0.0801104140625 0.0234779109375 0.08698514375000001 0.025814235937500003 0.0984244421875 0.024466840625 0.12233263125 0.029351178125 0.1132356578125 0.05193584531249999 0.09226611875 0.052038726562500005 0.086468171875 0.05829469375 0.087309009375 0.061821134374999996 0.0809533609375 0.07062969062499999 0.0630645484375 0.0774884390625 0.0631192640625 0.0786632046875 0.06663117187499999 0.082713684375 0.07618501093749999 0.084464784375 0.0732313359375 0.093681625 0.081135659375 0.103597078125 0.0991751203125 0.1132176265625 0.104887253125 0.11964595781250001 0.108179821875 0.1322319578125 0.11466225000000001 0.1359146296875 0.14886483281250001 0.1349194359375 0.175095309375 0.130792184375 0.17577885 0.1309413875 0.1718444484375 0.046468235937500005 0.16835792968750002 0.0442446859375 0.1715094359375 0.0392753703125 0.16968015625 0 0.0723300125 0
0 0.7114579890625 0.9304168015625001 0.687189421875 0.94684838125 0.683418503125 0.9530453703124999 0.6829626015625 0.9575509343749999 0.6832223046875 0.963126875 0.6911190453125 0.9731121921874999 0.7029500890625 0.9809014578124999 0.7239297875 0.9802910109375 0.7215931234374999 0.9301219 0.7114579890625 0.9304168015625001
0 1 0.7618471671875 0.99880385 0.7619076546875 0.9747862578125 0.7692010328125 0.9572422843749999 0.7702187828125 0.9422594453125 0.7681183765624999 0.9323130687500001 0.7724659640625 0.917935121875 0.7688261421875 0.886414309375 0.7748160265624999 0.8781620484375001 0.781475809375 0.8789786562499999 0.7990086890625 0.8877592015625 0.8036914062499999 0.9246939859375001 0.8122548843749999 0.9282375281249999 0.81570268125 0.9370685 0.816460271875 0.9451058265625001 0.8147045937499999 0.9778685796875 0.8208531046875001 0.9896853921875 0.82761108125 1 0.830249878125 1 0.7618471671875
0 0.8835031624999999 0.7852301890625 0.8545670796874999 0.7886085031250001 0.8353886203125 0.783586546875 0.8026344328125001 0.7921486765625 0.7987691359375 0.7963193234375 0.797806459375 0.8030432812500001 0.7980277453125 0.8077943843750001 0.8057468109375 0.8153926359374999 0.8221989734375 0.8199866484375 0.8319887578125 0.8268036046875 0.8468300265625001 0.8258644953125 0.8537283531250001 0.8287074078125001 0.873975028125 0.8276110171875001 0.8938055671875 0.8321067296875 0.9498005984375 0.8344678812499999 0.950831709375 0.8344378796875 0.9592045406249999 0.8271601796875 0.9806609999999999 0.82298495625 0.9882500265624999 0.81160415 0.9846592968750001 0.8071431812500001 0.9680891624999999 0.800016240625 0.9522569187500001 0.7796787546874999 0.9484325703125001 0.77818145625 0.9038312015625 0.7794792234375 0.892121784375 0.7814285078125 0.8835031624999999 0.7852301890625
0 0.7393498203125 0.867931071875 0.778358821875 0.8774487390625 0.798156234375 0.8779957203125001 0.829056646875 0.8770966093749999 0.8531464703125 0.87070719375 0.8713189296875001 0.8686566093750001 0.881147334375 0.8617760953125 0.8941267390625001 0.8644420671875 0.89834595625 0.8678702046875 0.9070825515625 0.8666014515624999 0.9379427124999999 0.8464271734375 0.9422713343750001 0.83767759375 0.937816171875 0.8291836 0.9198474953125 0.8210828078124999 0.8879727671875 0.819473909375 0.8767458203125 0.825380571875 0.8713640093749999 0.826044440625 0.863719225 0.8217014296875 0.8282151437499999 0.82932903125 0.7923807390625 0.8298644328125 0.755383740625 0.8344918421875 0.7488157390625 0.8387411296874999 0.7334403609375 0.8427394125 0.7265460515625 0.851923134375 0.7270589125 0.8629344859374999 0.7298667671875 0.8676997296875 0.7393498203125 0.867931071875
0 0.6639794 0.873857825 0.6743032906249999 0.8776156078125 0.6861672921874999 0.8853867546874999 0.706068615625 0.8914022234375001 0.7044426968749999 0.900073159375 0.691770021875 0.9039928015625 0.6912595078125 0.9075585609375001 0.6967592921875 0.909427621875 0.7290973453125 0.9064575921875001 0.757216184375 0.9000594234375001 0.7687026703125001 0.8997252015624999 0.789138103125 0.9026814968749999 0.801120075 0.9129855703124999 0.8115360796875001 0.9151572265624999 0.8206580156250001 0.9148918046875 0.8300089671875 0.9085940859375 0.8513710484375 0.9023925187499999 0.856587696875 0.898182553125 0.8600990749999999 0.8864131234375 0.8314761828125 0.8674623499999999 0.8232501015624999 0.86516534375 0.807662371875 0.8646043562499999 0.7925143718750001 0.858957853125 0.7802814265625 0.857791978125 0.734232534375 0.8423918828125 0.7009356671875 0.839302546875 0.6963946953125 0.8434928515625 0.6934410203125 0.8527096937499999 0.6698395609375 0.8544109703125 0.6565309375 0.8603540093750001 0.6568955578125 0.868182565625 0.6569631015625 0.868481984375 0.6639794 0.873857825
0 0.5862459453125 0.839510634375 0.61157626875 0.84587540625 0.62243426875 0.846574015625 0.6416599187500001 0.85260914375 0.6749331875 0.855191896875 0.7287834578125 0.8637704562499999 0.7585131875 0.8629054093749999 0.7778010531249999 0.8557496515624999 0.7861837281249999 0.8468821156249999 0.78161059375 0.8358551921874999 0.7340451875 0.81694831875 0.7318765921875 0.8139677859375001 0.7365977546875 0.799119521875 0.7276488078125001 0.7958290031249999 0.71753726875 0.796630490625 0.6953815390625 0.800318790625 0.6720868078125 0.8086056796875001 0.660576728125 0.8084333171875 0.6496243484375 0.805708365625 0.632826834375 0.8082262109375 0.600370809375 0.8086633140625 0.5843905375 0.8142010125000001 0.5798259703124999 0.817884734375 0.5795432359375 0.8198595421875 0.580235834375 0.8347299046875 0.5806753765625 0.8361218171875 0.5862459453125 0.839510634375
0 0.387353584375 0.6261666328125 0.4313754484375 0.6416257078125 0.4439859078125 0.6508969515625 0.47612017812499996 0.6580782953125001 0.49441061093750005 0.658560640625 0.528986296875 0.6652166937499999 0.5358419718749999 0.6650172140625 0.5651913937499999 0.6529502265625 0.570659015625 0.639602059375 0.5654102046875 0.6285947968750001 0.55308288125 0.6254025796875 0.528820771875 0.612919459375 0.500834934375 0.6076464984375 0.4896466109375 0.5998556921875 0.4821905828125 0.5995653671875 0.4492626640625 0.5898707562500001 0.43302285312500005 0.5898360140625 0.4290395828125 0.5914737328124999 0.42200825937499997 0.60030195 0.41201469062499996 0.603636365625 0.4018559625 0.6034246828125001 0.38988255625 0.60783125 0.3792295625 0.617386459375 0.3793468 0.6199036203125 0.379638015625 0.62030386875 0.387353584375 0.6261666328125
0 0.4734897875 0.6077659125 0.4881272734375 0.6169781765625 0.5273486265625 0.6310551140625 0.5310101390625 0.6370358421875 0.5254481390625 0.6483576656250001 0.5315755859375 0.6526244125 0.543027940625 0.652291184375 0.5585798421875 0.6479009046875001 0.5830843546875 0.63653518125 0.6154460046875 0.6340717359375 0.6323850859375 0.6345934046874999 0.6426617875 0.6373380156249999 0.645019140625 0.644371234375 0.647792625 0.64581235 0.6631208140625 0.640800896875 0.674952653125 0.633354815625 0.6785820046875 0.6241183140625 0.6773164625 0.6114733328125 0.6572263828125 0.6014051796875 0.6373486515625 0.595896296875 0.6218081109375 0.5963484796875 0.5958728953125 0.5915231234375 0.5785327062500001 0.5823895015625 0.556557165625 0.5754198421875001 0.548354678125 0.573629421875 0.53295570625 0.5771211187499999 0.48026157031250005 0.593365253125 0.47569700312499996 0.5970489734375 0.46959232812499996 0.5967193296875 0.46603599687499997 0.599949340625 0.46630122968750004 0.605643996875 0.466662246875 0.60644275625 0.4734897875 0.6077659125
0 0.3836016203125 0.7042279812500001 0.39416117812499996 0.7129489953125 0.3954078546875 0.7129127203125 0.39911389062499997 0.7105425328125 0.40272599218750005 0.7009651531250001 0.4100100765625 0.6939872953124999 0.41796116093749996 0.6795475234375 0.41851760000000005 0.615255153125 0.4198485359375 0.611156878125 0.4292848421875 0.6068227625 0.417985671875 0.592943115625 0.4161512125 0.586230578125 0.41698169375000005 0.56049594375 0.4253134796875 0.543338728125 0.42541095625 0.5345402046875 0.4188284078125 0.5239062750000001 0.40990174843749994 0.5174001015624999 0.3942605359375 0.519208396875 0.38447193125 0.5377611828125 0.37835224218749997 0.5697390421875 0.37360108593749997 0.5766432 0.37410154375000004 0.5982795609375 0.369864075 0.6178634984375 0.3714055921875 0.6509604906249999 0.372846634375 0.66935816875 0.3836016203125 0.7042279812500001
0 0.2894742796875 0.6376584796875 0.294794959375 0.6320909328125001 0.3049581421875 0.6324718046875 0.3104300453125 0.6519337375 0.3208733953125 0.66922124375 0.3296081671875 0.6824989140625 0.333276334375 0.6834282125 0.3376786140625 0.68330011875 0.341608871875 0.678766771875 0.3460859875 0.6333048796875 0.34505053750000003 0.6001820328125 0.341762328125 0.5840395171874999 0.3347422625 0.5531205796875 0.3266744890625 0.5323809921875 0.32525527187500003 0.5128011390625 0.31832348593750004 0.505560328125 0.31417945625 0.49282567187500004 0.3109825921875 0.489535734375 0.296546434375 0.4845430515625 0.2886613546875 0.4895086234375 0.280329565625 0.5066658375 0.281591434375 0.5228673140625 0.2920662546875 0.5408304953124999 0.29370882656249997 0.5543145296875001 0.2893353125 0.56932679375 0.29025100937500004 0.5780958375 0.2826954609375 0.593931509375 0.2846591078125 0.6360917781250001 0.2881748125 0.642432428125 0.2894742796875 0.6376584796875
0 0.1853024109375 0.6107751234375 0.195461140625 0.6109868078125 0.20995705937500003 0.6171595562500001 0.21916792499999999 0.6163842765624999 0.230321709375 0.61859609375 0.24164915625 0.6250742078125 0.24282996875 0.6250398500000001 0.248101628125 0.6226442015625 0.258983221875 0.6238493953125 0.2649463296875 0.6211395265624999 0.2973787625 0.6201958390625 0.32922133124999997 0.6065875109375 0.3421799296875 0.594554203125 0.342178903125 0.5945321796874999 0.33305446562499996 0.5871996359375 0.324851978125 0.585409215625 0.315785059375 0.5795857703125 0.3055555453125 0.5778543296875001 0.292897896875 0.567569915625 0.274442303125 0.56354146875 0.23124624843750002 0.565812890625 0.21582368125 0.5687980015625 0.2018704375 0.574276721875 0.1923873828125 0.574045378125 0.1766344921875 0.569938290625 0.1515401125 0.568639375 0.13793946875000002 0.5765151562499999 0.137983884375 0.577468753125 0.1431896 0.592724140625 0.1853024109375 0.6107751234375
0 0.0957311703125 0.582889890625 0.094450603125 0.5844489671875001 0.089862440625 0.5876261015625001 0.0697337375 0.5912554203125 0.06712541250000001 0.5933604031249999 0.0669085625 0.596729509375 0.06705816406250001 0.59994154375 0.075454440625 0.6123943953125 0.089085928125 0.6145341203125 0.10794262968749999 0.627174521875 0.12439479375 0.631768534375 0.1401004953125 0.63486245 0.1495363609375 0.634080621875 0.16997179375 0.6370369171875 0.18546514375 0.6355715625 0.1944695796875 0.637399315625 0.1971663125 0.6373208484374999 0.21218544062500003 0.62819954375 0.22164489999999998 0.6279243015625 0.2448538203125 0.6323217125 0.2548237921875 0.628480709375 0.268266521875 0.62656775 0.276138684375 0.621265971875 0.27957927968749996 0.607976784375 0.2751477109375 0.5999893765625 0.27027641406249997 0.597087484375 0.2028418453125 0.5873823703125 0.1534617640625 0.5730937468749999 0.1246690703125 0.5705871328125001 0.120205178125 0.57071701875 0.0899010609375 0.57392863125 0.0957311703125 0.582889890625
0 0.1226252671875 0.648914 0.1390538359375 0.6530014296875 0.1496994875 0.6491407671875 0.162537325 0.6487672234375 0.1724837 0.6444196359375 0.178281646875 0.6381636671875001 0.1790431328125 0.6254597046875 0.1684832953125 0.61663606875 0.1419195921875 0.6128435421875 0.1205253484375 0.6038278828125 0.11106588906249999 0.604103125 0.09836961875 0.6075161812500001 0.0874644296875 0.6058043984375 0.07152278125 0.5976446296875 0.0630135640625 0.589268596875 0.041464956250000004 0.5855250640625 0.040253353125 0.58556031875 0.0346351875 0.5900943234375 0.048110078125 0.6033985890625 0.0462954046875 0.6080168421875001 0.034274809375 0.6114102390625 0.0284847359375 0.6115787125 0.0304273734375 0.6532879078125 0.039006646875 0.6548979609375001 0.1226252671875 0.648914
0 0.08423628749999999 0.6215577 0.048723639062500004 0.614474659375 0.039538746875 0.6061182859375001 0.0282457171875 0.6064468796875 0.0291826171875 0.6265625 0.0881717265625 0.6248460921875 0.08423628749999999 0.6215577
0 0.0406320171875 0.823442728125 0.0421579015625 0.80174740625 0.046786240624999996 0.78131499375 0.053311978125000006 0.768946471875 0.0530947515625 0.7533911921875001 0.044740684375 0.737396075 0.0341312171875 0.732810934375 0.042136496875 0.9046875 0.0444129671875 0.9046212609375001 0.0406320171875 0.823442728125
0 0.0847444046875 0.8559424078125 0.08717254062499999 0.86449538125 0.0901997765625 0.8673027984375 0.09992266093749999 0.8670198906250001 0.15603570312499998 0.8467662328125 0.16749859375 0.8459254250000001 0.21611508124999998 0.8292926640625 0.21906875625 0.8200758234375 0.2287396234375 0.8127896375000001 0.2287246359375 0.8124678390625 0.22451278281249998 0.80622106875 0.21257799843749997 0.796930165625 0.18811210625000002 0.7945984187499999 0.0728075125 0.803026159375 0.050518782812499996 0.8183855875000001 0.044768025 0.8256547281250001 0.03855671875 0.82782821875 0.0394388046875 0.8467669609374999 0.07992029687499999 0.8540536859375001 0.0847444046875 0.8559424078125
0 0.1280567625 0.842603115625 0.12447459999999999 0.8528527875 0.1261090859375 0.85889249375 0.1296054375 0.861327121875 0.137595571875 0.8585582703125001 0.1692579515625 0.855607903125 0.17874100625 0.8558392453125 0.1938654109375 0.8609791625 0.20052779062499998 0.8587562203125 0.22232103125 0.8327584953124999 0.230396978125 0.81730534375 0.24991222031250002 0.8005047984375 0.26840643750000004 0.7908357734375 0.268170490625 0.785769915625 0.275247090625 0.7699416625 0.2749844875 0.7643034609375 0.274328815625 0.75819803125 0.269386734375 0.7537763828124999 0.25372822031250003 0.7516956375 0.251167084375 0.7548137921875 0.2298757875 0.762535115625 0.2073983015625 0.7738418609375 0.199219409375 0.7725580234375 0.190482815625 0.773826778125 0.18268143750000002 0.7806483125 0.166190653125 0.789751771875 0.136280734375 0.8012747765625001 0.13386116718750002 0.8074324453124999 0.1286209234375 0.8111358265625 0.1244574640625 0.823431503125 0.1198425859375 0.8262341765624999 0.11989388906250001 0.82733565625 0.127003571875 0.834517403125 0.1280567625 0.842603115625
0 0.260699203125 0.8776919390625 0.2667406328125 0.8984904828125 0.27410819218750004 0.9041962828125 0.27765429375 0.9040931015625 0.2791504484375 0.9035421250000001 0.28187526093750004 0.896696928125 0.291405978125 0.8943898375 0.3007194640625 0.8765274671875 0.3011976453125 0.8650115015625 0.3054107453125 0.8574464078125 0.31238931875 0.8112351390624999 0.3118543265625 0.7997486515625 0.3060961296875 0.7850311890625 0.30322009375 0.76684690625 0.3071814328125 0.7538764078125 0.307794684375 0.7125864890625 0.3064038734375 0.7045078625000001 0.29883962343750003 0.6945790890625 0.28987843125 0.698222790625 0.2821192328125 0.705891065625 0.24910984531249997 0.770451128125 0.256098440625 0.8006943921874999 0.2514674578125 0.8304638437499999 0.2520381484375 0.842716790625 0.25459176875 0.86636759375 0.260699203125 0.8776919390625
0 0.2910127796875 0.8524711671875 0.2826537 0.8618452874999999 0.2868257265625 0.8642602546875 0.3040715375 0.8713675375 0.33881413125000004 0.8764438953125 0.36020837499999997 0.8854595562500001 0.41203161875000005 0.8940970968749999 0.42454770000000003 0.9013419984375 0.4252692609375 0.9013625624999999 0.43488422031249996 0.9010827953125 0.44001745625 0.899370059375 0.45371115937499995 0.8883188984375 0.45538426718749997 0.8806611328124999 0.45015905 0.8701604578125 0.43827145625 0.8618827234375 0.368211428125 0.8248613078125 0.3639450234375 0.820419996875 0.35576613125 0.8191361625000001 0.3380956171875 0.8029103390625 0.3325958328125 0.8010412812500001 0.32451132031249996 0.8017837875 0.2992839421875 0.8121560000000001 0.2858412125 0.814068959375 0.269720865625 0.8192562109375 0.2701032203125 0.827465540625 0.2893546984375 0.8459248734375 0.2910127796875 0.8524711671875
0 0.44448666875000004 0.8729155921875 0.45336483125000004 0.874686353125 0.46985561562499994 0.8655828937500001 0.48700704687499996 0.8706638328125 0.492931534375 0.881651434375 0.5169019406250001 0.873344884375 0.5310203453125 0.8714122640624999 0.539615371875 0.867103996875 0.54457248125 0.8573215890625001 0.5449414265625 0.8507163156249999 0.5371314796875 0.8428272078125 0.5060182359375001 0.828514346875 0.4924575328125 0.827894378125 0.472556209375 0.8218789109375001 0.45714866875000004 0.810659965625 0.3763421546875 0.8043875671875 0.36171323593750004 0.8098859468749999 0.3527492625 0.8207994875000001 0.34662106718749996 0.8242790703124999 0.346647646875 0.8248497578125 0.374733371875 0.8424797890625 0.44448666875000004 0.8729155921875
0 0.425279421875 0.7998642453125 0.43105437812499997 0.8025208671874999 0.4333173515625 0.8075277421875 0.44993467656249997 0.815667853125 0.4480492171875 0.8187663484375 0.4498016765625 0.827338984375 0.4647845140625 0.8294393890625 0.47464508125 0.837776103125 0.483594028125 0.84106661875 0.48884283906250003 0.8520738828125 0.5017514609375 0.8532200937500001 0.51499040625 0.8614585078125 0.5480362984375 0.8736860453125 0.5574957578124999 0.8734108031250001 0.57487456875 0.86884695625 0.5897866234375 0.869427603125 0.60286040625 0.87411991875 0.6197051078125 0.872615240625 0.619020865625 0.8579242593749999 0.601727865625 0.8498038093750001 0.5958977562500001 0.8408425484375 0.5854087015625 0.833538665625 0.5891324328125 0.8263285046875 0.5984975125 0.824026921875 0.601058646875 0.8209087671875 0.6016163515625 0.8183561796875001 0.596721459375 0.8149477015625 0.5747459187499999 0.807978040625 0.5359492703125001 0.8030196421875001 0.53161208125 0.797058575 0.5312109734375 0.7884466203125 0.5291603484375 0.787999015625 0.51187591875 0.79458920625 0.5024400531250001 0.7953710359375 0.46116807968750007 0.7808464890625 0.44150706562500003 0.7804145421875 0.4310303875 0.7807193812500001 0.4248389625 0.7904073875 0.425279421875 0.7998642453125
0 0.5094931125 0.83066359375 0.5221507609375 0.840948009375 0.53862651875 0.8460486062499999 0.5532404109375 0.8547542859374999 0.6310007609375 0.8875533000000001 0.645112903125 0.8871426781249999 0.6454089781250001 0.88707423125 0.6496668156250001 0.8768048984375 0.6588195453125001 0.8699440421875 0.6695831671875 0.868616309375 0.68393751875 0.8717495453125 0.6946539515625 0.8694086406249999 0.6991713296875 0.8647117484375 0.6996110578125 0.8596262328125001 0.6807779515625 0.8474924156249999 0.6729680046875 0.8396033078125 0.6528307328125 0.8285219828124999 0.6280817078125 0.8201112078125 0.59184619375 0.81203465625 0.5646068140625 0.8082617921875 0.5431889765625 0.79873954375 0.541256328125 0.8008248671875 0.533195409375 0.8020739609374999 0.5094759765625 0.8012423078124999 0.501462246875 0.803504571875 0.49298519374999994 0.8103457687500001 0.49172828125 0.8156433375000001 0.49184058906250006 0.8180546421875 0.49909843593750003 0.8253860546875 0.5094931125 0.83066359375
0 0.5580732140625 0.6253846453125 0.57252194375 0.6305442234374999 0.5885579703125 0.6407303390625 0.591590996875 0.647743896875 0.5831375390625 0.6550916765625 0.5846304578125 0.6580918703124999 0.5915051874999999 0.6604281953125 0.6220993484374999 0.663596175 0.6512005921874999 0.6637639578125001 0.658075321875 0.666100284375 0.6626787015625 0.6785374359375 0.6630680015625 0.6785261078125 0.6707093765625001 0.6758781140625 0.6844266734375 0.6653335390625 0.690460565625 0.6641434281249999 0.7061426734375 0.6667307578125 0.7187295390624999 0.675495415625 0.7320542953125 0.6710495265625 0.741631728125 0.6733072124999999 0.75237175625 0.6714728937500001 0.759403078125 0.662644678125 0.760911025 0.6514408125 0.7411191046875001 0.6332476296875 0.707657078125 0.62661219375 0.69509380625 0.6183541203125 0.6913143203125001 0.6098404656249999 0.6867969421875 0.6145373578125 0.6800401859375 0.614733959375 0.6599736984375 0.6051723906250001 0.6434979421875 0.60007179375 0.6257888078125 0.59754344375 0.6180732390625 0.5916806765625 0.608542996875 0.5904361625 0.5829381046875 0.5927030046875 0.57970129375 0.5958408203125 0.5603426453125 0.6014768203124999 0.55578169375 0.612026390625 0.55605506875 0.6178958812500001 0.55658029375 0.6223844515625 0.5580732140625 0.6253846453125
0 0.728967284375 0.672739378125 0.7320006703125 0.6943020390625 0.7367771671875001 0.7097246578124999 0.7369943953125 0.7252799390625 0.73920955625 0.7292750328125 0.744675621875 0.73091318125 0.7493045484375 0.73077849375 0.7543756562499999 0.728157153125 0.762232328125 0.7116903546875 0.768091065625 0.70678374375 0.7728452859375 0.6890540328125 0.784399278125 0.697513534375 0.7835434593749999 0.7009213921875 0.7863281468750001 0.7062530984375 0.8021267109375 0.70782318125 0.8035520578125 0.7057519343750001 0.8047571140625 0.69895095625 0.8024790109375 0.6936045109375 0.8025135453125 0.6834546359375 0.796881228125 0.6714398765625 0.79394225 0.651904240625 0.784354721875 0.631208878125 0.78299538125 0.623805925 0.7829040328125 0.6109533484375 0.786135434375 0.604093409375 0.7846816796875 0.5946634296875 0.7885486078125 0.5796659046875 0.7833599343750001 0.5662850515625 0.78241583125 0.54601478125 0.78004331875 0.538641309375 0.7693136734375 0.5260982750000001 0.761746359375 0.5269950531250001 0.755853090625 0.5420515390625 0.7479994796875 0.5476927875000001 0.7481222984375 0.561221040625 0.7396362234375 0.564174325 0.735536746875 0.617744325 0.725971496875 0.630201290625 0.71561499375 0.6508219234375 0.7162304296875 0.6640355687499999 0.7272587078125 0.6687295453125001 0.728967284375 0.672739378125
0 0.8279133140624999 0.6301317421875 0.833325340625 0.6374167749999999 0.8334481578125 0.650945028125 0.8303741109375 0.66118334375 0.8291345203124999 0.678134196875 0.8253335953125 0.6836575218750001 0.8263308046875 0.7050679953125 0.8274357015625 0.705035846875 0.8814763171875001 0.6583432390625 0.8878700453124999 0.6649231140625 0.8898334484375001 0.6635128031249999 0.895761253125 0.638306440625 0.8979572015624999 0.5983236546875 0.9070818703124999 0.5764072296875 0.9051844718750001 0.5683433421874999 0.9154451281249999 0.559925690625 0.9116188624999999 0.543122240625 0.9144726203125 0.5281541953125 0.9125122828125001 0.51873895625 0.8979502421875001 0.5110435703125 0.8893697578124999 0.5119698296874999 0.8842693671875 0.5222671046875 0.8744208859375 0.5286429890625 0.8677976749999999 0.5498100375 0.8522823421875 0.5543210359375 0.8541797390625 0.5623849234375 0.8510112828124999 0.5705962125 0.8313112546875001 0.5941735312499999 0.8341903546875 0.6015322624999999 0.8267143859375 0.61528161875 0.8218058812500001 0.6188073984375 0.8207859765625001 0.6245634328125 0.8208669671875001 0.6263023328124999 0.8229103984374999 0.6316304953125 0.8279133140624999 0.6301317421875
0 1 0.5636099890625 0.9913489359375 0.5622520375 0.98350036875 0.5680604015624999 0.9517586375 0.554780371875 0.9366814218749999 0.5506536234375 0.9094504484374999 0.5477523265625 0.8994965531249999 0.5480419546874999 0.876428315625 0.5498704515624999 0.8634338828124999 0.5614085390625 0.8620493453125 0.5699014515624999 0.8621219015625 0.5714592656249999 0.8640237468749999 0.5740731796875 0.8832965843749999 0.5811214796875 0.8972819921875 0.5908599859375 0.8956088843750001 0.5985177515625 0.8852227750000001 0.60795085625 0.8902120468750001 0.613385675 0.93145185625 0.6126929921875 0.9570331546874999 0.6099195640625 0.978725559375 0.61081019375 0.993802775 0.614936940625 1 0.6149168625 1 0.5636099890625
0 1 0.0804872625 0.9967212203125 0.08644177656249999 0.9901924187500001 0.1096358515625 0.989236059375 0.132667784375 0.985019896875 0.1510584296875 0.97725621875 0.22163012656249997 0.9772996328125 0.22256223125000002 0.9950265578125 0.256992109375 1 0.25951431875000003 1 0.0804872625
0 1 0.1400611265625 0.97351685 0.139880840625 0.9643989843749999 0.1365952375 0.9614839328125001 0.1321146078125 0.952095253125 0.1339096078125 0.9458962015625 0.1315536203125 0.9419837140625 0.13471109375 0.93660190625 0.1353749609375 0.9235281203125 0.1306826484375 0.87517834375 0.1216089578125 0.8658251796875 0.12188110781249999 0.8583093359375 0.1249712390625 0.8478996343749999 0.1338977578125 0.841057065625 0.146778659375 0.830319075 0.15738355312500002 0.8308360140625 0.168482440625 0.8439892546875001 0.180680575 0.8459926875000001 0.180115009375 0.8517284187499999 0.1870499265625 0.8484680125 0.1896811546875 0.8692337703125 0.19972964843750002 0.8760357640624999 0.19981488593750002 0.897224490625 0.1991983578125 0.9438090671875001 0.18842882968750002 0.988120525 0.1810522328125 1 0.18144764062500002 1 0.1400611265625
0 0.7726298984375 0.195474371875 0.7749636546875001 0.202001003125 0.78190916875 0.205857084375 0.8232433578125 0.2071907453125 0.8582841140624999 0.2041420734375 0.8967000515624999 0.2117305578125 0.9006749 0.2116149 0.9186551968750001 0.20745817500000002 0.94521033125 0.19654005624999998 0.9441807375 0.18896093281249998 0.9342021953125 0.1780912921875 0.9244595999999999 0.1722875078125 0.8859375187499999 0.1586974921875 0.880390546875 0.1558152625 0.8767290328125 0.149834534375 0.7879559781250001 0.14683757343749998 0.7639383828125 0.154130953125 0.74809968125 0.1627081640625 0.7463060984375 0.16761140624999998 0.7466952859375 0.175967415625 0.7474797625 0.1784516390625 0.7726298984375 0.195474371875
0 0.65779704375 0.19205791249999998 0.6797253953125 0.1980144015625 0.6881166375000001 0.20385750625000001 0.7040969078125 0.19831980625 0.72180604375 0.20084815625000002 0.7302550953125 0.20718590625000002 0.732362840625 0.2071245765625 0.74221788125 0.20329786562500002 0.7774473953125 0.20430187968750002 0.786812475 0.20200029531250002 0.8139810703125001 0.2042534015625 0.8353431515624999 0.1980518359375 0.8451479624999999 0.1906647359375 0.8558408 0.1878172453125 0.8629193125000001 0.1800021984375 0.8673085171875 0.178923496875 0.867140015625 0.17530571718750002 0.8665486640625 0.17076569531250002 0.8303603390625 0.16370231562499998 0.8245066375000001 0.15423447031249998 0.8154161234374999 0.14790443749999999 0.7654397171875 0.14986587499999998 0.74670955625 0.1544690453125 0.7270205828125 0.153012846875 0.7245066375 0.1571441734375 0.7172157718750001 0.160399946875 0.7016280421875 0.1598389609375 0.6954289874999999 0.1574829734375 0.684806934375 0.16185022031250001 0.6639317734375 0.16397944375 0.6533569078125 0.1693598609375 0.6481461359375 0.1764344859375 0.6482865453125 0.1794491265625 0.6500578796875 0.1856885609375 0.65779704375 0.19205791249999998
0 0.651385703125 0.2400331 0.6525186265625 0.264357421875 0.6549226109374999 0.2724065703125 0.661477240625 0.2733364546875 0.6713319078125 0.2730497140625 0.6756956859375001 0.260976675 0.680478309375 0.2547481921875 0.6880786265625 0.2491143140625 0.701946790625 0.247357609375 0.7061598906250001 0.23979251562499998 0.70426555625 0.22090307656250002 0.70591425625 0.21273600781250002 0.6992748953125 0.1790996265625 0.70095813125 0.16078268125 0.6985572125 0.1419079828125 0.701886084375 0.1262495234375 0.700183634375 0.10058858749999999 0.698380646875 0.094551728125 0.686987065625 0.0786450515625 0.6773304703125 0.078249440625 0.6697600921875 0.0899717671875 0.6642444625 0.1131363625 0.650840690625 0.15209208125 0.6480498734375 0.1684114765625 0.648056803125 0.1745164625 0.649268646875 0.2005352390625 0.653002934375 0.23119035625 0.651385703125 0.2400331
0 0.45080072812500005 0.213900925 0.5223129453124999 0.2239946640625 0.5388122953125001 0.22960184843749998 0.555798565625 0.2311366875 0.5721467484375 0.2352556515625 0.5816490609375 0.2349791625 0.5836428375 0.233370134375 0.5880422421875 0.226140315625 0.6059787546875001 0.21902387656250003 0.61011861875 0.20622161718749998 0.605710646875 0.19874079375 0.596086025 0.1954699359375 0.5841984296875 0.187192203125 0.5594022140625 0.17776825624999998 0.5477741593750001 0.175062965625 0.5138724031249999 0.1735130453125 0.4970512953125 0.17552430624999998 0.47442367343749997 0.169080890625 0.454153403125 0.1696706953125 0.434260646875 0.1783658703125 0.431044315625 0.1845935671875 0.4316049796875 0.196631246875 0.44643994375 0.2074332734375 0.45080072812500005 0.213900925
0 0.594056159375 0.159725246875 0.5555662406249999 0.1613524625 0.547222184375 0.156522528125 0.5397661578124999 0.156232203125 0.527792753125 0.1606387703125 0.508339725 0.164248428125 0.49949252031249997 0.17611349062499998 0.49971406875 0.18087021406249998 0.50884378125 0.18959737031249999 0.5302616203125 0.1991196171875 0.5891247546875 0.213639584375 0.6159715921875 0.2235111359375 0.6450883390625 0.22843941562499998 0.6473464124999999 0.2283737125 0.6645258609375 0.22006926093749998 0.6709522953125 0.2127804609375 0.6885198640625 0.212269296875 0.694043240625 0.21464494374999998 0.6966515656250001 0.2125399609375 0.7000449703125 0.198237603125 0.6978527796875 0.194750484375 0.65902396875 0.17457485781249998 0.6336464562499999 0.1671969125 0.6497833203125001 0.1504946703125 0.64544613125 0.1445336046875 0.643836259375 0.1439865 0.6403348296875 0.14408838125 0.6199120234375 0.148320203125 0.594056159375 0.159725246875
0 0.4345308375 0.27993992031250003 0.440787171875 0.2797578796875 0.44211105625 0.2795924984375 0.4478753828125 0.27265886093749997 0.45522546875 0.256206803125 0.459979690625 0.2384770921875 0.46355725937500003 0.2390495875 0.4657724234375 0.24304468125 0.46820787656249996 0.25176950468750003 0.46760381406249996 0.26058276875 0.4691865125 0.2618898984375 0.4730219703125 0.246216696875 0.47157741093750005 0.204310065625 0.46791155937499995 0.1800594421875 0.481760859375 0.164930253125 0.48172426562500004 0.1641445625 0.48070820625 0.1607425390625 0.47548500000000005 0.1575115625 0.4781468734375 0.1493150140625 0.4718475546875 0.144762165625 0.46618376718750004 0.132071728125 0.46926394374999997 0.1001823109375 0.46154234218749995 0.086875159375 0.45309080156250003 0.0796785703125 0.44564936718750003 0.08327805 0.429967490625 0.11688732187499999 0.42473509218750005 0.1461329984375 0.4182093578125 0.158501521875 0.4137951796875 0.205314765625 0.41299106406249997 0.23369159218750002 0.413293078125 0.240175940625 0.42865660156249996 0.27389466093750003 0.4345308375 0.27993992031250003
0 0.3014642953125 0.21133878749999999 0.3385406453125 0.2229417796875 0.34273626875 0.2258633328125 0.35974613125 0.22790475781250003 0.3810125890625 0.23768785312500001 0.3921201140625 0.23736465624999997 0.39535315937500004 0.2370141421875 0.4148448078125 0.21970701250000002 0.41171740156250003 0.2106671109375 0.43058056406249995 0.1943928125 0.44916915937499996 0.1867501296875 0.45115864375000003 0.1797477015625 0.45109752500000005 0.1784354546875 0.3807200234375 0.15526183437500002 0.35583799531250004 0.1585221875 0.3398577265625 0.1640598875 0.32483626718749997 0.17565695625 0.3174982125 0.177899559375 0.30864364375000003 0.1766353859375 0.2850657796875 0.178843246875 0.2656835375 0.1839726625 0.2577121234375 0.1919011015625 0.258140909375 0.2011072890625 0.28312667187499996 0.2098432703125 0.3014642953125 0.21133878749999999
0 0.1890770265625 0.22956640468749998 0.214147809375 0.23035873593749998 0.2285257546875 0.23399855781249998 0.23642151406249998 0.2292033671875 0.24450602500000002 0.22846085781249997 0.254782728125 0.23120546874999998 0.2610997546875 0.236094384375 0.2854004875 0.23488003281249997 0.318768134375 0.239489128125 0.324849215625 0.2393121875 0.3286909171875 0.2346349546875 0.3265845390625 0.21846353437500002 0.33037905156249997 0.2127731328125 0.34682264687500003 0.2026565015625 0.3550015390625 0.2039403375 0.3576334578125 0.2023419390625 0.36393335000000004 0.17780956718750002 0.3527450265625 0.17001876093749999 0.297732159375 0.16553220468750002 0.24873816093749998 0.174059596875 0.209407403125 0.172160371875 0.20134648593749999 0.1734094640625 0.20177118906249997 0.1825280046875 0.20932159375 0.184844671875 0.2137059703125 0.1918189078125 0.1878265125 0.20271736875 0.17080550625 0.207187253125 0.1710493671875 0.21242304843749998 0.17157167499999998 0.2168866828125 0.1890770265625 0.22956640468749998
0 0.13956825625 0.2645457484375 0.1428108484375 0.275911165625 0.1483649546875 0.2757495578125 0.1657188234375 0.270550759375 0.1629341359375 0.265219053125 0.1636955453125 0.25978416875 0.1737988515625 0.2479881375 0.190135471875 0.25021915625 0.20655341562500001 0.18884822031249998 0.21586384062500003 0.1818114015625 0.21583543593750001 0.170310175 0.21868612812500002 0.1661676796875 0.22270734218750002 0.1653740828125 0.22128506093750003 0.15661977968750002 0.22552963125 0.1497303609375 0.2212911890625 0.134968678125 0.22316630937499998 0.1098802375 0.2132924859375 0.09392934375 0.20502976562500003 0.09078680624999999 0.18723019999999999 0.11160246250000001 0.18555002812500002 0.1190938546875 0.1808303453125 0.1266736890625 0.18019481406249999 0.134811278125 0.1719604984375 0.1431699671875 0.168379865625 0.153423025 0.1549223453125 0.15855073749999998 0.1452312140625 0.16830499999999998 0.1393694140625 0.1840371625 0.13399902187499999 0.223168459375 0.1343359 0.230401346875 0.13951144531249998 0.2415432953125 0.13956825625 0.2645457484375
0 0.029477039062499998 0.1986386875 0.11479447031250001 0.22912889375 0.13180351875000001 0.2371160078125 0.14063211874999998 0.23685912187499997 0.1419394703125 0.230875415625 0.157966928125 0.2263508875 0.188348740625 0.22495959375000002 0.19829512031250002 0.2206120078125 0.1992925515625 0.21297390312500003 0.1964246875 0.20950644375 0.164399821875 0.1901473875 0.1409077671875 0.1796709484375 0.1392732796875 0.17363124218749998 0.1490780890625 0.16624414062499998 0.142831846875 0.16287498281249999 0.12253798125 0.16295820156250002 0.0318237109375 0.1473359203125 0.008599765625 0.157142565625 0.0073594734375 0.15801084999999998 0.0087201890625 0.1872259453125 0.017196903125 0.1964596421875 0.029477039062499998 0.1986386875
0 0.0184430171875 0.18054715625 0.027273990625 0.18130474375 0.031894315625 0.1933448375 0.031274396875 0.2090883109375 0.0366323296875 0.213286709375 0.037726090625 0.213254884375 0.04089901875 0.21235916875 0.0517720453125 0.19885372031249998 0.059195909375 0.183926815625 0.11049150468749999 0.1667088296875 0.12258288125000001 0.16483519062500002 0.13485651875 0.1558544375 0.007431725 0.1595621203125 0.008597209375000001 0.184585546875 0.0118750171875 0.1847964421875 0.0184430171875 0.18054715625
0 0.1190561875 0.4358980203125 0.14638137812500002 0.426986584375 0.1459802703125 0.41837462968750005 0.13819391875 0.41099210781249995 0.08676321406250001 0.3962558765625 0.0536315125 0.396712640625 0.018735678125 0.40226251562500004 0.0205224390625 0.440625 0.11818370625 0.437783346875 0.1190561875 0.4358980203125
0 0.0869740859375 0.4649728015625 0.0934967578125 0.46342982812500005 0.09932096093750001 0.46867308906250005 0.10280105625 0.47804410781250006 0.10377969375 0.48816450624999996 0.1128606375 0.5088746093750001 0.11492878749999999 0.5114150796875 0.1237386296875 0.5111587390625 0.1265384484375 0.508476625 0.12780644531250002 0.5030269984375 0.1354397625 0.4926560203125 0.1507724046875 0.4624398671875 0.1485257703125 0.45776909843749997 0.1662908015625 0.44710331875 0.169490728125 0.43956770624999997 0.1687009140625 0.43350136250000004 0.1542394109375 0.4061819046875 0.1456995875 0.3753071875 0.1413007328125 0.367992675 0.1394378703125 0.34977891250000004 0.143175853125 0.342904234375 0.1352623671875 0.336368578125 0.1363415421875 0.3268648984375 0.12903211718750002 0.3115159796875 0.12096128125000001 0.3016019484375 0.1083910515625 0.303997478125 0.10186531406249999 0.31636600000000004 0.0998896578125 0.36107851874999997 0.09053550625 0.4107418640625 0.0839122953125 0.4319089140625 0.0830484421875 0.4393647203125 0.08389937343750001 0.4576345609375 0.0848533328125 0.463004734375 0.0869740859375 0.4649728015625
0 0.14198840625 0.3951572046875 0.1569004609375 0.39573785156249996 0.17603173125 0.3997466390625 0.2138459734375 0.398139084375 0.2289645625 0.4017029859375 0.23534564375000003 0.40151731562500004 0.2452412984375 0.39671829999999997 0.28255254218750003 0.391574478125 0.2997425953125 0.38295794375000003 0.303583203125 0.3705403765625 0.3035247390625 0.36928513125 0.2988695953125 0.3642142765625 0.2851909203125 0.3610613796875 0.278732325 0.35313295 0.268479215625 0.350894925 0.24483056718750001 0.3515830296875 0.2386315140625 0.34922704531250004 0.14256759531250002 0.349485859375 0.1291334328125 0.3661094609375 0.1116838375 0.369153553125 0.106661590625 0.375268084375 0.1066724640625 0.37550153750000004 0.120759325 0.389687640625 0.14198840625 0.3951572046875
0 0.271679228125 0.5005956375 0.27513825625 0.500494990625 0.280614971875 0.49946875 0.29249285937499997 0.48220835624999997 0.2971211984375 0.4617759453125 0.315707515625 0.45785218125 0.3174506265625 0.4517121390625 0.3159024640625 0.44025513125 0.3106193828125 0.424847253125 0.295833159375 0.3143165046875 0.28769938281249996 0.30305112031250003 0.2775047296875 0.30199457343749997 0.27205816875 0.3048594171875 0.2606208625 0.331579271875 0.2551336390625 0.36624509375000003 0.2488159375 0.42664555000000004 0.24912952187499998 0.44433775625000005 0.250025078125 0.46356570937499997 0.2559242859375 0.4812426171875 0.271679228125 0.5005956375
0 0.34177954375 0.4463103890625 0.35120972031250003 0.4636273734375 0.3572393109375 0.46681374218749994 0.36054795624999997 0.4667174703125 0.3684651015625 0.46380188593750005 0.3711584453125 0.4562810125 0.369389990625 0.440094275 0.3758214765625 0.409841640625 0.3752760359375 0.39813080156249997 0.3732092984375 0.36961764218750004 0.3632157234375 0.3293129453125 0.3592605125 0.32063234218750003 0.35964734531250003 0.29626379687500004 0.356799715625 0.28958074218749996 0.3560129640625 0.27268885 0.3479736 0.2634504921875 0.3302116328125 0.26329072187499997 0.32587265312499997 0.26815311249999996 0.3204230265625 0.28184350625 0.318044384375 0.2961211359375 0.321474625 0.3697697859375 0.319064515625 0.383371740625 0.3192918921875 0.4054755671875 0.32032177812499996 0.4275876171875 0.3253170421875 0.4413766671875 0.34177954375 0.4463103890625
0 0.408664425 0.4270688671875 0.41176994218749996 0.41750622968749995 0.41617186406249995 0.41399518750000003 0.41687033281249997 0.4072089515625 0.41927738124999997 0.40443254843750004 0.43086284687500004 0.4135677234375 0.42934002343750005 0.42443749531249997 0.43313788437499995 0.42973971874999994 0.4294628421875 0.43796575000000004 0.4306648328125 0.4419903234375 0.44380765312500003 0.430105853125 0.4454563546875 0.421938784375 0.44391431875 0.388830675 0.4452797890625 0.374582525 0.4418941046875 0.3672385359375 0.438357196875 0.3348650625 0.43446799062499997 0.316710259375 0.4277595625 0.3033736296875 0.4160136828125 0.3016856234375 0.4083174234375 0.31070525 0.40660271875 0.32834651875 0.401247503125 0.344063940625 0.40308196093750004 0.3507764765625 0.3999449734375 0.3596634421875 0.40276113125 0.365670821875 0.40373976875000006 0.3757912171875 0.3955622671875 0.4071523609375 0.39496026562500003 0.4176435140625 0.3961774109375 0.44377611406249995 0.40098867031249996 0.4436361203125 0.40385032968749995 0.43262167500000004 0.408664425 0.4270688671875
0 0.438139446875 0.41635511562499994 0.47589147187499997 0.427938446875 0.472819825 0.43462236093750006 0.46215058124999997 0.4379764375 0.45760960781250004 0.4421667421875 0.4678627171875 0.44440476875 0.60487474375 0.42266360000000003 0.620014175 0.41359946093750005 0.6237379062499999 0.4063893015625 0.6206340953125 0.3978559859375 0.6107735265625001 0.38951927343750004 0.5703659859375 0.3790277546875 0.5535684703125 0.38154560000000004 0.5458765 0.37618942031249997 0.52961309375 0.37564809375 0.475550471875 0.36251026249999996 0.462712634375 0.36288380625 0.458289634375 0.36960703906250003 0.43996058125 0.38282216406249997 0.41734152656249995 0.39108939375 0.41147107812500006 0.4026146703125 0.41163893125 0.406218528125 0.41562979687499996 0.4124446296875 0.438139446875 0.41635511562499994
0 0.5865439625 0.4823211703125 0.5890738265625 0.4930730203125 0.5980634234375 0.5009305453125 0.60113440625 0.50151778125 0.6074997296875 0.496596428125 0.6116214828125 0.4761787578125 0.6220770875 0.45016405937500004 0.6268566484375 0.4547611265625 0.6309062703125 0.4654687578125 0.634947503125 0.46413494999999994 0.634665925 0.45808937656250004 0.6313591078125 0.4316260140625 0.6218061125000001 0.400780775 0.6217147671875 0.3879281953125 0.6300810890624999 0.36062110625 0.627359340625 0.3566407546875 0.6263177625 0.34516900625 0.6174885796875 0.3298643078125 0.6119852078125 0.3097266984375 0.6077122312500001 0.30511489062499997 0.5985307515625 0.30402886093750003 0.5915329625 0.30626225156250003 0.5851960468749999 0.322684828125 0.5823077546875 0.34780275 0.577522065625 0.364856784375 0.5754821109375 0.4303288875 0.5759846750000001 0.44111913124999996 0.5810689953125 0.47368478906249994 0.5865439625 0.4823211703125
0 0.673903834375 0.519719290625 0.68175744375 0.5140780421875 0.69547898125 0.47105353125000005 0.70478634375 0.47484226406249996 0.712413534375 0.48612238750000003 0.7191595609375 0.4784835921875 0.7142917171875001 0.4502083953125 0.7132532046875 0.4279110984375 0.7070828312499999 0.4152354015625 0.70718336875 0.3956113265625 0.7041154484375001 0.3841985421875 0.708806728125 0.36511747968749997 0.7125447125 0.358242803125 0.7131173015625001 0.3487538625 0.7128026015625 0.34199710625 0.7070129328125 0.3266039671875 0.6972964609375001 0.314031453125 0.6865008109375 0.310962615625 0.68010401875 0.3152082921875 0.6753812703125 0.333613678125 0.670916409375 0.33577336562500004 0.66468003125 0.33257186875 0.6577137125 0.335480934375 0.65454525625 0.343692221875 0.66647995625 0.34943428125 0.6679966484375 0.3602156109375 0.659787675 0.390901078125 0.6571856796875 0.41127452968749995 0.6530040515625 0.4195152984375 0.6515611375 0.45131373906250005 0.6520269515625 0.4613149640625 0.6625417265625 0.5044882937499999 0.673903834375 0.519719290625
0 0.67994394375 0.3797673375 0.684956809375 0.3857087421875 0.77213610625 0.41259386875 0.780456565625 0.4169172171875 0.7941116484374999 0.41956352812500003 0.8048597734375 0.42562620156250003 0.8215487171875001 0.425140603125 0.82575043125 0.416106571875 0.8437341343749999 0.41000330625 0.8585989984375001 0.4095707828125 0.8709735125 0.4137761703125 0.8699203234375 0.40569046093749994 0.876299565625 0.3973884890625 0.867232646875 0.39156504375 0.8607268640625 0.38262344375 0.8603493500000001 0.374518075 0.8532858624999999 0.3681290625 0.8487835125000001 0.358621896875 0.8382708624999999 0.35081143125 0.79826443125 0.348931865625 0.7699568343750001 0.35127734843749997 0.761031484375 0.3484934171875 0.7460958343749999 0.347406184375 0.6818358625000001 0.3477541421875 0.6724943765625 0.35056231250000003 0.6665312671875 0.3532721828125 0.663091978125 0.3629558609375 0.663260528125 0.36657470000000003 0.6674750515625 0.37353560625000004 0.67994394375 0.3797673375
0 0.8060793515625001 0.3976065375 0.8231128109375 0.4001545484375 0.8329733796875001 0.40849126093750004 0.858814215625 0.411290275 0.8971285984374999 0.41981221875 0.92864726875 0.41889511874999996 0.9510600281249999 0.416215278125 0.9650132703125 0.410736559375 0.9695070546875 0.40553308125000004 0.968964378125 0.3938816125 0.9545156484374999 0.388722034375 0.9212102156249999 0.3709220546875 0.8870961078124999 0.3648128609375 0.8368129734374999 0.3601886859375 0.8202192421875001 0.352555159375 0.8108541609375 0.35485674375 0.8040266203125 0.3535335890625 0.7798674578125 0.3577874546875 0.77127335625 0.367738803125 0.7713807828125 0.37004529062499997 0.7733316218749999 0.3772539703125 0.8060793515625001 0.3976065375
0 1 0.35150912343749996 0.9732144609375 0.3527794 0.95830240625 0.35219875 0.94660356875 0.347973703125 0.9302929734375001 0.3464192046875 0.89580991875 0.34691528437499997 0.8722792437500001 0.35013632031249997 0.85779189375 0.3586742140625 0.8575173250000001 0.367305828125 0.86031440625 0.36925353125 0.8984911375 0.389955403125 0.9198617859375 0.3984644796875 0.9768780828124999 0.4023854703125 0.99605654375 0.407407425 0.9974781421875001 0.4075046390625 1 0.40743126093750004 1 0.35150912343749996