0 1 0.09083283125 0.9891027265625001 0.08896153749999999 0.9820993781249999 0.07749546406249999 0.96529235625 0.07093896562499999 0.9433682546875 0.0714562296875 0.90827401875 0.0824562453125 0.8535446343749999 0.0852926109375 0.8193661484374999 0.0963139421875 0.7710200625 0.09878510625 0.769323353125 0.10131449374999998 0.7751413656249999 0.1076152203125 0.8073813578125 0.11196204218750001 0.8249701828125 0.1334362375 0.8628933921874999 0.1415117703125 0.8866498703125 0.1517269046875 0.8903120140624999 0.1518121421875 0.920639615625 0.1438833796875 0.9286117859375 0.1389311765625 0.9511011796875 0.13174798593749998 0.9675038203125 0.13058843281250002 1 0.1326443265625 1 0.09083283125
0 0.5040848140625 0.07343718125000001 0.5007453140625 0.0795247625 0.4904675078125 0.0823682 0.40680039375000004 0.08453103281249999 0.372352321875 0.0904083296875 0.36766573281250003 0.0882441453125 0.3529867578125 0.0873887125 0.3164106390625 0.0875649453125 0.3205049828125 0.09588065625 0.32616124062499996 0.0990949609375 0.336153625 0.0977862078125 0.34361442656249996 0.1005287390625 0.3579437828125 0.11216532812499999 0.353150203125 0.125411928125 0.34447795000000003 0.1344580421875 0.33456644375 0.13731000468750001 0.336478821875 0.13889584375 0.3538780890625 0.13930081562500002 0.37017289531249997 0.13608365 0.3933362546875 0.1417605421875 0.42333134218749996 0.14562482968749998 0.4299219765625 0.14577822812500002 0.46643457499999996 0.1403792703125 0.4762652078125 0.13598409843749998 0.4989972265625 0.1334305359375 0.5220797109374999 0.1375642171875 0.547532025 0.134560196875 0.5790071015625 0.11962123437500001 0.5778232640625001 0.09703228124999999 0.57739965 0.09363953281250001 0.56387905625 0.09743504375 0.53538294375 0.0947166859375 0.5216997515624999 0.0779573796875 0.5114108203125001 0.0736076953125 0.5040848140625 0.07343718125000001
0 0.11173509687500001 0.028793665625 0.102462325 0.0185168671875 0.1008576078125 0.007503910937499999 0.0924487 0.013710628124999999 0.0893278015625 0.022784328125 0.08530855937500001 0.024520046875 0.0783739046875 0.049053756250000004 0.0785929015625 0.0728393328125 0.07201515625 0.084576475 0.07109585 0.09644531875 0.07345493125 0.1120490015625 0.057658468750000004 0.15375449375 0.05837835625 0.1674907578125 0.0616222671875 0.18037113437500002 0.0630393734375 0.18249616875000002 0.133184834375 0.184128821875 0.1352562796875 0.168832971875 0.135118140625 0.16619713281249998 0.1309301859375 0.149972109375 0.1326383375 0.13354845625 0.126267465625 0.09041238124999999 0.12733075 0.081290790625 0.11748206718750001 0.0600249796875 0.11173509687500001 0.028793665625
0 0.42021133749999995 0.25322035625 0.40079270312500004 0.266640328125 0.38105056406250004 0.27388746249999996 0.35185436875 0.27526301875 0.35201612187500003 0.2783494375 0.37232439375 0.2819047734375 0.38519967187500004 0.300700378125 0.4436737828125 0.3169608765625 0.4509997890625 0.317131390625 0.4684047890625 0.3261422421875 0.4798625203125 0.3264089234375 0.49401312343750003 0.3176187625 0.5357063265625001 0.31036876874999997 0.5436245796875 0.3043877578125 0.5800928640625 0.3021539125 0.5881189515624999 0.2982305140625 0.5897171109375 0.2942024640625 0.589349796875 0.287193709375 0.587040603125 0.2776543828125 0.569937034375 0.2654394484375 0.541845303125 0.270437140625 0.49069719999999994 0.2543471578125 0.4722743453125 0.25186325625 0.42021133749999995 0.25322035625
0 1 0.2535539890625 0.9493380421875001 0.2398503375 0.9452984609374999 0.2500318328125 0.9325318671874999 0.2507622375 0.926013775 0.248555421875 0.9178528937499999 0.2499068046875 0.9103920921875 0.247164271875 0.87745201875 0.246911359375 0.855393965625 0.2623250046875 0.84106545625 0.2681568140625 0.8220773156250001 0.27233884375 0.8140781859375 0.27677664375 0.821027615625 0.287213909375 0.8689432109374999 0.293980690625 0.8811714765625001 0.3004306171875 0.887286034375 0.312389778125 0.8915836265625 0.314143521875 0.8996782109374999 0.31433192499999996 0.9054932171875001 0.31075845156250004 0.93358495 0.30576076093750004 0.967844309375 0.296282640625 0.9937279640625001 0.301509071875 1 0.29856079062499996 1 0.2535539890625
0 0.0861580640625 0.1952942375 0.082924875 0.2199140984375 0.0754487875 0.22431326093749998 0.0733087046875 0.232495153125 0.0768270546875 0.24080874843750003 0.0864898328125 0.2977409546875 0.087532153125 0.3078261859375 0.085680021875 0.3215025859375 0.09167440624999999 0.32804454375000003 0.08925243125 0.3700613296875 0.10885272500000001 0.38487911874999997 0.122679115625 0.38520093125 0.135082315625 0.3720426671875 0.129039940625 0.3645849578125 0.1311800234375 0.3564030640625 0.128745921875 0.319761053125 0.13582455468750002 0.2979745984375 0.1397687765625 0.275200553125 0.138068075 0.26235609531250004 0.1427578671875 0.2524159828125 0.1422235328125 0.24222026875 0.13536698281249998 0.20101275625 0.13355523281249998 0.19639741875 0.121803975 0.19612390468750002 0.12086770625000001 0.19884601562499998 0.1160940984375 0.19599100625000002 0.0861580640625 0.1952942375
0 0.087163903125 0.9703318718749999 0.09632141250000001 0.9705450140625 0.1120778890625 0.97450818125 0.153178846875 0.9734097125 0.16028813125000002 0.9806626265625 0.16418769375 0.9807533890625001 0.1772309984375 0.978593515625 0.1852840453125 0.975184521875 0.20271027031250002 0.976103896875 0.2152881546875 0.9717726687500001 0.2231255328125 0.9642484484375 0.2303167453125 0.9618469468749999 0.250490225 0.9628302640624999 0.2649265703125 0.9590560671875 0.27561903593750003 0.9536534031249999 0.279685575 0.9439863125000001 0.28509920312500003 0.9425709890625 0.28986666875 0.946278384375 0.3205708609375 0.9387726187500001 0.32854303125 0.9338204156250001 0.3451074234375 0.9357472828125 0.3469980703125 0.9335370968750001 0.3460162671875 0.9148031718749999 0.3439481984375 0.9136279421875001 0.3387502390625 0.9191584921875 0.3279499390625 0.9225035421875001 0.321836228125 0.9280127796875 0.3090696328125 0.9287431843749999 0.2929635390625 0.935561171875 0.28299811406250003 0.937384328125 0.257006625 0.9301002828125 0.24852223750000002 0.9252788234375 0.1741846609375 0.92046594375 0.1676665703125 0.9182591296875 0.139332209375 0.9186271921875001 0.11708460000000001 0.9129716140624999 0.10342921249999999 0.914195109375 0.090986121875 0.9210983546874999 0.07835431875 0.9244007765625 0.05177143125 0.94073665625 0.058559109374999994 0.9480875015624999 0.0560275265625 0.9521387859375 0.050045525 0.9549255062500001 0.051261359375 0.978125 0.056002501562499994 0.9782353515625 0.087163903125 0.9703318718749999
0 0.5212215140625001 0.57860151875 0.5050615015625 0.5843906999999999 0.4730102203125 0.583644696875 0.4563919109375 0.5806890234375001 0.44101285625 0.583927503125 0.42458325781250006 0.5845726515624999 0.40206690624999997 0.5912414390625 0.39183189375 0.5879205625 0.3837518875 0.5908151515625 0.3644672015625 0.5893387437500001 0.360426775 0.5820518421875 0.35218501562500004 0.5818600125 0.35140405937499997 0.5844107140625 0.358864859375 0.5871532453125 0.36748404218749997 0.5945467203125 0.3686154609375 0.5986832609375 0.3787965578125 0.60097533125 0.39008211406250004 0.606889540625 0.39331462500000003 0.6162127421875 0.4019338046875 0.6236062171875 0.428868003125 0.631425978125 0.4739824265625 0.6371000109375 0.48373302812499996 0.648630028125 0.48662543124999996 0.6496093015625 0.5030913531250001 0.64999255 0.5426098265625 0.6376697796874999 0.5599821375 0.63756035 0.5696779765625 0.6305931625000001 0.588881784375 0.630526359375 0.6123947624999999 0.6254220953125 0.62316810625 0.621562640625 0.62531665625 0.6161473609375 0.6246263015625 0.6029746171875 0.61996170625 0.5952854453125 0.5885296296875 0.588902321875 0.585970240625 0.574970803125 0.5798295734375001 0.5799656359375 0.5545120531250001 0.5855416734375 0.5212215140625001 0.57860151875
0 0.16774973124999998 0.7294083125 0.1620027609375 0.6981769984375 0.15496605624999998 0.681549809375 0.1485052609375 0.6759116281249999 0.1341499609375 0.6764921390625 0.1258985453125 0.695507396875 0.12136490156249999 0.6972311421875 0.124835259375 0.7046289875 0.12320957968749999 0.712822853125 0.12565113125 0.720196753125 0.1241214359375 0.7302221203125 0.132618878125 0.755115015625 0.1247723671875 0.7622494578125 0.12250181874999999 0.7777453859375 0.12451750156250001 0.8162069234375 0.12093019218750001 0.8261844015625 0.1227748703125 0.8417761125000001 0.12793241718749998 0.851957128125 0.1347081953125 0.8832123875000001 0.1341593125 0.8923459515625 0.13584284375 0.8958215765625 0.17316640156250002 0.8966902921875001 0.18850154375 0.8606839609374999 0.18862267500000002 0.85956745625 0.1876484640625 0.8409784234375 0.1845107171875 0.813944746875 0.182021171875 0.805655096875 0.18175418125 0.7809537671875 0.179299115625 0.7635185812499999 0.166638453125 0.7376141515625 0.16774973124999998 0.7294083125
0 0.5597734796875 0.739270084375 0.5563991046875 0.7337037421875 0.5500897390625 0.701544703125 0.5462009609375 0.6959663890625001 0.5409609421875 0.6940151578125 0.5310642671875 0.671833596875 0.5304058875 0.6690743718750001 0.536098803125 0.6600605359375 0.5231292203125 0.647868425 0.5180946875 0.6596414859374999 0.5140815078125 0.7007066015625 0.5084365859375 0.7106361890625 0.4984844671875 0.7168069874999999 0.4967628015625 0.7231693531250001 0.503765028125 0.7489420796874999 0.5074888625 0.7709799671875001 0.5079823015625 0.7901987625 0.5119325859375 0.806754115625 0.5250596578125 0.83175476875 0.5170961953125001 0.8562645296875001 0.5271233343749999 0.8711320562499999 0.548048928125 0.888082515625 0.548620303125 0.88826254375 0.551915253125 0.888339234375 0.5565538203125 0.8837072984375001 0.5674117328125 0.85560636875 0.5669662875 0.8373033234375 0.5708760296875 0.823674815625 0.5696072609375 0.8190721156249999 0.571555375 0.8072272187499999 0.569161815625 0.8007690703125 0.56871636875 0.782466025 0.5785664390624999 0.7351343265625 0.576625775 0.7177111125 0.579182896875 0.6887558828125 0.57847093125 0.6751707640625 0.573519778125 0.668248590625 0.5710437484375 0.6700202281250001 0.569287603125 0.6855281296875 0.5724760703125 0.726760865625 0.5648695203125 0.7384740625 0.5597734796875 0.739270084375
0 1 0.41624599531250006 0.91609083125 0.413822359375 0.846548525 0.43069967499999995 0.835021184375 0.43762423124999994 0.814174584375 0.4412492296875 0.8058789093750001 0.44002859531249994 0.7861906875 0.44830453593749997 0.7819893546875 0.455399609375 0.7967761624999999 0.45831265625000006 0.8259723578125 0.4569370984375 0.8389276640625001 0.45980751875000003 0.8470346281250001 0.457427328125 0.8552763875 0.4576191578125 0.8636529390625001 0.46038300625 0.87275653125 0.45956734218750006 0.8930917624999999 0.4636370796875 0.920456453125 0.46221889843749997 0.9461244390625 0.46333010156250004 0.9688564578125 0.46077654062500006 0.978687090625 0.45638136874999996 0.98687493125 0.4555443921875 0.9953054 0.45933704375 1 0.4721570296875 1 0.41624599531250006
0 0.5951165328125 0.9066172578125 0.5831848125 0.90582576875 0.57106438125 0.90143345625 0.5628495828125 0.9017560296875 0.5535572796875 0.89897086875 0.5441301828125 0.8936136921875001 0.5372885859375 0.8852340406250001 0.527215325 0.8849995828124999 0.5181656515624999 0.886844053125 0.49319859375 0.8991073343749999 0.4787352921875 0.902367128125 0.4734834140625 0.9068688703125 0.4652686140625 0.9071914453125001 0.4452577328125 0.92676294375 0.43004043125 0.9330878421875 0.4248155140625 0.9381039890625 0.41754342343750006 0.9389622796875001 0.4100017484375 0.934676540625 0.4010599078125 0.9385786203125001 0.3923337390625 0.9465959328125001 0.3869470671875 0.948525659375 0.37859747499999996 0.9462762171874999 0.37881314375 0.9503914437500001 0.41075659218749994 0.9490798328125001 0.417732134375 0.9425631046875 0.4268626859375 0.9422618437500001 0.43432348750000005 0.9450043765625 0.45818692812500006 0.9465873546875001 0.51267453125 0.9565897578125 0.5364570953125 0.9566295265625 0.5654376203125 0.9511387453125 0.5701242093750001 0.95330293125 0.572761734375 0.9590511749999999 0.573675159375 0.9590724343750001 0.5765075078125 0.952937728125 0.589004515625 0.9470632890624999 0.62116363125 0.9498669046874999 0.639775196875 0.9559516265625 0.6613845890625 0.9470296312500001 0.6612480749999999 0.9444247765625 0.6526748921875 0.9228564421875 0.6216193921875 0.9062065671875 0.6196261390625 0.90307751875 0.6142394671875 0.9050072453125001 0.602307746875 0.90421575625 0.5951165328125 0.9066172578125
0 0.09178415 0.43261939062500004 0.08708175781250001 0.4407246859375 0.0870848734375 0.44078411875 0.08956159531249999 0.44903106875 0.099959159375 0.461163315625 0.107915171875 0.4659216640625 0.113278203125 0.4898269703125 0.1183397625 0.49817648593749997 0.11767393125 0.5246853687499999 0.1259314125 0.544999509375 0.1256569703125 0.549566290625 0.10975846250000001 0.550110884375 0.10485439218749999 0.5545699109375 0.10654157812500001 0.5573530812499999 0.1367953890625 0.556227978125 0.1539857234375 0.5591555406250001 0.15552399374999998 0.5591913453124999 0.16160369531250002 0.5394273546874999 0.16060936718750002 0.5302578734375001 0.1628454359375 0.5239074796875001 0.1635247828125 0.5074598828125 0.158724146875 0.4844823 0.1572019015625 0.4652395578125 0.16037824375 0.4278134984375 0.1596546375 0.39615809999999996 0.15946235625 0.3924891578125 0.1514907984375 0.3562651984375 0.1167883609375 0.355457490625 0.11358244531249999 0.3681877453125 0.1127651859375 0.42121748906249995 0.10800509218750001 0.4284237671875 0.09178415 0.43261939062500004
0 1 0.8909701875 0.9914846468749999 0.8875305671874999 0.9834316 0.8909395609375 0.9751628828125 0.8902333296875 0.9471781390625 0.8798202359375 0.93524641875 0.8790287453125 0.9261697859375 0.8803588124999999 0.912542203125 0.8995651078125 0.9027924484375 0.9055034890625 0.8846930984375 0.9091924296875 0.8676712546875001 0.915989103125 0.8632542515624999 0.9189689515625 0.8721160609374999 0.93099205625 0.8787419875 0.9352564828125001 0.9064841015624999 0.941039946875 0.9316407171875 0.9498458859375001 0.938294778125 0.950392515625 0.95308983125 0.9507368749999999 0.9781553031250001 0.94733209375 1 0.941812275 1 0.8909701875
0 0.888465025 0.5727331734375001 0.882820103125 0.58266275625 0.878361478125 0.605424828125 0.8843348984375 0.631173609375 0.8917900187500001 0.645981271875 0.8939091390625 0.6570062015625 0.8925099062499999 0.659717534375 0.8847938578125 0.6595379421875001 0.88344261875 0.6631650296875 0.89510895 0.6798999734375 0.8990112437500001 0.695539578125 0.8989767656250001 0.7046851140625 0.9004652343749999 0.7091805390625 0.9393958015624999 0.7100866578125 0.9416587234374999 0.695617575 0.9580446109375 0.6749623828125 0.9604937109374999 0.6690120562499999 0.9602578046874999 0.66451070625 0.93871021875 0.65896359375 0.936879053125 0.6534331703125 0.9411666750000001 0.6078012703125 0.9403028093750001 0.5913177546874999 0.9185478296875 0.54873824375 0.9108182656249999 0.5384973609375 0.8926566593749999 0.525269771875 0.88575041875 0.5013285453125 0.8744545109375 0.4818583203125 0.8672518109375 0.47900016250000005 0.8670966765625 0.4789965515625 0.8658536328125 0.48440203437499996 0.8789807046875 0.5094026828125 0.882416584375 0.5259460640625 0.8909829874999999 0.5325478875 0.8915109046874999 0.5426211484375 0.888465025 0.5727331734375001
0 1 0.7440544859375 0.98235254375 0.7445300828125 0.9526441312499999 0.7361319749999999 0.9194883890625001 0.7317638359374999 0.9021699968749999 0.732902071875 0.8625239656250001 0.7443099203125 0.8306344359375 0.7466503375 0.8261635171874999 0.7486013796875 0.8256791046874999 0.7568105187499999 0.8305004874999999 0.7615467203125 0.8394962453125 0.75867344375 0.84337491875 0.762873928125 0.8574346859374999 0.76936648125 0.9028995734375 0.78172775625 0.9143468828125 0.790728384375 0.9325806328124999 0.7988818953125 0.93967613125 0.79904704375 0.9711773578124999 0.7930786796875 0.9971410421875 0.7823799234375 1 0.7822317578125 1 0.7440544859375
0 0.46051951406249997 0.31497780937500003 0.4552315046875 0.31211082968750004 0.45224106875 0.31387049375 0.447686459375 0.3348010625 0.44208953125 0.3456463984375 0.4392971296875 0.390398465625 0.44145679062500004 0.4316072578125 0.43898682187500004 0.4727082921875 0.44190829843749996 0.4892397 0.4629224265625 0.537289771875 0.46523351562500004 0.5519777046875001 0.47039106249999996 0.5621587203125 0.47587874843750005 0.5900565953125 0.4761275234375 0.5900623859375 0.47850456562500004 0.5797256078124999 0.47685185781249995 0.5677969 0.48094005624999997 0.5477701078125 0.47975375781249996 0.5349376234375 0.48284762812500004 0.50574135 0.4869838203125 0.486630309375 0.49291669687499995 0.48219522968749995 0.4945423765625 0.47400136249999997 0.4912714375 0.44099841093750003 0.48083333125000005 0.398682303125 0.481992603125 0.3913922140625 0.500481653125 0.3781630234375 0.5004447187500001 0.3774582765625 0.4972192171875 0.378027109375 0.49656083593749994 0.375267884375 0.4883303828125 0.37507631875 0.48037437031249997 0.3703179703125 0.46885946718750005 0.327062165625 0.46051951406249997 0.31497780937500003
0 0.173447 0.5859780531250001 0.165959240625 0.5827211171875 0.147563346875 0.580751621875 0.1243730265625 0.5745603265625 0.0923756625 0.57484313125 0.082948565625 0.5694859531249999 0.07753493593750001 0.5709012796875 0.06816175937499999 0.5665729093749999 0.046237654687500004 0.567090171875 0.0435982359375 0.5690838421875 0.037544673437499995 0.5675055171875 0.037545390625 0.567519178125 0.0677582234375 0.5763252578125 0.0716638546875 0.5810401453125 0.0704524046875 0.5928287921875001 0.0406639640625 0.600355871875 0.0447313484375 0.6081571765625 0.0549663609375 0.6114780546875 0.070319303125 0.62519356875 0.0848365234375 0.6229625828125 0.128736925 0.6287946015625 0.1414694296875 0.629090953125 0.1672810640625 0.6253952765624999 0.1807747 0.6210853640625 0.199062759375 0.6209972453125 0.20711580624999998 0.617588253125 0.229147746875 0.619128603125 0.24439200468750003 0.61331810625 0.26884769531249997 0.6087495625 0.26905898906250003 0.6077092703125 0.26888926562500004 0.6044707359375 0.2618443453125 0.5972834890625001 0.24684186718749998 0.5902552171875 0.21648729375000003 0.5869798265624999 0.20743761875 0.588824296875 0.1980913984375 0.5850103296875 0.173447 0.5859780531250001