0 0.8520855921875 0.0918259796875 0.8423914015625 0.1166951296875 0.853098965625 0.15109255625 0.858685909375 0.1598444234375 0.8674444671874999 0.183800846875 0.8696236484375 0.2008331875 0.8694569812499999 0.2327231625 0.9130057828125 0.23500545781249998 0.9138648234375 0.22758907343749998 0.9252748609375001 0.22160777343750002 0.9291006296875001 0.21056610468749998 0.9279999265625 0.17904610781250002 0.91573310625 0.1449761109375 0.9095273781250001 0.088257103125 0.896108546875 0.051837792187499995 0.89557556875 0.0469351265625 0.8689140406250001 0.045537854687500004 0.8581448359375001 0.053607782812500004 0.8520855921875 0.0918259796875
0 0.39734013749999997 0.034119131250000004 0.3976080515625 0.0417911734375 0.40404208906249994 0.0458608625 0.4075915484375 0.056761700000000005 0.41483635156250004 0.1432358859375 0.42296417656249996 0.179377909375 0.421012184375 0.183975090625 0.4210091953125 0.1990132734375 0.423327490625 0.23585639375 0.42532063437499995 0.23596085000000003 0.4317167609375 0.2334107015625 0.4346940703125 0.2279273578125 0.432745065625 0.21748635468750002 0.4351275140625 0.21009204375 0.44627449375 0.1965777890625 0.4602283984375 0.20294845781249998 0.47008103125 0.21286377500000003 0.4736173375 0.22338796562500002 0.47513887343750005 0.22158791406249997 0.4745141125 0.20369714062500002 0.470218534375 0.1865538859375 0.47468748749999995 0.1632906859375 0.477099796875 0.1296862671875 0.47704034218749997 0.1279836875 0.46888231718749995 0.0877947453125 0.46375870781249995 0.0771873671875 0.45976205312499996 0.053480506250000004 0.46264370781249997 0.03013411875 0.46160907812499996 0.02419190625 0.4050100625 0.021225678125 0.40116939843750005 0.024092698437499997 0.39734013749999997 0.034119131250000004
0 0.0828786875 0.057500256250000006 0.07058220312499999 0.055271428125 0.0546301 0.056019810937500004 0.01066891875 0.035231275 0.0012527234375 0.0347377921875 0.0039683109375 0.11250208125000001 0.0088760828125 0.1127592875 0.018960790625 0.1111887390625 0.032507128125 0.1139977375 0.0416564203125 0.11447723125 0.0801106328125 0.11280907031250001 0.089582259375 0.114889853125 0.1109254046875 0.107030153125 0.14279265937500002 0.1044751875 0.1528363734375 0.0960233078125 0.1639800703125 0.0955622015625 0.1639740015625 0.09538841406250001 0.157193415625 0.086217140625 0.14764788281250002 0.082019953125 0.1456168296875 0.077688453125 0.11989747656250001 0.06789044375 0.095378415625 0.065549190625 0.0828786875 0.057500256250000006
0 0.45406790937499997 0.1654782953125 0.439351740625 0.16752674375 0.42777430625 0.1838381296875 0.43461375625 0.21333335468749998 0.4210783546875 0.26431829375000004 0.41961959374999996 0.2830397671875 0.4241393765625 0.33685072968749996 0.43914849531250005 0.35831504375 0.4478084078125 0.3794466078125 0.45089028593749997 0.40886134687500003 0.45424925624999996 0.4090373828125 0.4566028390625 0.38930646874999997 0.4752229921875 0.3780636578125 0.48849533437500003 0.3195457640625 0.48823227812500003 0.3120128078125 0.49688254218749994 0.294229625 0.49652419375 0.2839678875 0.48615771875 0.2677289578125 0.4761795375 0.2239707921875 0.4695343921875 0.21516346875 0.46504450625000004 0.1773323109375 0.4605157609375 0.16863590312500001 0.45406790937499997 0.1654782953125
0 0.9227013609375 0.1909400484375 0.8810006796875 0.1887546078125 0.8688012687500001 0.24450904062499998 0.8795476890625 0.2497717203125 0.8810662406249999 0.2630098515625 0.8791800125 0.26949027187499996 0.8810632515625001 0.2780480359375 0.8786808078125 0.285442346875 0.8803936625000001 0.3193683828125 0.89761783125 0.343768471875 0.9044931515625001 0.3591671296875 0.9099455796875 0.3791907046875 0.9150034234375 0.38791484062500003 0.925355259375 0.3818780828125 0.9294654953125001 0.3332188828125 0.935387234375 0.32131057812499997 0.9473592546875 0.316298625 0.9497233453125 0.3098385890625 0.9495621906249999 0.30522373125 0.9445852109375 0.29735531718749997 0.9377457609375 0.2678600921875 0.9259142312499999 0.2315239671875 0.9297554375000001 0.20540817968749997 0.9229458812500001 0.191892759375 0.9227013609375 0.1909400484375
0 0.12175310312500001 0.21002270312500002 0.09893900312500001 0.19190893281250002 0.08789365625 0.1932098625 0.0746302734375 0.206613203125 0.0807134375 0.21445117812499997 0.078363871875 0.22278710937500001 0.08020825625 0.26047962343750003 0.0725318171875 0.282634828125 0.06806286406249999 0.3058980296875 0.0695814140625 0.31913616093749997 0.063659675 0.3310444671875 0.0687672171875 0.36544051875 0.1249564578125 0.368385271875 0.1255584625 0.3643651265625 0.133330559375 0.3600729640625 0.13551498281250002 0.352322934375 0.13547684843750002 0.3512309171875 0.1322095828125 0.3430960828125 0.1232925859375 0.2843551921875 0.1224017828125 0.27396964687500003 0.1245540546875 0.2599839984375 0.1185037734375 0.2530876421875 0.12175310312500001 0.21002270312500002
0 0.213950390625 1 0.2119530171875 0.99092359375 0.207953375 0.9822549140625 0.20785771562500002 0.964391871875 0.20263546093749998 0.9509596359374999 0.194403015625 0.9420691265625001 0.19149445625 0.9343975234374999 0.1913001484375 0.913709621875 0.186541234375 0.8984218765625 0.1803265421875 0.8868174234374999 0.170109221875 0.8815824750000001 0.1683246265625 0.8758495703125 0.1718639203125 0.871335575 0.16228032187500002 0.8388768453125 0.156693378125 0.8301249796875 0.15768880000000002 0.8132590125 0.1544155515625 0.81026778125 0.136426134375 0.8093249953124999 0.1349374765625 0.812066665625 0.1409548765625 0.8180214046875 0.14505316562499998 0.829514940625 0.1511034453125 0.8364112968749999 0.1526219953125 0.8496494296874999 0.16062128281250002 0.8669867874999999 0.1630993875 0.87745551875 0.15714177812500002 0.903460390625 0.1526758125 0.9116854062499999 0.1521646578125 0.9877902187500001 0.150278428125 0.994270640625 0.15068542812500002 1 0.213950390625 1
0 0.5012877796875 0.5896138953125 0.49702508125 0.5734122593750001 0.49537500156250003 0.5564076499999999 0.48714554374999997 0.532478953125 0.48995844375 0.5222875124999999 0.4864879015625 0.5136465625 0.486855578125 0.4939280078125 0.49413145781249995 0.49054973593750006 0.49383551875 0.482075159375 0.491157134375 0.48099489531249995 0.48877468906250005 0.4883892078125 0.4816632203125 0.496475578125 0.477463296875 0.4971953671875 0.4757085984375 0.5074422640625 0.4702830765625 0.5184366812500001 0.46085791406250004 0.5207624171874999 0.45374644531249997 0.5288487890625 0.44729261718749996 0.5557675515625 0.444141934375 0.60165735 0.43283054375 0.6104635078125 0.43094431718750004 0.6169439296875 0.43186800312500007 0.62827109375 0.4476662921875 0.6723342765625 0.4488201515625 0.690252778125 0.4565892625 0.7009987984375 0.4578088875 0.7208005390625 0.46448392656250004 0.7455876671875 0.469111315625 0.7571089343749999 0.4738375046875 0.7594234171875 0.48913245625 0.7602249921875 0.49602967812500004 0.7566398734375 0.50073179375 0.724929825 0.5134471375 0.723915315625 0.5133744203124999 0.721833 0.5094305640625 0.71692664375 0.5021606609375 0.690228546875 0.5073261109375 0.6566629890625 0.500385028125 0.6393810890625 0.4992341546875 0.606424403125 0.5012877796875 0.5896138953125
0 0.06965175625 0.8193422421875001 0.094067528125 0.819062178125 0.10246819843749999 0.8173899109375 0.12792888125 0.8197805125000001 0.1457642234375 0.8191308265625 0.17172308593750002 0.8088723640625 0.18025309218750002 0.8109038 0.2121203453125 0.808348834375 0.228847778125 0.8028878953125 0.2337202546875 0.7974542765625 0.23337988125 0.7877072484375 0.2328168125 0.7819706156249999 0.21271022187500002 0.77141049375 0.21066069375000002 0.7665498937499999 0.20323859687499998 0.7693297109375 0.1946901140625 0.7667691734375001 0.1872310625 0.768490790625 0.17679934218749999 0.7658315578125 0.1516342859375 0.7719065640625 0.14380570312500002 0.763046171875 0.12768731093750002 0.7590326484375 0.0881392875 0.7569600249999999 0.077633659375 0.752184390625 0.0616630796875 0.752403671875 0.051471553125 0.756622746875 0.026520753125 0.759454996875 0.028247121874999996 0.8088917578125001 0.0460471421875 0.8181051765625 0.06965175625 0.8193422421875001
0 0.49055192343750004 0.7609678 0.48501306718750004 0.7638463140625 0.45222267031249996 0.76688103125 0.4467022890625 0.770288646875 0.44500381562499997 0.77548095625 0.42271904843749997 0.7832913078125 0.4199126671875 0.7836723640625001 0.41027475 0.776829675 0.398477134375 0.7888865609375 0.41092143124999997 0.79534819375 0.45351603125000006 0.80391806875 0.4640955671875 0.8108101062499999 0.47105643593749996 0.821737553125 0.4757429375 0.823468534375 0.48054599531250003 0.8237202531250001 0.5038837859374999 0.8197610375 0.526390271875 0.8182998906250001 0.5461827609375 0.8198653031250001 0.5630210531250001 0.8175789671875 0.5880198203125 0.8067420562500001 0.613776128125 0.8175982671875 0.6285094625000001 0.8088640281249999 0.6447380265625 0.789117375 0.645123553125 0.7876670578125 0.645045984375 0.7854458046875 0.639715828125 0.779875925 0.61008218125 0.76564771875 0.5912313124999999 0.7641316546875 0.5769407296875 0.7586295265625 0.5722695859375 0.7594409875 0.5599361484375 0.7561539578125 0.5534187171875 0.757924921875 0.5345678484375 0.7564088578125 0.48516019374999997 0.741144340625 0.4673063734375 0.7412649265625 0.4273277859375 0.7335913390625 0.42533665468750004 0.7334869890625 0.41647739218749996 0.7391292234375 0.41845301562500004 0.7418734234375 0.43455293125 0.74535784375 0.476888859375 0.7465203125000001 0.4894255390625 0.7556274468749999 0.49055192343750004 0.7609678
0 0.8556336265625 0.3475473515625 0.858392734375 0.44168158281250003 0.8799722734375001 0.515184534375 0.8878071484375001 0.52781379375 0.8927962390624999 0.5496928765625 0.892033978125 0.5581119953125 0.9017520921875001 0.57929901875 0.9089640250000001 0.5841530968749999 0.9093553890624999 0.58417360625 0.9114432984375 0.569468053125 0.9082746703125 0.5392253109375 0.9104598234375001 0.52618128125 0.9075183828125001 0.5175680593750001 0.9072224437499999 0.5090934859375 0.9095720078125 0.5007575531249999 0.9081849859375 0.49128589843750003 0.9111652843750001 0.470764371875 0.9080624203125 0.44240486875 0.9076708218749999 0.4160672484375 0.9036741656249999 0.392360384375 0.8985505593750001 0.3817530078125 0.8971964187499999 0.373222975 0.9006041843749999 0.36494250156249997 0.9241506515625 0.358657346875 0.9263093921875001 0.35394681562499997 0.9262317734375 0.351724125 0.92008524375 0.3481054296875 0.9011033890625001 0.3489904265625 0.8988554593750001 0.34511303125000004 0.89871675625 0.344165865625 0.8537167562500001 0.341807515625 0.8556336265625 0.3475473515625
0 0.573987553125 0.924708496875 0.561728021875 0.923537871875 0.5493391546875 0.9186635390625 0.5408830546875001 0.9187485078125001 0.5313744765624999 0.9156095234375 0.5217735140624999 0.909825034375 0.5148865515625001 0.9010139890625 0.5045287375 0.9004711593750001 0.495186446875 0.902094078125 0.46928301250000004 0.91393984375 0.4543464359375 0.9168539750000001 0.44886300781250005 0.921319790625 0.44040690937500004 0.9214047578125 0.41947024375 0.940904671875 0.4037029078125 0.9469440578125001 0.39823795624999997 0.951938975 0.390741953125 0.9526023890624999 0.3830611828125 0.9479748000000001 0.37379280000000004 0.951714121875 0.3646722296875 0.9596862484375001 0.35909641875 0.9615065609375 0.3505479359375 0.9589460265625 0.35069575 0.9631788296874999 0.3835785265625 0.9627896140625 0.3908712890625 0.9563060921875 0.4002690078125 0.9562704734375 0.40789434687500004 0.9593107640625 0.43241340937499995 0.9616520156249999 0.48828306875000005 0.9735582687500001 0.5127467015625 0.9743122234375001 0.5426568078125 0.969542159375 0.5474388125 0.9719053015625001 0.550387821875 0.9786656296875 0.5506271890625001 0.978678175 0.554011671875 0.9717216375 0.566972628125 0.96606330625 0.6000032203125001 0.9699068937499999 0.6190388546875 0.976713965625 0.6420616140625001 0.9679581484374999 0.642042121875 0.9673999609375 0.6329037890625 0.9431120015625 0.6012575671875 0.9250813953125 0.59926346875 0.9218080953125 0.5936876578125 0.9236284078124999 0.5814281265625 0.9224577796875 0.573987553125 0.924708496875
0 0.1416927 0.44892481718750005 0.14563553906249999 0.4105957046875 0.145444221875 0.37486961875 0.14199520000000002 0.357770728125 0.098309740625 0.3554812703125 0.0967609984375 0.4023949203125 0.091733046875 0.4096505875 0.07496624375 0.4134713578125 0.069971175 0.42166864375 0.0723835171875 0.43025413593749995 0.0828638921875 0.443022040625 0.0909648109375 0.4481460734375 0.0960525515625 0.472850015625 0.10111039531249999 0.48157415312499996 0.0999475703125 0.508770203125 0.10807838437499999 0.529874040625 0.1077136953125 0.5345544109375 0.09134445937499999 0.53463643125 0.08621786718749999 0.5390672390625 0.0879038140625 0.5419752843750001 0.11905498125 0.5417280546875001 0.13662329374999999 0.545236075 0.1382763625 0.5453227078125 0.1448852484375 0.5252237328125 0.14402732812500002 0.5157798078125 0.146442653125 0.509327115625 0.14743807656250002 0.4924611484375 0.1429123234375 0.46872655781250006 0.1416927 0.44892481718750005
0 0.9684608750000001 1 0.9693504671875001 0.9942193500000001 0.9769282578125 0.969239284375 0.9771337578124999 0.96078333125 0.9766822375 0.9478534875 0.9715475671875 0.9210225828124999 0.961996853125 0.889505471875 0.9620984859374999 0.8772921468750001 0.9658051750000001 0.8624480640625001 0.9651120375 0.855832465625 0.9117768156249999 0.8530372843749999 0.9133853656250001 0.8888376421874999 0.9090509296875 0.9008291390625001 0.9130505718749999 0.9094978171875001 0.9128174093749999 0.9179446656250001 0.9037509609375001 0.9456664015625 0.9036647109375 0.9560312312500001 0.9037459968749999 0.958358971875 0.9055654515624999 0.9673791109375 0.9261973828125001 0.9834987249999999 0.9329082937500001 0.9941892875 0.9343996671875001 1 0.9684608750000001 1
0 1 0.589469928125 0.9889428312499999 0.5799811375 0.9784187281250001 0.574676403125 0.97360045625 0.5981898375 0.96800616875 0.59948105 0.9206849937499999 0.590135334375 0.9037358421875 0.5892470656250001 0.8611234515625 0.6070828703125 0.8510243078125 0.6139474468749999 0.8384698390624999 0.631245990625 0.814190971875 0.6357830437499999 0.79478649375 0.6453287421875 0.7922203062500001 0.6525881046875 0.7933346 0.65295595625 0.8005493015624999 0.6533340625 0.8229242203125 0.643634584375 0.8397809890625 0.6418773484375 0.8460767015625 0.633757178125 0.8564345171875001 0.634300009375 0.887674253125 0.640690403125 0.8982537859375 0.647582440625 0.9219975203124999 0.65463625 0.948196578125 0.65125609375 0.9630222953124999 0.645167359375 0.9742663015625 0.6441722359375001 0.9771465890625001 0.64590758125 0.9774237390625 0.6538440890625 0.9812456484375 0.6556287843749999 0.9978067906250001 0.645405940625 1 0.64508369375 1 0.589469928125
0 0.89496323125 0.7332158796875 0.88807895 0.7629317703125 0.8856015218750001 0.7960672734375 0.8856460937499999 0.7973436281249999 0.8877710640625001 0.8146099328125 0.9019162875 0.8567066890625 0.9062417640625 0.88982975 0.9085225749999999 0.8946487640624999 0.9170210671874999 0.8960340468749999 0.9216185609374999 0.8915755109375001 0.9181151375000001 0.8819929390624999 0.9222164125000001 0.87844829375 0.9280723875 0.8646567468749999 0.9381013781249999 0.8191274249999999 0.9467015015625 0.8082993843749999 0.95402676875 0.7903705921874999 0.953773534375 0.7831189078125 0.9457210125 0.7499744265625 0.933127221875 0.722057421875 0.9315757890624999 0.7078776703125 0.932806821875 0.6853846734375 0.8907167015624999 0.6831788234375 0.89496323125 0.7332158796875
0 0.45143844843750003 0.3230821578125 0.452924115625 0.3353786703125 0.448356515625 0.35581701093749996 0.44934596562499995 0.369027415625 0.4456362875 0.39890968125000004 0.44103580625000005 0.418406403125 0.4348510109375 0.42278175312500005 0.43303054375 0.4311454125 0.43580160156250003 0.4651269046875 0.44577978749999997 0.50888506875 0.4444555421875 0.516334840625 0.42381763437500003 0.53029159375 0.42854665625 0.529599534375 0.4291744046875 0.532452121875 0.4376400125 0.5328957859375001 0.4457409296875 0.5380198187499999 0.45681019687499996 0.5827750609375 0.4651741703125 0.59543205 0.470563825 0.5985342 0.4736726640625 0.5968173343750001 0.4787364828125 0.5754651015625 0.484691103125 0.5644984156249999 0.4883708859375 0.5186363453125 0.4868911921875 0.47626346406250003 0.4895642171875 0.44195832656249995 0.4890424125 0.42701576875 0.48746512500000005 0.417080075 0.46670763437499996 0.3671176125 0.46459422031250003 0.35196851093750003 0.4594706125 0.3413611359375 0.454218465625 0.311949096875 0.45143844843750003 0.3230821578125
0 0.147372034375 0.61260706875 0.15028358125000002 0.605240484375 0.151213240625 0.58649128125 0.15621129218750002 0.563255809375 0.15400222187499998 0.5302436671875 0.158964403125 0.521104759375 0.157179809375 0.51537185625 0.1610837953125 0.5061774921875 0.15954431875 0.4872988859375 0.15524738124999998 0.4870736921875 0.15099800000000002 0.504709021875 0.1463676234375 0.5082259390625 0.134132546875 0.5057049328125001 0.12805481875 0.485648590625 0.11473110625 0.48495032499999996 0.113963953125 0.48772980937500005 0.10073345 0.50207476875 0.10390506875000001 0.5172793265625 0.0999263578125 0.5697050046875 0.106335353125 0.6019973609375 0.11159049218749999 0.6163712140625 0.1127772328125 0.6352313359374999 0.11677687343750001 0.6439000140625 0.1165078453125 0.6664434265625 0.123416046875 0.6827837078125001 0.129594865625 0.7084847265625001 0.130172309375 0.7086602390625 0.13414240156249999 0.7088683015624999 0.1410049015625 0.7025034265625 0.1473570984375 0.6877979875 0.1489174921875 0.6568631890625001 0.1464722671875 0.6473360765625 0.14984715312500002 0.638113984375 0.147372034375 0.61260706875