0 0.8262307078125 0.09131496875 0.8344160796875 0.1257960078125 0.8393879546875 0.13453547187499998 0.8464020265625001 0.1585348234375 0.847303221875 0.1756452984375 0.8440868625 0.2153530046875 0.844533871875 0.228483803125 0.8845358718749999 0.230113759375 0.8899170062499999 0.20204376875 0.9018892359375 0.19589180625 0.9082088546874999 0.18090392500000002 0.9088782468750001 0.16447589375 0.9088289968750001 0.15633581875 0.8980998109374999 0.11890550156249999 0.8961596578125001 0.061913928124999996 0.8885723249999999 0.0362065484375 0.8453488453125001 0.0344453265625 0.83791083125 0.06618026406250001 0.8262307078125 0.09131496875
0 0.36984369375 0.06637903125 0.3750993875 0.1073804890625 0.3794621734375 0.1179922203125 0.3816890125 0.14179650625 0.37700095624999996 0.16531903125 0.37964395156249997 0.1919859 0.3950931765625 0.22738653437499998 0.39971488437499997 0.2275748546875 0.4213785453125 0.226885421875 0.41770201562500003 0.21250748593750002 0.42102584375 0.183238121875 0.43858732656250005 0.170674109375 0.442584071875 0.16192585937499998 0.4429697265625 0.1524612046875 0.4373471453125 0.14880711093750001 0.4345955375 0.1378816125 0.43387470156249996 0.0509657984375 0.4288429609375 0.0174740109375 0.3792910296875 0.015454925 0.37499478124999996 0.0314928703125 0.36984369375 0.06637903125
0 0 0.10799150312500001 0.011221275 0.108448734375 0.045027942187499996 0.10660122968750001 0.0544326171875 0.1085828359375 0.0765813765625 0.10042776093750001 0.1089517359375 0.09748436875 0.119736859375 0.0888662625 0.13100125625 0.0882729734375 0.13100969375 0.08806590625 0.12488351093750001 0.0789528078125 0.11556553124999999 0.07484354374999999 0.1138449828125 0.07051105156250001 0.0886235828125 0.060958590624999996 0.06404571718749999 0.0588915234375 0.052038546875 0.0509430953125 0.0397929625 0.0488457328125 0.023629454687500002 0.0497855140625 0 0.0385278359375 0 0.10799150312500001
0 0.41832934218749995 0.155048884375 0.40331996718749996 0.15728292500000002 0.390391375 0.173829878125 0.39504626875 0.203424353125 0.37749850625 0.2548791453125 0.374599125 0.27373184375 0.3750592921875 0.3278174828125 0.388572103125 0.34923601406250004 0.3957019328125 0.37039445312499997 0.396560240625 0.399606678125 0.4000140375 0.39974740937500003 0.4038267078125 0.38021093125 0.42347726406249997 0.3686805859375 0.44133371875 0.30965003593749996 0.44164240781249997 0.3020742796875 0.4516896359375 0.2841507734375 0.4521154125 0.273701453125 0.4429240359375 0.25754503125 0.4361883578125 0.21363764375 0.43015265312500006 0.204854828125 0.42850460625000003 0.16684599687499999 0.4245965625 0.1581498796875 0.41832934218749995 0.155048884375
0 0.8958454234375001 0.1651236796875 0.8642781749999999 0.1638374125 0.8413661843750001 0.241632803125 0.8518115515625 0.246801128125 0.8523351765625 0.260102053125 0.8499374171875 0.2666441453125 0.8511858859375 0.27523189531250003 0.848217621875 0.28269928125 0.8473604375000001 0.3168118640625 0.86288515 0.341157996875 0.8686507515624999 0.3565695984375 0.872627678125 0.376651028125 0.8767477625 0.38474074687500004 0.8780780734375 0.384794953125 0.8879760375 0.379173509375 0.8958335749999999 0.330169496875 0.9027181734375 0.318118978125 0.9151837328125 0.312935659375 0.91709105 0.3086107125 0.917429390625 0.30030726093750004 0.91382779375 0.2939095703125 0.9091728984375 0.264315096875 0.9000008703125 0.22789677031250002 0.905868515625 0.20157668437499998 0.9000257421875 0.188059021875 0.8958454234375001 0.1651236796875
0 0.0333756015625 0.3293704484375 0.0540534953125 0.3465232421875 0.059548228125000005 0.3467471359375 0.0662688625 0.34588741875 0.080677440625 0.33224639218749996 0.075135065625 0.3244322234375 0.0781419140625 0.3160178640625 0.0791534421875 0.278117403125 0.08859014531250001 0.2557369109375 0.0948739453125 0.23227940781249998 0.0943503203125 0.2189784859375 0.09943118906250001 0.210085140625 0.0998712984375 0.1992840671875 0.033038115624999996 0.1965608234375 0.0374877296875 0.25460319062500003 0.037595196875 0.26504153124999996 0.0343568328125 0.2791377078125 0.03993779375 0.2860049078125 0.0333756015625 0.3293704484375
0 0 0.97959006875 0.0181660265625 0.979423603125 0.0248124546875 0.9870203953125 0.0289949140625 0.9871908171875001 0.042592174999999996 0.9852140734375 0.0512666203125 0.9818379453125001 0.06923736875 0.98310299375 0.0826900109375 0.9788559625 0.091537846875 0.9712245156250001 0.09922197187500001 0.9688736312499999 0.12003363125 0.9702544375000001 0.1353585390625 0.966616496875 0.14696058750000002 0.9612284656250001 0.1521072390625 0.9513150125 0.15785407812500002 0.9499507828124999 0.16243721093750002 0.9538671171875001 0.19498096250000002 0.94666840625 0.2037204296875 0.9416965312500001 0.2207008609375 0.943986825 0.22300334843749997 0.941603134375 0.22378415000000002 0.9224409015624999 0.22163283749999999 0.9211144843750001 0.21571260625000002 0.9267340328125 0.2041972546875 0.9299944046874999 0.1973300515625 0.9355753671875 0.184029128125 0.9360989906249999 0.166680240625 0.94285125 0.156176878125 0.9445544625 0.1299434875 0.9365591578125001 0.12161582343749999 0.93142465 0.045041321875 0.9251076906250001 0.0384992296875 0.9227099296875 0.0090998234375 0.9225775890625 0 0.920052978125 0 0.97959006875
0 0.41410543437499997 0.47464742031249996 0.4078382125 0.4715464265625 0.3972385015625 0.470165978125 0.3869006015625 0.47543599375 0.3797376125 0.50739455 0.3652987390625 0.50870329375 0.370347784375 0.5155488218750001 0.375650353125 0.5423240609375 0.3678782765625 0.57615488125 0.37356670625 0.5934604234374999 0.37221619375000004 0.6266043640625 0.36886207031249996 0.643541446875 0.3719295109375 0.6597916484375 0.37229879375 0.6768804515625 0.37878095 0.7008581296874999 0.3751650125 0.7111447531249999 0.3780092296875 0.7197975234375 0.3761350921875 0.7396405374999999 0.3685339390625 0.7431249828125 0.3681866640625 0.7516477109374999 0.3696072953125 0.7522197265624999 0.3709775796875 0.7522755609375 0.3737759140625 0.7452356609375 0.3815699984375 0.73701636875 0.3858639046875 0.7362427890625 0.388416009375 0.72591281875 0.39473010625 0.71478759375 0.40442033281249995 0.712336815625 0.4122144171875 0.704117521875 0.42078022031250006 0.6769588343749999 0.427458171875 0.6307523828125 0.43949672968750003 0.6217962874999999 0.44043457343750003 0.59877993125 0.4292882953125 0.559686309375 0.4294895171875 0.5416722125 0.4224671546875 0.5309521109374999 0.42274554843749995 0.511044071875 0.417897721875 0.4861844484375 0.41410543437499997 0.47464742031249996
0 0.027686046875 0.768111075 0.0285486546875 0.7861685203125 0.0391703734375 0.813160496875 0.037227353125 0.821618203125 0.0401707484375 0.8539885625 0.0458591765625 0.8712941031250001 0.051763053125 0.8769968578125 0.0556166 0.8771538781249999 0.06694284218749999 0.87689590625 0.07732761875000001 0.8573996718749999 0.082192025 0.8557007984375 0.079309221875 0.847994996875 0.08178415781250001 0.839558965625 0.0799651859375 0.8318965125 0.08251729375 0.821566540625 0.0761123078125 0.7956949265625 0.084931634375 0.78846595 0.08877908749999999 0.7724975093750001 0.0903997015625 0.73272478125 0.094117809375 0.724586421875 0.09474421250000001 0.7092134046874999 0.0946716 0.706339671875 0.091102046875 0.697657346875 0.027115103125 0.6950500796875 0.028011314062499997 0.7339768171875 0.029791699999999997 0.7425862390625 0.027686046875 0.768111075
0 0.4024395546875 0.75381636875 0.40417306249999996 0.7766520109374999 0.40283084062499996 0.7965167 0.4053277796875 0.8136921984375001 0.41651999999999995 0.8397588796875001 0.405903709375 0.8649369312499999 0.41486080000000003 0.8804785765625001 0.43491092968749995 0.8983693125000001 0.43657291249999997 0.8989370359375 0.4385432140625 0.89901731875 0.44414641406250005 0.8940029203125001 0.4581085390625 0.86516703125 0.4594121765625 0.8462493125 0.46477820156250005 0.8322398312500001 0.4639073015625 0.8274616359375001 0.4670684953125 0.8152593984375001 0.46521093750000003 0.8085439140625 0.46651457343749997 0.78962619375 0.48128700625 0.74090394375 0.4809563109375 0.7228681703125 0.4885051625 0.6814399171875001 0.48250804374999995 0.6717101343749999 0.479771296875 0.6734957046875001 0.476455759375 0.6894858187499999 0.47578321562500003 0.732142803125 0.4667709609375 0.7441066265625 0.4614132234375 0.7448368578125 0.45845325 0.739024996875 0.455016528125 0.7056859921874999 0.45152464375 0.69985245625 0.4462826640625 0.6977417796875 0.4381661765625 0.6746460515625 0.4377500203125 0.67178346875 0.444518859375 0.6625738578125 0.4324216234375 0.6499178999999999 0.4321679625 0.6499075640624999 0.4259018390625 0.661815271875 0.4177824859375 0.704168821875 0.4109750609375 0.7143254031249999 0.4000666609375 0.7205207125 0.3976689 0.7270628046875001 0.4024395546875 0.75381636875
0 0.8740424828125001 0.3175978609375 0.8199805859374999 0.31539500781249996 0.8176116406249999 0.32004119062499997 0.8236004687499999 0.343050225 0.8192099484375 0.4377255203125 0.8353877578125 0.5114224453125 0.8423329468749999 0.5240364875 0.8457007890625 0.54599018125 0.8442896843750001 0.5544695609375 0.85248334375 0.5756713484375 0.858169153125 0.5796205062500001 0.859958590625 0.5796934203124999 0.8630141734375 0.5656664859375 0.86212126875 0.5352767593750001 0.865321046875 0.522127553125 0.8630087468750001 0.5134964578125001 0.863356021875 0.5049737296875 0.8663628703124999 0.496559371875 0.8656849015624999 0.48704632812500004 0.8702571984375 0.4663647125 0.869287121875 0.4378689234375 0.8708994453125 0.411375446875 0.8686726078125 0.3875711609375 0.8643098203124999 0.37695943125000003 0.8635932640625 0.3683933546875 0.86766394375 0.3600223453125 0.891908803125 0.3534219109375 0.8934735109374999 0.3504843484375 0.8936605578125001 0.3458939 0.88860984375 0.3428535265625 0.8693837359375 0.34396720625 0.867410421875 0.3400926328125 0.8670714359374999 0.33533611093750004 0.874680878125 0.3185724171875 0.8740424828125001 0.3175978609375
0 0.418181234375 1 0.42270753125000005 0.9884512593749999 0.422522890625 0.9799068578125001 0.4255683265625 0.9705455296875 0.43127333593749995 0.9612925718750001 0.43839157812499996 0.95619996875 0.439159390625 0.937356471875 0.43873672499999994 0.9350375078125 0.4265192625 0.907980509375 0.423413234375 0.892677278125 0.4188575171875 0.88680039375 0.41867287500000006 0.8782559921875001 0.398815675 0.855630409375 0.39255674375 0.8392501640625 0.3874691109375 0.8333516078125 0.38671396874999997 0.8257325015625 0.391277978125 0.8183301343749999 0.38740851875 0.8086870453125 0.3792837421875 0.7988705687500001 0.3773875984375 0.79310205625 0.3798625328125 0.7846660234375 0.3756072140625 0.7844926328125 0.3763843609375 0.8177232671875 0.382990565625 0.825580784375 0.3831366203125 0.8350721546875001 0.3801683578125 0.8425395437500001 0.378101290625 0.8671174078125 0.3667821578125 0.9226201640625 0.36631083593749997 0.9472630499999999 0.37145906093750003 0.977826165625 0.36913847187500004 0.9824743187499999 0.36210781875000003 0.98503346875 0.369400284375 0.9891247828124999 0.3741009078125 1 0.418181234375 1
0 0 0.45520664375 0.001081771875 0.4553243828125 0.0084407921875 0.46095222187499996 0.0124820765625 0.47816642812500004 0.019327684375 0.482836565625 0.0245723921875 0.483050271875 0.029397487500000003 0.4820524671875 0.0421198953125 0.47244770156250004 0.0471798515625 0.464661909375 0.07197445625 0.46140982656249996 0.0806922484375 0.45696986875 0.10806767343749998 0.46021652343749997 0.1292044421875 0.45361860781249996 0.1339176171875 0.454343453125 0.1341926953125 0.47087139999999994 0.1387108046875 0.4763834796875 0.1416167359375 0.47490349375 0.1410015546875 0.44344334218750003 0.14371743125 0.42916846406250003 0.143922840625 0.42412735625 0.12409282343750001 0.41611446250000006 0.114601453125 0.41626051718749996 0.10808103437500001 0.41333084062500003 0.09110060156250001 0.4110405453125 0.0672746421875 0.41379929843749996 0.0473666046875 0.41352090781250006 0.0087575859375 0.4066197296875 0 0.40600324062500004 0 0.45520664375
0 0.8854533234374999 1 0.8868990109375 0.9937071140624999 0.8964514734375 0.9684857156250001 0.8964718921875001 0.9682817734375 0.89746796875 0.9438362984375 0.8946959578125 0.9200385437499999 0.8874586593749999 0.8884417609374999 0.88849219375 0.876152828125 0.8933648875 0.8611747046874999 0.8931416625 0.853577271875 0.8872603015625 0.8410065796874999 0.8880237328125 0.8353464359375 0.886543746875 0.8324405046875001 0.8431483562500001 0.830672278125 0.840074221875 0.8352897265625 0.838445315625 0.8883417046875 0.833156465625 0.9004572453125 0.83653259375 0.9091316890625001 0.8356534046874999 0.9176327437499999 0.8243894390625 0.94563003125 0.8233559046875 0.9579189625 0.8245657906250001 0.96745368125 0.844161178125 0.983428803125 0.8501197093749999 0.9941055562500001 0.8511940625 1 0.8854533234374999 1
0 0.8764354578125 0.6329791124999999 0.8832428828125 0.62282253125 0.8900585968750001 0.5993867015625 0.8863517734374999 0.5726764859375 0.88005425625 0.5572432109375 0.87892154375 0.5458145515624999 0.880633046875 0.5430386640625 0.8886117718750001 0.543363771875 0.8903618578125 0.5396409156249999 0.8798861953125 0.522140309375 0.8773506687499999 0.50591178125 0.8782684453125 0.496463759375 0.873721015625 0.4773076265625 0.843667825 0.476083053125 0.83952411875 0.4797083765625 0.8331631484375001 0.5050598187500001 0.8141905625 0.5261032109375 0.8089788796875 0.5363248125 0.8326835359375 0.54298195625 0.8340477625 0.5487287953125 0.825203565625 0.5957955203124999 0.8245090156250001 0.612840975 0.842946825 0.6572251875 0.8499691875 0.6679452890625 0.8675140890625 0.6819397765625 0.8723619140625001 0.7067994015625 0.88218990625 0.7271192421875 0.8877648796875001 0.729510390625 0.8889830203125 0.7295600265625 0.88937086875 0.7200415437500001 0.880155996875 0.6985801078125 0.8781909718750001 0.6814262828125 0.869950434375 0.6744507140625 0.8703748812500001 0.664034046875 0.8764354578125 0.6329791124999999
0 0.8345469578125 0.74327591875 0.8164895124999999 0.7441385281249999 0.7743026734375 0.7552066984375 0.7410286890625 0.7570476765625 0.7362071453125 0.75898240625 0.7349133953125 0.7674544578125 0.739453178125 0.772434621875 0.74905291875 0.7696289937499999 0.75266740625 0.77403865625 0.7666118640625 0.781000425 0.8125365546875001 0.7945932703125 0.8235317343749999 0.8040988562500001 0.8435828031250001 0.8137902921875 0.8448721171875 0.8138428281250001 0.882200509375 0.807555021875 0.9101394546874999 0.796971890625 0.9243873499999999 0.79648685 0.9659022984375 0.8019080421875 0.9674463484375 0.801260559375 0.969069865625 0.7614165890625 0.967592859375 0.76041868125 0.9590701328125 0.76007140625 0.9516027453125 0.7571031421875001 0.8984640718750001 0.7576018984374999 0.8684861500000001 0.748388421875 0.8345469578125 0.74327591875
0 0.40327800312499995 0.3136993140625 0.40384021406250004 0.3260532671875 0.397672171875 0.3466698625 0.3976638828125 0.3599491125 0.39164189375 0.3900570765625 0.3855124390625 0.40972670312500004 0.37893652968749997 0.41420146406249997 0.37646159375 0.422637496875 0.3766682421875 0.45679342656250005 0.383403921875 0.500700815625 0.3814994875 0.5082115515625001 0.359605515625 0.5224961125 0.36443133437499997 0.52174420625 0.3648474921875 0.5246067890624999 0.37335812968750004 0.524953571875 0.3811439234375 0.530013528125 0.388904846875 0.5749112328125 0.3963819515625 0.5875469468750001 0.3989947203125 0.589082278125 0.40402640625 0.589287303125 0.4048540046875 0.5888407 0.411592546875 0.567298809375 0.418438559375 0.556195259375 0.4256484234375 0.5100104828124999 0.42738479687500003 0.467396846875 0.43325837656250005 0.429204959375 0.4335871078125 0.42113733125 0.43247529374999993 0.407846125 0.4153328328125 0.357823440625 0.4143544640625 0.342606903125 0.4099916765625 0.3319951734375 0.40693252500000004 0.302465721875 0.40327800312499995 0.3136993140625
0 0.08853045625 0.5235097453125 0.08425313281249999 0.49772482656249994 0.080568315625 0.4966261390625 0.0722809015625 0.5038767890625 0.0647486328125 0.5187465437500001 0.06081571718749999 0.549888175 0.0625575171875 0.5594445671875 0.0584482515625 0.568762546875 0.059002171874999995 0.59439575 0.05550199375 0.6018414640625 0.053134528125000004 0.6207158359375 0.046318814062500005 0.644151665625 0.046032131250000004 0.6773389546875 0.0403271234375 0.6865919125 0.0415874609375 0.691901115625 0.096187553125 0.6941258984374999 0.095607684375 0.6897929640625 0.1019276640625 0.6481493687500001 0.10268872343749999 0.6294716328125001 0.09961234531249999 0.604587365625 0.095403903125 0.59018775625 0.0956437078125 0.5712266875 0.092267578125 0.5625522421875 0.09425747343749999 0.53986831875 0.08853045625 0.5235097453125