0 0.8798119625 0.0874725421875 0.8792483656250001 0.103284921875 0.873091915625 0.12502760156249998 0.86859384375 0.1327619921875 0.8620747359375001 0.161659790625 0.8623199203125 0.1658694390625 0.8728216515625 0.18835797031249998 0.881871896875 0.2247961375 0.9031336953125001 0.24149783593750002 0.9084035546875 0.272503515625 0.9146641015625001 0.27803706250000004 0.9170415375 0.2763744515625 0.9177916265625001 0.22977872187499998 0.927248640625 0.196733890625 0.9281352328124999 0.14398553281249998 0.9375408843749999 0.11005886875 0.9373002843749999 0.08893527031250001 0.9304234046875001 0.0728197125 0.9191511796875 0.066202215625 0.913150009375 0.0372080109375 0.876413175 0.0357111 0.87616670625 0.05037486875 0.8798119625 0.0874725421875
0 1 0.571366 0.994025434375 0.5713325296875 0.9897318265624999 0.573136996875 0.9558465500000001 0.56532316875 0.874839409375 0.55806354375 0.8646131562500001 0.5546777281249999 0.860739134375 0.54858161875 0.853684459375 0.5482941625 0.84421540625 0.5518671656249999 0.832794225 0.5672371328125 0.8055729265625 0.56810736875 0.792114290625 0.5636001359375 0.791774959375 0.5872279765624999 0.7918116000000001 0.587857071875 0.8253186234375001 0.6050363265625001 0.8502122140624999 0.6095146437500001 0.8720558374999999 0.606940721875 0.8942750359374999 0.6108152125 0.9042352250000001 0.6156747484375 0.942529675 0.6236682390625 0.97495530625 0.6215254984375 0.99671225625 0.61746348125 1 0.6183059078124999 1 0.571366
0 1 0.9190717984375001 0.9879406203125001 0.917000290625 0.96716729375 0.9077413156249999 0.9584356234375001 0.9088700921875 0.916758290625 0.9032130328125 0.901029728125 0.9050464171874999 0.8853511562499999 0.9012047546874999 0.8826916499999999 0.9010963890625 0.8579065234375 0.9047738453124999 0.8496948828124999 0.914831190625 0.8467727140625 0.9159442578125001 0.8494662453125 0.9621903953125001 0.8659270140625001 0.966957471875 0.8741524265624999 0.9722411765625001 0.886642559375 0.9752243843749999 0.8998700718749999 0.9757633640625001 0.9394232765625 0.960055125 0.9545011296875 0.9621540640624999 0.965878303125 0.961133084375 0.9769376796874999 0.9546557546875001 0.9998075875 0.9545979250000001 1 0.9545405125 1 0.9190717984375001
0 0.728175090625 0.4621421203125 0.7272533390625 0.49729421875 0.7217632078125 0.5049881843749999 0.7161893046875 0.5452291703125 0.7089923953125 0.5576041953125 0.709815253125 0.57173210625 0.718107240625 0.5866551656250001 0.718518128125 0.5937098390625 0.7361387921875 0.6498515375 0.7546636265625 0.6620430046875 0.758769759375 0.6815646265625 0.76174595 0.681685896875 0.762086525 0.6535480484375 0.768397059375 0.6344508734375001 0.7806599750000001 0.6155962359375 0.78021255625 0.5654327453125 0.777201209375 0.547715215625 0.759991434375 0.49862819375 0.7638555921875 0.47151366093749997 0.751522365625 0.455175775 0.740236784375 0.45259492031250004 0.736340875 0.452436175 0.7316810953124999 0.45436730625 0.728175090625 0.4621421203125
0 0.7201428578125 0.05192680937500001 0.7149095296875 0.0640299484375 0.7208119234375 0.0889032109375 0.71284300625 0.1220086765625 0.7089788484375 0.1491232078125 0.7043731140625 0.1571331265625 0.7044631625 0.15867920468750002 0.7080219421875 0.1666790453125 0.7197388375 0.17243492031250002 0.7263589109375 0.18414130625 0.73448603125 0.230219015625 0.7447661937500001 0.2367960890625 0.7487682296875 0.22904148750000003 0.752153934375 0.210704875 0.757284540625 0.19683806875 0.7713775 0.1754187765625 0.770024534375 0.14369295625 0.7671334890625 0.136537225 0.7681593359375001 0.1286613515625 0.76581568125 0.1224076640625 0.766088690625 0.110102409375 0.7757525203125 0.1060974734375 0.7526541421874999 0.03066830625 0.7240015671875 0.029500803125000002 0.72381915 0.030083071875 0.7201428578125 0.05192680937500001
0 0.7878252265625 1 0.7903224828125001 0.955882175 0.7837024109375 0.9441757875000001 0.78397541875 0.9318705312500001 0.777731078125 0.909622559375 0.7685619046875 0.8881351499999999 0.7670034968749999 0.85288199375 0.7640610890625 0.8448444265624999 0.7691065499999999 0.8380120828125 0.7554393109374999 0.8242590640625 0.74580749375 0.8222555703125 0.7447332765625 0.8222118 0.7250110859375 0.8370950718750001 0.731837978125 0.87784135 0.7267411546875 0.8837918625000001 0.7299917296875 0.8971204328125 0.73006066875 0.9068003984375 0.7267966359375 0.9612113671875001 0.7250264046875 0.9667145921875001 0.7253272515625 0.97187994375 0.727225103125 0.9770641703124999 0.734922384375 0.9817765171874999 0.7392937328125 1 0.7878252265625 1
0 0.080731553125 0.8591088796875 0.0879306796875 0.86187649375 0.0963005453125 0.8696403593750001 0.10890624062500001 0.8746076921875 0.1256322 0.8747943687499999 0.133770940625 0.8785899781250001 0.1498173 0.8822129453124999 0.156438615625 0.8750599250000001 0.1962367171875 0.878660990625 0.21102566562499997 0.8757996125 0.2198440078125 0.8761589328125 0.252991903125 0.8864169875 0.277841103125 0.8901331109375 0.27678043125 0.8719220921874999 0.26609008125 0.8696307890625 0.24796225624999998 0.860479609375 0.24508563125 0.8564035593750001 0.2508540015625 0.8497106375 0.22344558750000001 0.83226363125 0.21089767343750002 0.8282883625 0.198147528125 0.8208408687500001 0.1848333421875 0.8188137937500001 0.1639582265625 0.8229117421875 0.136563584375 0.8208057890625 0.1305063078125 0.822538390625 0.0592510796875 0.8226040906250001 0.051574587500000005 0.8267449890625 0.04819645 0.827501078125 0.0498070671875 0.8551543265625 0.061360090624999995 0.8588144078125 0.080731553125 0.8591088796875
0 0.4183414515625 0.42424404375 0.414989528125 0.43466436093749994 0.41086856562499996 0.45736972187499997 0.4114511140625 0.475868028125 0.405071640625 0.4852852375 0.40555146875 0.5020198796875001 0.3947254796875 0.5412974484374999 0.3955203859375 0.5549454640625 0.39698517031249997 0.5588540203125001 0.4084114796875 0.568117021875 0.41539245312500006 0.6115088015625 0.423826365625 0.6373649609375 0.43123306093749997 0.64558443125 0.4403157140625 0.6485937453124999 0.4463883953125 0.6593980859374999 0.44893749375 0.6691791078125 0.45295710937500006 0.6702226359375001 0.4603638015625 0.6784421093749999 0.46325484843750003 0.6855978406250001 0.4656836453125 0.6848170671875 0.46522139687499997 0.6768805578125 0.458071509375 0.6730702578125001 0.4560008640625 0.6545113140625001 0.45851480625 0.6466960765625 0.45497364375 0.63687463125 0.46063406562500003 0.615111740625 0.4607016296875 0.5992791453125 0.46330071562499997 0.5844294484375 0.459896059375 0.5684553718750001 0.4580984234375 0.537591175 0.4631263078125 0.5219606999999999 0.45532492968750005 0.48997212812499996 0.45983920312500004 0.4655233109375 0.46443999375 0.459552590625 0.45094441406249997 0.457243203125 0.44374179218750004 0.427038509375 0.434097734375 0.4214152078125 0.4334692828125 0.4213896015625 0.42413975 0.42184108125 0.4183414515625 0.42424404375
0 0.256211215625 0.8622164421875 0.241393378125 0.8645817890625 0.23480095156249997 0.8722308406250001 0.2105869609375 0.8643162312499999 0.20100234687500002 0.8659051078125 0.1938321109375 0.8636335234375 0.186011165625 0.8652942640625 0.1787831484375 0.8620306187500001 0.1772794953125 0.8664230406250001 0.15928100625 0.8745970375000001 0.1592159671875 0.8869564625 0.1593094109375 0.8885608265625 0.1648458 0.8946179687500001 0.181065503125 0.9012171265625 0.21127898906250003 0.906407065625 0.219128825 0.9052423578125 0.244455778125 0.9171611531250001 0.2612972984375 0.9193319546875 0.2850490421875 0.9193100578125 0.2931011109375 0.9216175703125 0.33204626875 0.9256787375 0.338161328125 0.9249382 0.3818925796875 0.9054413640625001 0.39001754843750003 0.8938959234375 0.3944122734375 0.8938275656249999 0.393630784375 0.8804099093750001 0.3836287015625 0.8748311265625001 0.3748970296875 0.8759598984375 0.36675828906249996 0.8721642890625001 0.357997728125 0.872797034375 0.327726459375 0.8666150296874999 0.31776626874999997 0.8617554921874999 0.30522548125000004 0.8604197359375 0.3023227578125 0.8603014578125 0.29324825312499997 0.8637255859374999 0.256211215625 0.8622164421875
0 0.3106544578125 0.468428859375 0.2654924515625 0.47846515468749995 0.24788465781250002 0.47824254687499995 0.24159625624999997 0.476006896875 0.2302768640625 0.47801994062500003 0.22580991093749997 0.476848215625 0.2128424109375 0.48077352187500005 0.19523461875 0.48055091250000004 0.1685911328125 0.49134178593750005 0.16448435 0.49566950312499997 0.1647158953125 0.49964499062499995 0.1816728484375 0.5195866796875 0.196302225 0.529090159375 0.21959171875 0.5211317546875 0.2440657265625 0.533510646875 0.2601120859375 0.537133615625 0.2786017140625 0.5373921562499999 0.2999101875 0.5407346796875 0.32491934218749996 0.5471971265625 0.33097661718750004 0.5454645203124999 0.336571646875 0.5357954109375 0.3459251359375 0.53023828125 0.385260990625 0.5259028390625 0.39640703906249997 0.520913609375 0.384249821875 0.508541728125 0.375778165625 0.514134790625 0.373103771875 0.5135309640625 0.351448609375 0.5042360546875 0.3493960375 0.4992038734375 0.343902796875 0.495516059375 0.312778584375 0.48979415312499996 0.30731423593749996 0.486602371875 0.3079071640625 0.4816779859375 0.318908759375 0.47420859374999996 0.35864908125 0.47681760000000006 0.3734958109375 0.4749482828125 0.3751150265625 0.47253999062499996 0.3670807734375 0.4670070234375 0.360770359375 0.46674989375 0.3274670890625 0.47010362812500006 0.3106544578125 0.468428859375
0 0.5619303984374999 0.0413907234375 0.561691171875 0.0457796828125 0.5599124875 0.049226171875 0.5419526234375 0.04673488125 0.5360097984375 0.049842514062499996 0.5360571265625 0.050655103125 0.539045371875 0.0562935765625 0.5617776890624999 0.064257778125 0.5657121593750001 0.072335765625 0.5651823453125 0.0802318515625 0.56128303125 0.0897501234375 0.5595908656249999 0.11167470937499999 0.5615250046875 0.1363862765625 0.5610817078125 0.16276045781249998 0.565683871875 0.182302290625 0.5652054203125 0.1910802109375 0.5681478249999999 0.199117778125 0.5686100749999999 0.20705428593750003 0.5665921671875 0.2148897359375 0.5697913765625 0.227336471875 0.569450803125 0.2554743203125 0.5727527359375 0.26968472656250003 0.5794403765625 0.2655585203125 0.5867429734375 0.2465017671875 0.5852886625 0.23852483593749998 0.5880756125 0.2184043421875 0.594352365625 0.2072234625 0.6082547109374999 0.1400498515625 0.6026225796875 0.0518462171875 0.6078383281249999 0.030944948437499998 0.605438 0.0262285 0.5552824281250001 0.0241848171875 0.5545574875 0.02525495625 0.5619303984374999 0.0413907234375
0 0.0413443296875 0.506485775 0.0469242421875 0.511661684375 0.062291 0.518720940625 0.08369991875 0.5388926140625 0.0916653171875 0.539712034375 0.0972163375 0.5443919109375 0.1115279203125 0.5484390453125 0.13694154218750001 0.5618459359375 0.145875446875 0.5641893828125 0.1555756234375 0.564584634375 0.1612862125 0.55689965 0.16981565 0.552298653125 0.1784895390625 0.5501778140625 0.1864549375 0.5509972328125 0.19768765625 0.5474960953125 0.2091226109375 0.5474671796874999 0.2163217375 0.55023479375 0.2277566921875 0.550205878125 0.23316325937500001 0.552405596875 0.234753584375 0.5495012703125 0.26295850625 0.535310040625 0.2695660484375 0.5128159703125 0.24697127187499998 0.5024930671875001 0.2296523859375 0.507230775 0.1989037484375 0.5079572828125001 0.186211384375 0.5015018546875 0.1827991390625 0.495350334375 0.18195655156249999 0.49531600156250005 0.180009653125 0.5007542984375 0.1757160453125 0.5025587671875 0.1471506625 0.4954565609375 0.1241940828125 0.494026296875 0.0726570046875 0.50033885 0.0497870953125 0.50039668125 0.042876873437500004 0.502589384375 0.034029640625 0.5017340328125 0.028954721875 0.4971333828125 0.0295713375 0.50772026875 0.034231875 0.5052062546875 0.0413443296875 0.506485775
0 0.630440865625 1 0.6342269625 0.9659743093750001 0.6312831828125 0.9324241859375 0.6242170640625 0.896066865625 0.6236345140624999 0.8775685578125 0.6258227109375001 0.8556641828125 0.6234101187500001 0.8397305328125 0.6205704328125 0.833456634375 0.6205528546875 0.8246585046874999 0.6128689984375 0.8059272 0.6061994125 0.805655434375 0.5947754078124999 0.806893065625 0.566347546875 0.8040315953125001 0.565378325 0.8039921031249999 0.5640728 0.8065217734375001 0.569289925 0.8111330609375 0.58471826875 0.8126414578125001 0.58547110625 0.81707084375 0.579656603125 0.8361882312500001 0.5831302 0.8618422718750001 0.5791281625 0.8695968734375 0.5764952937500001 0.89236286875 0.5693116218750001 0.8964688625000001 0.5605547125 0.9075486843749999 0.5597176796875 0.9118692953125 0.560008896875 0.9168692984375 0.5644554 0.9235429703125 0.5805852203125 0.92859891875 0.585956428125 0.9358557093750001 0.5924075875 0.9871435765625 0.5969938 1 0.630440865625 1
0 0.09957443125 0.0137606203125 0.09428974375 0.024981925 0.0942046 0.0320163859375 0.09899463124999999 0.046287428125 0.1001583546875 0.057771484375 0.093916759375 0.086548625 0.091926575 0.1063301359375 0.09344270625 0.1323610859375 0.102387203125 0.15551359843749998 0.10888835 0.18217074375 0.11321612968749999 0.188505278125 0.1250871109375 0.19690665624999998 0.127806496875 0.1926187546875 0.13377508124999998 0.17614686875000002 0.136716115625 0.158671878125 0.142103525 0.14921424218749998 0.1601309546875 0.13587294218749998 0.161105440625 0.127115234375 0.15994171562499998 0.11563117812499998 0.1489762828125 0.08879212812500001 0.148018003125 0.080835409375 0.1510279765625 0.0730403828125 0.145895996875 0.061394634375 0.1435158125 0.012032128125 0.14042038750000002 0.007280484375 0.1002188875 0.0056423984375 0.098770234375 0.008449403125000001 0.09957443125 0.0137606203125
0 0.44961065468749994 0.0475482640625 0.44326358906249996 0.0235366234375 0.4388947328125 0.019442381249999998 0.411400915625 0.0183220953125 0.407379015625 0.036150303125 0.4083886578125 0.04498885625 0.406285603125 0.059858765625 0.3967934359375 0.075307334375 0.398486975 0.078895309375 0.40592744999999997 0.0791984859375 0.40756962812499997 0.081904621875 0.406697865625 0.0924259984375 0.401071228125 0.10627259375 0.39804505 0.13078204375 0.40478542500000003 0.153050228125 0.41130277812499993 0.1629929453125 0.41746197656249995 0.19227538125000002 0.41802694687499997 0.20197555781249998 0.4104499671875 0.2078250109375 0.40889430468750004 0.223596965625 0.39934074062499997 0.2458505109375 0.3995159828125 0.24885929375 0.40066858281249995 0.2522932625 0.40745894375 0.24993072187499998 0.416300996875 0.23181643749999997 0.4204219625 0.209111078125 0.4365679875 0.19745259843750002 0.44294746093750004 0.18803538749999998 0.4594340609375 0.1482390578125 0.4585095625 0.1323660421875 0.4494931015625 0.08801158125 0.4506730296875 0.0827812109375 0.4722093390625 0.0784946625 0.47214145781249994 0.077329175 0.46765703593749997 0.06851765 0.44961065468749994 0.0475482640625
0 0.2266494703125 0.0970334515625 0.177122303125 0.0925411 0.17021208125 0.0947338046875 0.162275571875 0.094410415625 0.15839587187499998 0.0967367328125 0.160394409375 0.131050296875 0.16452903593749998 0.13310089218750001 0.20312750781250002 0.1312096765625 0.21641280156249998 0.1327407203125 0.2426215859375 0.144695446875 0.2783283140625 0.153573203125 0.2972375265625 0.145931165625 0.30732839843750004 0.1379298109375 0.3499026828125 0.12877777968749998 0.362783509375 0.12336437812500001 0.366079721875 0.119539853125 0.37507140781250004 0.1228753625 0.37922056249999997 0.1185907375 0.37787648125 0.1106182984375 0.373351746875 0.1084545109375 0.34231420625000003 0.10422070000000001 0.3028201265625 0.09073493125 0.2976429171875 0.0900676109375 0.276615603125 0.0892108125 0.2544348078125 0.09074279843750001 0.2266494703125 0.0970334515625
0 0.576182365625 0.44815493125000005 0.5696677625000001 0.4892373265625 0.562484090625 0.493343321875 0.5545475828125 0.493019934375 0.5542056328125 0.49564522499999997 0.55101959375 0.494894696875 0.5510589125 0.49556978906250004 0.5703530328124999 0.5094993031249999 0.5722520156249999 0.5166146125 0.5666781140625 0.556855596875 0.5670390140625 0.58854099375 0.5694853890625 0.5965583484375 0.575694575 0.6012100625000001 0.5817334734374999 0.6199306984375 0.5878413109375 0.6483312953125 0.588064334375 0.660656765625 0.59415459375 0.6802592359374999 0.5938302234374999 0.69168265625 0.5974227437499999 0.7023859359375 0.5997988078125001 0.6752107703125 0.6036981234375001 0.6656925 0.6043644421875001 0.6516437859375 0.6195508140625 0.60651603125 0.62061044375 0.5907238625 0.6138349125 0.550859415625 0.6115236687500001 0.5111768765625 0.6040466609374999 0.46776488125000004 0.5974779484375 0.4569403328125 0.590840296875 0.4364358140625 0.589370596875 0.43553605156249997 0.5860867125 0.43540224375000003 0.58295515 0.4369942625 0.576182365625 0.44815493125000005
0 0.43383763125 0.8045787328125 0.43606235781249997 0.8257831765624999 0.433052384375 0.8335782015625 0.43358357343750004 0.851194675 0.4298897015625 0.8642402828125 0.42736667656250005 0.88761778125 0.4283042953125 0.9037160500000001 0.435008221875 0.9436255734375001 0.43334984062500004 0.9576338625 0.4470684421875 0.9722687156250001 0.45060960312500004 0.9820901624999999 0.45825552187499996 0.9859206765625 0.46449711875000005 0.957143534375 0.4758031265625 0.9558447359375 0.48047285625 0.959553978125 0.4901042765625 0.9889778953125001 0.4882566546875 0.9827444203125 0.49008669843749997 0.9801797640625001 0.48984609843750004 0.9590561671875 0.485364234375 0.95007613125 0.4865441625 0.9448457609375 0.4810702359375 0.9358253015625 0.48026466562500003 0.9050015265625 0.473524290625 0.88273334375 0.471008975 0.8650360234375001 0.467621896875 0.8578600796875 0.4677232453125 0.8341111906249999 0.4637374140625 0.8251513656249999 0.46520792968749997 0.8164138703124999 0.46103285937500005 0.787212284375 0.45376267031250006 0.7728401828125 0.44692339687500005 0.76643080625 0.442486309375 0.766250009375 0.43891687343749997 0.789830090625 0.43383763125 0.8045787328125