0 0.7501755890624999 0.013091379687499998 0.7847149546875001 0.017176765625 0.802598803125 0.0400325375 0.843077928125 0.048036921875 0.8671067953125 0.05816788125 0.873698803125 0.0582062328125 0.9052145625 0.0495082625 0.9140580171874999 0.044010509375 0.938664421875 0.0358298625 0.956406215625 0.034268321875 0.9978360203125 0.0361741125 0.9986138468749999 0.036120256249999996 0.9984375 0.0058087390625 0.7456777015625 0.0043382265625 0.7442196875 0.006397687500000001 0.7501755890624999 0.013091379687499998
0 0.37627974218750004 0.04910906875 0.38133730625 0.05998625 0.3848103765625 0.08466045312500001 0.38106924062499997 0.10929268750000001 0.3851144640625 0.1369286984375 0.40265664218749997 0.1726493234375 0.4150652859375 0.1727215140625 0.42910992031250006 0.1717840921875 0.429087025 0.1678486765625 0.42573975624999993 0.156888246875 0.42778165156250003 0.1263291703125 0.4288406953125 0.125508221875 0.428125 0.0024907578125 0.3692732359375 0.00214836875 0.36881882187500004 0.006660784375000001 0.37627974218750004 0.04910906875
0 0.0400293328125 0.025771140625 0.044663918749999997 0.059327542187500006 0.0541609921875 0.070230553125 0.055134078125 0.0800055640625 0.058149196874999996 0.0800231046875 0.064733521875 0.0752228609375 0.0685607203125 0.065383528125 0.07298875625 0.0634369703125 0.0814660765625 0.0376131828125 0.08125 0.0004726984375 0.030929029687499998 0.0001799390625 0.0304634078125 0.003033809375 0.0400293328125 0.025771140625
0 0.41934086875 0.10868001093749999 0.3994376546875 0.12138429531249999 0.3837058875 0.1834208484375 0.3837517875 0.19131039375 0.37332843437499996 0.2119591109375 0.373374334375 0.21984865625 0.38457638906249997 0.23766470625 0.3937193375 0.2830812546875 0.4004302421875 0.2919957359375 0.4039893765625 0.33146283906249996 0.40848052656249995 0.340364409375 0.4144056359375 0.34302441250000004 0.4169037453125 0.3430389453125 0.43067808437500005 0.3404935515625 0.4433384046875 0.32281632656250003 0.43705621250000004 0.2922088203125 0.45283387968750005 0.23806181718750002 0.45440886562499994 0.2233139015625 0.454314096875 0.20702448125 0.45183715312499995 0.16212170312500002 0.4367275765625 0.14033828125 0.4282772671875 0.11859360156250001 0.4258739109375 0.087022503125 0.422544278125 0.0870031328125 0.41934086875 0.10868001093749999
0 0.906922565625 0.0861914875 0.8678826093750001 0.085964359375 0.8509423921874999 0.1548969984375 0.8620698593749999 0.1598925328125 0.8632600625 0.1737056984375 0.86108046875 0.1805961375 0.8627969234374999 0.18948156249999998 0.8600681281250001 0.197354965625 0.8608296171875001 0.2328611546875 0.8781761625 0.2576160703125 0.8849272296875 0.27343390625 0.8900421671875 0.29417302031250003 0.89451664375 0.302069096875 0.896698875 0.30208179375 0.906146871875 0.296239034375 0.9119528515624999 0.244992496875 0.9185375312499999 0.23221072812500002 0.9312667015624999 0.2263678234375 0.9340561734374999 0.21919637656250002 0.9340307171875001 0.2148207171875 0.9289321968750001 0.20663104375 0.9226500046874999 0.1760235359375 0.9113332015625 0.1384836234375 0.9161670015625001 0.11089926718750001 0.909427409375 0.09705381874999999 0.906922565625 0.0861914875
0 0.039219551562499996 0.256211140625 0.0338136 0.2808336890625 0.034269710937499996 0.286127196875 0.0954135359375 0.286482921875 0.0953689625 0.278821390625 0.092487953125 0.2555348875 0.0918699015625 0.24468353281250002 0.094558534375 0.22990677656249997 0.08841404375 0.22296790937500002 0.09314456875 0.1776320734375 0.0697738296875 0.1597755375 0.069554953125 0.1597742640625 0.058091615625 0.1616495828125 0.0437492640625 0.1763585421875 0.04989949375 0.1842836 0.0471764359375 0.1931431984375 0.047960875 0.2325941578125 0.039219551562499996 0.256211140625
0 0.1642044171875 1 0.163153378125 0.9945591703125001 0.15921716875 0.98566083125 0.1596630953125 0.9669263859375 0.1545883171875 0.9530906234375 0.1462125953125 0.94416645625 0.1433920015625 0.936260765625 0.143820715625 0.9145677437499999 0.139289403125 0.8987628203125 0.133116225 0.8868929890624999 0.122543696875 0.881900678125 0.1208444546875 0.875973834375 0.12470034062499999 0.8710654671875 0.11562624218749999 0.8374832375000001 0.110025215625 0.8285752140625 0.11158675625 0.81083341875 0.1082399109375 0.80785546875 0.0893719859375 0.8077456984375001 0.08772438125000001 0.8106945921875001 0.0938631359375 0.8166472656250001 0.09781655781250001 0.8285041859375 0.10396104843750001 0.8354430531249999 0.1051512515625 0.8492562156250001 0.113023671875 0.8670528953125001 0.11530654062500001 0.877913934375 0.108252984375 0.9054853765624999 0.103310171875 0.914332059375 0.10044527656249999 0.9941943453125001 0.098608821875 1 0.1642044171875 1
0 0.424444390625 0.4201568390625 0.4177679078125 0.41715951406249996 0.4066633921875 0.4161087515625 0.396153978125 0.42196456875 0.39024472499999996 0.45545962656250005 0.375272846875 0.45734484374999995 0.3808623984375 0.46428048125 0.387682315625 0.4919326375 0.3812295984375 0.5273968515624999 0.387992140625 0.5451870734375001 0.388192953125 0.5797038390625 0.385521534375 0.5974391765625 0.38950364375 0.6142270625 0.3907168 0.6319849984375 0.39862938125 0.65668503125 0.395362859375 0.6675137859375 0.39874413125 0.6764088953125 0.3977547421875 0.697112496875 0.3900085453125 0.7010120718749999 0.3900601828125 0.7098878109375 0.39053958906249997 0.7100606359375 0.3931229015625 0.7100756640625 0.395569409375 0.70301674375 0.40328691718750004 0.694186203125 0.40772069375 0.6932258375 0.40987733750000005 0.6823906281250001 0.41591281406249997 0.6705918203125 0.4258845046875 0.66769135625 0.4336020109375 0.658860815625 0.44120476875000003 0.6303064078125 0.44591807968749997 0.58201199375 0.45806936406250004 0.5722210890625 0.45953665624999995 0.567582475 0.4594516765625 0.55297593125 0.44437789062500005 0.5080410390625001 0.4437139375 0.4893001390625 0.43588167968749997 0.4784068125 0.43520625468749996 0.4576935265625 0.42895275 0.43201698593750004 0.424444390625 0.4201568390625
0 0.06582384999999999 0.7720007203125 0.06421066875 0.780866775 0.0688452578125 0.8144231749999999 0.0756078015625 0.8322133953125 0.08028638437499999 0.8363762984375 0.098212934375 0.8364805921875 0.1077024609375 0.8166215593749999 0.112685434375 0.8146782296874999 0.1093099 0.8067693109375 0.11147801875 0.7979064874999999 0.1092123609375 0.790004025 0.11136900624999999 0.7791688140625 0.1034449484375 0.7524963953125 0.11227807031249999 0.7446585046875 0.1155101671875 0.727912590625 0.11526919218750001 0.6864924734375 0.1180130609375 0.679707225 0.11800672968749999 0.6786191203125 0.0495386984375 0.678220784375 0.050364284375 0.69005950625 0.052635678124999995 0.6989481609375 0.0516807125 0.725568921875 0.053454540625000005 0.7443162796875 0.06582384999999999 0.7720007203125
0 0.43363148906250004 0.71060700625 0.42773369843750003 0.7139022140625 0.393245990625 0.7186958531250001 0.38735143125 0.722546 0.3854113296875 0.7280839140625 0.3617975765625 0.7373801765625 0.3588422234375 0.7379179031249999 0.34894154843749997 0.7312012609375 0.3361985203125 0.7444452078125 0.34905454687500004 0.7506241250000001 0.3934719875 0.7575415796875 0.40435885625 0.764263959375 0.41132678125 0.7754029015625 0.41744605625000003 0.7774023984375 0.41939865625 0.7774137578125 0.44582094687499996 0.771719140625 0.46947344218750003 0.769082146875 0.49018672968750004 0.7697575718749999 0.5079188375 0.7665312140625 0.5344718015625001 0.7539225296875001 0.5611571328125 0.7640663453125 0.5768781125 0.75416924375 0.5945036796875 0.7326299 0.59486019375 0.7314042140625 0.5948442296875001 0.7286601546875 0.589517828125 0.72316725 0.5588683515625 0.709670853125 0.53914125625 0.7090011625 0.5243192984375 0.7039206484375 0.5193947890625 0.7050018390624999 0.506558134375 0.7021525578125 0.499667696875 0.70433215 0.4799406015625 0.7036624609375 0.428581065625 0.6900455765625 0.40984984999999996 0.6910464421875 0.36806888125000004 0.6849307515625 0.366080325 0.68491918125 0.3565986390625 0.69129155625 0.35858716875 0.694077725 0.37536859843750003 0.6969499578125 0.419740840625 0.6960982671875 0.43261300937499997 0.705051878125 0.43363148906250004 0.71060700625
0 0.874563278125 0.28216569687500004 0.87562151875 0.2732964140625 0.8660613312500001 0.25154527656250003 0.8582634984374999 0.24656911093749997 0.8555806015625 0.2623320609375 0.857983959375 0.293903159375 0.8552895890625001 0.3076937234375 0.8581159218750001 0.31658560625 0.8581675593750001 0.32546134531250004 0.8554445015625 0.3343209421875 0.8566117546875001 0.34418933281249997 0.8528534078125001 0.3658629859375 0.8552452875000001 0.3954616984375 0.854851 0.42307188125 0.8583240703125 0.44774608593750004 0.863381634375 0.45862326875 0.8645431484375001 0.46750546562500006 0.8607102140625 0.4763586046875 0.8357838609374999 0.48410286718749995 0.8324943906250001 0.49098685 0.839731546875 0.49497359375 0.859697875 0.49311743437500005 0.8619405812500001 0.497075121875 0.8625242078124999 0.5020093171875 0.8606998015625 0.506552928125 0.9107305046875 0.5068439984374999 0.91070828125 0.5030239578125 0.9074168874999999 0.4924088953125 0.907398075 0.3937927953125 0.8869784859375001 0.3177396828125 0.8791347515625001 0.30487397031249996 0.874563278125 0.28216569687500004
0 0.45937340468750004 1 0.4592308671875 0.997703528125 0.4619596625 0.9898301249999999 0.4629203640625 0.96419555625 0.47201581406250004 0.9060650359375 0.4713116984375 0.8804207828124999 0.46446883124999994 0.8488238546875 0.46665989999999996 0.843905803125 0.47362740781249996 0.8410821953125 0.47362617812499996 0.8408710562499999 0.46606479843750004 0.836999221875 0.45932520625000006 0.8231537734375 0.46134414843749993 0.788649921875 0.467333728125 0.7689615703125 0.45689513281250005 0.7448205171875 0.45499980312500005 0.744809490625 0.43117089531249997 0.7529726218749999 0.414157125 0.785416915625 0.4108389671875 0.7873699296875001 0.413093146875 0.7933000046875 0.41261279531249995 0.8061172890625 0.41543339062499995 0.8140229796874999 0.41495303906250003 0.8268402625 0.41058811562499997 0.839634946875 0.4111946921875 0.8485139140625 0.408477371875 0.8583597046874999 0.40298535781249994 0.8681893515624999 0.39414649687500003 0.8750410484375 0.394209609375 0.885889175 0.396486740625 0.895764021875 0.410520865625 0.9234581484375 0.4144972375 0.939259840625 0.4195261140625 0.9452060578125 0.420132690625 0.954085025 0.441907271875 0.9768933843750001 0.44921901562500005 0.993700640625 0.45480282968749997 0.9996500875000001 0.4548540484375 1 0.45937340468750004 1
0 0.08336237656249999 0.37081063125 0.0754670078125 0.349069178125 0.075993259375 0.3441414421875 0.093190628125 0.3432553328125 0.0987113296875 0.3383566515625 0.0970293015625 0.33538838593750003 0.064299378125 0.3371702890625 0.044304364062500004 0.33409547968750003 0.03666144375 0.35574653437500003 0.03727375625 0.36561169531250004 0.034539225 0.37249890625000004 0.032977684374999996 0.3902407 0.03700569375 0.41491813281249995 0.03768111875 0.43563141875 0.032685465625 0.473611634375 0.0905807484375 0.473948459375 0.1066886265625 0.46956232968749995 0.11205293125 0.46093353437499995 0.11204854375 0.4601794859375 0.109914984375 0.45183022343749996 0.09929655468750001 0.43894836875000004 0.0909437828125 0.433968971875 0.08635509687500001 0.40830211875 0.08130900937499999 0.399397321875 0.08336237656249999 0.37081063125
0 0.8980741640625001 0.78180486875 0.88536220625 0.790606353125 0.8809628578125 0.797483878125 0.875585590625 0.827037390625 0.8668614828125 0.853612953125 0.8658606171875001 0.87234416875 0.8710386671875 0.9039314109375001 0.8801070265625001 0.9365274453125 0.8796266765625 0.9493447312500001 0.875278965625 0.9650979953125001 0.8758798046875 0.9729907703125 0.8804150937499999 0.9816515515625 0.9318971749999999 0.9819510656249999 0.9311499359375001 0.9348520859375 0.9360698 0.9220606296874999 0.9321335890625001 0.9131622890625 0.9326368921875 0.9042897796875 0.9425648531249999 0.8760285203124999 0.9424482296875001 0.8559825765625 0.941766765625 0.8520764203125 0.9205872859375 0.8361746421875 0.91386490625 0.8252877734374999 0.9093106437499999 0.8055380796874999 0.9014324859375 0.7867552078125 0.8980741640625001 0.78180486875
0 0.905224746875 0.5497309671874999 0.905121471875 0.5319794890625 0.8837698656249999 0.48649191406250003 0.8759376078125 0.47559858750000006 0.8569893578125001 0.46168211093749995 0.8507358546875 0.436005571875 0.8395165859375 0.41523094218749995 0.8317302281250001 0.41222716249999997 0.8305207343750001 0.416609584375 0.8305348374999999 0.4190337421875 0.843018346875 0.4448361125 0.8458963171875 0.462603734375 0.854815503125 0.46955874375000006 0.8548786156249999 0.48040686875 0.8500735015625001 0.5129221921875 0.8434773468750001 0.523731575 0.83751645625 0.54835089375 0.84267155625 0.5759933625 0.8499775625 0.5918144265625 0.8517112296875 0.60365843125 0.850063625 0.6066073265624999 0.841739540625 0.6065588984375 0.840097675 0.6104939859375 0.8518546671875 0.6283132640625 0.8552818390624999 0.6450979218749999 0.8547842749999999 0.6549566265625 0.8565774812500001 0.661211209375 0.8978732234375 0.6614514609375 0.901336034375 0.644379696875 0.9200719968750001 0.621807021875 0.9250033343749999 0.6109879515625 0.8999966562499999 0.604925509375 0.8982974140625 0.5989986625 0.905224746875 0.5497309671874999
0 1 0.6950452171875 0.9968474421875 0.693920446875 0.9416367578125 0.6963738421875 0.9100301468750001 0.6878661562499999 0.8745045875 0.6837750328125 0.8557766000000001 0.6853308390625 0.8124615828125 0.6983969234375 0.7779641875000001 0.70152574375 0.773046134375 0.7037168109375 0.7721115984375 0.712590096875 0.777071621875 0.7176132359375 0.7869141828124999 0.7143409765625 0.790884784375 0.7188034375 0.8057164265625 0.72554876875 0.854110925 0.7380385640625 0.8660001312500001 0.7475413765625001 0.8868296421874999 0.7566964859375 0.88964325625 0.7567128546874999 0.9271505734375 0.749006978125 0.9556791499999999 0.736964709375 0.9704655921875001 0.7359408937499999 1 0.738755225 1 0.6950452171875
0 0.38237028125 0.35421996718750004 0.3646317171875 0.35633645 0.31346589375 0.37601589999999996 0.29769648437499996 0.3775889171875 0.28687741718750004 0.38252025624999997 0.256331253125 0.3867819046875 0.2681849421875 0.3901803890625 0.2809989984375 0.3891450984375 0.3027275375 0.3948207125 0.3165310140625 0.39434610000000003 0.3481182578125 0.3995241515625 0.3688606 0.40519402812500005 0.37383031093749997 0.4118819828125 0.3827189640625 0.414153375 0.4182122375 0.412695109375 0.463525471875 0.4040800125 0.471424703125 0.4057907296875 0.48714713437499996 0.4278197546875 0.48728023593750003 0.427820528125 0.48631768906249995 0.4230799 0.4892730390625 0.422542171875 0.48922138281249994 0.41366315 0.49410392031250006 0.4053677515625 0.5403968921875 0.3956485140625 0.5531689765625 0.387399015625 0.5553362625 0.38330175 0.5553203515625 0.3805669375 0.5541035140624999 0.3785257296875 0.531385553125 0.3722894390625 0.5195124921875001 0.365561321875 0.47115673437499994 0.3597307953125 0.4267780359375 0.3594726078125 0.38237028125 0.35421996718750004
0 0.1010968609375 0.4993883375 0.09539255625000001 0.4727288328125 0.0915022484375 0.471720040625 0.0832240625 0.4795611578125 0.07610165625000001 0.49529828125 0.0735162984375 0.5278265156249999 0.07579343125 0.5377013625 0.0719662328125 0.547540696875 0.07378596093749999 0.5741776 0.0705022265625 0.5820477765625001 0.0689521625 0.6017619562500001 0.0629912703125 0.626381275 0.0638419125 0.6487869734375 0.11893392656249999 0.6491074890624999 0.12085335625 0.630789071875 0.12071815781249999 0.6075504265625 0.1165678984375 0.5833019390625 0.1114873859375 0.56847998125 0.11081769687500001 0.5487528875 0.1068814875 0.539854546875 0.10785366562500001 0.516192365625 0.1010968609375 0.4993883375