0 0.077092515625 0.1390280515625 0.0890645890625 0.1738418890625 0.0929278078125 0.222174 0.095497259375 0.22404015937500002 0.1016067171875 0.2186828734375 0.1050036625 0.18686926718750002 0.1258908875 0.17084207812500002 0.1328384359375 0.13362651875 0.142810153125 0.10950681250000001 0.14280590937499998 0.1087774234375 0.1335281671875 0.0762673375 0.1283627734375 0.06798128437499999 0.120553746875 0.0450786203125 0.1189230625 0.028658378125 0.11978183281250002 0.003653140625 0.0770135796875 0.00290661875 0.0768201 0.00424645625 0.0655982328125 0.010425159375 0.059552359374999995 0.026711404687500002 0.060703065625 0.04858719375 0.0726804359375 0.084311778125 0.077092515625 0.1390280515625
0 0.0394347390625 0.5749478640625 0.049476773437499996 0.5792168984375 0.056762748437499996 0.5793440750000001 0.0603700078125 0.573266415625 0.0707346546875 0.5703770171875 0.1541352453125 0.5677390296875 0.18870491875 0.561690103125 0.19327056250000002 0.563816671875 0.20784548749999998 0.564582796875 0.2438829796875 0.5641992546875 0.2438778625 0.563319684375 0.2405787796875 0.5559432203125 0.235096434375 0.5527772140625 0.22508715 0.5541376578125 0.21778629062500002 0.5514516265625 0.2040595859375 0.5399542125 0.20944665312500002 0.52674355625 0.21850053125 0.51769065625 0.22850087968750002 0.5147948999999999 0.22667045468749997 0.5132277921874999 0.20936626406249997 0.5129257468749999 0.192993665625 0.51622199375 0.1701952203125 0.510706859375 0.155722384375 0.508916734375 0.12445255625 0.5083709171875 0.0973533390625 0.5125057109375 0.0873619203125 0.516936778125 0.0646111140625 0.5196099750000001 0.0418216015625 0.51563015 0.01634153125 0.518767425 0.0030544218750000003 0.525010534375 0.003236159375 0.5562486703125 0.0265890078125 0.5583486390625 0.0394347390625 0.5749478640625
0 0.046809292187500004 0.9429088796875 0.0483460546875 0.942935703125 0.06490032031250001 0.9397937328125 0.08130865000000001 0.9426387343749999 0.12408993125000001 0.939291734375 0.13320633125 0.94098601875 0.1541028921875 0.9326515515624999 0.1850444640625 0.9290978875 0.1950120640625 0.9205726546875 0.2053308484375 0.91978594375 0.20532571875 0.9189043078125 0.199509228125 0.910928496875 0.1903809171875 0.9071871296875 0.1885356046875 0.9030611703125 0.1638978015625 0.894443615625 0.1402124296875 0.893006746875 0.1283310390625 0.88563529375 0.11648239687499999 0.8838933203125 0.101008634375 0.8851583796875 0.059131971875 0.8665692484375 0.045090118750000005 0.866324146875 0.0326133015625 0.8686129734374999 0.024446353125 0.8735876062499999 0.0126240625 0.8763748015624999 0.012928799999999999 0.9287545343750001 0.0202647953125 0.9374794609375 0.046809292187500004 0.9429088796875
0 0.2567879859375 0.581945234375 0.2707223640625 0.6022228546874999 0.27851549375 0.6223932796875 0.28073213125 0.651572909375 0.28380275625 0.6516265078125001 0.2867568125 0.6316436750000001 0.3051116765625 0.6201255546875 0.31961921875 0.5630075609375 0.3195768296875 0.5557215875 0.329189203125 0.53676563125 0.3291468140625 0.52947965625 0.3188160265625 0.5129075546874999 0.310383959375 0.4708702734375 0.3041950234375 0.46256635625 0.3009124578125 0.42608288437499997 0.29677060312500003 0.4178147 0.29285183593749997 0.41600751718750006 0.28540984062499997 0.41587761562500003 0.27629977499999997 0.41745738125000004 0.26462442343750003 0.4336453640625 0.27041815625 0.46197677812500004 0.25586822656249997 0.511808796875 0.253927115625 0.5299880015625 0.2567879859375 0.581945234375
0 0.26314068125 0.1306420296875 0.29134108125 0.1255053625 0.3258899125 0.115874040625 0.3514176171875 0.12092509843749999 0.3600187328125 0.11692128906249999 0.359763971875 0.0731315453125 0.311175353125 0.0601135328125 0.30996250000000003 0.060092362499999996 0.30558849375 0.069976709375 0.29284399375 0.070777690625 0.28645685625 0.068619328125 0.278269065625 0.07001156562500001 0.2709682046875 0.067325534375 0.238184296875 0.0672650078125 0.215507925 0.082732471875 0.20097170625 0.088619365625 0.18187281875 0.0928914640625 0.1739853796875 0.09720001406249999 0.1739889546875 0.0978142921875 0.18013766874999998 0.10770101875 0.22752925624999998 0.1141571484375 0.23940469062499997 0.12050506093749999 0.2449376546875 0.1323711703125 0.2540659625 0.1361125359375 0.26314068125 0.1306420296875
0 0.21987838750000002 0.8855185625 0.216271128125 0.891596225 0.20628566718750002 0.8970508328125 0.199915340625 0.89778246875 0.200023578125 0.916386840625 0.2419625921875 0.92479466875 0.24656098750000002 0.9325507171874999 0.254772596875 0.9352526453125 0.262951453125 0.9323250953125 0.31937905 0.9266577 0.3293942859375 0.9263207953125001 0.3430703765625 0.929118109375 0.3494128515625 0.9235999109374999 0.391334003125 0.928937115625 0.406808753125 0.908763521875 0.40677519999999995 0.9029962906250001 0.405718375 0.8969499109375001 0.3919797625 0.883405415625 0.3847265390625 0.88890771875 0.376514928125 0.8862057906249999 0.340088034375 0.8860816734375 0.31818247187500004 0.8775118109375001 0.29538402812500003 0.8719966765624999 0.282639528125 0.8727976578125001 0.272096309375 0.867161871875 0.2647493515625 0.8670336296875 0.2216165140625 0.8712207781249999 0.2052558234375 0.87656410625 0.19979006562499999 0.87624939375 0.19981372343749998 0.8803158265625 0.21075007812500002 0.881777196875 0.21987838750000002 0.8855185625
0 0.9905703046875001 1 0.9902709749999999 0.997402575 0.9808630546874999 0.9635441484375 0.98081006875 0.95443668125 0.9843023890625 0.9390165140625 0.9820168703125001 0.8979971765625001 0.9896510421875 0.8908451984375001 0.9864850437499999 0.8743981562500001 0.9828549625 0.8661389046875 0.9832660609375001 0.848843646875 0.9785859421875 0.8360127953125 0.970861696875 0.8276820796875001 0.968260453125 0.8203514406249999 0.9686556546875 0.8003239437499999 0.9644767125 0.7856805296875 0.9587836515625 0.7746533062500001 0.9490335140624999 0.7699298453125001 0.9474664125000001 0.7644385640625 0.9510223124999999 0.7599473609375 0.9426538296875 0.7288390421875001 0.9374884375000001 0.720552990625 0.9389283734375 0.7041863484374999 0.93674851875 0.7022188484375 0.9179953203125001 0.7018915109375 0.9169222328125001 0.7038022296875 0.922583503125 0.7093649734375 0.92622948125 0.720356465625 0.9318960484375 0.72682995625 0.93299376875 0.7395982765625 0.940253934375 0.75611678125 0.9423593015625 0.766170728125 0.9358546406249999 0.7915555109375 0.9312963921874999 0.7996718359375 0.9286549531249999 0.873388728125 0.926644959375 0.879728225 0.92783275625 0.9079792421875 0.9228422140625 0.9297478359375001 0.9244570046874999 0.9434358359375 0.9316959765625 0.9563113546875 0.9353525515625 0.9691243390625001 0.9523999406250001 0.9967415328125 0.9595276421875001 0.9904913671875001 0.963637703125 0.993295071875 0.9668524218749999 1 0.9905703046875001 1
0 0.51623538125 0.5426207140625 0.5244737875000001 0.5499285796875 0.550927128125 0.5575543875 0.5955805187500001 0.5629392828124999 0.6047534906250001 0.5743572109375 0.6111406265625 0.5765155734375 0.6220666109375 0.57619456875 0.6638805750000001 0.5631080265625 0.6811817875 0.5628983015625 0.69115831875 0.5559083796875 0.710281025 0.55573045 0.7339276906250001 0.5505142968750001 0.74483283125 0.5466108968750001 0.74752934375 0.540517340625 0.7483258187499999 0.53095485 0.7483213828124999 0.5301926109374999 0.742859490625 0.520478796875 0.7118613484375 0.514308815625 0.7100896890625 0.501407496875 0.708786384375 0.5013847484375 0.7036140109375 0.5054656390625001 0.6781488296875 0.5111617671875 0.645326215625 0.5044482218749999 0.6289685015625001 0.5103033203125 0.5970923640625 0.5097469203125 0.580684034375 0.50690191875 0.5652221796875 0.5102140625 0.5488346921875 0.5109514546875 0.5261077046875 0.5177188171875 0.516071625 0.514473325 0.50789276875 0.517400875 0.48876113125 0.51604349375 0.4850764609375 0.5088151140625 0.47687973906250003 0.508672040625 0.476357415625 0.5101546890625 0.4763643984375 0.5113549921875 0.483284740625 0.513901028125 0.4915231453125 0.521208890625 0.4924577109375 0.5253189546875 0.5024878359375 0.5275409046874999 0.51344955 0.53336115 0.51623538125 0.5426207140625
0 0.6820013796875 0.871261565625 0.6774617875 0.873612990625 0.6775679328125 0.8918576171874999 0.6858289656250001 0.9030549390625 0.73240508125 0.9258718343749999 0.7387862625 0.92700665625 0.7788442359375 0.9251472765625 0.7870290468750001 0.92324326875 0.811625165625 0.9246960312500001 0.8289204234374999 0.923462765625 0.85435583125 0.9126489296875 0.8625614859375 0.914327315625 0.8935030578125 0.9107736531249999 0.9098607718749999 0.904918553125 0.9145171453125001 0.8997328671875 0.9144408953125 0.8866266156249999 0.9142954109374999 0.884527209375 0.8951161328125 0.874981496875 0.89326784375 0.8703437656249999 0.8859997328125001 0.8732872125 0.8777911015625 0.87109705625 0.8705170375 0.8730169625 0.8604869125000001 0.8707950109375 0.8359384328124999 0.8775305781249999 0.82860481875 0.86921506875 0.813104259375 0.8658741937500001 0.77485289375 0.8652065125 0.766684190625 0.8617338625000001 0.75326216875 0.86149958125 0.74933411875 0.86169076875 0.7393427 0.8661218375 0.7084070828125 0.870699040625 0.699293659375 0.869516528125 0.6911177796875 0.87295585 0.6820013796875 0.871261565625
0 0.739024103125 0.45776715625 0.741108275 0.46417811562500005 0.7407024765625 0.48238411875000003 0.728695503125 0.5295285609375 0.7298197203125001 0.5468506171875 0.7244233796875 0.5868252140625 0.7306176109375 0.596039878125 0.73316586875 0.5942630484375 0.735634646875 0.57882501875 0.7343726687500001 0.537823546875 0.74249211875 0.526126765625 0.7476045296875 0.5253053484375 0.75070694375 0.5308234265625 0.7554983296875 0.5627799625 0.7591125171875001 0.5683069749999999 0.764240821875 0.570217796875 0.773068090625 0.5922275828125 0.77359575625 0.5949687546875 0.7675074921875 0.6039690281250001 0.7798588703125 0.6160231281249999 0.7854194671875 0.6042816828124999 0.7913222828124999 0.563405271875 0.7974052453125 0.553494253125 0.8076035718749999 0.5472976859375 0.8093207015624999 0.541881878125 0.8093074359375001 0.5396018671875 0.8038357265625 0.515359015625 0.80114970625 0.493456428125 0.8015502078125 0.47433967812500005 0.7983842078125 0.4578926359375 0.78647041875 0.4330970140625 0.7955392328124999 0.40866764531250005 0.78624258125 0.3939349 0.7664405703125 0.3774037984375 0.76196790625 0.377325728125 0.757514540625 0.3815949453125 0.7453962984375 0.40961370468749997 0.7449905 0.4278197078125 0.740464040625 0.4414005125 0.741514075 0.44597211249999996 0.739024103125 0.45776715625
0 0.40335090156250003 0.04586585 0.40366546718749996 0.099935115625 0.42219315 0.16924675312499998 0.42942682187500003 0.181211521875 0.4336428546875 0.20223016249999998 0.432667 0.21040901875 0.44148367187500004 0.230597309375 0.4486749546875 0.23527610625 0.45114903125000005 0.220748821875 0.44893239375 0.1915691921875 0.4514170671875 0.1788634 0.44881052656250003 0.17062201562499998 0.4487628390625 0.16242529375 0.45127400624999997 0.1542732375 0.4501974796875 0.145147903125 0.45366330625 0.1251740046875 0.45145726562500005 0.0978158671875 0.4518206765625 0.072323890625 0.44861758749999997 0.049501621875 0.4439533671875 0.039403010937499997 0.4428821375 0.0311884234375 0.4464168453125 0.02305423125 0.469404140625 0.01617024375 0.47189100625 0.0109878265625 0.471882559375 0.00953595625 0.4695020625 0.0081951890625 0.4031287984375 0.0070366390625 0.40334332812499996 0.0077319125 0.40335090156250003 0.04586585
0 1 0.505828159375 0.9822409734375 0.504750809375 0.9284562953125001 0.49511277812500004 0.9047798546875001 0.4952112234375 0.8756716859375 0.5008437625 0.87110604375 0.49871719218750005 0.868335096875 0.49201648281250004 0.8647337921875 0.499117684375 0.852019065625 0.505036375 0.82013101875 0.5024328921875 0.80188333125 0.4964854703125 0.77917123125 0.5058116859374999 0.7875049109375001 0.5294962125 0.81765185625 0.5458857109374999 0.8194912140625 0.548988128125 0.8249437859375 0.5470364296875 0.8367864703125001 0.5477548640625 0.8440575593749999 0.5453231859375001 0.8559002437500001 0.54604161875 0.8677637734375001 0.55034245 0.8759575156249999 0.5499737515625001 0.8850798718749999 0.5526915781249999 0.8942171140624999 0.55796825625 0.9006399796875 0.56626786875 0.9106581953124999 0.5664427375 0.9197537515624999 0.564554625 0.945180228125 0.5522054765625 0.9597313359375 0.5488774359375 0.9651690203125 0.54436688125 0.9733627640625 0.5439981859375 0.9941938218749999 0.5244047625 1 0.52200515625 1 0.505828159375
0 0.4424068 0.90823475625 0.4497225484375 0.9134796390625001 0.4543715578125 0.9299357890625 0.46259805312499996 0.9351965718749999 0.47078286406250003 0.9332925609375 0.482566003125 0.9237755796875 0.487075075 0.9161785046875 0.510730675 0.912497665625 0.5189006 0.9080348031250001 0.5453241656250001 0.9105429031250001 0.5653189140625 0.9037278499999999 0.569875625 0.9043191078125 0.5708786703125 0.920199896875 0.5754621796875 0.9253970890625001 0.5771952203125 0.9244504078125001 0.5770961578125 0.90742289375 0.5761883250000001 0.8936832015625 0.576983825 0.8881145046875 0.5769051593750001 0.8745929671875 0.55873526875 0.8677926203125 0.5496307765624999 0.86814541875 0.5432406624999999 0.8654752859375 0.5268382890625001 0.8636538249999999 0.504090459375 0.8668387921875 0.484967753125 0.867016721875 0.447597359375 0.8612472312499999 0.43420312031249997 0.8606174078125 0.409264496875 0.8601821031249999 0.37658888125 0.8651249609375 0.35933048749999996 0.8726944359375001 0.3594709453125 0.89683701875 0.36584154375 0.8961522093750001 0.3895626421875 0.9037303265625001 0.4424068 0.90823475625
0 0.8242292203125 0.1173221546875 0.8306282671874999 0.1215276 0.8579804453125 0.1271222203125 0.882618246875 0.1357397765625 0.8999283921875 0.1370653625 0.92904549375 0.1329681359375 0.9590525 0.1253044109375 0.9708951859375 0.12602284375 0.9854909546874999 0.1303713640625 0.9865955171874999 0.130313034375 0.9862935390625 0.0784074171875 0.9569570859375001 0.0781897078125 0.94509058125 0.073377109375 0.9369147015625 0.07681642968749999 0.928715003125 0.07616158437500001 0.9050788171875 0.06735547343750001 0.8801675124999999 0.0669206453125 0.8659359953125 0.0858118671875 0.8559535109375 0.091778246875 0.83776239375 0.0955544703125 0.8204998874999999 0.1024172140625 0.8159640203125 0.10540835156249999 0.8242292203125 0.1173221546875
0 0.5439872671875 0.0329574875 0.5394396140625 0.04289530625 0.5625010890625 0.0487617703125 0.5640681921875 0.0542530515625 0.5576801015624999 0.0996742625 0.5577754765625 0.11606770468750001 0.5774664984375 0.1583015109375 0.584689571875 0.1684447890625 0.60216395625 0.181498965625 0.607931196875 0.20527664531249998 0.6182778828125 0.22458099062499998 0.6254585671874999 0.227438290625 0.62624321875 0.2246004984375 0.626219096875 0.2204542546875 0.6150483 0.19720498749999998 0.6123940734375 0.1807668796875 0.6041686515625 0.1742487234375 0.6041103671875 0.16423050781249998 0.6085414499999999 0.1342562609375 0.614624415625 0.12434524218750001 0.620121428125 0.101674834375 0.6153671328125 0.0760935265625 0.6086293359375 0.06140544999999999 0.607030440625 0.05044968749999999 0.60854985625 0.047744246875 0.6162264171875 0.047878240625 0.6177405359375 0.0442620546875 0.6068979765625 0.0276810171875 0.6037372765625 0.012144725 0.6038182078125 0.0105396859375 0.5617748734375 0.0098058171875 0.5612656046875 0.0123140328125 0.5439872671875 0.0329574875
0 0.73650870625 0.2079179625 0.7385822828124999 0.21250742812499998 0.7467759109375 0.21356110312499998 0.75135535625 0.209087765625 0.7482317468749999 0.1999267015625 0.752304715625 0.19635517656249998 0.7583664875 0.182801171875 0.7693658140624999 0.138371103125 0.778002334375 0.1275940015625 0.7849441078125 0.1115127234375 0.78487586875 0.0997834546875 0.7786973625 0.0711455640625 0.7672847484374999 0.0445373828125 0.7661817296875 0.030858315625 0.7675126296875 0.0149593234375 0.7276293171875 0.0142631578125 0.7299996656250001 0.05663573125 0.7224926578125 0.08564563281250001 0.7191010109375 0.1183699859375 0.7207369984375 0.135700975 0.73325263125 0.1759882265625 0.73650870625 0.2079179625
0 0.419404703125 0.5652629890624999 0.4215471609375 0.5816921640625 0.44024643125 0.6293725859375 0.44186652187500003 0.6439713328125001 0.44653074375 0.654069946875 0.4507891640625 0.682374559375 0.45379620468750004 0.6714991968749999 0.45270378281249996 0.659641621875 0.4577049203125 0.639694521875 0.45711897031250004 0.626935134375 0.46155535312499996 0.5978716328125 0.466561790625 0.5788352796875 0.47267654531250003 0.574388740625 0.4746759421875 0.5662277515625 0.47294988125000004 0.53341406875 0.46451781406250003 0.49137678749999997 0.4660107390625 0.48411761093749994 0.48550092031250003 0.4705276484375 0.4854982296875 0.470065159375 0.4817961515625 0.4707333328125 0.48126848750000006 0.46799215937499994 0.4730801546875 0.46784923125000005 0.4653771015625 0.4631615015625 0.4559161953125 0.4201956078125 0.448170753125 0.408221903125 0.44440878906250003 0.40615422343749996 0.44181074843749996 0.40610887343749996 0.43997712343749995 0.40716822812500003 0.43446951250000004 0.4280171421875 0.428391846875 0.438838909375 0.42353376875000004 0.4833761734375 0.4237722046875 0.5243597796875 0.419404703125 0.5652629890624999
0 0.5962141734374999 0.8514403359375 0.5931859390625001 0.8586727140624999 0.591756596875 0.8768608499999999 0.586259584375 0.8995312578125001 0.5874685734375 0.9314252609375 0.582403853125 0.9404434 0.5839709578125001 0.9459346796875 0.5799297765625 0.9549706828125 0.5810804843749999 0.9768464734375 0.5831434625 0.9796144453125001 0.581645240625 0.985962875 0.58965871875 0.9560511578125 0.5942434609375 0.95248856875 0.6060247859375 0.9545155187500001 0.61438796875 0.9847130921874999 0.6220433359374999 0.9812041 0.6250556765625 0.971239484375 0.6382769390624999 0.9568997921875001 0.63563330625 0.9422831781250001 0.640966065625 0.8913796187499999 0.6356682078125 0.8603248984375 0.6309827921875 0.8465832984375 0.63036505 0.8283594296875 0.6267349671875 0.8201001765625 0.62763134375 0.79826011875 0.62140001875 0.782670228125 0.61613925 0.7579907343750001 0.6144182812500001 0.757523865625 0.6120550375 0.7574826140625001 0.604917384375 0.7641694359375 0.5983491421875 0.77862525625 0.595965140625 0.8086352359375001 0.598065209375 0.8177784359375 0.5945358 0.8268233734375 0.5962141734374999 0.8514403359375