0 1 0.9348087749999999 0.9832081140625 0.912918709375 0.9440296765625 0.9033776625 0.9181285046875001 0.8913233953124999 0.8840109875 0.8991625328125 0.8755330015625 0.9040666421875001 0.851863640625 0.9108488156250001 0.8347488171874999 0.91155639375 0.81514780625 0.9097434390625001 0.8160873265624999 0.9635685453124999 0.8176253812500001 0.96628258125 0.832155009375 0.9724484359375 0.8565238484375 0.9737255515625 0.8577188234375 0.973732209375 0.8946467625000001 0.9633661515625 0.9517148671875001 0.962078225 0.9876904234375001 0.9516622546875 1 0.9513931671875 1 0.9348087749999999
0 1 0.47517006406249995 0.98657436875 0.457611034375 0.976023425 0.45277934531249997 0.9684043765625001 0.4523800484375 0.9647069859374999 0.4586043828125 0.9539059078125 0.46124737656250003 0.866742565625 0.4609580765625 0.8306735640625 0.466020728125 0.8258742828125 0.463629840625 0.81062684375 0.4622959125 0.7729780468749999 0.46138049062500003 0.772995053125 0.46235475 0.7765093249999999 0.47013505 0.7822796765625 0.47364651249999995 0.792727834375 0.4725895515625 0.800393603125 0.4756655078125 0.8148848921875 0.4881914921875 0.80941355625 0.50181065 0.8000579421875 0.5109475031249999 0.7896378187499999 0.5136104593749999 0.7915706124999999 0.51531628125 0.80966585 0.5162646125 0.8267432984375 0.5134157078125 0.8506462640624999 0.5200168296875 0.8718748953125001 0.523380646875 0.8947151421875 0.5245776546875 0.9267806765625 0.5207978125 0.9371727671875 0.5165288593749999 0.9609262281250001 0.514564671875 0.9848011609375 0.5195598 1 0.5182172328125 1 0.47517006406249995
0 0.881312996875 0.1006207921875 0.8490067984375 0.1032064328125 0.8386894609375 0.11175804062500001 0.8277650031249999 0.112209690625 0.8277773843749999 0.112918978125 0.834105096875 0.12167978593749999 0.8436943156250001 0.12592623125 0.8456738312500001 0.13030871093750002 0.8715376265625 0.14022165 0.89631821875 0.1425900296875 0.908829990625 0.15073353437499998 0.9212389765625 0.1529883875 0.9374014203125001 0.1522309 0.9777164656249999 0.1714423890625 0.991033484375 0.1721403046875 0.9896704921874999 0.0940544953125 0.9744874781249999 0.0964115421875 0.9572978984375 0.09283646250000001 0.9126107484375 0.0947732453125 0.9030589062500001 0.0926681296875 0.881312996875 0.1006207921875
0 0.7279106625 0.5312372984375 0.7448666359375 0.5214290796875 0.7885266515625 0.515159728125 0.796985946875 0.5091849546875 0.835025121875 0.5079694515625001 0.8435217937499999 0.5041360046875 0.8462668062500001 0.4978617578125 0.8431480234375 0.48272272968749996 0.8257902484375 0.46951167656250004 0.7963692265625 0.4738530484375 0.7437172921874999 0.4555832546875 0.7246322968750001 0.45244368437500004 0.670393303125 0.45227535 0.6496932171875 0.46563124375 0.6288809984375 0.472563153125 0.599903440625 0.4730811703125 0.5999652156249999 0.47662024374999995 0.6195066984375 0.48062934375 0.63222404375 0.50055015 0.692495025 0.5192192421875 0.7001140734375 0.5196185390625 0.720291615625 0.5308380015624999 0.7279106625 0.5312372984375
0 0.847256396875 0.9204491265625 0.8013418765625 0.90658194375 0.79676685625 0.9170390218750001 0.7834522125000001 0.9174109140625 0.77674816875 0.9149202031250001 0.7682047734374999 0.9160769890625 0.760539003125 0.91300103125 0.7262626328125 0.911739525 0.70274278125 0.927087009375 0.6876168171875 0.9327123984375 0.667700915625 0.9364822296875 0.6595804296875001 0.940662178125 0.6595944499999999 0.941465409375 0.6660671359375 0.9519070296875001 0.7156937328125 0.9603911140625 0.7281868171875 0.9674639562499999 0.7341160203125 0.9800760625 0.741403090625 0.9833030359375 0.745144546875 0.9834991171875 0.7531262625 0.978932978125 0.782547284375 0.9745916046875 0.8185508765625 0.9657816296874999 0.8453016421875 0.9719971578125 0.84813475625 0.9707703249999999 0.847256396875 0.9204491265625
0 0.6704784796875 0.0446385171875 0.6690033171875001 0.049560203125 0.6691174921874999 0.05610127499999999 0.6713130406250001 0.061809431250000005 0.6793030359375 0.12122177187500001 0.6800212296875 0.13172601875 0.6775939281250001 0.1458714546875 0.683598946875 0.1528467328125 0.6795456578125 0.19640375625 0.70031156875 0.2131027578125 0.7112607765625001 0.21367658125000003 0.7135375484375001 0.21340935156250002 0.7272068203125001 0.19985308125 0.7211851796875 0.191925421875 0.7237122234375 0.183494271875 0.7225119359375001 0.145370978125 0.7306782734375 0.1229627234375 0.735615996875 0.09943375625 0.7343125984375 0.08604431093750001 0.7405204703125 0.0740000265625 0.7358725359375 0.0385654453125 0.6792125734375001 0.035596021875 0.6784253375 0.040297446875 0.6704784796875 0.0446385171875
0 0.047480890625 0.172151215625 0.0550532171875 0.169873853125 0.0760149421875 0.17150725312499998 0.0911782828125 0.1680231921875 0.10250406875 0.16273348906250001 0.1070884328125 0.15281174375 0.1127746859375 0.15150521875 0.11760200000000001 0.15550210312499999 0.1498334453125 0.1486338078125 0.1583114296875 0.1437296984375 0.17548231875 0.1462341125 0.178283396875 0.1431718578125 0.17796569375 0.1249705734375 0.1750805171875 0.12321484062500002 0.16946901875 0.12880401875 0.15810585625 0.1319523953125 0.15154197656249999 0.1374916625 0.1382273328125 0.13786355625 0.12121529375 0.1444597828125 0.1107764796875 0.14605207656250002 0.0839883390625 0.137695221875 0.07533281093750001 0.1324280234375 0.0021915609375 0.12555447343749998 0.0030546359375 0.175 0.04204013125 0.17704314375000002 0.047480890625 0.172151215625
0 0.42222632656250003 0.5116202328125 0.41550311406249996 0.49414070781249997 0.41492127968750003 0.460807375 0.41729870937499997 0.44380479531250006 0.41326877968750003 0.42741793125000005 0.4118988859375 0.4102189625 0.40398864218749997 0.3860166609375 0.407017771875 0.375708803125 0.4036561640625 0.3669690421875 0.40437772812499995 0.34702515312500004 0.41180587968750004 0.34360840625 0.4116562640625 0.335036978125 0.40896298125 0.33394431875 0.4064193125 0.34142308906249996 0.39907427968750003 0.349601740625 0.39480824999999997 0.3503296765625 0.392849784375 0.3606936453125 0.38716061874999996 0.37181360625000004 0.3775745171875 0.3741657484375 0.370229484375 0.3823443984375 0.36321693125 0.40957066875 0.3592135125 0.45598483281249996 0.34760245 0.46489142031249997 0.3469063703125 0.4671445109375 0.3472282453125 0.4855847671875 0.3615309671875 0.5274695171875 0.3623821515625 0.5455928109375 0.3700596609375 0.556461778125 0.3709440953125 0.576489834375 0.377264965625 0.60156035 0.381747109375 0.6132133671875 0.3882209640625 0.6164071765625 0.39123687500000004 0.6168328453125 0.40015071406249997 0.6173 0.4090157875 0.6127394390625 0.41433922812499996 0.5806670953124999 0.428759940625 0.579519834375 0.4232902546875 0.5725726140625 0.416400803125 0.5455692796875 0.42222632656250003 0.5116202328125
0 0.15505556250000002 0.0291931375 0.1552855953125 0.0423717109375 0.15792688125 0.074956615625 0.1602178234375 0.083640265625 0.1595960046875 0.109298440625 0.161517853125 0.1274778453125 0.1737606234375 0.15476173437500002 0.1723042421875 0.16324899531249998 0.177152109375 0.19585439375 0.183875321875 0.21333391562499998 0.190144215625 0.219148503125 0.19390826249999998 0.21934576875 0.20537171718749997 0.21921804374999998 0.21465859062499998 0.19972304375 0.21944333125 0.19807078281249998 0.216098346875 0.1902834 0.2180900609375 0.1818241953125 0.2158157421875 0.1740929234375 0.2177742078125 0.16372895781250002 0.20983071562500002 0.13762189375 0.21826303593750002 0.130451734375 0.22119242031250003 0.114429590625 0.22049421875 0.074429590625 0.224363396875 0.064754503125 0.22428952500000002 0.060522371875 0.2232407421875 0.0479312578125 0.2182398921875 0.0372025671875 0.21353988125 0.0112654875 0.1637330203125 0.0086552203125 0.1554730671875 0.02630101875 0.15505556250000002 0.0291931375
0 0.2550469546875 0.5536901671875001 0.25278925937499996 0.546911278125 0.2529921125 0.5278917140625 0.26497563749999997 0.47904123906249996 0.2635891203125 0.46088988750000004 0.2687463203125 0.41929373906249995 0.2621560984375 0.4094332625 0.2595126875 0.41119774531250003 0.257118634375 0.42724794375 0.258937371875 0.4701611984375 0.250588171875 0.4820932625 0.24525147656250001 0.48276508749999997 0.24193974062499998 0.47688246875000007 0.23653992031249998 0.4432966359375 0.23269285312500002 0.4373859609375 0.227306284375 0.4352006421875 0.21780667031249998 0.41186655625 0.2172214671875 0.40898135625 0.22347921093749998 0.39979421406250004 0.2104151359375 0.3867399296875 0.20474259374999998 0.39881226875000003 0.19906668593750002 0.441332746875 0.192825565625 0.4514722703125 0.1822352953125 0.457577825 0.180210334375 0.4641322703125 0.186564453125 0.4911075484375 0.18964008593749998 0.51410496875 0.1894538546875 0.5340769125 0.1929650765625 0.5513881031250001 0.2057265546875 0.577747665625 0.196539425 0.6029569515625 0.20644138124999997 0.618700046875 0.22690161875 0.636319671875 0.232399925 0.636607825 0.236636078125 0.6326521109375001 0.248968703125 0.6038016359375 0.249171559375 0.5847820718750001 0.2537401875 0.57074885625 0.25258640468750004 0.565930840625 0.2550469546875 0.5536901671875001
0 0.48528965937499996 0.9037602124999999 0.4644961328125 0.9117627875000001 0.4609177328125 0.9173610015625 0.4609507875 0.919254734375 0.4751498640625 0.9224831265625 0.5055886765625 0.9219389874999999 0.51896873125 0.92531441875 0.5274934390625 0.9230869687500001 0.536064865625 0.9235361781250001 0.544683015625 0.926662046875 0.5541881359375 0.9260905046874999 0.5752059296875001 0.9309358953125001 0.6037399812500001 0.930291934375 0.630415990625 0.93222480625 0.6541694484375 0.9302606203125 0.6645615406250001 0.925991665625 0.67311428125 0.9253702109375 0.6817511203125 0.9295667453125 0.6897906578125 0.954055978125 0.6897989609375 0.9540603765625001 0.691695490625 0.95415976875 0.6904894515625 0.8850658656249999 0.6009568578125 0.879870909375 0.5279599203124999 0.8952996203125 0.5157097859374999 0.902145409375 0.493879778125 0.9052800859374999 0.48528965937499996 0.9037602124999999
0 0.019204321875 0.4922783203125 0.0287748515625 0.49545410156249997 0.0383921046875 0.5013065421875 0.04356340625 0.5080699531249999 0.0648414921875 0.5091850906250001 0.06517090156250001 0.509128065625 0.0916039625 0.4971423078125 0.10677664843750001 0.4941935796875 0.1124068359375 0.4896750671875 0.12096892031249999 0.4895889453125 0.1425092546875 0.4698589796875 0.15857825625 0.463748171875 0.1641991 0.458694325 0.17179945937500002 0.45802295937500004 0.1794932609375 0.4627049125 0.188942315625 0.45892137968749996 0.1983166171875 0.450855190625 0.2039935265625 0.44901333593750004 0.21260233125 0.451603871875 0.212527578125 0.44732121718749995 0.179231621875 0.4477156203125 0.17173405 0.4542756359375 0.16221958281249999 0.4543118453125 0.15455381562499998 0.4512358890625 0.129773221875 0.44886750937500003 0.07342389375 0.43682204843749994 0.0486713328125 0.4360596640625 0.0183072734375 0.44088645625 0.013507990624999999 0.4384955671875 0.0105293734375 0.43138651875 0.007630231249999999 0.437135621875 0.0085800015625 0.4915479546875 0.0106422375 0.49236444375 0.019204321875 0.4922783203125
0 0.5162867609374999 0.0821706703125 0.4992392578125 0.086034796875 0.4949201859375 0.09291621875 0.49500920624999994 0.0980162265625 0.49632649687499997 0.103009321875 0.5067139140625 0.1159233296875 0.5148270109374999 0.12110606718750001 0.5195418875 0.146092415625 0.5245094890625001 0.15491634375000002 0.52285025625 0.1824231703125 0.530710625 0.2037683296875 0.530258415625 0.208502178125 0.51367975 0.20858483749999998 0.5084095484375 0.2130661875 0.5098411859375 0.21560919374999998 0.5164742796875 0.21595681875 0.541616753125 0.2157580109375 0.5518814703125 0.21781243125 0.5613942562500001 0.218310975 0.5680674921875 0.1990655515625 0.567365921875 0.1895136859375 0.5699262140625 0.18298729687499998 0.5712329828125 0.16592860781250002 0.5670700609375 0.14192269531249999 0.5661856281250001 0.1218946390625 0.57085736875 0.083127575 0.5712963234374999 0.0469932109375 0.568120146875 0.029773915625 0.5239026 0.027456571875000002 0.521507090625 0.07483217812500001 0.5162867609374999 0.0821706703125
0 0.048223992187499995 0.9439010203124999 0.071669215625 0.9528869828125 0.10400799062499999 0.9545817859374999 0.1225938046875 0.9526121562500001 0.15387286875 0.9456939484375001 0.1662631640625 0.9468781390625001 0.1767907484375 0.950371496875 0.1758660015625 0.8973927578125 0.151108434375 0.8963435890625 0.1386433828125 0.8908767421875 0.13013736250000002 0.89417485625 0.12155659218749999 0.893190315625 0.092807621875 0.88152164375 0.0804173265625 0.880337453125 0.07092154843750001 0.881444328125 0.0560385359375 0.9009883453124999 0.045674475 0.9068632953125 0.026701609375 0.9101477062500001 0.01595504375 0.9140638046875 0.0163173953125 0.9348229421875001 0.0195591203125 0.9370503359375 0.048223992187499995 0.9439010203124999
0 0.47151084218749995 0.9118676234375 0.48452647187500003 0.894365109375 0.509185590625 0.8897741734375 0.5289987046875 0.8801156921875 0.531725028125 0.8727707812500001 0.525982709375 0.8708653140625 0.5004833390625001 0.8818303171874999 0.48338720625000003 0.8836085578124999 0.47687004687499995 0.891824484375 0.46639385468750005 0.89127545 0.434881184375 0.8848103609375 0.424292865625 0.8778373437500001 0.40038055312500004 0.8707008890625 0.37379798750000004 0.8741213359375 0.3586813671875 0.8802820562499999 0.347280828125 0.8812891046875 0.3443956515625 0.8795333734374999 0.3442554875 0.8715033953125 0.34041793125 0.8696977499999999 0.3234713046875 0.8800413 0.3135510390625 0.88149449375 0.314424834375 0.9315542265625 0.3312873125 0.9462365109374999 0.3414794578125 0.95141643125 0.3418845109375 0.951437659375 0.347141396875 0.9278130687499999 0.35282765 0.926506546875 0.400568171875 0.9359614703125001 0.4177110296875 0.9368598890625 0.46116547187499995 0.9188132359375001 0.47151084218749995 0.9118676234375
0 0.14392641875 0.8983694312500001 0.148772421875 0.9034369796874999 0.158240165625 0.9007241109375 0.1621244421875 0.9052064140624999 0.1765222875 0.9123790796875 0.223394528125 0.9266020781250001 0.2349819515625 0.9363016671875 0.256093184375 0.9465003781249999 0.294048259375 0.940466884375 0.3214617328125 0.9301370375 0.335728759375 0.92981505625 0.3471751703125 0.931436 0.34645968125 0.8904457375 0.3074462703125 0.8903590375 0.276829915625 0.8807318703125 0.24247879218750001 0.8751877078125 0.2244115859375 0.8758453734374999 0.1827310859375 0.8864972015625 0.1494538171875 0.8879622671874999 0.144729290625 0.889854034375 0.14392641875 0.8983694312500001
0 0.589599865625 0.4617102796875 0.5847258296875 0.45503673593749994 0.5761170234375 0.4524461984375 0.5418593406250001 0.45225535624999996 0.49819932656250004 0.45852470624999997 0.4905522484375 0.45651941406249996 0.47494038281249995 0.43430754374999997 0.47597686093749997 0.43917544218750004 0.4731290625 0.43956103750000003 0.4732785703125 0.4481263484375 0.468656828125 0.455906765625 0.4240631203125 0.46319686875 0.41182233124999995 0.47057798906250004 0.4094859140625 0.47497706875 0.4095133625 0.47654960781250005 0.411019459375 0.4790933875 0.43302700625 0.48613001718750004 0.44456771093749997 0.4931529453125 0.49132782031250005 0.5009519625000001 0.5341849609375 0.5031980109374999 0.5702798890625 0.50913579375 0.5832624125 0.509816178125 0.5942316828124999 0.5090191359375 0.6434190984375 0.4923426203125 0.6586291625 0.49153521875 0.669021253125 0.4872662671875 0.6984507796874999 0.4845327015625 0.6984506328125 0.48452435781250003 0.686985671875 0.4807199515625 0.674623409375 0.48114175625 0.653577584375 0.47469036875 0.6402535968749999 0.47452693124999995 0.6096933078125 0.4681117546875 0.589599865625 0.4617102796875
0 0.40624223906249995 0.1562094328125 0.4252805140625 0.156672346875 0.4337865328125 0.15337423125 0.4566623640625 0.1556427875 0.472740709375 0.1500673125 0.49836155312499997 0.1460616234375 0.49924852499999994 0.1423642125 0.4914893125 0.1339349328125 0.47612974062499996 0.126177025 0.44465445 0.12185326562500001 0.43516801562499996 0.12349547031250001 0.425578796875 0.11924902343749999 0.39989254375 0.11950739218749999 0.39221743125 0.1158961015625 0.3731417796875 0.1132918640625 0.34922946875 0.10615540781249999 0.3159148234375 0.1054791453125 0.306297571875 0.09962670625 0.30061131875 0.10093322656249999 0.2916309125 0.096459403125 0.2851294796875 0.0961186765625 0.27330290156250003 0.0960527953125 0.273386165625 0.10082295625 0.2902379140625 0.1062728453125 0.2941315375 0.11129048281250001 0.29244169375 0.12350328906250001 0.27385381249999996 0.1276145015625 0.2741024953125 0.14186148437499999 0.27564457343750004 0.142412153125 0.29112561875 0.15712937656249998 0.3063169921875 0.1552513125 0.3597531140625 0.16393504375 0.3920406234375 0.1602787375 0.40624223906249995 0.1562094328125