0 0.9250143218750001 0.0732578984375 0.8711017906249999 0.0701487296875 0.836373534375 0.0591105484375 0.8296205328124999 0.05891165625 0.8129057828124999 0.0592034140625 0.7983587921875 0.06483686562499999 0.791663296875 0.07609182656249999 0.7827494125000001 0.077576275 0.7812999453125 0.119083590625 0.8136361109375001 0.11722298906249999 0.8297992578125 0.11845969062499999 0.8520564234375 0.1256653421875 0.859987628125 0.13058967187499998 0.891676703125 0.13902893593750001 0.892395521875 0.1390163890625 0.9167797671875 0.12858580625 0.9539643671875 0.120848871875 0.9709058890625 0.0997958078125 0.9960189968750001 0.096545946875 0.996371571875 0.086449509375 0.958841678125 0.08431180625 0.9250143218750001 0.0732578984375
0 0.8467595328125 0.45682822968750003 0.8495191265625 0.47928885781249997 0.8456931093750001 0.5018644328125 0.8407877765625 0.5118539265625001 0.8334819687499999 0.547611465625 0.8332019031250001 0.5556314890625 0.8352314515625 0.583979053125 0.839510803125 0.6064131500000001 0.835398421875 0.6226912625 0.8348006796874999 0.6398083796875 0.836257515625 0.6415836546875 0.839643090625 0.6316206890625 0.8490762328124999 0.622452515625 0.8624362203124999 0.61681720625 0.8731092031250001 0.630136184375 0.8753904484374999 0.63729918125 0.8735246296874999 0.6472356171875 0.8763753812499999 0.6525879671875 0.8843081578125 0.6560298062500001 0.8843562421875 0.6560289671875 0.8866264890625001 0.6199963703125 0.886623265625 0.6055907984375 0.884754225 0.601121665625 0.8925353218750001 0.566772478125 0.89946975625 0.4841792171875 0.9028679171875 0.47385589218749996 0.9090727859375001 0.470146178125 0.9093244671875 0.4629389703125 0.9056178421875 0.45309979843750003 0.8898475453125 0.44077014531250003 0.8887964687500001 0.4128775875 0.8933210546874999 0.399293334375 0.878523221875 0.39847543124999996 0.8681834078125 0.3986559125 0.851186515625 0.431541109375 0.8467595328125 0.45682822968750003
0 0.8960747874999999 0.9606989984375 0.8990481578124999 0.9480421734375 0.8995200609375 0.934528659375 0.8832367296875001 0.8933967062500001 0.8852913093750001 0.8780548640625 0.884180534375 0.866369678125 0.87749731875 0.8547817625 0.8773021109375 0.831376025 0.870046165625 0.8071931781250001 0.8660564000000001 0.8054621187500001 0.862824903125 0.7965150046875 0.8550794078124999 0.7908330890624999 0.8543706953125 0.7908454593750001 0.853042478125 0.8011875171874999 0.8440844578125001 0.81124775 0.8389621281249999 0.8419491203125 0.8296265890625 0.8628201640625001 0.8308317453124999 0.87180264375 0.825387940625 0.9135447437499999 0.8253502140625001 0.914625075 0.827267078125 0.93038773125 0.8243821125 0.9423478515625 0.8239998156249999 0.95329540625 0.8272452875 0.9745053468749999 0.8375689828124999 0.9833286640625 0.8381135734375 0.9847611281249999 0.886418953125 0.9839179546875 0.8907257906250001 0.9688955312499999 0.8960747874999999 0.9606989984375
0 0.6878591625 0.41120090625000005 0.6835612421875 0.44728999687500004 0.6771990765625 0.45550421406249997 0.6676465375 0.4970871359375 0.6582908078124999 0.5114233828125 0.6578808203125 0.5231638875 0.6656613265625 0.5394383203124999 0.6654096453125 0.5466455265625 0.6781186359375 0.603145853125 0.6959467390625 0.614539234375 0.6982941281249999 0.634306 0.7013336421874999 0.6342529453125 0.7043667078125 0.605388746875 0.7126576171875 0.5854362890625 0.7270275515625 0.565377721875 0.731353709375 0.5139821578125 0.7299565671875 0.4959995109375 0.7169958921874999 0.44670639218749997 0.7235436 0.418681196875 0.712458415625 0.4026683578125 0.7057069484375 0.40149195000000004 0.69515308125 0.40167616875 0.692194990625 0.4030220578125 0.6878591625 0.41120090625000005
0 0.6613866109375001 0.09238559843750001 0.6755887421875 0.0982130203125 0.6975628609375 0.11352404218750001 0.7299776046875001 0.11346451875 0.7372732625 0.1108057875 0.7453282999999999 0.1121840171875 0.7517053703125 0.11004759687500001 0.7642826 0.110840615625 0.7684276984375 0.1208801375 0.768488225 0.12087908124999999 0.8256875953125 0.1056552859375 0.8270369265624999 0.06701546875 0.8234616296875 0.06626783281250001 0.8110613000000001 0.0604089609375 0.7856768625 0.0654085390625 0.7517964359375 0.0558743875 0.724063103125 0.0507894296875 0.7152486859375 0.045374240625 0.7061158437499999 0.049077592187500005 0.7003035625 0.060823414062500004 0.688379565625 0.06710686875 0.641338125 0.0734970265625 0.6358094999999999 0.0819988328125 0.6357283546875 0.0843225625 0.6426269046875001 0.08815655781250001 0.6613866109375001 0.09238559843750001
0 0.6123061 0.8602508390624999 0.5705993015625 0.8685729859375 0.5677453609375 0.8684621046875 0.5671098609375 0.8866604328125 0.5762333749999999 0.8877131625000001 0.5859486921875 0.8931126265625 0.5893400109375 0.8991287515625 0.5802071671875 0.9028321046875 0.5664812625 0.9046611312499999 0.5663483046875 0.9084685406249999 0.574624859375 0.9079923125 0.5906464812500001 0.9132816984375 0.6387551015625 0.917971303125 0.639178459375 0.9179639125 0.6510245328125001 0.91172151875 0.6636017640625 0.9125145359375001 0.686301190625 0.9070555484374999 0.70820585625 0.8985727703125 0.7442242015625 0.8984503453125001 0.7524207625 0.8957758890624999 0.7594333765625 0.9012225296875 0.773406840625 0.8878154234375 0.7755801390625 0.8771456765625001 0.760106915625 0.8561521359375 0.7185062624999999 0.8614347703125 0.7123945515625 0.8559724046875001 0.698792584375 0.8587412125 0.6889003671875 0.8584076046875 0.633274484375 0.8527969593750001 0.628331209375 0.85100670625 0.62151283125 0.851125721875 0.6170759593749999 0.8525734281249999 0.6123061 0.8602508390624999
0 0 0.8627871734375001 0.0021869859375 0.8648666625000001 0.0146403859375 0.8692057796875 0.03177519375 0.8684004125 0.03975946875 0.8718049859375 0.05586954374999999 0.87456144375 0.0633421046875 0.8668368578125 0.103811884375 0.8681555624999999 0.1192510328125 0.8643421328124999 0.1282600421875 0.8641848796874999 0.1612749484375 0.8727215859375 0.184608625 0.8748827234375 0.1852622515625 0.8561653109374999 0.176308525 0.854739484375 0.15859124375 0.846442034375 0.1560300640625 0.8424365249999999 0.162584034375 0.8352342500000001 0.136140790625 0.8189886843749999 0.12365200937500001 0.8156627375 0.1112870625 0.80879069375 0.09782661875000001 0.8075068156249999 0.07602809375 0.8129500796875 0.048135546875000004 0.8124243906249999 0.0417584796875 0.8145608109375001 0 0.817025471875 0 0.8627871734375001
0 0.369830540625 0.4016571546875 0.363440134375 0.42517784687500004 0.362272884375 0.4441056078125 0.35483462499999996 0.4541393125 0.3537302953125 0.4712652734375 0.33979658437500004 0.5096626625 0.33913294843749997 0.528666734375 0.33952733125 0.53003605 0.3503576140625 0.538850525 0.3533753375 0.5829150859375 0.35955519062499997 0.60891741875 0.3663642484375 0.61690173125 0.3753884078125 0.6194452703125 0.380583328125 0.6301588125 0.382263609375 0.640033353125 0.38628483281250003 0.6408635140625 0.393093890625 0.648847828125 0.3953751375 0.656010821875 0.397939525 0.655065709375 0.3982226671875 0.6469576015625 0.391256309375 0.643477790625 0.39090380156250004 0.6245765578125 0.39422645625 0.6164153953125 0.39153300468749996 0.606558540625 0.3994117078125 0.583912221875 0.4009911609375 0.567678321875 0.40507208281249996 0.5523011078125 0.4031054375 0.5361291046875001 0.40420654218749996 0.504597571875 0.4108518515625 0.48827524687499996 0.405905390625 0.45594892343750004 0.4128653015625 0.43061758906250003 0.41815137968749994 0.4242228578125 0.40453648906249995 0.422659803125 0.4000336921875 0.3921264390625 0.3929809921875 0.38821203125000003 0.3793730984375 0.3884495578125 0.374260746875 0.3907756046875 0.369830540625 0.4016571546875
0 0.0765760640625 0.8685802515625 0.0671424875 0.880895559375 0.0644860296875 0.8810909203125 0.0639692953125 0.8958882671874999 0.07187565781250001 0.9000514609374999 0.0809377390625 0.89837445 0.0889220140625 0.9017790218749999 0.0979664046875 0.9006086 0.1284201328125 0.9051397968750001 0.13817082812499998 0.9095260890624999 0.1534507625 0.9102719296874999 0.16350219531250001 0.9060462671874999 0.20134003437499998 0.9053858046875 0.216761490625 0.9020789609375001 0.22425174375 0.8938477890625001 0.248328403125 0.9005154046875001 0.258309075 0.8983160859374999 0.2654455203125 0.9002166234375 0.273624390625 0.8980487546875 0.28072545625 0.900962465625 0.28268646875000003 0.8963717453125 0.30192381562500004 0.886922971875 0.303320046875 0.87272285 0.298126925 0.8667381734375 0.2821229953125 0.8609422015625 0.251633884375 0.8574241765625 0.24347270625 0.8590854609375 0.21863666875 0.8483808859374999 0.20157262343750001 0.8471599078125 0.1772129171875 0.8485976640624999 0.1691755703125 0.8467128484374999 0.141903640625 0.8454434031250001 0.1247022109375 0.8457436546875 0.123282696875 0.8459950812500001 0.0765760640625 0.8685802515625
0 0.32651862343750004 0.4591238921875 0.3124226359375 0.4502569546875 0.2877798859375 0.45980007812499996 0.2638624390625 0.448573190625 0.24775236562499997 0.44581673281249995 0.22881575625 0.44665355 0.2072825875 0.4444980296875 0.1822519546875 0.4393658953125 0.1758748875 0.44150231562500003 0.1692147734375 0.45174410312499996 0.15909257968749999 0.45799610937499996 0.118339753125 0.4647827734375 0.1069385125 0.47031459218749994 0.106912246875 0.471066715625 0.117720590625 0.48251326875 0.126941884375 0.476276990625 0.129626896875 0.47673639999999995 0.150947784375 0.48497094843750005 0.15257268125 0.4900053546875 0.1578542546875 0.4934571015625 0.189226571875 0.49746598750000004 0.1945258359375 0.5004111499999999 0.19344803125 0.50549273125 0.1814532734375 0.5138025296875 0.14094811406250002 0.5134969953125 0.1255443453125 0.5162972546875 0.12365409218750001 0.5188616328125 0.13245081718750001 0.5247834078125 0.17228505 0.518519053125 0.1893667875 0.5192334453125 0.236638203125 0.506257675 0.25467391093749997 0.505436584375 0.26090945625 0.5073528484375001 0.2727096203125 0.5046154921875 0.27717874375 0.5055500375 0.29085147031249997 0.5007548859375001 0.3088871796875 0.499933796875 0.3372396765625 0.4872882578125 0.3423189515625 0.482148396875 0.34239626562500003 0.47993443750000003 0.3420449171875 0.4785976734375 0.32651862343750004 0.4591238921875
0 0.45220364062499996 0.118652959375 0.44976498437499995 0.136921490625 0.4531386140625 0.143444203125 0.4595510625 0.1402946125 0.4675543359375 0.11737245781250001 0.4757862765625 0.11368483124999999 0.4838590046875 0.11455647499999999 0.49360970000000004 0.11894276562499999 0.5160260812499999 0.12158914843749999 0.541268996875 0.1206422546875 0.5682252625 0.1221968390625 0.5881689156250001 0.118304784375 0.5971425421875 0.1191607015625 0.605339103125 0.11648624375000001 0.6134472109375 0.11634471875 0.6214668671875 0.11873611875000001 0.63416793125 0.11598303593749999 0.662926 0.11750617187500001 0.677428865625 0.11472163906249999 0.6731720265625001 0.10770806718749999 0.6536529421874999 0.09944206718750001 0.6455094531250001 0.100596765625 0.62493025625 0.0969057609375 0.6134662078125 0.09001799218749999 0.5447336921875 0.0729917578125 0.4546259109375 0.075070871875 0.4487562703125 0.0733674046875 0.4471626875 0.0733952203125 0.4456608421875 0.11640242187500001 0.448670796875 0.116689515625 0.45220364062499996 0.118652959375
0 0 0.5382358390624999 0.0042787453125 0.5378869671875 0.0166790734375 0.543745840625 0.0200350109375 0.5507751390625 0.022967689062499998 0.54414235 0.0275429546875 0.54203738125 0.0561594984375 0.5476131984375 0.07956523125000001 0.5477109265625 0.133019121875 0.538171178125 0.156477925 0.53674915 0.163773584375 0.5340904203125 0.1727649015625 0.534439753125 0.1797421359375 0.5408995640625001 0.2112029046875 0.5423755203125 0.211344428125 0.5383228375 0.203165559375 0.5404907078125001 0.197830915625 0.5385587171874999 0.1891049515625 0.5306105984375 0.180237465625 0.5267151671875 0.17288873437500002 0.5308936531249999 0.165716909375 0.530006284375 0.16048840625 0.5250347796875 0.1454030671875 0.5187164953125001 0.12537226875000002 0.499321340625 0.1172818515625 0.4989562828125 0.11203566093749999 0.4944913609375 0.097745078125 0.4911968671875 0.0729621109375 0.478972534375 0.069206109375 0.4781871125 0.05315885625 0.4784672171875 0.047524601562500005 0.485491871875 0.0383386890625 0.49071498125 0.0292412296875 0.49340515937499996 0.0211508109375 0.49304010312499996 0.0092975765625 0.4972972171875 0 0.49786081875 0 0.5382358390624999
0 0.491245690625 0.8496951265625 0.4723444625 0.8495187734374999 0.44994577187499996 0.84636580625 0.433676484375 0.8481686187499999 0.4272817265625 0.850811621875 0.41829040781250004 0.8504622906250001 0.3994833578125 0.8574332546875001 0.3991744640625 0.8662788062500001 0.400288771875 0.8760903484375 0.3979864734375 0.9002983859375 0.3977804625 0.90619776875 0.400092871875 0.9074829328125 0.4047742796875 0.9023384515625 0.4062235828125 0.8866185718749999 0.4107457765625 0.8860333593749999 0.43031793125 0.8927796000000001 0.45651481875 0.8902972265625 0.4644637140625 0.89471496875 0.4877456140625 0.898358796875 0.4919847640625 0.9058789546874999 0.5033603578125 0.9152996515625 0.51139770625 0.91718446875 0.5196827171875 0.9119770828125 0.5247533125 0.8956877171875 0.5321374234375 0.8904960609374999 0.584513509375 0.88603789375 0.6081845968749999 0.8785368374999999 0.6162573234375001 0.8794084828125 0.618090084375 0.8784905046875 0.6188886078125 0.8556237921875001 0.61707108125 0.85610554375 0.5984528984375 0.84782381875 0.5650494234375001 0.8427420078125 0.548737509375 0.843026734375 0.52835953125 0.8439845359374999 0.491245690625 0.8496951265625
0 0.089460990625 0 0.07974021875000001 0.00016967656249999998 0.079603753125 0.0004182484375 0.0788454875 0.007634298437500001 0.082394809375 0.021977971875 0.0824924125 0.033680840625 0.0733488578125 0.0635520515625 0.06878396875000001 0.087260959375 0.0681191 0.1063003140625 0.068198290625 0.10955989375 0.0754542359375 0.13374273750000001 0.0795762875 0.16068134218750002 0.08340875156250001 0.1669169078125 0.0947770796875 0.17482163906249998 0.09797389375 0.170264078125 0.10566383593749999 0.1530231671875 0.1103457234375 0.134934409375 0.11677081250000002 0.1249183890625 0.136524428125 0.1101679609375 0.1383587859375 0.1011324234375 0.1382611828125 0.0894295546875 0.1295798609375 0.0625705359375 0.129356415625 0.05447126875 0.1331856578125 0.0463012640625 0.12903536875 0.0346691359375 0.1305938890625 0 0.089460990625 0
0 0.308468790625 0.06526715625 0.310564403125 0.07128076562499999 0.3291295140625 0.081082246875 0.35235834375 0.08624583125 0.364369484375 0.1032495890625 0.37403172812499996 0.110168809375 0.4148009375 0.1286956984375 0.431017153125 0.12841264375 0.4762921734375 0.12104076718750001 0.48164450781249996 0.122466171875 0.48625384687500006 0.1451681734375 0.49632296875000004 0.140435925 0.5176451640625 0.12285033281249999 0.5276271453125 0.1206134875 0.5290410624999999 0.0801241625 0.5200143625 0.0807880015625 0.5048051890624999 0.0780158171875 0.488960471875 0.067660575 0.48530379687499997 0.0692432328125 0.4850384421875 0.0768420171875 0.4822826671875 0.0784089484375 0.471524928125 0.0770778953125 0.4573404890625 0.0707438859375 0.4322744765625 0.06662492343750001 0.40955735937500004 0.0725904984375 0.39943516562500003 0.07884250468750001 0.3695462234375 0.083920709375 0.35963631406249996 0.0840936875 0.353613053125 0.07609839375 0.3374852875 0.0738485203125 0.31482717031249996 0.063212765625 0.311364396875 0.0632732078125 0.308508934375 0.06411758749999999 0.308468790625 0.06526715625
0 0.347924959375 0.08047298281250001 0.3164995703125 0.077983853125 0.27728449843749997 0.0665177109375 0.265059821875 0.06564300468749999 0.25626346718750004 0.0657965453125 0.2276641875 0.0694089453125 0.198570003125 0.0775109359375 0.14882037343750001 0.07587871562500001 0.147402909375 0.11646956093750001 0.1711878625 0.11393454843749999 0.18466599374999998 0.11471184062499999 0.21040293281250003 0.125400690625 0.24617361249999997 0.1323704625 0.2662941703125 0.1234125515625 0.2774057171875 0.11461189218750001 0.3219390484375 0.102696471875 0.335664846875 0.096381565625 0.3394099734375 0.0922659796875 0.348312840625 0.095148240625 0.352868403125 0.090617896875 0.35290491562500004 0.08957233437499999 0.3523587015625 0.082420696875 0.347924959375 0.08047298281250001
0 0.474496309375 0.5005351890624999 0.4301752625 0.506371584375 0.419152165625 0.512639315625 0.3982368515625 0.5185734375 0.39720465781250003 0.5202348234375 0.39710180624999997 0.523180128125 0.3988547046875 0.5266630828125 0.4103010625 0.5340574390625 0.45232497812499994 0.542436890625 0.45656412812499997 0.5499570484375 0.4562810828125 0.55806241875 0.45896609374999997 0.5585218296875001 0.45790597968749996 0.5630968249999999 0.473028009375 0.5425817953125 0.4802882859375 0.5409362375 0.52144668125 0.5483182421875 0.55382604375 0.549271890625 0.5620049125000001 0.5471040203124999 0.5667217015625 0.540946365625 0.5858175234375 0.535550278125 0.6148055671875 0.5304878000000001 0.6274004890625 0.53077423125 0.6473972109374999 0.52536241875 0.65907354375 0.5261711609375 0.669990496875 0.52294294375 0.6422040906250001 0.5193777421875 0.6324533953125 0.51499145 0.61809205 0.5137232984375 0.57188205625 0.49630392968750003 0.556683821875 0.49466291875 0.5546753703125 0.4946979765625 0.5150368484375 0.4998275515625 0.474496309375 0.5005351890624999
0 0.45793931718750003 0.8383682328125 0.4428362859375 0.832556534375 0.42117928437499996 0.8339471140624999 0.41319500781249996 0.8305425421875 0.39519468125 0.8303504609375001 0.38184038125 0.8260270703125 0.351386653125 0.8214958749999999 0.300741609375 0.8279489328125 0.286415646875 0.8256676093750001 0.2715412828125 0.8390904375 0.2615252296875 0.8423029296875001 0.257656271875 0.8499646140625 0.28710295625 0.8575510484375 0.2884978796875 0.8691710703125001 0.28473506249999997 0.8737932421875 0.2549508015625 0.8823518796875 0.2549505515625 0.88235904375 0.2610816640625 0.8807877124999999 0.26371360625 0.8827668765625001 0.2852998453125 0.88340264375 0.29445037812499997 0.8791927046874999 0.29980271406250003 0.8806181093750001 0.30898862656250003 0.8753950015624999 0.3404847765625 0.8758577890625 0.3632018921875 0.8698922124999999 0.3812729828125 0.8680579484375001 0.38858633125 0.8648926343750001 0.41285758437500003 0.8659878078125001 0.42199042656249997 0.8622844578125 0.4309286734375 0.8641535453125 0.46074685625 0.8611016843750001 0.47539124531250004 0.8542644656249999 0.4826168703125 0.846795146875 0.4826583765625 0.8456065703125001 0.4820867390625 0.8430095046874999 0.45793931718750003 0.8383682328125