0 1 0.0916747703125 0.9721250546875 0.090093159375 0.9380363234375 0.0792041390625 0.8847054296874999 0.076140584375 0.8497301734375 0.0652670375 0.8419820890624999 0.0650392203125 0.826748259375 0.065305128125 0.8126703875000001 0.07090697968750001 0.8068480750000001 0.0819933453125 0.7831653265625 0.0859824140625 0.7844964859375 0.1241018609375 0.794144846875 0.124656103125 0.8313266125000001 0.122509175 0.8473363359375 0.12372764218750001 0.8697608406249999 0.1308258125 0.87791381875 0.1356765640625 0.910142371875 0.1441015234375 0.9337300328125 0.133703678125 0.9698335921875 0.1260832015625 0.9850765906250001 0.1053455796875 1 0.10339743125 1 0.0916747703125
0 0.9213206546875 0.44872381875 0.91836494375 0.42127638906250003 0.9218925875 0.40790883750000007 0.8973795765625001 0.4065625828125 0.8825569609375 0.439642725 0.879930775 0.464526390625 0.8841977421875 0.48662854062500005 0.8819776828125001 0.5088439218749999 0.8778272046875 0.5186740859375 0.8730060125 0.55442635625 0.87323048125 0.5608542921875 0.87730984375 0.5896483328125 0.8830738171875 0.6117243515624999 0.8801380484375001 0.62774276875 0.880726253125 0.644586740625 0.8822851765624999 0.646333659375 0.884938646875 0.6365296265625 0.8936111015625 0.627507596875 0.9063994078125001 0.6219619828125 0.9178418234375 0.635068234375 0.9205844984375 0.6421168828125 0.91942803125 0.6518947859375 0.9226077921875 0.6571616734375 0.9307156546875 0.6605684109375 0.9304753343750001 0.6250899984375 0.929481003125 0.6109143109375 0.9273302046874999 0.6065165265625 0.9326408203125001 0.572715353125 0.933797071875 0.49143999687499995 0.9364381609375 0.481281353125 0.9422443234375001 0.47766685937500003 0.941990378125 0.4703948234375 0.9377221312499999 0.4608564421875 0.9213206546875 0.44872381875
0 0.901563175 0.8126878015625 0.898623734375 0.8428993265625 0.8908527390625001 0.8634374703125 0.892659325 0.8722765875 0.8902055859375 0.91264345 0.8902825859375 0.9148484203124999 0.8931745984375 0.9299268312500001 0.8912086640625001 0.9413678546875 0.8916089093749999 0.95282935625 0.8961885515624999 0.9733404171875 0.906977175 0.982022753125 0.908167853125 0.984663165625 0.954924340625 0.983847028125 0.9584090109375 0.9678190296875 0.9631204078125 0.9597532046874999 0.965182003125 0.9472983078125001 0.9647176312499999 0.9340004343749999 0.9458284890625 0.893525146875 0.9467992046875 0.8784280953125 0.9448997453124999 0.8669294000000001 0.9375112609375 0.8555265203125 0.9357083453125 0.8324942953125 0.92688844375 0.8086974859374999 0.9228345109375 0.8069941187499999 0.9190319171875 0.798189840625 0.910728321875 0.792408075 0.910315534375 0.79241528125 0.90970566875 0.8027879562500001 0.901563175 0.8126878015625
0 0.6638065171875 0.5043898578125 0.6361325671875 0.4993805421875 0.6205759078125 0.5111361249999999 0.6199251421875001 0.5153369453125001 0.6204132921875 0.5293157265625 0.6212729296874999 0.5310962046875 0.6293910578124999 0.534948953125 0.664956603125 0.5373239890625 0.6731444328125 0.5431727453125 0.7142033828125001 0.55044495625 0.7305093406250001 0.5601464609375 0.7376015390624999 0.560022665625 0.7558874765625 0.5502166640625 0.762979675 0.55009286875 0.8183253984375 0.534646928125 0.8292229000000001 0.5164816906249999 0.8486218937500001 0.5131472421875001 0.8485173406250001 0.51015323125 0.82007884375 0.5086524015625 0.8003139156250001 0.50150780625 0.7803398796875001 0.4883751875 0.7460475093750001 0.4872824640625 0.72260044375 0.48769173437499996 0.7120600421875001 0.4890677109375 0.6638065171875 0.5043898578125
0 0.6398805296875001 0.10181328125 0.6574117578124999 0.10542601874999999 0.6700322109375 0.11119740156249999 0.6946980765624999 0.1062731015625 0.7287345328125 0.115665115625 0.75640848125 0.120674434375 0.7654654109375 0.1260087125 0.7742086796875001 0.1223609546875 0.7791270421875 0.1107910625 0.7904427593750001 0.104601871875 0.8363503671875 0.098308184375 0.8422075328125 0.0882198234375 0.8340719796875 0.083868075 0.8152981265625 0.0797020171875 0.8009046218749999 0.073961584375 0.7782013109375 0.0588793796875 0.746268990625 0.0589374546875 0.739263921875 0.061556260937499996 0.7312329203125 0.0601985234375 0.7250969484375 0.0623028515625 0.71265075 0.061521489062500004 0.7086788796875 0.053294965625 0.7012061468749999 0.05342540312500001 0.6387817984375 0.07034972187500001 0.6398805296875001 0.10181328125
0 0.677909003125 0.861586953125 0.63739024375 0.8697838015625001 0.6338613750000001 0.8696470375 0.634485478125 0.8875190187499999 0.6442580890625 0.8886375578125 0.654201540625 0.8939563625 0.6579567453124999 0.8998824890625 0.649213478125 0.9035302453125 0.6351108203125 0.9054264703125 0.635239903125 0.9091228921875001 0.6440685828125 0.9086131125 0.6602177124999999 0.9138235953124999 0.7082817343750001 0.918477003125 0.71959745 0.9122878125 0.7320436484374999 0.9130691750000001 0.7540325140624999 0.9076922968750001 0.7750302984374999 0.89933688125 0.8105087187500001 0.8992169078125001 0.8184003140625 0.8965826296875001 0.8256841937500001 0.90194785625 0.8385290031249999 0.888741690625 0.839936115625 0.8782317000000001 0.8232467968750001 0.8575521531250001 0.7826234859375 0.8627549921875 0.77622613125 0.857374290625 0.7630153859375 0.8601014156250001 0.7532461859375 0.85977263125 0.6980551171875 0.8542450140625 0.6930893328125001 0.8524912656250001 0.6863195625 0.85260943125 0.68208024375 0.8540245515624999 0.677909003125 0.861586953125
0 0.0549159734375 0.8704810765625 0.08243309374999999 0.870999375 0.088569065625 0.8688950468750001 0.160273021875 0.8646476140624999 0.168094915625 0.8600173265625 0.19269107968750002 0.85309701875 0.2025125546875 0.8549228093749999 0.218713959375 0.861630296875 0.2311601578125 0.8624116609374999 0.2375575125 0.8677923625 0.2483177890625 0.871099684375 0.25382862031250003 0.8764958609375 0.25643591718750003 0.87495243125 0.2558434484375 0.8579863640625 0.253079321875 0.855038775 0.23717415156250002 0.85681431875 0.229021171875 0.8519635671874999 0.19860051875 0.8445056640624999 0.19428987343749998 0.8480760500000001 0.1889184484375 0.8466718906249999 0.1841547390625 0.8372682234375001 0.1733247609375 0.83196489375 0.1590009578125 0.8282204671875 0.1395148390625 0.82905990625 0.1323355125 0.8266886890625 0.12409540625 0.8193429296874999 0.111527228125 0.8150685531249999 0.0947006828125 0.8158615671874999 0.08659998125 0.8125078218749999 0.07053798125 0.8097923484375 0.06370716562499999 0.817401171875 0.0285042984375 0.8162563265625 0.0305743765625 0.8755355703125 0.0338136328125 0.87584248125 0.0549159734375 0.8704810765625
0 0.5497750156250001 0.5191082781249999 0.5389973140625 0.5153019546875 0.5157559875 0.5102152656250001 0.4971215421875 0.5100412234375 0.48712581093749996 0.503225415625 0.4702644125 0.503020425 0.42901378125 0.49025919218749997 0.41835805937500004 0.48994588281249996 0.4122220859375 0.49205021093749995 0.4037402015625 0.5031829984375 0.3604573140625 0.5084322578125 0.3349920515625 0.5158670421875 0.327257284375 0.5229923390625 0.32491137187499997 0.5320207984375 0.314464753125 0.5376955125 0.3047826828125 0.5398617375 0.3040355625 0.5438692281249999 0.296300796875 0.550994525 0.2898032453125 0.5534235984375 0.2898600578125 0.555050478125 0.290269378125 0.5560928656249999 0.2982481015625 0.555953596875 0.30155024375 0.548905671875 0.3201324125 0.5475827078125 0.3282156890625 0.5504374484375 0.33786290937499996 0.5472732203125 0.3602699875 0.5538723875 0.3762622859375 0.5545918546874999 0.3914551859375 0.5578218046875 0.40732550468750006 0.55504825625 0.4383538734375 0.5545066546874999 0.4545204265625 0.5602161390625 0.4862262140625 0.553671040625 0.511258015625 0.55922578125 0.5176379453125 0.56410748125 0.51894050625 0.550603478125 0.54889066875 0.544588328125 0.553414928125 0.535904653125 0.553189709375 0.5294552328125001 0.5526436984374999 0.525049878125 0.5497750156250001 0.5191082781249999
0 0.2363021671875 0.849994821875 0.2213357984375 0.853251896875 0.2145224078125 0.8613597234375 0.19034228125 0.854791503125 0.1806602109375 0.856957728125 0.1734983109375 0.855085515625 0.16558928906249998 0.8572207921875 0.1583925359375 0.8543505765624999 0.15677631718750001 0.8588725421875001 0.1384729546875 0.8681795390625 0.138348375 0.8725511609375 0.13870775625 0.8828425234375 0.1436026015625 0.8880622468749999 0.159769153125 0.893771734375 0.190050403125 0.897237621875 0.19797685 0.8956013468749999 0.22318290468750002 0.9061461078124999 0.240079153125 0.9073491015625 0.26398047187499996 0.905933290625 0.2720288984375 0.9077900296875001 0.31112311875 0.9096041687499999 0.317293940625 0.90849784375 0.361757409375 0.8862515656250001 0.37020444375 0.874120775 0.3737435734375 0.8738592765625001 0.373253915625 0.8598373203125 0.364223125 0.8552515453125 0.355410153125 0.85690329375 0.34730945156250004 0.85354955 0.33847905312500004 0.8547022984374999 0.3081629546875 0.8502384046874999 0.29825435312500004 0.8459176046874999 0.28909447187500004 0.84547195 0.28220268125 0.845592246875 0.2735362109375 0.8493448984375 0.2363021671875 0.849994821875
0 0.21252061718749998 0.4598129796875 0.2029779515625 0.465971221875 0.163293440625 0.47265559062499996 0.15271139375 0.4779686671875 0.1527518140625 0.4791261484375 0.163903334375 0.49012066093750006 0.172559475 0.48397789375 0.175236478125 0.4844304734375 0.19680930624999998 0.492542121875 0.1987566109375 0.49750119374999996 0.2041977390625 0.5009013609374999 0.2353829375 0.5048507765625 0.24080663906250002 0.5077519421875001 0.240094371875 0.5127574375 0.22884835468750003 0.520942634375 0.18891988906249998 0.520640978125 0.1739360921875 0.5233990515625 0.1722501734375 0.5259250109375 0.180987403125 0.5315415781249999 0.1828976484375 0.531508234375 0.2201399375 0.525588396875 0.2370187609375 0.5262923875000001 0.2826998390625 0.513511675 0.3004129078125 0.5127031843750001 0.306688284375 0.5145908734375 0.31812598125 0.5118946953125 0.32259345625 0.5128153296875 0.33573449843750003 0.5080921953125 0.35344756718750003 0.50728370625 0.38051162656250004 0.494827953125 0.38563909218750003 0.4892460859375 0.384648015625 0.4862675484375 0.3680109734375 0.467085009375 0.3535129171875 0.4583505625 0.3298904046875 0.46775040625 0.3055534484375 0.456691165625 0.2894914484375 0.45397569375 0.270891853125 0.45479965624999996 0.249528128125 0.45267603125000005 0.22587348281250003 0.4478951109375 0.22359652031250002 0.44793485625 0.2183777796875 0.4497246203125 0.21252061718749998 0.4598129796875
0 0.47421207499999996 0.1239813296875 0.47782787656250003 0.1259154390625 0.476682146875 0.14391046093749998 0.4804547796875 0.150335590625 0.4865558984375 0.14723325625 0.492863946875 0.12465437343750001 0.5007206921875 0.121022090625 0.508734265625 0.1218808234375 0.5186428703125 0.126201625 0.54091054375 0.128808778125 0.5657158124999999 0.12787649375000001 0.5923812625 0.12940827187499998 0.6117628265625 0.12557482343749998 0.6206629265625 0.1264180828125 0.628554521875 0.12378380468750001 0.6365332453125 0.123644534375 0.644599096875 0.126000275 0.6569233156250001 0.123288625 0.6853618140625 0.124789453125 0.6994590828125 0.12204685312500001 0.6947825 0.11513819843749999 0.6749827203125001 0.1069956 0.6670388484374999 0.10813287187500001 0.646509371875 0.1044967671875 0.6347405937499999 0.09771190468749999 0.5658508624999999 0.0809393578125 0.4772158046875 0.0829857953125 0.459572834375 0.07796800937500001 0.454563503125 0.078055446875 0.4563539203125 0.12932626875 0.4697620265625 0.1235596984375 0.47421207499999996 0.1239813296875
0 0.0551044875 0.5437542765625001 0.067724940625 0.5495256609375 0.0715149984375 0.556449790625 0.0739480390625 0.549916340625 0.0783109625 0.5478429625000001 0.1068888625 0.5533358078124999 0.129955934375 0.5534324765624999 0.1819646640625 0.5440364546875001 0.20497945781250002 0.5426361187500001 0.21198452968749998 0.5400173140625 0.220867203125 0.540361571875 0.22818593437499998 0.5467248046875001 0.2592840046875 0.5481792078125001 0.25914460156249997 0.5441871921875 0.2512355796875 0.5463224703125 0.245846728125 0.5444193078125 0.2367026703125 0.5365900203125 0.2276980203125 0.532752746875 0.22074522343749997 0.5368685578125 0.213618175 0.53599435 0.20812477031249998 0.531097175 0.19282731718749999 0.5248732125 0.17175765 0.5057680453125 0.1637615015625 0.5054083125 0.158285521875 0.5010101421875001 0.143979146875 0.49776471562499996 0.11872470625 0.4857248046875 0.0985509453125 0.48607693906250005 0.0941072234375 0.4921442546875 0.0854162328125 0.4972890171875 0.0766381109375 0.499938771875 0.0686419625 0.4995790359375 0.05725654375 0.5037722203125 0.045749146875 0.5044723906249999 0.0385698203125 0.5021011750000001 0.0270624234375 0.5028013421875 0.021673571875 0.50089818125 0.020005075 0.5039231390625 0.01764328125 0.5052374578125 0.019134785937500003 0.5479485859375 0.0241458203125 0.5462918890624999 0.0551044875 0.5437542765625001
0 0.5578032937499999 0.8661653953125 0.5508853499999999 0.8712792109375 0.499588890625 0.8756697375 0.476783203125 0.8830580984375 0.468769628125 0.8821993625 0.467041615625 0.8830960187500001 0.4678283109375 0.9056240015625001 0.469571203125 0.9051534546875001 0.48848445781249994 0.9133115281249999 0.52415455625 0.9186805765624999 0.5578076484375 0.917094546875 0.5939809125 0.9114700796875 0.6126153578125 0.9116441203125 0.6349004578125 0.9147502765625 0.6508056296875 0.91297473125 0.656924175 0.9103714015625 0.6658068484374999 0.910715659375 0.6850664359375 0.9033891953125 0.6817795421875 0.885471546875 0.6825244859375 0.8559994812499999 0.6798126359375 0.8545488984375 0.675554265625 0.8596162906249999 0.6752079328125 0.875100825 0.670792734375 0.8756771984375 0.65104523125 0.8690316078125001 0.6254057140625 0.8714763718749999 0.6172701609375 0.867124621875 0.594081109375 0.8635349390625 0.589387103125 0.85612728125 0.5775311953125 0.8468474109375 0.570600803125 0.8452485953125001 0.5690491125 0.8452756812500001 0.561678303125 0.850119959375 0.5578032937499999 0.8661653953125
0 0.097830725 0 0.0982808 0.003490465625 0.09269523125 0.0151198109375 0.0924438953125 0.02222071875 0.096931240625 0.036335434374999996 0.0978326984375 0.0478515484375 0.09087028593749999 0.0772462296875 0.0879521046875 0.1009620921875 0.0885571046875 0.118287028125 0.0889561359375 0.122519965625 0.0977760359375 0.1463167734375 0.1036948 0.17282541875 0.10790352343750001 0.1789614109375 0.11965919375 0.1867398015625 0.12249841406249999 0.182254915625 0.1288962375 0.16528900468750002 0.132269090625 0.1474888265625 0.1379165765625 0.13763253125 0.1563833203125 0.12311715000000001 0.15757074531249998 0.114225771875 0.1566692890625 0.10270965781250001 0.1462595078125 0.07627940625 0.14548188125 0.06830939375 0.148696271875 0.0602696984375 0.1438027984375 0.048823267187500005 0.1425888046875 0 0.097830725 0
0 0.340148128125 0.0897221828125 0.3163862125 0.0951300109375 0.3160264890625 0.09553070625 0.3171591375 0.12796554843750002 0.33186009843750003 0.13180856875 0.340707921875 0.1311548234375 0.35588339687500004 0.133885771875 0.3722067796875 0.14408627499999999 0.375700603125 0.142527371875 0.3754392203125 0.1350423421875 0.3780465171875 0.1334989125 0.3887370921875 0.1348102265625 0.40314802031249997 0.1410496625 0.428127546875 0.1451073984375 0.45009898593750003 0.13923151875 0.459641653125 0.1330732765625 0.48874014218750006 0.1280716046875 0.498491915625 0.1279013875 0.504976396875 0.13577709843750002 0.521020971875 0.13799357031249998 0.5453579296875 0.14905280781250002 0.5506248015625 0.14746295625 0.5477212687499999 0.140523353125 0.5287557374999999 0.13086827343750002 0.5055144109375 0.125781584375 0.49251059531249997 0.1090321578125 0.48251486562499996 0.10221634843750001 0.441072553125 0.083966090625 0.42511510625 0.08424462968749999 0.38101539687499997 0.09150537343750001 0.37564397031249996 0.0901012140625 0.3697732984375 0.0685912984375 0.36771213281250004 0.06862727656249999 0.3599457296875 0.07240020625 0.340148128125 0.0897221828125
0 0.222105709375 0.08234480625 0.17237318906250002 0.0807163578125 0.1653681203125 0.0833351640625 0.15769659375 0.083469071875 0.1590548234375 0.12236371718750001 0.1976337 0.11822270312500001 0.2109664234375 0.11898859218749999 0.2370590046875 0.1295178796875 0.2727813796875 0.1363839359375 0.29198869375 0.127560465625 0.30233075781249996 0.118891740625 0.3453871109375 0.10715545312500001 0.3584758765625 0.1009353140625 0.361882571875 0.09688139999999999 0.3708523734375 0.09972066874999999 0.37512816718750003 0.0951522796875 0.373962834375 0.087183721875 0.3694605078125 0.0852650859375 0.3383275859375 0.082812675 0.29890228125 0.07151749843750001 0.2974845328125 0.07141655625 0.269523803125 0.07190461249999999 0.2502131171875 0.0743645953125 0.222105709375 0.08234480625
0 0.6276012609375 0.5217916390624999 0.5865423109375001 0.5145194265625 0.554575140625 0.513579496875 0.5466661187499999 0.5157147734375 0.5424426015625 0.5217801703125 0.5239998359375 0.52709515 0.495787871875 0.5320813484375 0.4833590984375 0.5317989875 0.46402980781250003 0.5371294421874999 0.45247013437500005 0.5363326046875 0.4425295359375 0.5393332625 0.44253846250000006 0.5395888671875 0.4695580625 0.5430246203125 0.47946666562500007 0.547345421875 0.4937033390625 0.5485948375 0.5404299484374999 0.5657542421875 0.5564570984375 0.5674717125 0.5961938859375 0.56228435 0.636087503125 0.561588003125 0.6793529640625 0.5558397421875 0.6897821546875 0.5496660265625 0.7099805453125 0.5438210921875 0.711649040625 0.54079613125 0.7088152125 0.535852534375 0.69702900625 0.5285686703125 0.65504868125 0.52031393125 0.6503546734375 0.512906271875 0.6500758640625001 0.5049222390625 0.6473988640624999 0.5044696625 0.6478791265625 0.5015036187499999 0.6470912234374999 0.501517371875 0.6346411828125 0.5201708375 0.6276012609375 0.5217916390624999
0 0.5392564890625 0.8223439265625 0.5132775374999999 0.822797390625 0.5082625000000001 0.8251806734375 0.5028910734375 0.8237765156249999 0.49420008125 0.828921278125 0.46313686093750006 0.8284648765625 0.44116542187499996 0.8343407578125 0.423487203125 0.83614725 0.41649955624999996 0.83926505625 0.392511109375 0.838185859375 0.38376784062499997 0.8418336171874999 0.37483289062499997 0.8399923499999999 0.3456647 0.842998015625 0.3317068328125 0.8497326296875001 0.3254107296875 0.8567458421874999 0.325507578125 0.8595192140625001 0.325884521875 0.86081899375 0.349994946875 0.86539120625 0.365274975 0.8711161671875001 0.38651671875 0.8697467781249999 0.394617421875 0.8731005234375001 0.41236534375 0.8732900390625 0.4258200453125 0.8775489421874999 0.45613614687500004 0.882012834375 0.5055898546875001 0.8756572468750001 0.5198613796875 0.87790466875 0.5335927140625001 0.8646830281250001 0.5432399328125 0.861518796875 0.5465246500000001 0.8539718703125001 0.516990521875 0.846498490625 0.514816684375 0.8350523937500001 0.5182059531250001 0.8304994796875 0.5464541984375 0.822218290625 0.546357646875 0.822219975 0.5410290671875 0.8236101203124999 0.5392564890625 0.8223439265625