0 0.056680434375 1 0.05677680625 0.985056621875 0.05908775000000001 0.9685910625 0.06787009375 0.9457870734375 0.07339799218750001 0.937605171875 0.0827196859375 0.9092298031249999 0.08307064374999999 0.9016946046875001 0.075056246875 0.87990089375 0.0696033265625 0.84227130625 0.0492805203125 0.8255423796875 0.0471725125 0.7934491968749999 0.04125558125 0.7878828640625 0.0385982640625 0.7896844390625 0.0327368953125 0.8381773375 0.0192848515625 0.8728382031249999 0.012610520312500002 0.9277353734375 0 0.9609809984375 0 0.9942726515625001 0.0018699046875 1 0.056680434375 1
0 0 0.4922102046875 0.0226178328125 0.488939921875 0.0453678515625 0.49229273593749995 0.055225484375 0.497039578125 0.08697245625 0.5028463421875 0.10613848906250001 0.503069359375 0.1283418078125 0.50097845625 0.15147516562500002 0.4961008171875 0.167790971875 0.4998934421875 0.1851902390625 0.5000959 0.1870936171875 0.498574003125 0.1771641109375 0.49537036875 0.1684378578125 0.486004553125 0.1635662765625 0.47256613437499995 0.177829634375 0.46140909687500004 0.185275434375 0.4589223265625 0.19527681875 0.4605827484375 0.2009150765625 0.45756026250000004 0.20411203125 0.45109118437499995 0.20419350625 0.44934189062499996 0.1683793 0.44791739843749995 0.15370332656250002 0.44826131093750005 0.1490287359375 0.45026564375 0.11454166562500001 0.44317348437500004 0.030850551562500002 0.43808219375 0.0205547453125 0.4348742984375 0.01717924375 0.4286588359375 0.0098532375 0.428573590625 0 0.43241125625 0 0.4922102046875
0 0 0.11778162343750001 0.004373359375 0.12179126250000001 0.035317221875 0.1262687828125 0.055972195312499994 0.13525872187500002 0.0652015796875 0.13382206875 0.108050203125 0.1384381140625 0.1246535140625 0.1360579015625 0.13884469531250002 0.13919012343749998 0.1453077828125 0.139265328125 0.1695971828125 0.135036821875 0.1792578265625 0.124340909375 0.181857909375 0.12331969375 0.18410891406250002 0.074989746875 0.16801326875 0.07068313125 0.1600110984375 0.065443196875 0.1473103796875 0.062722 0.133574115625 0.06256216406250001 0.0906110171875 0.080076115625 0.075115128125 0.078351759375 0.063138490625 0.07975644374999999 0.050898306250000004 0.086819565625 0.027040865625 0.087571325 0.0019322515625000002 0.095514071875 0 0.099424009375 0 0.11778162343750001
0 0.27906676406250003 0.5104625359375 0.337453875 0.4962161515625 0.3502211515625 0.47783615468749996 0.37027576406249996 0.4750172859375 0.37042195 0.4718785875 0.34144698125 0.4694991453125 0.3216598421875 0.46154866875 0.30216020625 0.44742535468750005 0.2500821984375 0.4442459625 0.23167134531250003 0.44609045937499997 0.1806102421875 0.46042209375 0.152485509375 0.45443332812500004 0.1354509421875 0.46607280156249997 0.13203284531249998 0.4804441265625 0.13449259375 0.4866489328125 0.14254268125 0.4908600609375 0.1790289671875 0.49437271093749996 0.1869832203125 0.5006414515625 0.22872442343750002 0.509362065625 0.2430343484375 0.5187324078125 0.25424866874999996 0.5188628984375 0.2717407578125 0.5103772890625 0.27906676406250003 0.5104625359375
0 0.2309197953125 0.938009046875 0.2431120609375 0.9319747328125001 0.2909946546875 0.9268703953124999 0.2978840859375 0.91665691875 0.28985795468750003 0.9119313874999999 0.2708428140625 0.9070779874999999 0.2564783046875 0.90073465625 0.23432725156249998 0.8845217609375 0.201384178125 0.8836237515625 0.1939383765625 0.8861105234375 0.1857684953125 0.8844714109374999 0.179262403125 0.8864544343749999 0.166489809375 0.885276446875 0.16239022812499998 0.8749351031250001 0.12162657031249999 0.8845706 0.119277759375 0.9350004953125 0.1442109625 0.9308239140625 0.178530321875 0.9415168984375001 0.20665505468749998 0.9475056609375001 0.21515996406250001 0.9530184734375 0.216190034375 0.953030459375 0.22487423906249998 0.9497763890625001 0.2309197953125 0.938009046875
0 0.2710528484375 0.1393912859375 0.294186209375 0.134513646875 0.31654757031249997 0.1265389296875 0.3531536484375 0.1274795640625 0.36151520000000004 0.12500345 0.3685776625 0.1307471296875 0.3829368515625 0.11753248125 0.3852714875 0.106751321875 0.36979423749999996 0.0849545828125 0.327454065625 0.08909405000000001 0.32130735625 0.083361021875 0.3074512984375 0.0857732015625 0.297401996875 0.0851415859375 0.240936903125 0.0777936875 0.232838896875 0.07461136562500001 0.224477346875 0.0770874828125 0.2195392109375 0.0847502515625 0.1770552875 0.09197614062500001 0.1724885125 0.09166565625 0.17163375 0.11001775 0.1825551125 0.11159805468749999 0.1923648265625 0.1173737046875 0.1957403265625 0.123589165625 0.18641510625 0.1270834328125 0.170763071875 0.1287115640625 0.17058892812499998 0.1324504890625 0.1806810125 0.13216353125 0.196900984375 0.1380137703125 0.240154890625 0.14349566875 0.247436103125 0.14358039218750002 0.258280253125 0.1382133 0.2710528484375 0.1393912859375
0 0.944725559375 0.039173206249999995 0.9404823796875 0.0418725734375 0.9335792953125001 0.03537851875 0.915324434375 0.0626535203125 0.911126484375 0.075432134375 0.9033277140625 0.0881688484375 0.9011447265625 0.10188715468750001 0.905265115625 0.1239250328125 0.9029141062500001 0.152301340625 0.9046731578125 0.1587355390625 0.9043047796874999 0.23294727656249997 0.9085505453125 0.24124290625000003 0.9140435390625001 0.26696174375 0.911516753125 0.2770110625 0.903547378125 0.29341077968749996 0.9019214468750001 0.3062193203125 0.895964446875 0.31256373593750003 0.891851803125 0.323510846875 0.8859374546875 0.3289395109375 0.8868927531249999 0.330806028125 0.90588709375 0.331027046875 0.908056796875 0.32919689375 0.9072813203125 0.31269541875 0.91280921875 0.3045135171875 0.9224898312500001 0.27347375625 0.9191022671875 0.26885310156250003 0.9209013875000001 0.2633765546875 0.9308883078125 0.2589115265625 0.937058565625 0.2479883578125 0.9418562218750001 0.2333842265625 0.9422801562500001 0.213231721875 0.9451933890625 0.2059356421875 0.9532933046875 0.19778366875 0.9585200578125 0.185017025 0.9588160390624999 0.1676117734375 0.9628007296875 0.1594119140625 0.9666548796875001 0.1429643109375 0.9592800453124999 0.1355485203125 0.9632569890625 0.09436367031250001 0.960381246875 0.07875400625 0.960807765625 0.0695964984375 0.9716451390625 0.0358214546875 0.9747994703125 0.01565061875 0.975 0.0113451515625 0.9565113046875 0.0111300171875 0.954323453125 0.0209599421875 0.944725559375 0.039173206249999995
0 0.7030048 0.46130644218750005 0.699006375 0.468465465625 0.6797276890624999 0.4692705015625 0.67162968125 0.46608818281250003 0.6614126703125 0.46905738750000003 0.63885431875 0.46158935 0.6224187203125 0.46036873749999996 0.607018665625 0.4565867703125 0.5904153546875001 0.45896698125 0.5583640734374999 0.45859403125 0.5421680609374999 0.452229390625 0.5089135234375 0.458018621875 0.483560003125 0.4515474234375 0.47749715156250006 0.44641998281250006 0.477373296875 0.446418540625 0.47491094531250005 0.460196378125 0.44351186875000004 0.46549251875 0.4375621484375 0.4752022484375 0.43799872500000003 0.48550096875 0.4404584734375 0.4917057734375 0.4512558140625 0.4959488703125 0.4748017921875 0.5018843562499999 0.494008603125 0.5026225296875 0.503746440625 0.5099413890625 0.5211217484375 0.5106582515625 0.56259940625 0.5250373015625 0.5735644578125 0.5256795750000001 0.5800705500000001 0.523696553125 0.58975515 0.5124862375 0.6348425734375 0.5083787375 0.661734771875 0.5014861078124999 0.6703119531249999 0.49438036093750004 0.6734904625 0.48515306875 0.68474301875 0.47962250156249997 0.694912115625 0.4776821046875 0.696019534375 0.47357753281250003 0.7045967156249999 0.4664717890625 0.7115921984375 0.46413541562500005 0.7116574046874999 0.4627354296875 0.7112465593749999 0.46140234375 0.7030048 0.46130644218750005
0 0.7909142484375 0.1605005984375 0.8066257671875 0.157595325 0.8143351140625 0.14945011875 0.8387249671875001 0.15693946875 0.8488940609375 0.1549990703125 0.856124234375 0.157141928125 0.8644618265625 0.1551802171875 0.8716440828125 0.15835188125 0.8736912125 0.153743565625 0.8933532375000001 0.144708075 0.8940366 0.138509021875 0.894445784375 0.12972368437499998 0.8897328328125 0.12407866406250001 0.8735368203125 0.11771402187499999 0.842592959375 0.11323650156250001 0.834279325 0.114683809375 0.809165390625 0.10306857656249999 0.791838 0.1013229078125 0.7670648078125 0.102064009375 0.758918884375 0.0999104953125 0.7187456375 0.0968696265625 0.7122874640625 0.0978238421875 0.6645539421875 0.11939974375 0.6548214234375 0.1316388640625 0.6511488359375 0.13180200312499998 0.650475596875 0.146256734375 0.6594054984375 0.15125012499999999 0.6686348843750001 0.149813471875 0.67670893125 0.153510196875 0.6859143578125 0.152587946875 0.7168103015625 0.158094275 0.7266679328125 0.1628411171875 0.7324841390625 0.16329455937499998 0.74379229375 0.163426140625 0.7524527109375 0.1600530578125 0.7909142484375 0.1605005984375
0 0.6912800234375001 0.5714827484375 0.7394740796875 0.5596911687499999 0.7578130578125 0.559389878125 0.7641274796874999 0.5615220828124999 0.7761520328125 0.5590885906249999 0.7806828703125 0.5601706765625 0.7946347640625 0.5557008828125001 0.8129737406249999 0.5553995921875 0.841937028125 0.543384240625 0.8472808125 0.5381922390625 0.8473618281249999 0.5364528125 0.8469230812499999 0.534692665625 0.8313739546875001 0.51443913125 0.8171531968749999 0.5050093796875 0.7919966656249999 0.5139809343749999 0.767822440625 0.5018619578125 0.7514826765625 0.4985837328125 0.73222795 0.49887436718749995 0.710369721875 0.4960466125 0.684992240625 0.4900898171875 0.67848615 0.4920728375 0.67159671875 0.5022863140625 0.661235953125 0.5083419421875 0.6197396578125 0.5140352734375 0.60757135 0.5195551859374999 0.618901103125 0.5320393890624999 0.6283461171875 0.5259731046875 0.6310694109375 0.5265194765625 0.652640134375 0.53552006875 0.65423205 0.5406854140624999 0.65955884375 0.5443501703125 0.691394496875 0.5493527515625 0.69674525 0.5525031078125 0.6955899125 0.5576364828125 0.6833018109375 0.5657284109375 0.6421409375 0.564220096875 0.626453378125 0.5666109671874999 0.6245020828125 0.5691616703125 0.6325445359375 0.5748552140625 0.6374999140625001 0.574912875 0.6739286734375 0.5702514843750001 0.6912800234375001 0.5714827484375
0 0.4734946875 0.8875884734374999 0.46530084687500006 0.8864637656250001 0.4554432140625 0.8817169234375 0.43269319531250006 0.8783641093749999 0.40702820937500006 0.8785801531249999 0.3796515171875 0.8762028687500001 0.35933728593750003 0.8795692640624999 0.3502276953125 0.8784338999999999 0.34186614375 0.880910015625 0.3336243859375 0.8808141140625001 0.3255024203125 0.8781461953124999 0.3125621140625 0.8805690328125 0.28335391875 0.8781704359375 0.2685821109375 0.8805719609375 0.27282544375 0.887826884375 0.292564665625 0.8968061671875001 0.300854340625 0.8958732625 0.32172494375 0.9002335703125001 0.3332942828125 0.907573740625 0.3976337796875 0.9254381578125 0.48526075625000004 0.926457790625 0.488015484375 0.8673126765625 0.48190415625 0.8840835515625001 0.4734946875 0.8875884734374999
0 0.939445096875 0.475056140625 0.9361175156250001 0.4678118734375 0.9330588015625001 0.4744671484375 0.9283842109375 0.4764714828125 0.8993676859375 0.46995766093749997 0.8755821218750001 0.46916620781249996 0.8211455187500001 0.477282375 0.797288078125 0.4780341328125 0.7898422765625 0.48052090468750003 0.780708725 0.47989994375 0.7736941828125 0.47312745468750006 0.7417387359375 0.4706968921875 0.7415470656250001 0.47481211874999996 0.7498846578125 0.47285040624999997 0.7552833296875 0.47497195468750003 0.7640575000000001 0.4833089640625 0.7730233390625 0.487530746875 0.7805410140625 0.4835007671875 0.7878191046875 0.48461482031249997 0.7930740234375 0.48982278749999997 0.8083303234375 0.49669117656250006 0.8284582078125 0.5169979859375 0.8366760062499999 0.5176082921875 0.841954884375 0.52230185625 0.8564391875 0.5260731703125 0.88148124375 0.5392316125 0.885882471875 0.54028274375 0.9014896703125 0.5404643499999999 0.907409775 0.533357134375 0.9168068703125 0.5283196593749999 0.9260841750000001 0.5258541984375 0.9343019734375 0.5264645031249999 0.9463984062499999 0.5224878015625001 0.958327125 0.5221119234375 0.9655333390624999 0.5247691859375 0.9761159718749999 0.524435721875 0.9781853765624999 0.480004775 0.95197810625 0.4813781625 0.939445096875 0.475056140625
0 0.536344934375 0.08713199375 0.50191936875 0.0808810078125 0.48897408125 0.080730375 0.4651559515625 0.0811568140625 0.42737057500000003 0.0858639625 0.408163765625 0.0851257890625 0.385437703125 0.08125857187499999 0.3688823125 0.08260997812500001 0.3623522625 0.0851074046875 0.3532187109375 0.0844864453125 0.3327367671875 0.0914536640625 0.33462150625 0.11000415 0.331376440625 0.14033263437500001 0.3340518171875 0.1419078109375 0.338870159375 0.13681705625 0.3405286296875 0.12088120937499999 0.3451313453125 0.120420084375 0.36494244375 0.12785615781249998 0.391595053125 0.126107559375 0.3996211828125 0.13083309062499998 0.42323903593749995 0.135225365625 0.42745840937499996 0.14299469375 0.4389079578125 0.15290688125000002 0.4470538796875 0.1550603953125 0.45553522500000004 0.15001226406249998 0.4608806578125 0.1336046375 0.4684462546875 0.1285458515625 0.52172751875 0.125563059375 0.5458724640625 0.1186384640625 0.5540663046875001 0.119763171875 0.5556991234375 0.11899715625 0.5567832421875 0.095720671875 0.55516840625 0.0961006203125 0.536344934375 0.08713199375
0 0.8661058890625 1 0.8661311171875001 0.9925015171875 0.8757690765625 0.96237750625 0.8800984296875001 0.9412523875 0.881323928125 0.9149404578125001 0.8744662875 0.8908950640625 0.8706018078125 0.8633626812499999 0.8667851453125 0.856904540625 0.8553377328125 0.8485251109374999 0.85203805625 0.853067953125 0.8440260265624999 0.8703834203125 0.8390577640625001 0.8886505546875 0.832415753125 0.8986519859375001 0.8121860015625 0.9130765484375001 0.810216271875 0.9222161015625 0.810176203125 0.934126846875 0.8186703140624999 0.961713103125 0.81880085 0.9699608453125 0.8148161609375 0.9781607046874999 0.8188913156250001 0.9901193375 0.8183319390625 1 0.8661058890625 1
0 0.62883584375 0.931885928125 0.6312422359375 0.880219703125 0.6251911171875 0.8789377796875 0.6092107343750001 0.8679435046874999 0.6054758546875 0.86944409375 0.6051164734375 0.8771601406249999 0.6022973453125 0.8786713859375 0.5913802109375 0.8770003046875001 0.5770396578125 0.8701425734375 0.5516142625 0.8652145812500001 0.5284569421875001 0.8706066234375 0.518096178125 0.8766622515625 0.48766076875 0.8809402421874999 0.477587509375 0.8808230281249999 0.4715605921875 0.8725179859375001 0.45519686875 0.869754165625 0.4310226453125 0.8576351859375 0.42545626406250003 0.8591144609375 0.4278680953125 0.8663480734375 0.44661968906249994 0.8768599125 0.47016566718749997 0.882795396875 0.4821715828125 0.9004342875000001 0.491909421875 0.907753146875 0.5331235328124999 0.9277906359375001 0.5496070484375 0.9279824390625 0.5957060578125 0.9218279828125 0.6011286874999999 0.923435128125 0.6055394015625 0.9466175218749999 0.6056108484375 0.946618353125 0.6158339390625 0.9421347921875001 0.62883584375 0.931885928125
0 0.606211584375 0.9289644312500001 0.6381191140625 0.9324237999999999 0.6778371437499999 0.94523833125 0.6852111984375 0.9459812390625 0.70332175625 0.946191975 0.72829928125 0.9437667828125 0.757962690625 0.9363917171875 0.7911184078125 0.9384452187500001 0.7929248984374999 0.89965913125 0.7862205359375001 0.9001781 0.772532190625 0.8989894578125 0.7465025062499999 0.88736356875 0.7102318484375 0.8792212906250001 0.6896780296875 0.8877317203124999 0.678281721875 0.8963487078125001 0.6328828343749999 0.9071434500000001 0.6188590671875 0.9131564531249999 0.6150043921874999 0.9172290562500001 0.6059906359375 0.9140360796874999 0.60131929375 0.9184949859374999 0.601264571875 0.9196699046875001 0.6017286640624999 0.9268535390625001 0.606211584375 0.9289644312500001
0 0.289184790625 0.478195453125 0.331793828125 0.48795553125 0.33601320156250003 0.495724859375 0.3356298625 0.5039553125 0.3383531546875 0.5045016828125 0.337279346875 0.5088856203125001 0.3374005015625 0.5088870296875 0.3528321390625 0.4887150171875 0.3602300234375 0.487257053125 0.40197122656250006 0.49597766875 0.4348663828125 0.49790448437499996 0.44320397500000003 0.4959427734375 0.448070234375 0.48982321406249996 0.467540590625 0.48490294843750004 0.4970602484375 0.48061430312500003 0.509856803125 0.4812778875 0.530242909375 0.47636828124999997 0.5420997546875 0.4775356109375 0.553207534375 0.4745837 0.5532080234375 0.4745731984375 0.525035909375 0.47013150625 0.5151782781249999 0.4653846625 0.5005981390625001 0.4636709625 0.45384160468749996 0.4445983453125 0.4374539234375 0.4423489296875 0.39602950312499996 0.44649905156249997 0.35482071249999997 0.44601954375 0.3097093296875 0.450641446875 0.298432815625 0.4566864171875 0.2771069984375 0.4620997703125 0.275389090625 0.4647655421875 0.2753495515625 0.46561445 0.277639409375 0.47034087968750005 0.289184790625 0.478195453125
0 0.5599243640625 0.0818050625 0.564641878125 0.091022428125 0.562120259375 0.1230617375 0.5667124015625 0.146021353125 0.5674025765625 0.16435432656249999 0.57014778125 0.1717162484375 0.5674529734375 0.1964235671875 0.570627278125 0.20562297499999999 0.568143146875 0.2147565421875 0.5693076546875 0.24500625 0.57531246875 0.2597360765625 0.5818259484375 0.266285728125 0.5860916781250001 0.2663353640625 0.586330778125 0.26627801875 0.5926264109375 0.2416125984375 0.5995243296874999 0.2261166609375 0.5995191671875 0.20412666875 0.6035038546875 0.1959268109375 0.60487129375 0.1776177765625 0.6101407 0.163935384375 0.615824071875 0.13715203125 0.61632429375 0.12641205312499998 0.6134649578125 0.081511815625 0.6167194031250001 0.0668897296875 0.6040273453125 0.0520820890625 0.6014100953125 0.0419729140625 0.593864653125 0.0382201265625 0.5842266921875 0.0683441359375 0.5723101140625 0.07003796875 0.5678510906249999 0.0663210953125 0.5610791890625 0.0362323375 0.5610720421875001 0.036232253125 0.5622727937499999 0.0424337578125 0.560087225 0.04515706875 0.5581951234375 0.0654070328125 0.5581068203124999 0.0673029109375 0.5617234828125001 0.07632851406249999 0.5599243640625 0.0818050625