0 0.8870092296875001 0 0.8697073671875 0.017671346875 0.8696466078125 0.0191624828125 0.880107140625 0.030764176562500002 0.8783945 0.0456023015625 0.8828741953125 0.044435210937500004 0.884144809375 0.0404452140625 0.897696809375 0.047769459375000003 0.9039944171875 0.0563738546875 0.909029053125 0.0551841546875 0.9103398531250001 0.0502079625 0.9084817546874999 0.041422671875 0.9110229859375 0.0334426765625 0.9040096999999999 0.0288056671875 0.904210621875 0.0238747 0.9111109953125001 0.017686196874999997 0.9069527734375 0.010963740625 0.9099415343749999 0 0.9006816656250001 0 0.898990346875 0.0024271796875000003 0.8959301343750001 0 0.8870092296875001 0
0 0.7686501828125001 0.0790633578125 0.7728160468749999 0.07200172031249999 0.779515496875 0.0707441828125 0.7813812359375001 0.06574537968750001 0.7809219484375001 0.0362274171875 0.7861575046875 0.030106748437500004 0.787548671875 0.023158171875 0.784259221875 0.022307650000000002 0.7796187906250001 0.0274195140625 0.769356240625 0.0209457890625 0.76757086875 0.023972204687500002 0.7651707328125 0.056517359375 0.7651041234375 0.058152054687499996 0.7654009171875 0.0772266421875 0.7686501828125001 0.0790633578125
0 0.840169775 0 0.8401209 0.0041057625 0.844135646875 0.05513908125 0.8598519343750001 0.0909272609375 0.8600375734375 0.1135644828125 0.8655190453125 0.12860174687499998 0.862435328125 0.14989535 0.87375708125 0.15938534843750002 0.8843988921875001 0.158951728125 0.8891125828125 0.147823778125 0.8940821296875001 0.12103827656249999 0.8921838484375 0.11323917812499999 0.8933491921875 0.0846395734375 0.8908867718750001 0 0.840169775 0
0 0.4764492359375 0 0.47966819843749997 0.01162643125 0.48151865312500003 0.0341958171875 0.47359839062500003 0.0926073421875 0.480523665625 0.1130008328125 0.4849880796875 0.13940193125 0.47838625625000003 0.17905316875 0.4815953390625 0.181876078125 0.4838878203125 0.1935973390625 0.48281048593750003 0.20644046249999998 0.4939016234375 0.21977231718749998 0.49950046718749996 0.221432309375 0.5053061171875 0.2211957484375 0.509994853125 0.2191165671875 0.5205463359375 0.2049028453125 0.523167934375 0.1949504640625 0.526591240625 0.0973399390625 0.52130588125 0.0502966171875 0.5095893031250001 0 0.4764492359375 0
0 0.0714733234375 0.12028650156250001 0.07337160312499999 0.1280856 0.07927501249999999 0.1327678359375 0.0843020046875 0.145362228125 0.0863706421875 0.2033667359375 0.087471278125 0.20702309687499998 0.09624054374999999 0.20666577656250001 0.1005330484375 0.18211398750000002 0.10261499062499999 0.14461603125 0.09688760156250001 0.1084208359375 0.0975305515625 0.0926417421875 0.11048397343750001 0.029102353125 0.06657898749999999 0.03089134375 0.06541076875 0.040866439062499996 0.0646127046875 0.060452337499999995 0.0651508109375 0.0851001125 0.0714733234375 0.12028650156250001
0 0.0817412375 0.2936516453125 0.0745901390625 0.25160712812499997 0.071501609375 0.24582564062499998 0.05161181875 0.2308831921875 0.0453218515625 0.208494703125 0.043576665625 0.210534925 0.0423787765625 0.22633663125 0.045025278125 0.24296624375000003 0.0344759015625 0.34066848906249997 0.0341124265625 0.34958882343750003 0.08042509375 0.3477017265625 0.080801715625 0.3439022796875 0.0817412375 0.2936516453125
0 0.4602413890625 0.3490850828125 0.46727957499999995 0.3803040890625 0.47453396718749996 0.3790239390625 0.48467596406249996 0.3884562421875 0.4903133640625 0.3724736421875 0.490675021875 0.3635979015625 0.48770704687500005 0.354857834375 0.49007027968749994 0.31045652343749996 0.491903475 0.29265982031250004 0.49813599531249997 0.2756684140625 0.5019152984375 0.2509005234375 0.5046249078125 0.22519166093749998 0.505001846875 0.18874773281249999 0.5085725875 0.18269490156249998 0.517612346875 0.1783883359375 0.5202580171875 0.1715501265625 0.5203330203125 0.16970944999999998 0.5057404484375 0.1434280640625 0.49420728281250004 0.1409443375 0.48897172656250004 0.14706500625000002 0.4753566171875 0.1820792359375 0.46419473125 0.22486995312500002 0.4550064734375 0.2799073875 0.4546285109375 0.28918324375000004 0.45962900468749995 0.3097278 0.4602413890625 0.3490850828125
0 0.8409149375 0.23725532968750002 0.848580790625 0.2802634296875 0.8476641921875 0.2891617828125 0.8506647109375001 0.31069975 0.8508503515625 0.3333369703125 0.8470786890625 0.34432076875 0.8458808015624999 0.360122475 0.8510608921875 0.3825561875 0.8580070234375 0.38621344999999996 0.8636554921874999 0.3859832921875 0.8675885062500001 0.38483640625 0.878099803125 0.371608878125 0.888850228125 0.2845299125 0.8910125390625 0.2450595671875 0.8811020296875001 0.1755599203125 0.8693642015625 0.13862507500000001 0.8536261703125 0.1392663515625 0.8567325406249999 0.1617845625 0.8483529890625 0.190678125 0.8446942390625001 0.21248743593750002 0.8396116453125 0.220313640625 0.8395046374999999 0.2229397890625 0.84187171875 0.227370784375 0.8409149375 0.23725532968750002
0 0.9575480828125 0.4244013046875 0.9010950703124999 0.40841900937500003 0.8530429421875001 0.4037287703125 0.8435880250000001 0.3941417140625 0.8403442265625 0.3770993421875 0.8304822921874999 0.37750118593750004 0.820055059375 0.3917765015625 0.78089255 0.4105467984375 0.75350525625 0.40612256875 0.7186719218750001 0.4152981640625 0.7097005281250001 0.422500125 0.7091553562499999 0.43587958593750004 0.7166455765624999 0.44086554062500005 0.754767934375 0.4476224375 0.7882758937500001 0.446811109375 0.8548621843750001 0.45573229531250004 0.8662938171875 0.4560715484375 0.881410321875 0.4554555984375 0.8994217796875 0.4494844921875 0.915223484375 0.448286603125 0.9431082390625001 0.44050217500000005 0.95440860625 0.42896136875 0.981046603125 0.4244028109375 0.9810808421875 0.4235625265625 0.97238620625 0.42268866093749996 0.9575480828125 0.4244013046875
0 0.47492403124999993 0.47074786875 0.5149370640625001 0.45526702343750003 0.524821609375 0.45431024062500003 0.545020328125 0.4418528359375 0.56661225625 0.41936634687499996 0.58456724375 0.4136485796875 0.54222876875 0.41371168750000004 0.5012295421874999 0.429232715625 0.42728765781250005 0.4316915984375 0.403483346875 0.43598565625 0.3725721734375 0.44555545625 0.355965171875 0.442354015625 0.35036458125 0.43482597343749996 0.3416019 0.4324129375 0.33839458906250003 0.4386378203125 0.313911915625 0.45958004687500004 0.3085060984375 0.47143468593750004 0.314174525 0.477297909375 0.3210100421875 0.47868143593749996 0.349433559375 0.4802518015625 0.4339657828125 0.476807378125 0.4540556890625 0.4754763125 0.47492403124999993 0.47074786875
0 0.06296790937499999 0.4609390890625 0.0510883671875 0.4397629125 0.048876253125000005 0.42606926562499997 0.05296174687500001 0.4209800140625 0.0549958640625 0.398252346875 0.053572153125 0.392403021875 0.05131221406249999 0.3934796640625 0.043929628124999995 0.41150248593749994 0.0414209421875 0.43228038281250003 0.03705415625 0.44427298593750003 0.042387342187499996 0.47654602187500006 0.03127581875 0.541572815625 0.0738474328125 0.5398381546875 0.0749450796875 0.520508965625 0.06296790937499999 0.4609390890625
0 0.7964414671875 0.8632190874999999 0.7965141953125 0.8750307953125 0.8007451421875 0.893564959375 0.8147238874999999 0.9176092656250001 0.81547210625 0.9264397828125001 0.830133984375 0.9337188031249999 0.83325505625 0.9522981921874999 0.8391182781250001 0.9579666203125001 0.8455471171875001 0.9592065703125 0.8516316234374999 0.9589586453125 0.8516659859375 0.9581153328124999 0.846441440625 0.8326296234375 0.8418162875 0.8101732984375 0.8426525171874999 0.8032473328125 0.8382206468750001 0.789644134375 0.8334902265625 0.7425782015625 0.834366640625 0.7346660421875 0.8386128703125 0.72563201875 0.83338495625 0.7179685921875001 0.8331916749999999 0.7091154656249999 0.8291941906250001 0.698448234375 0.81916510625 0.6998414453125 0.81039899375 0.7110287515625 0.8005153640625 0.7360453765625 0.80070864375 0.7448985046875001 0.7930045828125001 0.7708108734375 0.7894350375 0.8009277031250001 0.7889945140625 0.8117389015625 0.7901514984375 0.840830596875 0.7964414671875 0.8632190874999999
0 0.4370834484375 0.694171753125 0.44115365781250004 0.7166506890625 0.447644546875 0.7341082125 0.44722138906250003 0.7851285953125 0.447268646875 0.7851266703124999 0.451192365625 0.769407665625 0.4586476765625 0.7631965468749999 0.45781908906249996 0.75633841875 0.46750179843749995 0.736252759375 0.464380725 0.717673371875 0.4701061375 0.6859342890625 0.47056344531249994 0.6475179765625 0.46347545312499994 0.5631349812499999 0.468123528125 0.5442390234375 0.4678900640625 0.5363720921875 0.463023809375 0.519832925 0.44888432656250005 0.49973339218749996 0.44087407343749996 0.5059671171875 0.431191365625 0.5260527765624999 0.42840130624999995 0.5500166578125001 0.4248011328125 0.6383712421875 0.4324506546875 0.6854995234375 0.4370834484375 0.694171753125
0 0.8050798765625 0.67831186875 0.8046302078125 0.7029440890624999 0.801413484375 0.7139052765625 0.8087329625 0.7382209265624999 0.8125648249999999 0.74060378125 0.8169419375 0.740425428125 0.8226466218749999 0.736669434375 0.8320078562500001 0.7244733203125 0.8364550078124999 0.71050833125 0.8410705406250001 0.6788144734375 0.84400399375 0.6068223625 0.8415507734375 0.5990458765625 0.843022309375 0.5901249125 0.8266458109375 0.5297497375 0.8230023453124999 0.5239908625 0.8126192421875 0.5204757171875001 0.8056385 0.528636609375 0.806780921875 0.5413892859375 0.8045937078125001 0.554277634375 0.7956847312499999 0.570983565625 0.7944568828125 0.601117125 0.802586471875 0.671521575 0.8050798765625 0.67831186875
0 0.048132025 0.6870721609375 0.041053653125 0.65683935 0.044413853125 0.6015673031250001 0.0441776203125 0.5907468125 0.0108812828125 0.592103534375 0.00960579375 0.61283118125 0.011682070312499999 0.6570515953125 0.0186398890625 0.6902429875 0.04186271875 0.7002518203125 0.044688946875 0.7001366609375 0.0459849953125 0.69897431875 0.048132025 0.6870721609375
0 0.44184940156249997 0.9411669640625 0.44443845625 0.9184166828125001 0.4372069890625 0.8783445484374999 0.4449914171875 0.85045979375 0.44615676249999997 0.8218601890624999 0.44342989218750006 0.8072029609375001 0.44356572656250004 0.77667619375 0.446918284375 0.7351882375 0.45287715781250004 0.711316090625 0.45066504375000005 0.6976224453125 0.45205621249999994 0.6906738671875 0.4485332984375 0.6819564125 0.427613996875 0.6650868015625 0.4148753015625 0.6921888734375 0.4016467546875 0.744909359375 0.39337247343750004 0.7984125296875 0.3920789359375 0.8437548093749999 0.3944039625 0.86827396875 0.4077072140625 0.89529946875 0.4197474921875 0.9125308703125 0.4313782875 0.9534083015625001 0.43967860937500003 0.9617052921875 0.4438371671875 0.9615358437499999 0.445766515625 0.95380658125 0.44184940156249997 0.9411669640625
0 0.427677896875 0.9346150359375001 0.43006603125 0.916795721875 0.42441137187500005 0.8924122328124999 0.4163685765625 0.8858480609375 0.42089609687499996 0.869910684375 0.42145867812500004 0.856103978125 0.412660025 0.8544933828125 0.40422302656250003 0.8440070499999999 0.4070933734375 0.8143534140625001 0.40516805624999996 0.8139387875 0.398315621875 0.9821095734374999 0.42855835625000005 0.9808772765624999 0.429495809375 0.9443865203125 0.427677896875 0.9346150359375001
0 0.0763704171875 0.8820994343749999 0.0680983703125 0.8748228265625 0.0619691390625 0.8484895625 0.0419013484375 0.7971258015625 0.039696875 0.7696480609374999 0.044666423437500005 0.7428625578125 0.0420122828125 0.7400170375 0.0394710515625 0.7479970312499999 0.0326108640625 0.75319934375 0.023088890625 0.769340228125 0.0204672921875 0.779292609375 0.0191488515625 0.7980528953125 0.0232190640625 0.82053183125 0.02325160625 0.8333297312499999 0.0192637421875 0.8768126859375001 0.0226125078125 0.9038239562499999 0.073220065625 0.9017618562499999 0.0762717453125 0.8845210140624999 0.0763704171875 0.8820994343749999
0 0 0.9983396921875001 0.054457640625000005 0.9961207125 0.053271962500000006 0.9896427015624999 0.04583193125 0.9682856296875 0.037515489062500004 0.9548407171875001 0.026778368749999996 0.9464172187500001 0.0132741953125 0.924322684375 0.0137640453125 0.898704271875 0.012855090625000001 0.893818528125 0.0105951515625 0.8948951703124999 0.0087619546875 0.9126918734375 0.011215174999999999 0.9204683593749999 0.0064465468750000005 0.9423228953124999 0.0108382359375 0.9569122875 0.0013086234375 0.9868372671874999 0 0.9891561390625 0 0.9983396921875001