0 0.0053678953125 0.0484193953125 0.01297181875 0.0464519625 0.0199000125 0.04833485 0.020935515625 0.048328826562499996 0.025268828124999997 0.0415036921875 0.030085784375 0.041475667187499995 0.0361688984375 0.0479425828125 0.042710790625 0.0435696515625 0.053721665625000005 0.0460581796875 0.053294165625 0.036879578125 0.05100285156249999 0.03539353125 0.0530963546875 0.032632495312499996 0.0526455 0.0229524625 0.0352147609375 0.0067668796875000005 0.0232205203125 0.018215690625 0.008719192187499999 0.017216340625 0.0098844265625 0.021544428125 0.013788454687500002 0.022605434375 0.006712090625 0.036193065625 0.00186255 0.039989696875 0.0022450218750000002 0.048201509375 0.0033052406249999998 0.0484313953125 0.0053678953125 0.0484193953125
0 0.075493646875 0.1443888125 0.075382928125 0.1420116484375 0.06954715624999999 0.1388470421875 0.06828099531250001 0.1323521046875 0.06338834843749999 0.13075499375 0.0345623046875 0.132548275 0.028554882812499998 0.127706496875 0.0217606859375 0.12666230625 0.020948675 0.12991818125000001 0.025967478125 0.13422385312500001 0.0197031234375 0.1445556109375 0.0226689875 0.1461639328125 0.04140653125 0.146673903125 0.0637157984375 0.1465441109375 0.07469210781249999 0.1458612703125 0.075493646875 0.1443888125
0 0.00031495625 0 0.0014098171875 0.0235071015625 0.00894809375 0.0690177109375 0.027401373437499998 0.10456548437499999 0.0295168234375 0.12671717656249998 0.0361711484375 0.1416150734375 0.0349690203125 0.16234058906249998 0.04792196875 0.1728654046875 0.0509984875 0.1731877953125 0.0568478015625 0.173153765625 0.0609263171875 0.161225921875 0.0628639765625 0.141677465625 0.062405693750000005 0.13183796718750002 0.060980978124999995 0.12749777812500002 0.059679728125 0.0995594328125 0.0480980640625 0 0.00031495625 0
0 0.10848912656250001 0.53848103125 0.1092730296875 0.5340798062500001 0.10439218125000001 0.4292860140625 0.096027315625 0.3872601390625 0.06238081718750001 0.2814541484375 0.05570079375 0.277638403125 0.0531749796875 0.2699438796875 0.04803035 0.2641918984375 0.036112690625 0.26426123281249997 0.037003575 0.3066567453125 0.051934096875 0.348006928125 0.055674681250000004 0.370149165625 0.052904931249999995 0.42702075781250004 0.06143118125 0.44720784843750006 0.0680598078125 0.47318789375000003 0.064979228125 0.5117519046875 0.0683641109375 0.5146231671875 0.07161111875000001 0.5261681031250001 0.0716527234375 0.5386953390625 0.0836568625 0.5521166328125 0.090460078125 0.554311521875 0.094027471875 0.5542907671874999 0.0993665046875 0.5520252375 0.10848912656250001 0.53848103125
0 0.07726949375 0.8700259734375001 0.092683753125 0.869936296875 0.155783559375 0.8798645046875 0.1628048328125 0.8857841015625001 0.16943099687500002 0.886754765625 0.17651751875 0.8867135375 0.18683915 0.88456055625 0.20190018125 0.8768869125000001 0.252173134375 0.8803874437499999 0.2552017015625 0.8820297671875 0.253661671875 0.84896473125 0.21952801093750002 0.8415635484375 0.1344468234375 0.8355562328125 0.099865665625 0.8379248562500001 0.0655368140625 0.8457105953124999 0.05793060625 0.84792228125 0.0533911890625 0.8539091359375 0.041119409375 0.859399115625 0.04003133125 0.8594887234374999 0.0408593109375 0.8772658015625 0.0419520203125 0.8772756062499999 0.07726949375 0.8700259734375001
0 0.3576086265625 0.8911043812500001 0.37208935 0.8709713656250001 0.39345985781250004 0.8639511437499999 0.39343463125 0.8634095343749999 0.3919168734375 0.862186275 0.3764773859375 0.8617342421874999 0.36025111875000004 0.86507979375 0.2394487671875 0.8576547234375 0.2296382421875 0.8539187890625 0.17639479687499998 0.869400590625 0.154053546875 0.8655949640625 0.1555279125 0.897250203125 0.1691371921875 0.899786896875 0.2403643453125 0.90353424375 0.3117767375 0.9031187796875001 0.3519796625 0.8943882796875 0.3576086265625 0.8911043812500001
0 0.27665255312500003 0.49227577968749997 0.2839322171875 0.4507963828125 0.2886479140625 0.39209607343749997 0.28857535156249997 0.3905381 0.2811567625 0.3679384421875 0.2771950875 0.329415403125 0.26763355 0.2986341609375 0.26063616875 0.29963852343749997 0.2498949359375 0.290064490625 0.24573746093749999 0.3055071125 0.246141296875 0.3141776328125 0.2497954046875 0.32282924375 0.251272871875 0.366184996875 0.2509971203125 0.383532340625 0.24634280312499998 0.39994150624999997 0.2447560109375 0.4240420421875 0.24429751249999998 0.44909966562500003 0.2470411515625 0.484738834375 0.2440601046875 0.490538090625 0.23557219843750002 0.49444208281249996 0.23322260468749997 0.50216496875 0.250188625 0.5290485234375 0.2599546203125 0.5314445046875 0.262048246875 0.5314323234375 0.26630536718750003 0.526063803125 0.27665255312500003 0.49227577968749997
0 0.22748206249999997 0 0.22693717812499997 0.00094580625 0.23045667343749998 0.0067072437499999995 0.2303636703125 0.016344306250000003 0.24154707812499998 0.0586799390625 0.241409203125 0.0673536109375 0.2461883390625 0.0885261546875 0.2483037890625 0.11067784843749999 0.24554709375 0.12129406093749999 0.245723315625 0.1367114703125 0.25271416874999997 0.15883479843749998 0.2597303109375 0.1625958890625 0.26555794375 0.162561984375 0.2691001359375 0.1616304234375 0.27826763125 0.1490496109375 0.2812868984375 0.066269140625 0.2792153546875 0.021792254687500002 0.2742255609375 0 0.22748206249999997 0
0 0.432382815625 0.1014650234375 0.45961007499999995 0.10672520468749999 0.4929755359375 0.09894507031250001 0.50129894375 0.0920931015625 0.5007008578125001 0.0792519609375 0.49277831718750004 0.074020721875 0.45482760312500004 0.066113634375 0.42204707499999994 0.0657624859375 0.356006634375 0.0547676671875 0.3328095546875 0.053277050000000006 0.31285587812500004 0.059353581249999995 0.3118940640625 0.0593930421875 0.31374519843750004 0.09913764375 0.31472294375 0.0994402546875 0.362231878125 0.10566615937499999 0.3723199421875 0.1153609234375 0.37654827812499997 0.13065779375 0.38757063125 0.13059366875 0.3955927125 0.11847667656250001 0.432382815625 0.1014650234375
0 0.457694365625 0.457906053125 0.48066436718750005 0.4545212671875 0.510151034375 0.4462218390625 0.526705296875 0.44991853906249996 0.5328388734375 0.457468875 0.541635546875 0.46012699062499995 0.5442481828125 0.454151346875 0.5664612671875 0.43451520625000006 0.56995415625 0.42522391718749997 0.5698131515625 0.42219648750000005 0.5646904968750001 0.4171860328125 0.557871065625 0.41560013125 0.5123898375 0.41152986406250003 0.427712340625 0.41418993750000005 0.40765774062500004 0.418099621875 0.3697528609375 0.4318666109375 0.36014418125000003 0.4324643703125 0.3414062 0.443952415625 0.32215898125 0.4651968796875 0.305045015625 0.47017317187499996 0.34635096875000004 0.47155077656250005 0.34656850625 0.4715495109375 0.3854147984375 0.45778470625 0.457694365625 0.457906053125
0 0.4820088625 0.8859646437500001 0.4814982828125 0.8750023 0.46487379375 0.8170050968749999 0.45142726718750004 0.7958829781250001 0.4480905203125 0.782411259375 0.45165815 0.7775722421875 0.4517095484375 0.7554079437500001 0.44981518749999994 0.7496370515625 0.44769321093750003 0.7506130484375 0.44200034062500004 0.7679919078124999 0.4413174890625 0.7882325765625 0.4380639546875 0.7998153328125001 0.446045228125 0.8315694203125 0.44011168749999996 0.9019505515624999 0.44235848281249995 0.9385562625 0.43137984375 0.97042065625 0.43227725625 0.9896884781249999 0.43305194687500004 0.9961886234374999 0.47968706875 0.995917309375 0.482724171875 0.9094118546875001 0.4820088625 0.8859646437500001
0 0.7304608265625 0.1041589359375 0.754949296875 0.11268620468749999 0.7635945859375 0.11209404999999999 0.788945521875 0.11844886562500001 0.8145774343750001 0.12029479843749999 0.8326095921875 0.120189890625 0.8573462921875 0.11805092187499999 0.8791762921874999 0.1108797546875 0.8907117546875 0.11027078593749999 0.9082801609375 0.105429146875 0.9060864984375 0.05833031875 0.8490176515625001 0.06337165624999999 0.8271119625000001 0.0689176875 0.8203429953124999 0.068415209375 0.80708259375 0.07336908125 0.7611425859375001 0.08013865625 0.753410228125 0.07964178281249999 0.74456309375 0.0759002453125 0.7371082703125 0.0813622015625 0.7284629796875 0.08195435625 0.7182737312499999 0.0862625171875 0.71837683125 0.08847611250000001 0.719485065625 0.0960949109375 0.7304608265625 0.1041589359375
0 0.6547680234375 0.5455868500000001 0.65556673125 0.5184174625 0.651791678125 0.4373655765625 0.6399150109375 0.3895616109375 0.63463576875 0.38091945312500003 0.6287283375 0.35878982187499997 0.6208784125 0.3414897515625 0.6169516390625 0.2918032015625 0.61685421875 0.2918037671875 0.6143876609375 0.3068360328125 0.6076146312499999 0.31265735 0.6090121500000001 0.3193947875 0.601242175 0.338713034375 0.6058867 0.35699540625 0.602988865625 0.387849134375 0.6058222453125001 0.42541508749999996 0.619973646875 0.5082068421875 0.6170342078125 0.526533334375 0.6179348828125 0.5342373140625 0.624114803125 0.5505834468749999 0.6390230359375 0.56987515625 0.6407690875000001 0.5698649984374999 0.6469980484375 0.5649051 0.6547680234375 0.5455868500000001
0 0.6655013734375 0.062381314062500005 0.5928134890625001 0.07418322968749999 0.5861959046874999 0.0769310234375 0.5621363578125 0.07761285625 0.5514129015625 0.07496595 0.52770658125 0.0832317484375 0.5241305546875 0.08921299687499999 0.5293007390625 0.0967689390625 0.5412651234375 0.10536907031250001 0.5549292125 0.109082584375 0.5859091140625 0.11215349999999999 0.6562366671875 0.11174434687499998 0.6638176421875001 0.10899095 0.6725386234374999 0.11002392968750001 0.7063747140625 0.09923860625 0.7049977203125 0.0696740015625 0.6885975281250001 0.0617050859375 0.6655013734375 0.062381314062500005
0 1 0.083990346875 0.9841399046875001 0.09013529375 0.9764075453125001 0.0896384203125 0.9678884078125 0.092939134375 0.9572658765625001 0.09245907656249999 0.94775811875 0.09522368437499999 0.9360712718749999 0.0925823828125 0.9328026375 0.084473521875 0.9238041203125 0.0774817109375 0.9211914828125 0.0834573546875 0.9097317125 0.08569146093749999 0.9108464859375 0.0889361265625 0.9197188515624999 0.0932193765625 0.9189825375 0.0981003890625 0.911452021875 0.10193720937499999 0.8988270140625 0.09984322500000001 0.8925443218750001 0.1073378125 1 0.10671265468749999 1 0.083990346875
0 0.66036904375 0.957090971875 0.659560740625 0.9397363765625 0.654601384375 0.9185663859375 0.656502271875 0.9012095890625 0.6558324765625 0.8751948765625001 0.6500213140625 0.8318643359375001 0.640370034375 0.7991563125 0.61491284375 0.787740590625 0.6128357375 0.7896799796875 0.61174905 0.8012501296875 0.6212657171875 0.8310679796875 0.62269505 0.8850241859375 0.62553169375 0.9110262921875 0.6317116140625 0.9273724250000001 0.62931715 0.9341319218749999 0.6291311390625001 0.9534060468750001 0.6397728375 0.9957448328125 0.6427934171875 0.9965313078125 0.658901840625 0.996437590625 0.66108234375 0.9879116390625 0.66036904375 0.957090971875
0 0.8210584578125 0.51737364375 0.8239167390625 0.47529113125 0.821181275 0.4165596 0.81761646875 0.3969371453125 0.802275584375 0.37004413281250004 0.789008540625 0.35277558125 0.774122890625 0.31238879062499997 0.7650516640625 0.3037686953125 0.76125968125 0.30379075625 0.7599935125 0.31150733750000004 0.764910525 0.3240062125 0.764317415625 0.3461736625 0.7748245 0.385622275 0.7695803375 0.41263504375000004 0.7708815875 0.4405733859375 0.7748049171875 0.45500534375 0.7772793328125001 0.4848641671875 0.777538765625 0.5253360484375 0.7737402546875 0.5484858 0.7770770015624999 0.5619575203125 0.7763076734375 0.5687075609375001 0.780503490625 0.5773560203125 0.801624903125 0.593935940625 0.8026890968749999 0.59392975 0.8126023640625 0.5684964046875 0.8210584578125 0.51737364375
0 1 0.41361809687499995 0.9961129312500001 0.4133892078125 0.989954125 0.40529716093749996 0.9792811296874999 0.40373367812499994 0.940438090625 0.4180479828125 0.9221841187500001 0.4192378984375 0.9093778718750001 0.4339425875 0.8735006953125 0.4498652140625 0.862469846875 0.46130841718750004 0.847156509375 0.4635649453125 0.83975215 0.47011032343750003 0.822612953125 0.4745449046875 0.8199750859374999 0.4799788359375 0.8124698015625 0.484357371875 0.812672025 0.484467034375 0.8243077796874999 0.4843993390625 0.8277579062499999 0.48155913593750005 0.8564073343749999 0.47597387343750003 0.8590956625 0.4716233609375 0.9669197796875 0.469370484375 0.9764527671875 0.46714758749999996 0.9938695 0.46867183749999997 1 0.46696001562499995 1 0.41361809687499995
0 0.6898206484375 0.8847715015625001 0.7056385984375 0.8933492109375001 0.7111470890625 0.8945436171875001 0.74037151875 0.8943735937499999 0.7556340140625 0.8908909140624999 0.7681328671875 0.8902763390624999 0.8106229984375 0.892196571875 0.9090953687500001 0.8753679203125 0.9197683640625 0.876931403125 0.93705894375 0.8757470906249999 0.9378366218749999 0.8742445671875 0.9365686609375 0.8470209421874999 0.902688884375 0.8412681 0.8554574859375 0.8410010234374999 0.81570614375 0.8358137078125001 0.8084027031250001 0.8445259328124999 0.78271914375 0.8517195187500001 0.7326686375 0.8736850453124999 0.7058450703125 0.8770922531249999 0.67965689375 0.8734516015624999 0.676917296875 0.8761528937499999 0.6769187453125001 0.8761840062499999 0.6847009265625 0.8782989859375 0.6898206484375 0.8847715015625001
0 1 0.8632326562499999 0.9925766296875 0.8658210000000001 0.9632964375 0.8578634671875 0.9425606109375 0.8471469328125 0.9403815218749999 0.8417410249999999 0.9320137687500001 0.8482920093749999 0.9392116578125 0.8580035875 0.9328716109374999 0.8667102109375 0.9070618953125 0.8711952374999999 0.8986184500000001 0.8761210875 0.8861952890625 0.8783607968749999 0.876510915625 0.877333421875 0.8647231468750001 0.8725252734375 0.8402048203125 0.8840469484375 0.830692015625 0.8867032125 0.832290534375 0.9210240421875 0.8453912984375 0.9234581515625001 0.8824504640624999 0.923242546875 0.9246207562500001 0.9171510625 0.9608511609375 0.9088124015625001 0.98166730625 0.9005634171875 0.9947510921875 0.8918175609375 1 0.884821071875 1 0.8632326562499999