0 0.0501538671875 0.9021624703125 0.0680303765625 0.9212866328124999 0.0721049046875 0.922326975 0.073041734375 0.9223815390625001 0.07869268593749999 0.9181006999999999 0.08185798125 0.9228950265625 0.082543875 0.9229349750000001 0.089432571875 0.9215814343750001 0.086622928125 0.909996965625 0.09082800937499999 0.9035797343749999 0.084337534375 0.8974912937499999 0.084282125 0.8927293890625 0.0911860296875 0.88837281875 0.088956046875 0.880629053125 0.0909976359375 0.8721823421874999 0.08987156406249999 0.8673580781249999 0.08881520781249999 0.8670883609375 0.084493515625 0.8668366515624999 0.07871825 0.8743223562500001 0.06542360625 0.881161915625 0.0643086140625 0.8772900328125001 0.060014878125000004 0.876088215625 0.061251771875000006 0.8904362875 0.0501538671875 0.9021624703125
0 0.0802208625 0.8014533984375 0.0818822671875 0.8063088421875 0.08831733281250001 0.807635375 0.0921422296875 0.8145203000000001 0.09533205781250001 0.8128026140625 0.0953360375 0.8127136203124999 0.09474041718750001 0.761526121875 0.09473363125 0.76137404375 0.0937688703125 0.7596374453125 0.091314465625 0.7594944921875 0.08300065625 0.7644976171875 0.0786625921875 0.759486278125 0.07546168125 0.76025158125 0.0766099203125 0.7669806046875001 0.0814943984375 0.7729755093749999 0.0802208625 0.8014533984375
0 0.15319376406250002 0.9050284484375 0.15934743906249998 0.9071095390625 0.163697634375 0.907362909375 0.186508409375 0.9053638984375001 0.1978638671875 0.901589265625 0.19775949843750001 0.892619765625 0.1871617921875 0.8797234375 0.16671051718750002 0.8806721625 0.1518800921875 0.8739237296875 0.1299628734375 0.8715772578125 0.09453167343749999 0.8529295828125001 0.04493934375 0.8441564984375001 0.0097870484375 0.8410968515624999 0.01034085 0.8886904734375 0.1255747171875 0.9034198218749999 0.15319376406250002 0.9050284484375
0 0.058851448437499995 0.527546196875 0.07893865781250001 0.5362057140625 0.1350668421875 0.5341251171875 0.15700275 0.5380775828125001 0.1981046296875 0.553310753125 0.239108675 0.554651715625 0.2389626515625 0.5421025546875 0.23408954375 0.5377526546875 0.22644558125 0.53516756875 0.22256130624999998 0.5285217062500001 0.11746925625 0.494047428125 0.0761044390625 0.485356425 0.00559985 0.48125 0.0060803 0.5225397140625 0.033074871875 0.5206951921874999 0.058851448437499995 0.527546196875
0 0.0940250234375 0.08267178593749999 0.059714393750000004 0.0785335421875 0.013089346875 0.079392509375 0.0136212515625 0.12510429218750002 0.0241219140625 0.12781755156250002 0.03457941875 0.1268217234375 0.0411775625 0.1213213625 0.10296397187499999 0.11475559843750001 0.1182020671875 0.115643115625 0.153521140625 0.124654815625 0.1897053875 0.1262273390625 0.21347753749999998 0.12440209375 0.21377174999999998 0.12167060156250001 0.213707859375 0.1161799359375 0.2095558890625 0.11454424062499999 0.1533155796875 0.10698886249999999 0.140872334375 0.100914434375 0.1360419078125 0.0947484359375 0.12839794531249998 0.0921633484375 0.0940250234375 0.08267178593749999
0 0.3498084140625 0.1187459546875 0.35113232031249997 0.1176965171875 0.3511246515625 0.1170374546875 0.329708746875 0.109015775 0.3142401734375 0.0883209765625 0.3084885125 0.084776165625 0.272642653125 0.07521438593749999 0.18554434375 0.0701414875 0.186092328125 0.1172351140625 0.189914309375 0.11852765624999999 0.1993945140625 0.11533503125 0.3183486984375 0.11423878750000001 0.3345765484375 0.11839376718750001 0.3498084140625 0.1187459546875
0 0.190279246875 0.549626375 0.1978671515625 0.547393475 0.20157700781250001 0.5390500421875 0.20725391875 0.536170871875 0.2425044734375 0.5392939203125 0.267247690625 0.539130140625 0.2910260671875 0.537840228125 0.307154253125 0.533429896875 0.3242846515625 0.533357690625 0.367135565625 0.5353185046875 0.37574436875 0.5390297234375 0.384315796875 0.539528953125 0.39815799375 0.5359453515625 0.398136334375 0.5340839468749999 0.3898556640625 0.524872478125 0.39072706875 0.5179686343750001 0.36015743906250003 0.50816361875 0.3220372859375 0.503803496875 0.301731184375 0.4969362453125 0.29331864531249996 0.4964462703125 0.24014498125 0.5001037515625 0.1992984953125 0.5068191890625 0.1661022046875 0.5166550453125 0.1604439796875 0.5211402125 0.1634319375 0.53254859375 0.190279246875 0.549626375
0 0.173542234375 0.885902109375 0.1784038078125 0.8947447671875001 0.20037709062500003 0.9019092265624999 0.21560895468750002 0.9022614125 0.22604777031249998 0.899659590625 0.24796499062500002 0.9020060624999999 0.2689609765625 0.9069737218749999 0.277526175 0.9069376171875 0.3195368328125 0.9184789359375 0.3290544125 0.9184983015625001 0.3347524109375 0.9220100390624999 0.3348537109375 0.9220159390625 0.3433152109375 0.9171890234375001 0.3642364453125 0.9157327000000001 0.391774515625 0.9103820140625001 0.41820171562499997 0.916599334375 0.41803421093750004 0.9022040484374999 0.3772084875 0.885460028125 0.3094461703125 0.8692090328125 0.2713571625 0.8675255703125 0.187628615625 0.8696035359375 0.1753597890625 0.878518403125 0.173542234375 0.885902109375
0 0.4541192578125 0.852937875 0.389488165625 0.86040789375 0.3571134421875 0.859057253125 0.320064021875 0.8649239046874999 0.3115611140625 0.8703133281250001 0.3116919265625 0.881555296875 0.32130294375 0.8896046406250001 0.3547234859375 0.8990407328125001 0.38132786093750004 0.8952405703125 0.41866382187499995 0.9139991859375 0.4279987921875 0.9274410218750001 0.4379709890625 0.9280218375 0.44148358906249996 0.9121184703124999 0.450895275 0.903037196875 0.4974871921875 0.8993312359375001 0.552519725 0.8848825359375001 0.5668178968750001 0.8867852484375 0.5771119125 0.8859368578125 0.5771083796875 0.8856332 0.5496127484375 0.8804334734375001 0.539011975 0.8691166640624999 0.512270559375 0.8611395249999999 0.497026234375 0.8597166749999999 0.4769577140625 0.8526631578125 0.4541192578125 0.852937875
0 0.42616425468749997 0.525520903125 0.446207859375 0.5304330953124999 0.5300423015625 0.5374557734375001 0.574754371875 0.5357802015625001 0.5814023500000001 0.53456249375 0.5870120359375 0.5290421671875001 0.5870105953125 0.528918325 0.5821553984375 0.5174873421874999 0.5590740078125 0.4968841171875 0.5561483421875 0.4908290578125 0.5476080609375 0.4930064859375 0.5419809828125 0.5001683156250001 0.5258341109375 0.50297265 0.49621686406250004 0.49322310625 0.473322346875 0.4886798359375 0.401900003125 0.4850549296875 0.3668658828125 0.47106252968750006 0.3264195546875 0.4687067984375 0.32176296249999997 0.46861815625 0.3389618828125 0.474434603125 0.35920481875 0.4964774125 0.37838325 0.5088287796875 0.3879132890625 0.5099188140625001 0.42616425468749997 0.525520903125
0 0.44057180156250003 0.1179266828125 0.43451352343750005 0.14898109843750001 0.438393828125 0.160627925 0.440232546875 0.180721465625 0.4468560046875 0.1982384765625 0.4490084125 0.1993155734375 0.45054791875 0.193694828125 0.44922236875 0.1717277078125 0.44541963593749995 0.1667475453125 0.44794114843750005 0.1535701078125 0.4600099796875 0.1333348578125 0.4724790609375 0.07939648125 0.47201214062499997 0.039269390625 0.470912425 0.027427525 0.43073414843749996 0.0250874078125 0.430662175 0.0478728171875 0.44057180156250003 0.1179266828125
0 0.84230755625 1 0.8468832656249999 0.9978412921875 0.8478541906249999 0.9893322234375 0.8620311046875001 0.9663645484375 0.8666385343749999 0.948549925 0.8670408828125 0.93715253125 0.8737453109375 0.9156531031249999 0.8754118390625001 0.8914957703124999 0.875197921875 0.8731118703125 0.8729584921875 0.8480340546875 0.8662463796875001 0.8228979953125 0.866681975 0.8143577484375 0.8578396140625 0.7900493515625 0.849687734375 0.77910546875 0.84539178125 0.7784314375 0.8398308671875 0.7781075515625 0.8358799250000001 0.7878186109375 0.8354443296875 0.7963588578125 0.8301796671874999 0.8036661109375001 0.834026728125 0.812455796875 0.834650715625 0.820106025 0.8287586671874999 0.865446153125 0.8240958265625 0.8784988734375 0.82470873125 0.8851967171874999 0.8196102984375001 0.9067896859375001 0.813005803125 1 0.84230755625 1
0 0.6200123640624999 0.56634725 0.62464964375 0.5970728765625 0.621112875 0.6149498578125 0.6298998265625 0.63449635 0.6289067359375 0.64110065625 0.6359325421875 0.6472202765625 0.6393218453125 0.6626454484375001 0.640351578125 0.6132151796875001 0.6471114171875 0.5964776546875 0.6516745203125 0.574853509375 0.6563927703125 0.5665626953125 0.6649994203125 0.5217657515624999 0.6639827390625 0.4343923046875 0.662092140625 0.4127134953125 0.653305190625 0.39316700312499997 0.6482841203125 0.38908248749999996 0.644379065625 0.38885504531250004 0.6315228125 0.40617435625000003 0.6263578859375001 0.4220530390625 0.6259112078125 0.42964090625000007 0.629869090625 0.4479544 0.6206508328125 0.5292667515625 0.6200123640624999 0.56634725
0 0.6257242765625 0.913699053125 0.6254549109374999 0.9365250171874999 0.634766109375 0.95515030625 0.636516171875 0.9676247984374999 0.6350542406249999 0.9799122109375 0.6415668796875 0.9879054140625 0.6516938578125 0.9846883 0.6553746890625 0.9791922734374999 0.6727746 0.9215831718749999 0.6727590515624999 0.9202469359375 0.6717184921875 0.9125709703125 0.67263885 0.909916890625 0.671582315625 0.8191184687499999 0.6699308984375001 0.8049207421875 0.666028428125 0.7913691515625 0.657330134375 0.779441709375 0.650735628125 0.7749012140625 0.648855490625 0.7747917078125 0.6439357546875 0.7777098375 0.636182825 0.8010516703125001 0.6389813859375 0.8116837562500001 0.638723103125 0.8354621015625 0.6361240171875 0.8419728718749999 0.6257242765625 0.913699053125
0 0.6112639953125 0.07427376249999999 0.61295525 0.1276694578125 0.6052688125000001 0.156725571875 0.607007790625 0.1682476828125 0.6091712828125 0.1702771625 0.633663565625 0.16028285 0.6413167578125 0.128369590625 0.64434495 0.088624059375 0.644168984375 0.073501584375 0.6437308500000001 0.0599852375 0.6408547140625 0.042686485937500004 0.641797434375 0.03738044375 0.6167126890625 0.0359194234375 0.6125707796875 0.048653015625000004 0.6112639953125 0.07427376249999999
0 0.69550688125 0.5319367234375 0.708871359375 0.535389959375 0.7316724406249999 0.5319032515625 0.7716537531250001 0.5326269906250001 0.8011900203125 0.5354172203124999 0.8155131109375 0.5394612578125 0.8431321593750001 0.5410698843749999 0.869724075 0.536199059375 0.9088713609375001 0.547038634375 0.9307574359374999 0.5467084468750001 0.9424925937499999 0.5514321984375 0.9443223984375001 0.5515387734375 0.9495188875 0.5507441328125 0.9494573609374999 0.545456609375 0.94207388125 0.537738109375 0.90192438125 0.522560409375 0.8846382546875 0.5092493171875 0.85780963125 0.49377752968750005 0.83396273125 0.48917879375 0.8110611765625 0.4875653125 0.7879183109375 0.48621739374999995 0.7387869265625 0.48898512343749995 0.6884353203125 0.49675185781250003 0.6628518453125001 0.50649614375 0.6802376406249999 0.528372546875 0.6888526734375 0.5326190984375 0.69550688125 0.5319367234375
0 1 0.492892015625 0.9926056937500001 0.48724616718749997 0.9907115671875 0.46239072343750004 0.9916526453125 0.405341403125 0.9905044078125 0.39861237968749996 0.985073515625 0.39163391718749996 0.978780609375 0.3895944234375 0.969692521875 0.389065103125 0.9631249078125 0.39035555624999996 0.9650633609374999 0.4190205234375 0.9566199515625 0.428997840625 0.9480768046874999 0.43040373125000003 0.9482319515625001 0.44373706406249996 0.9521565875 0.45919341406249997 0.9442041828125 0.46539239062500004 0.9380572484374999 0.488827759375 0.93986271875 0.50606415625 0.9378322125 0.515463246875 0.9374673937500001 0.6220363734375 0.9332179859374999 0.62464408125 0.928197125 0.6529037125 0.9245052109375 0.6574473625 0.9246049484375 0.6660187921875 0.9256977765625001 0.6679859125000001 0.9298917765624999 0.6606163015625001 0.9352118484374999 0.658070953125 0.9392950296875 0.64117753125 0.9456303578125 0.6339326390625 0.9475943718750001 0.6188192609375001 0.9587033593750001 0.6080454609375 0.9738068703125 0.572759190625 0.9881056859375 0.5602677046875 0.9889657906249999 0.5422348265625 1 0.5108989625 1 0.492892015625
0 0.7040632078125 0.1274696109375 0.7297338890625 0.1252199734375 0.7564379296875 0.129985121875 0.8071632875000001 0.15433829999999998 0.8329585515625 0.16279530312499998 0.8406772671875 0.171804371875 0.87966259375 0.1687253171875 0.8873045359375 0.16908279375 0.8868234781250001 0.127740734375 0.8324103859375 0.1156860953125 0.790530540625 0.1153867484375 0.778143359375 0.1141303078125 0.7562974203125 0.1080683921875 0.7553308609375 0.10801209687499999 0.7380935265625 0.10751791718749999 0.728594634375 0.109104546875 0.7134562046874999 0.11678233906249999 0.70876905 0.122928971875 0.70117491875 0.1246265421875 0.7040632078125 0.1274696109375
0 0.8873479515625 0.090941221875 0.8927234359374999 0.0931577796875 0.90366279375 0.11378137031249999 0.91202523125 0.14282049218749998 0.9073734734375 0.156825590625 0.9113645984375 0.177996228125 0.9087765953125 0.185459378125 0.9100467343749999 0.20266459375 0.91219914375 0.20374169375 0.9132143968750001 0.1990421484375 0.9134615984375 0.17431142187499998 0.92712534375 0.153217328125 0.93773224375 0.145269490625 0.9461424078125 0.1324350296875 0.9539285828124999 0.1119503421875 0.9615374484375 0.0762275578125 0.962634221875 0.067594209375 0.9625181812499999 0.057621740624999994 0.9177491390625001 0.05501424218749999 0.9158569234374999 0.058339203125 0.91187348125 0.083804053125 0.9033857453125 0.08997184687500001 0.893672196875 0.0827439484375 0.8873479515625 0.090941221875