0 0.057047020312499995 0.1160026609375 0.057255320312500003 0.11599781406250001 0.061338953125 0.10942446718750001 0.06579528125 0.1093207453125 0.07145826718750001 0.11521433125 0.07748686406250001 0.11105708437499999 0.0883134640625 0.11331567499999999 0.088740421875 0.1111840015625 0.088439484375 0.10544176093749999 0.08511401406249999 0.10334781875000001 0.08811745625 0.09929711249999999 0.0877820796875 0.092897740625 0.0703520453125 0.0770792453125 0.0593175296875 0.08788051718749999 0.0458959796875 0.08718867500000001 0.04699750625 0.091179965625 0.050615134375 0.092099996875 0.044142078125 0.104803565625 0.03643608125 0.1110083203125 0.037563890625 0.1155011171875 0.041851829687499995 0.116356334375 0.0422667484375 0.1163466765625 0.04998904375 0.1142076859375 0.057047020312499995 0.1160026609375
0 0.10925888749999998 0.204193215625 0.10920181250000001 0.20310415937499998 0.10327710625 0.19999983906250002 0.10207044843749999 0.19400253125 0.097535271875 0.1926017390625 0.0708761515625 0.1947285859375 0.0652920125 0.1903395125 0.0590005875 0.1894817140625 0.058267018749999996 0.192511484375 0.062933609375 0.1964197984375 0.0571941234375 0.2060935953125 0.05994676718750001 0.2075358765625 0.0810832703125 0.2077431625 0.095700003125 0.20740295468749997 0.1080751109375 0.20641567656249998 0.10925888749999998 0.204193215625
0 0.04676928125 0 0.0457377625 0.0003980640625 0.0365951484375 0.0175655640625 0.0360494140625 0.055057081249999994 0.0388740828125 0.08979309375 0.0468195140625 0.1360105046875 0.064094396875 0.16862548125000001 0.06617171875 0.18910124374999998 0.0724122609375 0.2027874609375 0.0714104921875 0.2219963640625 0.08299510156249999 0.231164753125 0.0919574015625 0.230956153125 0.0954359984375 0.22054481250000002 0.09768538125000001 0.1963989296875 0.0953056890625 0.189315496875 0.0939511203125 0.16346879375 0.080776734375 0.055800748437500006 0.05623494531249999 0.0090772671875 0.0486589203125 0 0.04676928125 0
0 0.1411801234375 0.5692419546874999 0.1421684015625 0.563488371875 0.1373026796875 0.47064485312500004 0.128831725 0.42942998125000004 0.09711396875 0.332009415625 0.090909078125 0.32858442499999996 0.08852938593750001 0.3215009921875 0.0837355890625 0.316258453125 0.072702490625 0.3165152515625 0.0737546890625 0.3557542828125 0.08779929375 0.393798559375 0.09138112968749999 0.41423930468750003 0.08912193125 0.46694070156249995 0.09712388749999999 0.4854938609375 0.10340008281249999 0.5094413062500001 0.10075491249999999 0.545196984375 0.1039040671875 0.5478007453125 0.1069721015625 0.55843756875 0.10707781718750001 0.5700356953125 0.11826334062499999 0.5822682859375 0.12323840156250002 0.5837838234375 0.1289195046875 0.58365159375 0.1328069703125 0.5819297796875 0.1411801234375 0.5692419546874999
0 0.1415315421875 0.9459516484374999 0.140449890625 0.9923791703125 0.1384075765625 0.9964339265625 0.1694478828125 0.9957114546874999 0.1750635171875 0.9630182406250001 0.1767262453125 0.89453423125 0.175550875 0.872106815625 0.17328360781250002 0.8524079234374999 0.1645810109375 0.8204857796875 0.162201321875 0.813402346875 0.156451225 0.8090744187500001 0.15082895937500002 0.7976046921875 0.144061078125 0.745113403125 0.142323015625 0.7406920921875 0.134847159375 0.741758446875 0.1330058625 0.7641101234375001 0.1342793109375 0.7979898890625 0.14252711093749998 0.8308149703125001 0.143274459375 0.8450752187499999 0.136781975 0.903229265625 0.13159238906249998 0.9095965234375001 0.13092881875 0.91618656875 0.1312280390625 0.921896040625 0.13376312968749998 0.9318548171875 0.1415315421875 0.9459516484374999
0 0.40976441562500004 0.8934214953125 0.408229690625 0.8641371984375 0.3943017484375 0.8617828718749999 0.3084774234375 0.8587592921875 0.26307544374999997 0.8608202671875 0.22517154687500002 0.8697363499999999 0.21998164999999997 0.87286984375 0.20669386093750003 0.891757421875 0.186536428125 0.898754103125 0.18839780781249998 0.9002171265625 0.202684340625 0.9003867203125001 0.21767815937499999 0.8970250375000001 0.3294806 0.9019545499999999 0.33575765625 0.9042338203125 0.34238778124999997 0.9040795015624999 0.387752190625 0.8900538234375001 0.40976441562500004 0.8934214953125
0 0.35748356718749996 0.4678311609375 0.385609825 0.45964477031250006 0.384376884375 0.4531459578125 0.39098311875 0.44550108125000004 0.3908441078125 0.44284858125 0.37829337343749997 0.4392282984375 0.37027198281249996 0.43941499687499996 0.3624082890625 0.4426107234375 0.3222750546875 0.44304271875 0.306179709375 0.442413109375 0.290765365625 0.43775072187499997 0.2683523109375 0.43576180937500003 0.24510055937500003 0.43479665 0.212176296875 0.43656720312499997 0.20667100781249997 0.43368264375 0.202685421875 0.42574154999999997 0.1954238828125 0.42339998124999995 0.17123064375 0.43852445781249993 0.16910878437500002 0.4491182859375 0.1746929234375 0.453507359375 0.206465440625 0.46381440312500005 0.2452366671875 0.47144796875 0.29465834687500003 0.4765431875 0.30360565781250004 0.4763349375 0.3219380734375 0.47066695625 0.35748356718749996 0.4678311609375
0 0.2524689015625 0.1285408578125 0.2912377796875 0.119102525 0.299285453125 0.11941732812500001 0.31870931874999997 0.1154504203125 0.33915585937500003 0.1139702890625 0.349117478125 0.11675112812499999 0.36340401093749997 0.116920721875 0.3836140109375 0.11092704843750001 0.3871547796875 0.10379621562500001 0.3869903625 0.1006589578125 0.385499325 0.0958196796875 0.3734397828125 0.0870622765625 0.294666734375 0.0823682296875 0.290720825 0.0824045359375 0.2565661921875 0.08319949374999999 0.1963144734375 0.0957039609375 0.162199890625 0.10881603124999999 0.162937034375 0.122881571875 0.1841282140625 0.1185828296875 0.21031659062500002 0.1245008 0.23005584843750002 0.1265519453125 0.236979921875 0.1305875484375 0.2397602390625 0.1305228359375 0.24352996249999997 0.128246796875 0.2524689015625 0.1285408578125
0 0.4179787109375 0 0.41953748125 0.0122107375 0.40569697031249996 0.06428933906249999 0.40196766874999995 0.108101425 0.3934076796875 0.11722418750000001 0.37804787812499996 0.12115110468750001 0.37851497031250003 0.130063759375 0.39151967499999996 0.1386845984375 0.408887975 0.17308210468750002 0.4051807890625 0.1981542703125 0.4138366765625 0.229185146875 0.42085097187500004 0.2373807234375 0.43221475 0.2371162296875 0.43695259374999995 0.2295394703125 0.44265350000000003 0.19460502500000001 0.441566890625 0.16429032187499998 0.44892225625000004 0.103439134375 0.4491233890625 0.092201978125 0.448463109375 0.0796030859375 0.44280830312499997 0.0634255640625 0.4415594515625 0.0491769859375 0.43423353750000004 0.024361620312500002 0.42368964531250003 0.014791153125000001 0.42096415781249996 0 0.4179787109375 0
0 0.4738897296875 0.4952788953125 0.508883284375 0.4819115046875 0.5177696578125001 0.48120255624999997 0.5350430328125 0.4702560703125 0.552734584375 0.45026176093750003 0.5677669140625 0.44561409531249996 0.567753715625 0.44536226718750005 0.5301375515625 0.44476232031249996 0.49425273125 0.458150453125 0.427381528125 0.45920478124999997 0.40614884843750004 0.462711675 0.37891385781250003 0.47087732187500003 0.36357836250000003 0.4677194453125 0.3578628109375 0.4608228484375 0.3497100078125 0.45850202500000004 0.3473253203125 0.46408080781249994 0.326881125 0.4826328359375 0.32297673437499996 0.4932681546875 0.3286134375 0.4986602390625 0.3349311453125 0.5000195390625 0.374187140625 0.5028514421875 0.3876124359375 0.5025389640625 0.4553571328125 0.4992250578125 0.4738897296875 0.4952788953125
0 0.48980505 0.8758046687500001 0.47391666718750003 0.8217409546875001 0.46135446093750004 0.802401584375 0.45819300937499996 0.7899822296875 0.46146999375000003 0.7854441921875 0.461398690625 0.7649217390625 0.45961392031250003 0.7596091640625 0.45765461093750004 0.7605471203125 0.452477325 0.776729971875 0.45195370468749996 0.795481565625 0.44900368437499993 0.8062584609375 0.45656314374999996 0.8355301546874999 0.45144734218749993 0.9007909796875 0.45372379843750005 0.9346473968750001 0.44373060000000003 0.9643276359374999 0.444664784375 0.9821529453125001 0.44575321562500003 0.9908447828125 0.4885116390625 0.9898495703125001 0.49093836875 0.9070106359375 0.48980505 0.8758046687500001
0 0.8180253328125 0.1329848390625 0.8286942375 0.1322344 0.8453917375 0.127326715625 0.8669637437500001 0.11326748281250001 0.87493256875 0.1120777734375 0.8813530593750001 0.0983711953125 0.8981031265625001 0.0944665203125 0.9031616093749999 0.0888255046875 0.9039554187500001 0.0843768 0.9035899140625 0.0774025640625 0.7898657484375 0.0894540296875 0.7696294671875 0.094946196875 0.7633643250000001 0.0945899046875 0.751123153125 0.0993938671875 0.7086577968750001 0.10640765468749999 0.7015013875 0.10607210468749999 0.6932960171875 0.10274827187499999 0.6864287234375 0.1079292734375 0.678433615625 0.108617478125 0.668839953125 0.11285770312500001 0.6702043109375 0.12186403906250001 0.680402471875 0.12915841875 0.703104634375 0.1366638796875 0.7110997421875 0.1359756765625 0.73458804375 0.1414543734375 0.7476426 0.14216783125000002 0.7852809859375001 0.1412917890625 0.7978678984375 0.13998151875 0.8180253328125 0.1329848390625
0 0.6284530609375001 0.41463889062500003 0.6228652078125 0.3942448375 0.6155048828125 0.3783538 0.6115714875 0.33204300781249996 0.609309809375 0.3463732921875 0.60307050625 0.35187263125 0.6044004796875 0.3580881453125 0.5973105921874999 0.37610021875 0.6017085984375 0.39295255625 0.5991912593750001 0.4215664375 0.6020159296875 0.4563024515625 0.6155615109375 0.5327295109375 0.6129384546875001 0.549745265625 0.613813634375 0.5568637187500001 0.619622734375 0.5718985062499999 0.6341442515625 0.5902999234374999 0.6408850593750001 0.5847889125 0.647974946875 0.5667768375 0.6483577687500001 0.550548309375 0.643784021875 0.4632760375 0.6333869859375 0.42255522812499996 0.6284530609375001 0.41463889062500003
0 0.6437997171875 0.13870494375 0.6499071625 0.1360522109375 0.6721625203125 0.1350320953125 0.68209785625 0.13731142968750001 0.703985253125 0.12927025 0.70726120625 0.1236707234375 0.7024369203124999 0.1167533828125 0.6913212078125001 0.10897824375000001 0.6786595125 0.10575813437499999 0.6499813156250001 0.103412928125 0.584918928125 0.10492727187499999 0.5779202171875 0.1076007515625 0.5698462609375 0.10678444218750001 0.5154814062499999 0.12512175 0.5103177921875 0.1287567484375 0.5072521015625 0.13836831249999998 0.51469761875 0.1442204109375 0.526205225 0.14244621875000002 0.537870525 0.14368105625 0.5542872765625 0.1513614453125 0.5753971765625 0.15087010625 0.5766154703125 0.15081311718749998 0.6437997171875 0.13870494375
0 0.9911478546874999 0.195874103125 0.990146128125 0.176760046875 0.9871241171875 0.164695978125 0.97881483125 0.08279292499999999 0.9751174625000001 0.0793095703125 0.9688068546874999 0.06428645468750001 0.9690281046875 0.0589271875 0.9573754875 0.037781940624999996 0.949351415625 0.037968703124999996 0.9396728828124999 0.0640722015625 0.9392770953125 0.075682 0.94439785625 0.0871634 0.941460134375 0.1077558890625 0.945705715625 0.11211883593750001 0.9483656625 0.12454986406249999 0.9471881156249999 0.130823740625 0.9540469343750001 0.1467264515625 0.9539191031250001 0.153868246875 0.9573485156249999 0.1618196015625 0.9573608124999999 0.171635196875 0.9603354265625 0.1804894890625 0.9583884156250001 0.191243040625 0.951005975 0.19409192656250002 0.9449068 0.2022650609375 0.9505634781250001 0.20481045781249999 0.95313000625 0.2154589546875 0.956092325 0.21449765312500002 0.9596839781250001 0.20638288125 0.964244228125 0.20716909375 0.9681284328125 0.214217509375 0.9667296343749999 0.22585065312500002 0.9745483953124999 0.23231530312499998 0.9868820984375001 0.23202823281249998 0.9902536375000001 0.2244107734375 0.9911478546874999 0.195874103125
0 0.6264545640625 0.9016596390625 0.6504398874999999 0.8995950265625 0.665328575 0.8942273249999999 0.671698846875 0.8965896359375 0.6895767265625 0.8971777578125 0.7283718875 0.8882409296875 0.7298392921875 0.8814320046875 0.7292847499999999 0.8708507140625 0.7201904531250001 0.8683467046875 0.6773571390625001 0.8683394281249999 0.6561770265625 0.8728493296875 0.6400028328125 0.8707152078125 0.615912378125 0.8707738031250001 0.57598940625 0.875217834375 0.546080615625 0.8834457140625 0.536594434375 0.9067638546874999 0.5384820984375 0.9087283828125001 0.5397223859375 0.9088729234375 0.554076084375 0.9085388375000001 0.5764911234375 0.9018183171875 0.6264545640625 0.9016596390625
0 0.8011496031249999 0.5380821671875 0.803621559375 0.4982429328125 0.8008541578124999 0.4454377375 0.7973169640625 0.4266272765625 0.7829699875 0.4019753296875 0.77059461875 0.38620101875 0.7565967203125 0.3490480078125 0.748152265625 0.3412133796875 0.744641734375 0.3412950875 0.74351089375 0.34846023125 0.7481301499999999 0.3599533015625 0.74769995 0.380487428125 0.7576391015625 0.41684255625000005 0.75292890625 0.44193806562500004 0.7542834734375 0.4677847671875 0.7579931390625 0.48108371562499996 0.7604441359375 0.508689603125 0.7609014109375 0.5461577765625 0.7575088921875001 0.567653203125 0.76067034375 0.580072559375 0.7599943 0.5863347640625001 0.7639252140624999 0.594274446875 0.783320621875 0.60909479375 0.7846288421875001 0.6090643453125 0.793595103125 0.585552696875 0.8011496031249999 0.5380821671875
0 1 0.4409991671875 0.9113783359375001 0.44440025156249996 0.9025708109374999 0.44661371250000004 0.88644918125 0.44548259999999995 0.864482934375 0.4520192640625 0.8586383171874999 0.4596870421875 0.8441940875 0.456508421875 0.8317163703125001 0.45679884531250003 0.8303543624999999 0.46486440625 0.8209709640625 0.4731166671875 0.7941541484375 0.4722344875 0.7920322890625 0.48282831562500006 0.795231740625 0.4927961734375 0.8017334265624999 0.4976660046875 0.8080248515624999 0.498523803125 0.8614219390625 0.49577462343749995 0.8846736937499999 0.4967397828125 0.8904155265625 0.5041378828124999 0.8955188890624999 0.5047969640625001 0.902299246875 0.50463915 0.9361568359374999 0.49152456874999995 0.9530383171875 0.49012741562500006 0.9648064015625 0.4762963703125 0.99791229375 0.460964453125 1 0.45874558125 1 0.4409991671875
0 0.8149040187500001 0.9057278765625 0.8172595078124999 0.8778730625 0.8167435015625 0.868027078125 0.8096062375 0.8621258968750001 0.8018255296874999 0.8382134703125 0.7792897578125 0.7914433 0.7749728734375 0.7665578984375 0.7772222546875 0.74241201875 0.7745746046875001 0.7397965859375 0.7729422593749999 0.7469734015625 0.767157753125 0.7515698015625001 0.7598810281249999 0.7660168125 0.758342103125 0.774976159375 0.7587280734374999 0.7919218781249999 0.764315928125 0.8123159328125 0.765424653125 0.8238907125000001 0.765473840625 0.8631530890624999 0.7853300296875 0.95460326875 0.7843393171875 0.96444220625 0.78618309375 0.9804616421875 0.7906561203125 0.9828170796875 0.8126050093750001 0.9823062124999999 0.8166912671875 0.9494115624999999 0.8149040187500001 0.9057278765625
0 1 0.8552055062499999 0.9961099953125 0.856691471875 0.976318175 0.8536373171875 0.9631857359374999 0.8584620234375 0.9360535249999999 0.851561790625 0.91681129375 0.8419673328125 0.914765934375 0.8369937765625 0.9070599359375 0.84319853125 0.9137718843749999 0.8520804015625 0.9079535484375001 0.860249684375 0.8840996421874999 0.8648218203125 0.8763147968749999 0.8695220609375 0.8648334734375 0.87179775625 0.8558682515625 0.8710021921875001 0.84493651875 0.8667375843749999 0.8223155515625 0.877808534375 0.8117717531249999 0.880946134375 0.8133936281249999 0.9118933515625001 0.8296939999999999 0.91463900625 0.85834828125 0.9139720703125 0.9005939218749999 0.90711779375 0.9340677749999999 0.8988069375000001 0.9532813750000001 0.890827990625 0.9653385703125 0.8825134968749999 0.97283430625 0.87229670625 0.9926500640624999 0.8587804671875 1 0.8584499546875 1 0.8552055062499999