0 0.06831320468749999 0.10506520625 0.0673520890625 0.10174600625 0.068058478125 0.09881376875 0.067845484375 0.093586509375 0.0622373765625 0.0897873765625 0.0620508078125 0.085208621875 0.06730881718750001 0.0804157609375 0.06723730781250001 0.0786608125 0.06362333906249999 0.0733278 0.06574758750000001 0.0623687171875 0.0584713140625 0.06045341875 0.0555714640625 0.064996259375 0.0497264578125 0.0603516625 0.0451341421875 0.06121354375 0.028867798437499998 0.0784152859375 0.0401553484375 0.0904457421875 0.039686253125 0.1041700375 0.043764165625000004 0.1033021703125 0.044643715625000004 0.0996511390625 0.057802310937500004 0.1071267875 0.063770846875 0.1147504609375 0.06774085937499999 0.11479665624999999 0.06870237812499999 0.1146161984375 0.06831320468749999 0.10506520625
0 0.090172771875 0.195102546875 0.0950853953125 0.18717709375 0.09498574062500001 0.1847313703125 0.093374646875 0.183828296875 0.062197195312499995 0.1824371953125 0.043924098437499996 0.1832528875 0.0422183578125 0.18631799531249998 0.0487753375 0.18999340781250001 0.0499426109375 0.1961769046875 0.054584246875 0.1977733921875 0.08199389375 0.1965498546875 0.0872864546875 0.20092084375 0.0944739890625 0.201004478125 0.09491920781249999 0.1992710515625 0.090172771875 0.195102546875
0 0.020463267187500002 0.1405572265625 0.06785175 0.1354528859375 0.1010847640625 0.11990064687499999 0.122105115625 0.119116921875 0.136068690625 0.11362364843749999 0.15584117656250002 0.11591035937500001 0.16512229843749998 0.1045749765625 0.164751678125 0.0954792953125 0.1539193296875 0.091208346875 0.1290473328125 0.08731982031249999 0.12180516718750001 0.0892921859375 0.095248390625 0.0889831703125 0.0038424218750000004 0.094299775 0.0057300296875 0.140625 0.0121650609375 0.140699878125 0.020463267187500002 0.1405572265625
0 0.11272565625 0.4747937953125 0.212347359375 0.44870255 0.21575883906249999 0.442572334375 0.2230010046875 0.44059996718749994 0.22830686875 0.436034271875 0.227845740625 0.4247173984375 0.18751077968750002 0.4232197390625 0.14863653906250002 0.43510722343749997 0.12767906874999999 0.43743415625 0.07344016249999999 0.4316614375 0.05450283593750001 0.43863931406249995 0.0299871640625 0.443495640625 0.0180040140625 0.441850140625 0.0195457671875 0.4796875 0.07365693125 0.48031714062499997 0.11272565625 0.4747937953125
0 0.10992675 0.9008523937499999 0.141885103125 0.8992254687499999 0.1745586921875 0.8924074281250001 0.1818008578125 0.8904350609374999 0.18614904999999998 0.8848299046875001 0.19784420625000002 0.8798243937500001 0.2517058296875 0.8763378578125 0.2558602234375 0.8749671890625 0.2557293546875 0.8717554562500001 0.25499154687500003 0.8671212203125 0.2319720125 0.8637684078125 0.197152515625 0.8628490859375001 0.1635422171875 0.8691420671874999 0.1488902015625 0.868971575 0.088968146875 0.858505290625 0.0823273265625 0.8527722640625001 0.0721911859375 0.8511118421875 0.059475475 0.8535346781250001 0.0451169046875 0.8605658328124999 0.0350296171875 0.8596883859375 0.0364488015625 0.8945176437500001 0.10824405937499999 0.9008328140625 0.10992675 0.9008523937499999
0 0.303918125 1 0.30509968125000003 0.9335405640625 0.30237994218750003 0.8667933984375 0.29267945 0.8278600140625001 0.28936914687500004 0.822329596875 0.26973919999999996 0.8074561125 0.26219373749999997 0.7863160296875 0.2607251546875 0.7881295734375 0.2608077765625 0.8027756015625 0.2645285328125 0.81837928125 0.2614767328125 0.9327583609375001 0.25824905 0.941873971875 0.274741925 0.9933236203125 0.273827771875 1 0.303918125 1
0 0.34686011875 0.4781418984375 0.37584974375 0.4707668328125 0.3746615078125 0.46406893125000004 0.38244904062499996 0.455474271875 0.3823917796875 0.45406900625 0.3685801140625 0.44960170625 0.3603383546875 0.4495058046875 0.352222359375 0.452496321875 0.3109926078125 0.4515024125 0.2944671703125 0.4502818046875 0.2786898015625 0.44495662343750003 0.255691228125 0.44211821249999994 0.231818821875 0.4402979546875 0.197977959375 0.4409325 0.19235769062500002 0.4377821453125 0.1883593234375 0.4295090703125 0.1810787609375 0.42690553593749997 0.1808412453125 0.42690277187500003 0.1558953375 0.44147114218750005 0.1535882515625 0.45224164375000003 0.1592714 0.4569352078125 0.191783809375 0.46862503125000005 0.2315174234375 0.4778280828125 0.27819700625 0.4842589390625 0.2932023203125 0.4844335421875 0.310313925 0.4797732828125 0.34686011875 0.4781418984375
0 0.171873703125 0.12824979375 0.2505014859375 0.135664378125 0.2931955375 0.13616116875 0.353919490625 0.1257406515625 0.374963178125 0.11844478750000001 0.3742723296875 0.1014901703125 0.36671254062499997 0.1027523390625 0.3398832796875 0.09575608125 0.319631959375 0.0929496421875 0.311180596875 0.0877097046875 0.3058118515625 0.090732190625 0.29663338281249996 0.0901112296875 0.2566966671875 0.0983872359375 0.24843395 0.09777693125 0.2284341515625 0.101143325 0.2074138015625 0.10192705312499999 0.197214778125 0.0987234171875 0.1825418046875 0.098038525 0.161710096875 0.10345187656249999 0.1575911609375 0.11138922656250001 0.1576225140625 0.112158653125 0.1595916546875 0.118852009375 0.171873703125 0.12824979375
0 0.4842556046875 0.158024678125 0.50964510625 0.1521501984375 0.5192991578124999 0.14197934375000001 0.5304815828125 0.14063661249999998 0.5303480171875 0.1373586703125 0.5218787296875 0.1378960859375 0.46807348437499996 0.1203027453125 0.422950165625 0.11360777500000001 0.41341537187500005 0.104241959375 0.40910259687500006 0.088252834375 0.3999450875 0.0881462765625 0.3913115875 0.1008998015625 0.35624707187500004 0.11643072968749998 0.3303964421875 0.11098833593749999 0.29863860625 0.1178170328125 0.28977454062499997 0.12491212031250001 0.29021470781250003 0.135714590625 0.2986870296875 0.141468928125 0.3347157203125 0.14960055 0.3658722125 0.15047725 0.42858344062500003 0.1620043078125 0.4388772703125 0.16284447500000002 0.45338611249999994 0.1630133015625 0.46962455 0.1583685890625 0.4842556046875 0.158024678125
0 0.4665041109375 0.6039681765625 0.46834531874999996 0.5704475343750001 0.46651209375 0.5254569874999999 0.463524334375 0.4803657453125 0.45913991875000004 0.4610930765625 0.4447872765625 0.42431339843749993 0.44389973281249995 0.4151499046875 0.432350984375 0.39670918906249997 0.4115056609375 0.37724497968750004 0.40620438124999997 0.3607075921875 0.40626567187499996 0.40006692499999996 0.420655628125 0.437762353125 0.422939775 0.5064376859374999 0.42692172968750003 0.528451621875 0.43579451249999995 0.556929684375 0.43282802656249997 0.57245555 0.425850265625 0.5778662578125 0.423614075 0.5860780875 0.42938445312500007 0.5888911828125 0.44879850625 0.6110846875 0.4565389140625 0.6143983859375 0.46112637031250003 0.6144517656249999 0.46522209999999997 0.610360475 0.4665041109375 0.6039681765625
0 0.4587337515625 0.8666933734375 0.40341791406249994 0.879417859375 0.38375348125 0.891014709375 0.37103777187500003 0.8934375453125 0.36631229374999996 0.8897834421875 0.34520810156250004 0.88850955625 0.3397764765625 0.8899888296875 0.34077607187500003 0.8920571015625001 0.35751110937499997 0.89842174375 0.3768047609375 0.9001887234374999 0.3879404921875 0.903917415625 0.41790874999999994 0.898096215625 0.48511489374999994 0.9076189375 0.5198924671875 0.9075094531250001 0.5474314609375 0.9184372953125 0.563744025 0.9186271093749999 0.561933421875 0.874191709375 0.49080599375 0.8675807265625 0.4587337515625 0.8666933734375
0 0.809837178125 0.1479418421875 0.8162683953125001 0.1485308359375 0.8289002640625001 0.1440503859375 0.8726047843750001 0.138389021875 0.8799517515625 0.13898866875 0.8883402328125 0.1426853921875 0.8954566375 0.13762660625 0.903677434375 0.137208103125 0.9128224796875 0.1335170515625 0.9124909640625001 0.1253810859375 0.912289975 0.1239401765625 0.9019023109375001 0.1161069140625 0.8786731718749999 0.10761006875000001 0.870452375 0.10802856875 0.8463913281250001 0.1015786828125 0.8133194906250001 0.0986230578125 0.7813730125 0.1008221265625 0.7605832234375 0.10726428437499999 0.7496151734375001 0.10765082031249999 0.73240455 0.11207799062499998 0.71007670625 0.1257004859375 0.7018768671875 0.1266333921875 0.695116790625 0.140437034375 0.6778642453125 0.14383539843749998 0.6726003031250001 0.1494299 0.6730033640624999 0.1593217421875 0.6938792890625 0.15956465625 0.788984509375 0.1528407921875 0.809837178125 0.1479418421875
0 0.6434027437500001 0.589902703125 0.6444288359375 0.56074693125 0.6414784578125 0.4883394703125 0.6301562296875 0.44146725625 0.625190775 0.43317162812500004 0.6197029234375 0.41205548593749997 0.6123440296875 0.39549415625 0.6088604906249999 0.347857153125 0.6063710953125 0.362473253125 0.5999077374999999 0.3678899453125 0.6011977421875 0.3743121734375 0.5937135687499999 0.3925314203125 0.5980233578124999 0.4099725875 0.5951021796875 0.43922873124999995 0.59758623125 0.47495498906250005 0.610568896875 0.5538232937500001 0.6076770390624999 0.5711806640625 0.60848995625 0.5785126546875 0.6142683265625 0.5941402765625 0.628748665625 0.6132787093750001 0.629260621875 0.6132846671875 0.6359185703125 0.6081219515625 0.6434027437500001 0.589902703125
0 0.6280410859375001 0.2262287984375 0.6311195125 0.213450184375 0.6325190796875 0.19180396718749998 0.6293909234374999 0.115033521875 0.6274174359375 0.1099763171875 0.6281104156249999 0.1017465296875 0.6083072359374999 0.0447664609375 0.6044825296874999 0.039230057812500004 0.5945596109375 0.0354533265625 0.5886852828125 0.04270750625 0.590713575 0.0546302234375 0.5896554468749999 0.06651702968749999 0.58161955625 0.083814540625 0.5830294953124999 0.1057985484375 0.5966678296875 0.1755213171875 0.5995010421875 0.1819615015625 0.6009482953124999 0.2048612609375 0.598786734375 0.2149045921875 0.6074356328125 0.23788815 0.6128984953125001 0.2413955953125 0.6135765421875 0.241403484375 0.6202584015625 0.2371220390625 0.6280410859375001 0.2262287984375
0 0.9883019640624999 0.1060149671875 0.9845518859375 0.102310065625 0.9782591109375 0.0866764578125 0.9785496312499999 0.0811879390625 0.9668516265625 0.059084217187499996 0.9586211734375001 0.058988446875 0.94838640625 0.08541354062499999 0.94784268125 0.09730633125 0.9529573921875001 0.1092649640625 0.9497003890625001 0.13027935 0.9540021843750001 0.1349059890625 0.9565821937500001 0.14775044375 0.9553001828125 0.15414274375 0.9621446734375001 0.1706980890625 0.9619287828124999 0.1780181109375 0.9653510265625 0.1862957828125 0.9652470781250001 0.19636305625 0.9681922343749999 0.20555049374999998 0.9660679859375 0.21650957656249997 0.9584638796875 0.21916704375 0.9521124609375 0.22733098906250002 0.9578828390625 0.230144084375 0.960388221875 0.24115703593750001 0.9634373265624999 0.24027720156250001 0.9672167265624999 0.23208332812500002 0.9718836703125 0.23305294999999998 0.97578300625 0.24042085625 0.9742104749999999 0.252301675 0.9827394390625 0.259723453125 0.994570715625 0.259861121875 0.998350115625 0.25166725 0.99940723125 0.22705834062500002 0.99833801875 0.20081799843749998 0.995850078125 0.1903119375 0.9883019640624999 0.1060149671875
0 0.610403665625 0.931724571875 0.6351498999999999 0.9325266796875 0.6762119703125 0.9294053640625 0.7070330968749999 0.9220516109375 0.7170579328125 0.8985169281250001 0.7151425890625001 0.896438003125 0.704090696875 0.8947669250000001 0.6760168234374999 0.9021526468750001 0.6246928515625 0.9005271203125 0.6000304578125 0.9017826250000001 0.584672296875 0.9067455093750001 0.5781572359375 0.904098903125 0.5598002984375 0.90285698125 0.530740171875 0.9085017828125 0.531673540625 0.9314083171875 0.5702433140625 0.93275856875 0.57222333125 0.9327816078125 0.5938153484375001 0.928960753125 0.610403665625 0.931724571875
0 0.8016891906250001 0.5664617671875 0.8051649875000001 0.5193498828124999 0.8042033046875 0.49574849531250004 0.8031018234375 0.47494653124999997 0.7990825546875 0.452016846875 0.784663278125 0.42622019375000003 0.7721603499999999 0.40959900937500004 0.758247484375 0.3709938140625 0.7496812046875 0.3626562859375 0.74608038125 0.36261438749999997 0.744835684375 0.3699224375 0.7494359921875 0.381875084375 0.748751003125 0.4029193984375 0.75851133125 0.44056095781250004 0.75338328125 0.46613015625000004 0.7544653875 0.49268693125 0.7581115171875 0.5064591078125 0.760297059375 0.5348593578124999 0.7603210359375 0.573302940625 0.7565869421875 0.5952270921875 0.7596813546875001 0.6080775328125 0.758913746875 0.6144758171875 0.76285039375 0.6227594734374999 0.782363528125 0.63849256875 0.7839680921875 0.6385112390625001 0.7933787671875 0.614876853125 0.8016891906250001 0.5664617671875
0 1 0.4754133734375 0.9156852750000001 0.47570108437499997 0.9066116078125 0.47765214062499994 0.8900652109375 0.47591712812500003 0.8674229609375 0.48182357343750004 0.8613271093750001 0.4894650328125 0.846528371875 0.48569371875 0.833707859375 0.48554453750000004 0.8322117234374999 0.49375367968750006 0.8224738296874999 0.50186691875 0.7949384203125 0.5000040375 0.792631334375 0.5107745390625 0.79579779375 0.5210945734375 0.8024176531249999 0.526313196875 0.8088698296875 0.5274165921875 0.863752003125 0.5265127265625 0.887624409375 0.528332984375 0.89343331875 0.5361129671875 0.8973492390625 0.53675444375 0.9061894109375 0.5368573078125001 0.9405702796875 0.524835790625 0.9579276265625 0.52400944375 0.9701822109375 0.510269734375 1 0.49761310156249994 1 0.4754133734375
0 0.7546621874999999 0.913368471875 0.79503906875 0.9158949375000001 0.888732603125 0.9015603765625 0.8988687437499999 0.9032208 0.9035700140625 0.902981471875 0.9023381593750001 0.872749590625 0.8828333484374999 0.8690996921874999 0.8379405921874999 0.8680631578125 0.8001852015625 0.8624822406250001 0.7931945609375 0.8706274468749999 0.7687417703125 0.8770269859375001 0.721045384375 0.8970383640625 0.6955301203124999 0.8998264218750001 0.6706581234375 0.89593789375 0.6680156734375 0.89847794375 0.6754255203125 0.9006208015625001 0.6802557984375001 0.9068469218749999 0.6952431796874999 0.915247865625 0.703267790625 0.9171270968749999 0.7254455015625 0.9173851578125 0.7427783859375 0.9137443515625 0.7546621874999999 0.913368471875
0 1 0.8714395265625001 0.9830402656249999 0.8712421828125001 0.9384199953125 0.87689289375 0.9039358656250001 0.8842040250000001 0.8841037500000001 0.8916856484375 0.8716186031250001 0.8997669187499999 0.8637960515625001 0.9099590859375001 0.8432787484375 0.9230884874999999 0.819490184375 0.9233258421875 0.8149533515625 0.9243013718749999 0.8159529437499999 0.926369640625 0.8324783796874999 0.9275902500000001 0.8396995859375 0.925103478125 0.8599928296874999 0.9289387281250001 0.8735404499999999 0.9244689359375 0.90132738125 0.9325046562500001 0.9209773562500001 0.943016490625 0.9228652125 0.947794009375 0.923518403125 0.947801609375 0.931008696875 0.9421048984375 0.9242211546875 0.9327710484375 0.9302960453125 0.9246151843750001 0.9548536390625 0.9207876640625001 0.962906753125 0.9162539375 0.9747276749999999 0.9143348484375 0.983927103125 0.915470209375 0.9951047578125 0.920227709375 1 0.918022921875 1 0.8714395265625001