0 0.092195296875 0.043770203125000004 0.082119953125 0.0559189546875 0.09890939843749999 0.0716832671875 0.1065802625 0.07141539375 0.10981775625000001 0.0685635484375 0.11180508125 0.0712329390625 0.120079809375 0.0709439796875 0.12014346875 0.07092532968750001 0.11702799374999999 0.0601446671875 0.12026045156250001 0.054543142187500004 0.12018946562499999 0.053188634375 0.1143742140625 0.0484404265625 0.1141368609375 0.043911440625 0.11949385937500001 0.039915693749999995 0.11925755 0.03540664375 0.118102225 0.03197605625 0.1188717109375 0.0280443859375 0.1184109265625 0.0192520796875 0.11382600624999999 0.0185135609375 0.10814326406250001 0.0268791 0.09579390625 0.034569987499999996 0.09458569375 0.0309823625 0.0904649046875 0.030218807812499998 0.092195296875 0.043770203125000004
0 0.19582251875 0.040656659375 0.20068982968750002 0.04593141875 0.20058645937500003 0.073158671875 0.202351309375 0.0776343171875 0.208508759375 0.07832674843750001 0.21240520937500001 0.08454286562499999 0.2153652578125 0.0826245890625 0.2153847421875 0.0774923328125 0.2135461140625 0.042409232812499996 0.2128018328125 0.0337115453125 0.21113192500000003 0.0310474953125 0.2017900859375 0.037725903125 0.1974794140625 0.0333391609375 0.19447189375 0.034351640625 0.19582251875 0.040656659375
0 0.1116122546875 0 0.0995927609375 0.029188854687499998 0.0964604296875 0.0764858875 0.097293459375 0.1118475359375 0.101833059375 0.1498021125 0.1129183046875 0.16665664687499998 0.11298789218750001 0.16667856875 0.11614108906250001 0.16656845625 0.1226268953125 0.1572430671875 0.14251419999999998 0.1084534828125 0.1443833265625 0 0.1116122546875 0
0 0.5233130171875 0.05142067031250001 0.498589653125 0.0471830609375 0.479194334375 0.0407190046875 0.42601914843750005 0.047676890625 0.40505239375 0.0458585828125 0.365462696875 0.0349987625 0.32566099375 0.0374088625 0.32624804687500003 0.048610490625 0.3319229859375 0.053003190624999995 0.3392761 0.05478679843749999 0.3432194984375 0.06077025312499999 0.444271440625 0.08427657499999999 0.4880965984375 0.0893774234375 0.4920210984375 0.0892626953125 0.5799370984375 0.0861926 0.5867484296875001 0.0844021359375 0.5989492734375 0.0747943328125 0.6001443984375 0.0714093390625 0.5997607015625 0.0640879671875 0.59817543125 0.060028546875 0.5849339046875001 0.0497789203125 0.573185225 0.0506992890625 0.5621822390625 0.0485330375 0.55930474375 0.0455729421875 0.5233130171875 0.05142067031250001
0 0.87654796875 0 0.8764553515625 0.003899959375 0.871980821875 0.0158531265625 0.8666173625000001 0.020577696875000002 0.86496046875 0.0278951953125 0.8595411078125 0.060752815625 0.859213396875 0.0934326328125 0.8695008109375 0.1729294140625 0.8747557125000001 0.191733915625 0.90639485625 0.1906290515625 0.9016471171875 0.15365774375000002 0.90801589375 0.1389160640625 0.9086882125000001 0.134352275 0.9077325171874999 0.116116534375 0.9019143421875 0.1100905796875 0.88915460625 0.05155159687500001 0.8883950734375 0.0370588421875 0.893257796875 0.0033132046875000002 0.8930350328125 0 0.87654796875 0
0 1 0.20110426406249998 0.9539796515625 0.1899413203125 0.94510846875 0.1938217875 0.83228409375 0.2054131515625 0.8167254390625001 0.2028958921875 0.80225936875 0.20391115625 0.800527828125 0.2055019125 0.8217080546875 0.211393540625 0.837188125 0.229726546875 0.8427830140625 0.23259175 0.8821592359375 0.23937825 0.910414503125 0.2390148296875 0.93515379375 0.2381509140625 1 0.232070775 1 0.20110426406249998
0 0.509432859375 0.218587475 0.48596218750000003 0.2209373796875 0.46345068125 0.22427398437499999 0.44831897343750005 0.22990336249999999 0.43206799218749997 0.23149105312499998 0.3913338078125 0.23342362031250002 0.383021528125 0.23065331093750002 0.3748693546875 0.23093799062499998 0.360616759375 0.236026571875 0.37018172968749996 0.24538439687500002 0.3696228265625 0.252035171875 0.3990085984375 0.25866045 0.43534721718749997 0.2594318640625 0.45540168750000004 0.264296384375 0.46175237343750003 0.2640746140625 0.5131924015625 0.2556932578125 0.55168804375 0.2456773140625 0.5828038906249999 0.23336859531249998 0.5865375265624999 0.22993852499999998 0.586154775 0.22263518750000003 0.5847207562500001 0.217998753125 0.5585845953125 0.20411864062500001 0.5514716390625 0.2069175140625 0.5482753984375 0.215190678125 0.5430007203125 0.21843545468749997 0.509432859375 0.218587475
0 0.1232071046875 0.1460303859375 0.11529781875 0.150843859375 0.110788834375 0.171872778125 0.11205753125 0.1863477515625 0.1156347 0.1962048359375 0.11570819843749999 0.21707373125 0.11318840156250001 0.2371257296875 0.1141248046875 0.245260121875 0.10755771562500001 0.2854174640625 0.1085415890625 0.294457653125 0.10577142343749998 0.29999911875 0.1112903109375 0.30797348750000003 0.11488049375 0.327812121875 0.12287629062500001 0.35384909375 0.120294259375 0.37461624531250004 0.1347683234375 0.3741108 0.1450766515625 0.339462015625 0.15341701875 0.274741471875 0.1510090234375 0.23852736874999997 0.1402124453125 0.15904837031250002 0.13043035625 0.1475930546875 0.1232071046875 0.1460303859375
0 0.1824793609375 0.410939515625 0.16855888125000001 0.34971870156249996 0.1664357078125 0.31893938125 0.1569468734375 0.28388 0.15091882031249998 0.2759234109375 0.14022635625 0.2762968 0.13357275468750002 0.285603696875 0.1281059234375 0.3175555203125 0.13452675625 0.3427400359375 0.12059400468749999 0.378617315625 0.10833958749999999 0.3881197984375 0.1088142953125 0.39717776875 0.12478829218750001 0.40024976562500003 0.134427971875 0.4089876875 0.1428640203125 0.4531583796875 0.162419771875 0.505107859375 0.16211350468750002 0.518730375 0.1636215875 0.526508459375 0.16445109062500002 0.5264794921875 0.16635067812499998 0.5022482234375001 0.1760117984375 0.4919288453125 0.1807925953125 0.4663531609375 0.180542228125 0.451842628125 0.18514615625 0.43262530468750005 0.1824793609375 0.410939515625
0 0.5212246484375 0.46894709375000004 0.5273905296875 0.44060067812500003 0.5293062203125001 0.41875486406249995 0.5252367453125 0.3508378640625 0.5360195625 0.31325567187500003 0.5324508234375 0.27435973593749996 0.5287228125000001 0.29082410937500003 0.5098622671874999 0.310539284375 0.5001192203125 0.329028615625 0.5000847640625 0.33810436718750003 0.489254471875 0.37478076250000003 0.4866872015625 0.3939269640625 0.4888279765625 0.47370823125 0.495132425 0.5161384515624999 0.4969922140625 0.522425690625 0.5023582906249999 0.5272023890625 0.503985384375 0.5271455703125 0.5133329640625 0.5227625125 0.5305236046874999 0.5003832859374999 0.53598200625 0.49747031093749994 0.53300894375 0.4894070390625 0.5255958093750001 0.48422118281250004 0.5212246484375 0.46894709375000004
0 0.9367631421875 0.374933865625 0.9345924999999999 0.3432487453125 0.9253621421875 0.2746045125 0.8801180531250001 0.2761844703125 0.8807418390624999 0.2880870296875 0.893962671875 0.3174439265625 0.8952573984375001 0.3518819984375 0.9073785703125001 0.41770292031249995 0.902835128125 0.4478075890625 0.9069689328124999 0.45855269062500004 0.9094933140625001 0.4775210875 0.91645776875 0.493612071875 0.9172508828125 0.49392970625 0.9186701968750001 0.4938801421875 0.9197845703124999 0.48895862343749996 0.9176744109375001 0.46816084843750005 0.9138729046874999 0.46375632656250004 0.9157541359374999 0.45098626406250003 0.9264205734375001 0.4306497796875 0.9367631421875 0.374933865625
0 0.20841763281249998 0.7655121734375 0.195496315625 0.761372525 0.18918242031250002 0.762103109375 0.16808224375 0.757738975 0.049821621875 0.7521768875 0.053152748437499994 0.7637927875 0.058881057812500005 0.7692038171875 0.07627799375 0.77216698125 0.08424484374999999 0.785661384375 0.092450384375 0.786395034375 0.11581578749999999 0.7993517109375 0.1332660875 0.803333203125 0.14416233750000002 0.8034627953125 0.1653425671875 0.8093544250000001 0.17063534375 0.8095936140625 0.224255159375 0.80772116875 0.22965416093750002 0.807108615625 0.252884675 0.8001762250000001 0.2610635328125 0.800400709375 0.2832815140625 0.791463290625 0.29284501875 0.783477875 0.29295670625 0.781063765625 0.2925881625 0.7740315046874999 0.2830932578125 0.770555896875 0.2749143984375 0.7703314125 0.26740118125 0.7654928125 0.25943579687499996 0.7693416453124999 0.2522161046875 0.7701038609374999 0.20841763281249998 0.7655121734375
0 0.5068112453125 0.5139865625 0.503320590625 0.5349799203125001 0.49916534375 0.5432921171875 0.49200716250000004 0.5916371921875 0.49542506093750005 0.6568545828125 0.49972730624999995 0.6902801734375 0.5088233609375 0.708111628125 0.5136941125 0.7115189625 0.5174858921875 0.7113865500000001 0.5289870624999999 0.693795675 0.533271709375 0.6782193203125 0.53340110625 0.6709551625 0.52893500625 0.65386948125 0.534345940625 0.5781615296875 0.5318662796875 0.5308467703125 0.528101234375 0.511428190625 0.5301495984375 0.49809054531249997 0.5298458562499999 0.4922947890625 0.5216673875 0.47626212656250005 0.522353421875 0.46988598593750003 0.5154494515625 0.4646823484375 0.5116349296875 0.450296278125 0.5125759171875 0.49745106874999995 0.5068112453125 0.5139865625
0 0.1643539578125 0.5023443796875 0.149985540625 0.5591083343750001 0.1514311078125 0.5672249468749999 0.1492650484375 0.5745602265625 0.15273041874999999 0.6406834156250001 0.1573044734375 0.669562240625 0.1615332203125 0.6821189359375001 0.170249509375 0.6927040140625 0.177063084375 0.6966632640625 0.17812213906250002 0.69662628125 0.1830261046875 0.6931653015625 0.189476809375 0.6702536671875 0.1864088046875 0.6603787999999999 0.1857312 0.63771609375 0.1879447296875 0.6312866109375 0.19502941093749998 0.5620726421875 0.1945900296875 0.546901925 0.1942290828125 0.540014653125 0.1848415265625 0.5234078531249999 0.1826969109375 0.5116858328125 0.183607284375 0.4998571296875 0.17711754062500001 0.4928241171875 0.1676332875 0.49678513437499994 0.1643539578125 0.5023443796875
0 0.22095827968749998 0.9837662140625 0.22358603281249997 0.9755073578125 0.22269710156250003 0.9682787609375 0.22795260625 0.9517610484375 0.226092815625 0.9454738109375 0.227464884375 0.9327215296875 0.23130084687500002 0.9280503 0.22613570156249999 0.9073592109374999 0.230077896875 0.8954935531249999 0.23005806718750002 0.8951151859375001 0.22846561406250002 0.8836840234375 0.2158873296875 0.8578070765625 0.20774069062499997 0.8580915640625 0.198187528125 0.8802040828125 0.19898151718749998 0.8856210843750001 0.1941877046875 0.90121521875 0.1908134359375 0.904962871875 0.19110742812499998 0.9884384484375 0.190139559375 0.9951903 0.22190612031249998 0.9940809875 0.22198962500000002 0.9937122015625001 0.22095827968749998 0.9837662140625
0 1 0.54225834375 0.9848690140624999 0.5436413421874999 0.978661853125 0.5464085859375001 0.9629964609374999 0.5418546640625 0.9384598859375 0.5411812109375 0.887788615625 0.543970884375 0.8593086453125001 0.537313975 0.84851913125 0.53922104375 0.8468142734375 0.541320965625 0.8589113109375001 0.5643629812500001 0.8901086765624999 0.570924996875 0.9310563359374999 0.57306575 0.9554861750000001 0.5717025437500001 0.9716571 0.568587359375 0.9892792078125 0.571247759375 1 0.57087338125 1 0.54225834375
0 0.5133672265625 0.688523625 0.51149900625 0.7112752343750001 0.5131735 0.75295968125 0.5213377375 0.8016771421875 0.534036990625 0.8493287781250001 0.5459016484375 0.8731916453125 0.5462718718749999 0.8731787171875001 0.565014125 0.8564141265625 0.5681510421875 0.8481374890625 0.5668004171875001 0.841832471875 0.56868165 0.8290624109375001 0.5629598671875 0.8074833015625 0.559438596875 0.7694931640625 0.5589853312499999 0.7413778953125 0.561328259375 0.72768425625 0.5599516062500001 0.701416140625 0.55251244375 0.676267184375 0.5587127796875 0.63884501875 0.5560934546875 0.618065025 0.5593322921875 0.606896925 0.5592297921875 0.6049410890625 0.55764239375 0.598954384375 0.5540782390625 0.599078846875 0.5463588374999999 0.6075155078125001 0.5361326515625 0.6459857171875 0.5252763328125 0.662699015625 0.5133672265625 0.688523625
0 0.5612507859375 0.9786840203124999 0.5605861953125 0.9660028609375001 0.5562625062500001 0.9516345703125 0.5635676843749999 0.9450272843749999 0.5684908937500001 0.9221689921875 0.5661089265625 0.9059179859375 0.5676708765625 0.8967888921875 0.5638816390625 0.7952862765625001 0.567812546875 0.792426640625 0.5714800734375001 0.7650749234374999 0.5737193359375 0.761942696875 0.5731332515625 0.7507595499999999 0.5695728124999999 0.7578818890625 0.5646235749999999 0.7607770828125 0.5614047296875 0.777223675 0.555674515625 0.7846834171875 0.5543973906249999 0.7992472937499999 0.544274575 0.8104902468749999 0.5313126828125 0.8454261703125001 0.51822981875 0.8585874 0.518113434375 0.87583310625 0.506821446875 0.913433078125 0.508871121875 0.9233435046875 0.516793421875 0.9285115812500001 0.5195551593750001 0.952008965625 0.520323584375 0.9836600203125 0.5518762421875001 0.9825581765625 0.5531990890625 0.9807801015625 0.5612507859375 0.9786840203124999
0 0.9082519890625 0.6143703656249999 0.8978665343750001 0.70820088125 0.901991909375 0.7479848312499999 0.9020998656250001 0.759777971875 0.8986092109375001 0.78077133125 0.90002031875 0.7979636953125 0.9025316875 0.8069505453125 0.9114378609375 0.8211588109375001 0.9177851953125 0.8254744328125 0.9199668375 0.831952528125 0.9208243390625 0.8319225843750001 0.9226050328125 0.82984339375 0.9177591656249999 0.8055113359374999 0.919484971875 0.780042334375 0.9373356203125001 0.7313238703125 0.9426730515624999 0.706636203125 0.9493010546875 0.7002096015625 0.9487887453124999 0.690434159375 0.943401971875 0.6621454625000001 0.9405667359375001 0.617779184375 0.9364114671875001 0.59977519375 0.9062387281250001 0.6008288484375 0.906202315625 0.604459940625 0.9082519890625 0.6143703656249999
0 0.922123996875 0.8340104109375 0.9162904140625001 0.8686974062499999 0.9125065031249999 0.9132948296875 0.913930628125 0.94046874375 0.9142419531250001 0.9417276156250001 0.9539785671875001 0.9403399828125 0.9613993546874999 0.9215694578125 0.9562472203124999 0.9108599156249999 0.9547541828125 0.90183750625 0.956173721875 0.889991021875 0.9603289687500001 0.881678825 0.9631205765624999 0.8570800593750001 0.9709349203125001 0.85045499375 0.9804321859374999 0.8564755249999999 0.9852921359375 0.8493212124999999 0.98521378125 0.847826121875 0.9809283375 0.8464761953125001 0.96974815 0.827810065625 0.9606865499999999 0.8009028593749999 0.9645569734375 0.787155878125 0.9599484609375001 0.7673528046875 0.96211451875 0.7600175250000001 0.9602417140625 0.7437487390624999 0.9582602 0.742955159375 0.9581498937499999 0.7429590109374999 0.9573766078125001 0.747478609375 0.958101684375 0.771047115625 0.9459552234374999 0.7923427390625 0.9361991625 0.8008505234375001 0.9287171125 0.8138161687500001 0.922123996875 0.8340104109375