0 0.914461971875 0.0716192140625 0.918672828125 0.0706690734375 0.9199075140625 0.0669593140625 0.9325265937499999 0.07429104843749999 0.9368446374999999 0.0804608953125 0.9434000375 0.08042275625 0.944058140625 0.07804531875000001 0.9441621703124999 0.07606029843749999 0.9427032843750001 0.06867798124999999 0.944894028125 0.0620956296875 0.9449462531249999 0.0610991015625 0.9386514968749999 0.056668185937500004 0.938894125 0.05203855625 0.9454287750000001 0.0464466765625 0.9416061250000001 0.0399894109375 0.9447898890624999 0.028863165625 0.9376028609375 0.0270536921875 0.9342384828125001 0.0317014828125 0.9287579078125001 0.02710515 0.9240267609374999 0.028058317187499997 0.906741353125 0.044962389062500004 0.9066560921875 0.04658925625 0.9162304406249999 0.057724270312500006 0.914461971875 0.0716192140625
0 0.8394342640625 0.07357670937500001 0.8388355453124999 0.0673386015625 0.8342877171874999 0.06580466093750001 0.8064281390625 0.0675271421875 0.801117990625 0.0628768390625 0.79469104375 0.061873965625000006 0.7936015109375 0.0650011 0.7980130046875 0.069136496875 0.7926070937499999 0.07680043125 0.7924530937500001 0.07973891718750001 0.844273115625 0.0794374375 0.8457248734375 0.0771810421875 0.8394342640625 0.07357670937500001
0 0.8678262234374999 0 0.8666204015625001 0.0230084734375 0.868553159375 0.13500010625 0.8804184546875 0.1635764234375 0.91156446875 0.163395221875 0.9141802703125 0.14146087499999999 0.915029103125 0.12526419375 0.915613959375 0.1004775 0.9124140921875 0.052362648437500006 0.8980805109375 0.018197225 0.8981450499999999 0 0.8678262234374999 0
0 0.4300233484375 0.114176159375 0.438976946875 0.11615990000000001 0.4470537421875 0.11611291093750001 0.5308674734375 0.11514986406250001 0.5756663921875 0.10812750625 0.6789634125 0.07995950625 0.6829943234375 0.0736944625 0.6905108 0.071570203125 0.6963117624999999 0.066855259375 0.6969116421875 0.055408849999999996 0.6562254359375 0.05460528906249999 0.61575620625 0.0673239171875 0.5943235734375001 0.0700492734375 0.5399666171875 0.065164184375 0.5201404296875001 0.07256138906250001 0.49486775625 0.07790974687499999 0.4580761265625 0.0734426 0.45513474374999996 0.07658050937500001 0.443887296875 0.07924660781250001 0.4318775265625 0.078796346875 0.41834195 0.0897978828125 0.4168353609375 0.0937076453125 0.41641527343750007 0.10172337812500001 0.41755119843750005 0.10488633124999999 0.4300233484375 0.114176159375
0 0.1119383796875 0 0.10954456562499999 0.008647809375 0.1005458078125 0.078419128125 0.09917529375 0.104570109375 0.09936504375 0.123486840625 0.1049021984375 0.156777796875 0.1065951578125 0.16417309687499998 0.11207573281250001 0.1687694296875 0.1166478140625 0.1807761953125 0.11794712656249999 0.235381609375 0.1187793390625 0.238298571875 0.1272645265625 0.23824920624999998 0.13145316093749998 0.21586451874999998 0.133817428125 0.18067630625 0.128849090625 0.146456396875 0.129625503125 0.1316415828125 0.1426652125 0.071398884375 0.148728096875 0.06488410624999999 0.1508227546875 0.054689840625 0.1489006546875 0.0417420140625 0.142392990625 0.026969575000000003 0.145844928125 0 0.1119383796875 0
0 0.08237128125 0.3373685046875 0.10084564843749999 0.35207132343750003 0.10591339375 0.3711454296875 0.10818059531249999 0.3711322390625 0.10944797343749998 0.3566494953125 0.1071511640625 0.34092691406250003 0.121021246875 0.22514076875 0.1251485453125 0.21586032031250002 0.11329782656250001 0.164093225 0.1167030796875 0.149263115625 0.08619379687499999 0.1494406140625 0.08459824218749999 0.1559294015625 0.0775172796875 0.2197777625 0.07362213749999999 0.294101525 0.0795406875 0.3318311109375 0.08237128125 0.3373685046875
0 0.5398711875 0.17112230625 0.542556203125 0.17943747968749998 0.53985225625 0.221107171875 0.537938209375 0.2377798921875 0.5319103578125 0.25355090156250004 0.528095759375 0.276714184375 0.525273215625 0.3007973390625 0.524518346875 0.3350505453125 0.52110544375 0.3406242640625 0.5125866796875 0.344376396875 0.5113121625 0.3475406859375 0.5109550578125 0.35435465625 0.523326746875 0.3776370859375 0.531145728125 0.37960566562500003 0.53479046875 0.3795844609375 0.5390810640625 0.37476849843750004 0.552225875 0.342294496875 0.563157434375 0.302428225 0.5734501078124999 0.24497844062500002 0.5683712296875 0.22279254218750003 0.5682310921875 0.1857676125 0.5619795453124999 0.1561833875 0.5551672296875 0.15714866249999998 0.546167271875 0.1483387796875 0.545621653125 0.1483419546875 0.5403079187500001 0.16278897187500002 0.5398711875 0.17112230625
0 0.8634065 0.23529484374999998 0.8701163218750001 0.275984125 0.8691592968749999 0.28432048593750003 0.871733771875 0.3046696671875 0.8716582640625001 0.32595990937499997 0.8680027328125 0.33616325625 0.8667060281250001 0.3509810984375 0.8713131437499999 0.372244096875 0.8779847109375 0.3760257921875 0.8826155375000001 0.37599885 0.88677630625 0.374931065625 0.8967723843750001 0.36283954375 0.9078064359375 0.2813187109375 0.91026775625 0.2442786484375 0.9017463812500001 0.178607528125 0.9000738546875 0.173063396875 0.8765253171875 0.17320039843749999 0.8708901234375 0.1917460546875 0.8672210984375001 0.212131559375 0.8616183984375001 0.220440371875 0.861612359375 0.220555621875 0.864412046875 0.22603255625 0.8634065 0.23529484374999998
0 0.793871190625 0.4451149671875 0.8253254046875 0.44545210625 0.8877157546875001 0.456011915625 0.9044940328125 0.4570967921875 0.911160315625 0.45705800781250006 0.929600559375 0.4516071765625 0.9444426421875001 0.45100069375 0.970695775 0.444606365625 0.9765487921875 0.4388981390625 0.9771389296875 0.42763766406250003 0.9316183406249999 0.41310561406249996 0.886575178125 0.40712607500000003 0.8778067296875 0.39781469999999997 0.8749483140625 0.381707215625 0.8656890531249999 0.381761084375 0.8557481125 0.3948222375 0.8187917140625001 0.41116135624999994 0.7931384609375 0.4061092765625 0.7603493125 0.41358189375 0.75116023125 0.4205758765625 0.7505541015625 0.4321415203125 0.7581690875 0.4375206859375 0.793871190625 0.4451149671875
0 0.38731472031249997 0.4599496125 0.42144759687500005 0.46303112031250004 0.46516360625 0.46277678906249997 0.5122056500000001 0.46130354999999995 0.5318409671875 0.45754838593749997 0.5695596859375 0.444325625 0.5788462125 0.443751465625 0.5979373453125 0.43271761093750005 0.6184452140625 0.412313121875 0.6353572875 0.40753353593749997 0.595624275 0.4062042984375 0.556979628125 0.41943244531249996 0.4875624515625 0.41931616875 0.46517662499999995 0.42256720156250005 0.43606391093749997 0.43053856562500004 0.4205140421875 0.4269881046875 0.4153402296875 0.4197363453125 0.40714323124999996 0.4171833703125 0.40406551406249996 0.42292273593749996 0.3808616671875 0.44178251093750004 0.37621216562500004 0.451571796875 0.3761247671875 0.4532394453125 0.38091504062500003 0.458426446875 0.38731472031249997 0.4599496125
0 0.0881074828125 0.5054485625 0.090029578125 0.518396390625 0.0861449109375 0.523047209375 0.0839882359375 0.544349559375 0.0851299875 0.5493370328125 0.08654579999999999 0.549328796875 0.087387646875 0.5489580015625 0.09450460625 0.5322550109375 0.0970845203125 0.512801484375 0.10130886875 0.5016691843750001 0.096666721875 0.471149953125 0.10905405312500001 0.403505903125 0.11037773749999999 0.36832374375 0.1239457875 0.3376985671875 0.12491630312499999 0.31918005 0.12489769375 0.3182545140625 0.07928591406249999 0.318519875 0.07044743125 0.3844837 0.0678027765625 0.43494673125 0.077208346875 0.4851478125 0.0881074828125 0.5054485625
0 0.8194028375 0.8471542781249999 0.8193408203124999 0.8582623625 0.823101453125 0.8758277124999999 0.835936178125 0.8988941328125 0.8365400296875001 0.9072214109375001 0.8501996890625 0.9145470906250001 0.8510077234375 0.91976695 0.8695577546875001 0.919659028125 0.8665957234375 0.820036053125 0.8625089015625 0.7987700265625 0.8633688734374999 0.79228551875 0.8593656093750001 0.779349796875 0.85545135 0.7349416765625 0.8563598453125 0.7275312421875 0.8604386156249999 0.7191767203125 0.855623909375 0.7117995828125 0.8555403484375 0.7034692765624999 0.8519118000000001 0.69330830625 0.8424980312500001 0.69428871875 0.8341598781249999 0.7045193078125 0.8246220718749999 0.7277158874999999 0.8247056328125 0.73604619375 0.8172004671875 0.7601565921875 0.8154454125000001 0.773616403125 0.8133906578125 0.8128234515624999 0.8137551406249999 0.8258973328125 0.8194028375 0.8471542781249999
0 0.4940559140625 0.6655747234375 0.4976224453125 0.6868437734375 0.5035127687500001 0.7034710921875 0.5025518375 0.751533634375 0.502570446875 0.7515335265624999 0.506448465625 0.73677718125 0.5135034093749999 0.7311822765625 0.51280250625 0.7247068484375 0.52209768125 0.7061398999999999 0.51937763125 0.6885684921874999 0.5250927859375001 0.658914646875 0.52594470625 0.622809590625 0.52023238125 0.5432374734375001 0.524796409375 0.5256236921874999 0.524664325 0.5182193109375001 0.5202863484375 0.502508840625 0.5072575203125 0.4831461265625 0.4996822890625 0.48874405625 0.49038711093750004 0.5073110078124999 0.48784031250000004 0.5271635875 0.483306196875 0.6136796875 0.489810025 0.6572686296875 0.4940559140625 0.6655747234375
0 0.762013584375 0.6357217140625 0.7747856750000001 0.6392883375 0.7872473453125 0.6405356734375001 0.8770683359375001 0.6400131109375 0.8793880375 0.639199909375 0.8857523687500001 0.6399625875 0.8884603562500001 0.6399468328125 0.9460013328124999 0.62216811875 0.951747759375 0.6184937578125 0.9559695421875001 0.608586675 0.94888934375 0.602386271875 0.9367705046875001 0.6040171765625 0.92481526875 0.60252633125 0.9076862203125 0.5937837296875 0.8854367312500001 0.59443330625 0.814493746875 0.605768828125 0.8078759281250001 0.6084079921875001 0.7847005140625 0.6090629546875 0.7746516640625 0.6065207546875 0.7510945062500001 0.6144597968750001 0.7486235078125001 0.6180053859375 0.748391778125 0.6224270484375001 0.75133875 0.62746169375 0.762013584375 0.6357217140625
0 0.91697910625 0.9766920140625001 0.8907271343750001 0.9654018234375 0.8787446328125 0.9644312703125 0.8664621890624999 0.9691839218749999 0.8453840328125001 0.9651454890625001 0.8405362640625 0.9693347546875 0.8274642312499999 0.9714913359375 0.8210645515625 0.9699681703125 0.804070678125 0.9763086296875001 0.7966905375 0.975831434375 0.7881935984374999 0.9790016640625 0.7780356828125 0.978540628125 0.7686400859375 0.9811959531250001 0.7576653125 0.978659140625 0.75529654375 0.9708709296875 0.7473176859375 0.9641556250000001 0.7442399671875 0.9698949906250001 0.7330197875 0.9720407984375001 0.733782109375 0.975157159375 0.741897303125 0.9792710078125 0.740725971875 0.9839590171875001 0.73312769375 0.9876441515625001 0.721199725 0.9856330156249999 0.713356040625 0.9940007734374999 0.713275090625 0.9955453875 0.8970383171874999 0.994476284375 0.916542828125 0.985016675 0.91697910625 0.9766920140625001
0 0.051876740624999994 0.6044638546875001 0.05212742031249999 0.6294547734375 0.056505396875 0.6451652453125 0.053564259375 0.6516618625 0.051553162500000006 0.6701864343749999 0.056718096875 0.7041426656249999 0.07870709218750001 0.7040147359375 0.07894255312500001 0.7033502578124999 0.08231237031250001 0.658899759375 0.07931465625 0.636701753125 0.0827895765625 0.62001995 0.08462006250000001 0.5950169234375 0.0831616796875 0.5533714468750001 0.07700718437500001 0.5219353703125 0.053656090625 0.5109635 0.0514778734375 0.512827459375 0.051130598437499994 0.5146293390625 0.0503905359375 0.5287505703125001 0.055634764062499995 0.55260595 0.051876740624999994 0.6044638546875001
0 0.46323550312500006 0.8539564421874999 0.47432874218750004 0.8705534890625 0.4847776515625 0.9093697296875 0.49072361249999996 0.9156149265625 0.49684745937499997 0.9155792999999999 0.4982567015625 0.91021695625 0.49472520781249996 0.898204134375 0.497402171875 0.8768987562499999 0.4910670640625 0.8389842249999999 0.49866928125000004 0.8130219750000001 0.5000765281249999 0.7861701234375 0.4976826640625 0.772299396875 0.49814637968750003 0.743601746875 0.5017453328125 0.7047037765625 0.5075925734375 0.6824543125 0.505670478125 0.669506484375 0.507050740625 0.6630189484375 0.5038454296875 0.6547068046875 0.48442753125 0.6381581890625 0.47219121875000003 0.6632217546875 0.459213528125 0.71235636875 0.45263790000000004 0.7517878578125 0.44958138593749997 0.8101096343749999 0.45106664687500003 0.8281092171875001 0.46323550312500006 0.8539564421874999
0 0.5007674078125001 0.9722934015625 0.5088629328125001 0.9666924437500001 0.5109575890625 0.9564981765624999 0.49941956875000004 0.9186139140625 0.49930097343749996 0.9010273765625 0.4859324671875 0.8881461421875001 0.47268799375 0.8530487375 0.462344184375 0.84200119375 0.46103943125 0.8271984859374999 0.455184140625 0.8198274031249999 0.45189527187499995 0.8031849515625 0.4468379359375 0.8004374437499999 0.4430638125 0.7930542515625 0.44262778281250004 0.79376634375 0.44208844531249997 0.8040575296875 0.44488885624999996 0.80785393125 0.4486359984375 0.8356014406250001 0.4526527515625 0.838355003125 0.44877874531249995 0.9420496249999999 0.4503746546875 0.9512967765625 0.44794031562500003 0.9679725234375001 0.4529706703125 0.9910843484375 0.4598546609375 0.9970197437499999 0.4979346109375 0.9967982015624999 0.4979448640625 0.9963765578125001 0.5007674078125001 0.9722934015625
0 0.059867521874999996 0.737047359375 0.055651223437499994 0.7778002078124999 0.066261815625 0.87307976875 0.064167159375 0.8832740359375 0.06426575625 0.893103609375 0.093630853125 0.8929327671875 0.0992828 0.8682594390625 0.10218085156250001 0.8228860421874999 0.1093733203125 0.7848928109375 0.10143686249999999 0.777533834375 0.09598327031250001 0.752573184375 0.077743478125 0.7036201890625 0.0759804515625 0.677712425 0.0809326859375 0.6526912359375 0.07847680625 0.6499285953125 0.076007434375 0.657348109375 0.06952130937499999 0.6620140625000001 0.0604202359375 0.676877309375 0.05966724062499999 0.6795975515625 0.057927859375 0.712786928125 0.0599780640625 0.72501335 0.059867521874999996 0.737047359375
0 0.07020583281250001 0.9818294 0.0749154390625 0.9614378406249999 0.070960703125 0.94757619375 0.0802208453125 0.9197530109375001 0.0916457125 0.9002480281249999 0.0966187234375 0.8984820156250001 0.0966471625 0.8979393734375 0.0911389125 0.890068896875 0.0814339890625 0.8966048625 0.07344900625 0.8901718125 0.07059686875 0.8651960296875 0.0663509796875 0.8568899390625001 0.0649006484375 0.8448650093750001 0.06642648749999999 0.8355996953125 0.07169141875 0.8244613421875 0.06202696875 0.8004508343750001 0.061423326562500005 0.797677415625 0.025459485937499998 0.797886646875 0.02333578125 0.8065445734375001 0.0218030359375 0.8357911031249999 0.0255956921875 0.8802681375000001 0.0315560859375 0.9154079171875 0.0382928890625 0.9357328828125 0.0459381921875 0.9486474156250001 0.0559072875 0.9569202078125001 0.06831877187499999 0.9781378046875 0.067666940625 0.999301425 0.07126432187500001 0.9992804968750001 0.0724190859375 0.989221671875 0.07020583281250001 0.9818294