0 1 0 0.9576732796874999 0 0.9560287921875 0.016188995312500003 0.9570659812500001 0.045890189062499996 0.9626725374999999 0.0959188109375 0.9669250437500001 0.1109836609375 0.9689478703125 0.138421021875 0.9772544734374999 0.16286890781250002 0.9830397078124999 0.166335665625 0.9864865171874999 0.1662554390625 0.9916161750000001 0.1625346359375 0.9961057890625 0.15390048437499998 1 0.1290901484375 1 0
0 1 0.3945830375 0.876282621875 0.397462590625 0.87425365625 0.39857451093749996 0.874017871875 0.39931480625 0.8741103203125 0.40196218124999994 0.8812539421875 0.4090585203125 0.8846706734374999 0.4254817609375 0.9018275750000001 0.4282765125 0.9334862234375001 0.43925128593749996 0.9931453156250001 0.43786270624999996 1 0.4369593140625 1 0.3945830375
0 1 0.8159842375 0.9871043453125001 0.8154904296875 0.95969795 0.8177253625 0.9447693328125 0.8244609953125 0.926832634375 0.8264755203125 0.91374223125 0.831571325 0.8967339265625001 0.83303189375 0.8799299453125 0.840343525 0.8770888640625 0.8455006453125 0.8777284421875 0.8638157718749999 0.87796205625 0.865409646875 0.9197587453124999 0.8681632499999999 0.9358015078124999 0.86619280625 0.976688378125 0.87003228125 0.991022946875 0.8734250687499999 1 0.8789720234375 1 0.8159842375
0 0.9357505828124999 0.8294529609374999 0.9213417140625 0.8239325109375001 0.8746987265625 0.818097625 0.8707065234375 0.8123347265625 0.8680142140625 0.816656165625 0.8368942374999999 0.821106921875 0.7920708890625 0.81310029375 0.7872060171874999 0.8094870953125 0.7701791375 0.810415746875 0.764051871875 0.8249317375 0.75759025625 0.82987325625 0.7265445796875001 0.836451671875 0.7050491390625 0.8447839671875 0.7051851921875001 0.84867999375 0.7081810078124999 0.8533818546875 0.75103611875 0.85930490625 0.7597445921875 0.8644256859375 0.7930780109375 0.8681984859374999 0.8052446874999999 0.867915303125 0.8477942 0.8618439578125001 0.8724711375 0.862866640625 0.888495321875 0.8603642828125 0.9148433 0.854959903125 0.9399656859375 0.8415988390625 0.9357505828124999 0.8294529609374999
0 0.8139926078125 0.44305336874999995 0.8136977984374999 0.41936674687500003 0.8107736750000001 0.41185289062499997 0.8111071750000001 0.40615869218749995 0.8205191109375001 0.3860371 0.8291979062499999 0.375409965625 0.82517969375 0.35181000625 0.818598303125 0.346276753125 0.8156741765625 0.3387628984375 0.812052790625 0.32652657500000004 0.8127528625 0.3160851484375 0.804776953125 0.301106959375 0.8044793328125 0.29258423125 0.798198371875 0.2804098109375 0.7875931421875 0.2816043890625 0.7808133374999999 0.27038931875 0.776588275 0.28659922656250003 0.757866421875 0.31451942499999996 0.7557000687500001 0.34394976875 0.749248140625 0.35736829062500003 0.7479830859375001 0.366875128125 0.7516677953124999 0.39616928749999997 0.7627965031249999 0.44045401406250007 0.762890084375 0.473622715625 0.7659795546875 0.48587141718750004 0.7747878125 0.494196059375 0.7875530453125 0.4992773640625 0.788878409375 0.499246515625 0.799255896875 0.4936265578125 0.8131905156249999 0.46581778125 0.8145878484375 0.46009882500000004 0.8123279125 0.4563604671875 0.8120302921875 0.4478377390625 0.8139926078125 0.44305336874999995
0 0.7117137875 0.05046324375 0.7132043890624999 0.0544743859375 0.72577504375 0.0616346640625 0.7723065828125 0.0642780609375 0.7848958125000001 0.0719702515625 0.8141404234375 0.0680954921875 0.8287115984375 0.0714101828125 0.8445709453125 0.0710410515625 0.8429316390625001 0.024097496875 0.8078267109375 0.0229929296875 0.7596984296875 0.028904253125 0.7248834484375 0.0361027484375 0.711524846875 0.0450526734375 0.7117137875 0.05046324375
0 0.535244846875 0.057251953125 0.5355630046875001 0.06636281875 0.5462476640625 0.0751237421875 0.5710360515625 0.0793379125 0.5797259515625 0.0839267765625 0.5985353203125 0.07976255156249999 0.61483813125 0.08523891875 0.6233422828124999 0.0845086375 0.6301122125 0.086979025 0.6409746453125 0.0867261984375 0.6904328328125 0.07881158906249999 0.6889010625 0.0349474078125 0.57914978125 0.0402877140625 0.562327225 0.0470674296875 0.547250009375 0.0495477453125 0.535244846875 0.057251953125
0 0.7346668734375 0.3871153203125 0.71563460625 0.3848965640625 0.7088386421874999 0.3802636171875 0.7012628875 0.38043994375 0.6937985796875 0.3838077625 0.6758061546875 0.384226540625 0.6557154656249999 0.3788383375 0.601403846875 0.370520203125 0.5854353859375 0.3746183046875 0.54569980625 0.3766078546875 0.54373156875 0.3745242765625 0.5323493578125 0.374256853125 0.5290444234375 0.38817480312499997 0.5243653 0.38988075312500003 0.47189742343749996 0.392683721875 0.47191536718749993 0.393197584375 0.4753086265625 0.3963460328125 0.49042299062500005 0.3949295484375 0.5048318625 0.4004499984375 0.53437366875 0.405085875 0.592826090625 0.4234222296875 0.6363681234375 0.42187642968750005 0.6663091062500001 0.42391084843750004 0.6895744328125 0.42336934218750005 0.7102689078125 0.4212210625 0.7536066156250001 0.4138242015625 0.76014253125 0.41101033749999993 0.7636517859375 0.40294345 0.75767276875 0.3945650609375 0.7346668734375 0.3871153203125
0 0.6656931234375 0.7974590203125 0.5551019937499999 0.8058888796874999 0.5205284859375 0.8200022656250001 0.51495811875 0.823326 0.5121644703125 0.8292928578125001 0.512419603125 0.8365988984375001 0.51261873125 0.8377538250000001 0.5223299015625 0.8444483078125 0.5574049296875 0.8446966218749999 0.563216771875 0.84828778125 0.5587976968749999 0.8574405390625 0.5786283359375 0.8553819375 0.5895522609375 0.8588616703125 0.59513278125 0.85873178125 0.8003674921874999 0.82732996875 0.7905820234375 0.818507825 0.7732579453125 0.8109258390624999 0.7485995859375 0.8104350734375 0.712261815625 0.8011662484375 0.6656931234375 0.7974590203125
0 0.499434571875 0.859205865625 0.50741610625 0.8438562624999999 0.51144275625 0.821964534375 0.5158993015625 0.8123834140625 0.5150697656250001 0.8038730671875 0.49476904218750006 0.7408470328125001 0.4945734421875 0.7200013203125 0.4892542921875 0.7201251234375 0.48529659374999995 0.72874689375 0.47775057812500005 0.7260793125 0.46976623125000005 0.7565928109375 0.46145119375 0.7776366109375 0.4592606078125 0.7920813953125 0.46025828437499994 0.8206511078125001 0.4650557046875 0.8808563078124999 0.46827745 0.8968928921874999 0.48575606718750003 0.9400820828124999 0.49229580781250004 0.9471326875000001 0.49598611562499995 0.9470467953125 0.5023777046875 0.94348616875 0.5052715734375 0.9348891578125 0.5073056499999999 0.9016709359374999 0.5033866453125 0.8809118859374999 0.5035878703125001 0.8714298078124999 0.499434571875 0.859205865625
0 0.5814301421875 0.4083542578125 0.589822846875 0.40443248593750003 0.5903983171875 0.39377214843749997 0.5800002281250001 0.39454651093750004 0.5645700890625001 0.38692044375 0.5627690249999999 0.3896241015625 0.543922503125 0.39272449374999996 0.49636969531249997 0.3879754796875 0.444509259375 0.3955707109375 0.42165196250000003 0.3923762890625 0.41041835156250006 0.3963641859375 0.36982867812500003 0.40103535 0.34639590937500003 0.4085012703125 0.345880790625 0.411261078125 0.3461399890625 0.4186835765625 0.3546960890625 0.429069621875 0.3643143828125 0.43310453281249994 0.387190253125 0.43683086875 0.4013205 0.4343725921875 0.41088307031250004 0.43681175781250003 0.414800975 0.440446996875 0.43366606875 0.4378785203125 0.4646201078125 0.45675307187499997 0.4818479125 0.456352090625 0.4992670265625 0.44380450156249995 0.51423279375 0.4381326953125 0.549103496875 0.4325299453125 0.557514775 0.42914009062499997 0.575079978125 0.4164872671875 0.5814301421875 0.4083542578125
0 0.4277685875 0.047837025 0.38727178906250004 0.055167765625 0.3759218796875 0.062451471875 0.376265809375 0.0723003328125 0.389036053125 0.07854997968750001 0.41094638124999994 0.081766440625 0.44217780624999997 0.080507175 0.4707540703125 0.08463318125 0.48778164375 0.0856004953125 0.523323496875 0.08477325 0.5247313421875 0.0833768453125 0.5303672703125 0.08193045625 0.5291888703125001 0.0481855 0.5015950734375 0.045054 0.455267859375 0.04826166875 0.4277685875 0.047837025
0 0.191259225 0.054261351562500004 0.17762354062500002 0.071055225 0.17771697656250002 0.073730859375 0.18574493125 0.08633053125 0.1934321375 0.08934569375 0.2182576734375 0.0946236921875 0.2277273703125 0.0944032828125 0.24503287343750002 0.10145335312499999 0.27246834999999997 0.1062496671875 0.3322352484375 0.10485857812499999 0.3465446203125 0.10442102812500001 0.3446886609375 0.051273289062500005 0.33525434375 0.052506870312499995 0.21963116718750003 0.0525362921875 0.20154586874999997 0.05029549531250001 0.191259225 0.054261351562500004
0 0.3833161734375 0.41374931562499995 0.32412110625 0.4012860671875 0.2786294109375 0.4012802046875 0.258910221875 0.4065302984375 0.2484749796875 0.40624083437499997 0.2146626953125 0.41501303125 0.1912856484375 0.42407469375 0.174427128125 0.42732705937500004 0.17445044375000002 0.427994725 0.18198312656249999 0.4290823375 0.21653840937500002 0.44158673593750003 0.2327297671875 0.4438716125 0.2805857203125 0.4453988203125 0.325716865625 0.44434838125000004 0.3350210671875 0.4420231046875 0.3539976125 0.442646115625 0.38415204375 0.4376854859375 0.3952370578125 0.4294422703125 0.3959425546875 0.422505334375 0.3833161734375 0.41374931562499995
0 0.42087081875 0.8169318062500001 0.4086530875 0.8198779140625 0.38308490625 0.8204730203124999 0.3531158734375 0.8036030984375 0.345577265625 0.8048432562500001 0.3355135234375 0.815192090625 0.32052918125 0.820331978125 0.304467846875 0.82177050625 0.2791782875 0.8303443343750001 0.2537215546875 0.83413093125 0.2368989984375 0.8409106468750001 0.20379220937500003 0.842745909375 0.203046875 0.8438647640625 0.20316664375000001 0.84729448125 0.20399653281250002 0.8485969734375001 0.3064585015625 0.8654507499999999 0.3292078859375 0.8649212531250001 0.44760921875 0.8498473390625 0.461590865625 0.843133746875 0.46211061249999996 0.8308776625000001 0.45906538125 0.825092721875 0.4379719984375 0.8181308140624999 0.42087081875 0.8169318062500001
0 0.19071394531250002 0.8603732718750001 0.18915689375 0.8310295921874999 0.185869009375 0.81309906875 0.1765977875 0.791516853125 0.168886425 0.7841144234375 0.1607754296875 0.78051225 0.1343337796875 0.8465217046875001 0.13822252968749998 0.8511698890625 0.14769216406250002 0.8784339234375 0.1496819234375 0.9049243140625001 0.15705697031250002 0.9331848390624999 0.1604468734375 0.9387923734375001 0.16067835625 0.9454211625 0.1681554203125 0.9613587015625 0.173934509375 0.96392525 0.1770439921875 0.963852875 0.17829487187499998 0.9620704437500001 0.17873039375 0.9440532578124999 0.18934124375 0.9125308875 0.1874148125 0.90309833125 0.191107959375 0.8869008046875001 0.19071394531250002 0.8603732718750001
0 0.12723694218749998 0.371277115625 0.1141459203125 0.331776759375 0.110389446875 0.330916453125 0.10121180625 0.34250293906249996 0.09977578125 0.3776027171875 0.0952833546875 0.40140076562499993 0.0983066875 0.41175552968750007 0.097603803125 0.43736085312500006 0.0952104015625 0.4426629734375 0.09539290781250001 0.4478892765625 0.1010901015625 0.46097319218750005 0.104444121875 0.4807976546875 0.1104936 0.4863432890625 0.1150767953125 0.5108778359375 0.1284021125 0.5418430843750001 0.133546140625 0.54577494375 0.1421073078125 0.5455756796875 0.14502375 0.5452471703125 0.1491496046875 0.526196353125 0.1442687890625 0.4931390765625 0.1396968421875 0.40794894531250003 0.1329198484375 0.38156997812500004 0.12723694218749998 0.371277115625
0 0.209817596875 0.82571675 0.20732961093750002 0.8358892546875 0.20075654843750002 0.8376392875 0.1534452140625 0.8398051656250001 0.107266596875 0.84726815 0.0958472359375 0.8459368968750001 0.06318624375000001 0.8605381187500001 0.059848946874999996 0.8630198515625 0.05986513125 0.8634832984375 0.0672155953125 0.8673648484375001 0.11218754375 0.879626796875 0.1361961328125 0.8886502390625 0.14494175781250002 0.8948348484374999 0.1580087453125 0.8986175859375001 0.1660982078125 0.8984293015624999 0.18166925312499999 0.8881241890625 0.1910460765625 0.8852442046875 0.2128078046875 0.8842053468750001 0.22686375 0.8796194125 0.259859090625 0.8745926609374999 0.27851986093750003 0.8661731171874999 0.284858446875 0.8580549375000001 0.2848576015625 0.8580307703125 0.2731906171875 0.8492620453124999 0.2521158109375 0.842832053125 0.2470466140625 0.8333677890625 0.2291099140625 0.8353823125 0.22201675468749998 0.8222387281250001 0.209817596875 0.82571675
0 0.11904694062500001 0.10354332968749999 0.152710628125 0.0905158125 0.1608390140625 0.082994890625 0.1606089625 0.0764070890625 0.148179753125 0.0693273796875 0.10740433125 0.06867939687499999 0.09977285 0.0672599796875 0.0939424328125 0.0631369078125 0.0750587640625 0.06517347031250001 0.010423351562499999 0.0597573640625 0.0021013234374999998 0.0601740453125 0.003958584375 0.1133590203125 0.015028871874999999 0.110223153125 0.11904694062500001 0.10354332968749999
0 0.04455445625 0 0.0411370578125 0.007524790625 0.051298328125 0.069839084375 0.05673850312499999 0.13415874218749999 0.0724891 0.173597196875 0.0765280640625 0.1749247984375 0.08317700156249999 0.1747700421875 0.0857869734375 0.173287684375 0.09021045 0.16275959375 0.0903180921875 0.1201088171875 0.0957392609375 0.107662025 0.0931486359375 0.094453971875 0.09541138437499999 0.083028434375 0.0986802609375 0.0241925078125 0.0974869671875 0.00526549375 0.0943038375 0 0.04455445625 0