0 0 0.1372016671875 0.0045138328125 0.1362191484375 0.011591515625 0.138383834375 0.028438389062500003 0.13710031250000002 0.030567273437499997 0.137601125 0.072229790625 0.1356606609375 0.101136328125 0.133215484375 0.120671809375 0.1268180703125 0.130420678125 0.1268628765625 0.161483884375 0.1194296828125 0.1694887359375 0.11456705 0.1727524015625 0.10968035937500001 0.17277356093750001 0.1060435421875 0.1695671203125 0.10109399687500001 0.1465581171875 0.095181521875 0.1208547046875 0.09538094375 0.106690628125 0.092548578125 0.0420033484375 0.09057276875 0 0.098282053125 0 0.1372016671875
0 0.06557379375 0.5392578609374999 0.0656288109375 0.5298013 0.06919575 0.5169320500000001 0.0711969140625 0.5159525609375 0.0682183765625 0.5134324343750001 0.0672616328125 0.50638671875 0.07287443906249999 0.48485446562499995 0.07376669218750001 0.4769925609375 0.07420576875 0.4015218640625 0.0650206375 0.3770935421875 0.0621194640625 0.36127554375000004 0.046665875 0.359336453125 0.03922210625 0.352592875 0.0367219390625 0.35359560624999997 0.0311710265625 0.364489559375 0.02144241875 0.4074843375 0.0236124984375 0.4632191953125 0.020011173437499998 0.48199890468750006 0.0198461296875 0.5103677 0.021780245312499998 0.52091303125 0.027222848437500002 0.5286361 0.0291466484375 0.5409544828125 0.03359640625 0.5478375093750001 0.037495584375 0.563609025 0.045089034374999996 0.5743062140624999 0.0547341703125 0.573856984375 0.0589062515625 0.57058836875 0.06557379375 0.5392578609374999
0 0 0.8857578890625 0.030887192187500002 0.88745540625 0.039919190625 0.9010210140625 0.042124509375 0.9009183000000001 0.048559625 0.8966096328125 0.0574248734375 0.8961967281250001 0.068103815625 0.8887152125 0.081422009375 0.8846028421875 0.1195687046875 0.8783363296875001 0.1346309171875 0.879131396875 0.17365833125000002 0.8738215984375 0.1746023046875 0.8657016625 0.1746568140625 0.8563324 0.17113520468750001 0.850492375 0.155215496875 0.844748578125 0.13926385624999998 0.8444938046875 0.12687863593749998 0.8405808546875001 0.1100433734375 0.8398683703125001 0.0958938140625 0.8345409953124999 0.0701933046875 0.8342414140625 0 0.8418444515625 0 0.8857578890625
0 0.295473684375 0.86117370625 0.3354050421875 0.8528286046875 0.338728465625 0.8471179062499999 0.3387420734375 0.8447790640624999 0.3177645421875 0.8381853546875 0.28854115625 0.8340589203125001 0.2823616125 0.8298569359375 0.2762343234375 0.8166729171875 0.27380188906249997 0.8167101515624999 0.259740628125 0.817365065625 0.25582683125 0.8206166109374999 0.21411081406250002 0.8310403015625001 0.1848758140625 0.8289098750000001 0.1822394671875 0.82504173125 0.17866143125 0.830695915625 0.1351839765625 0.839206178125 0.12185416874999999 0.845314559375 0.1182412984375 0.8569567671874999 0.1421077953125 0.8678179703125 0.16690436250000001 0.8711528515625 0.181963671875 0.8724469203125 0.20502202500000002 0.869876359375 0.24456160468750002 0.872744721875 0.256759425 0.8721765984375001 0.2874659296875 0.866535340625 0.295473684375 0.86117370625
0 0.2855076140625 0.4489244671875 0.31300730312499997 0.444650446875 0.33882393906249997 0.4249899453125 0.3537107390625 0.419869309375 0.353711790625 0.4196886234375 0.3433175296875 0.41430445000000005 0.3442621140625 0.4042831203125 0.332769225 0.3993308765625 0.3247905015625 0.3997024921875 0.31064674999999997 0.39337711249999996 0.30088916875 0.3948293109375 0.28938176718749997 0.392372078125 0.282304084375 0.3902073921875 0.277019771875 0.3844671125 0.25487406875 0.3825053640625 0.24507294375000002 0.39144259375 0.22640076250000002 0.4017907328125 0.2210787125 0.402537478125 0.214001028125 0.40037279375 0.1918350046875 0.40190405937499996 0.1873907671875 0.4041065203125 0.17941204375 0.404478134375 0.1758775578125 0.40264728906249997 0.1705496984375 0.4043920390625 0.14475919375 0.41956152187500007 0.139379078125 0.43028830625000003 0.14462565 0.4425156140625 0.15255792343750002 0.4501280296875 0.16406822968749998 0.4520862640625 0.1951024046875 0.4496430875 0.23671681718749998 0.45668446874999996 0.263975259375 0.45789021406249997 0.26429727187499996 0.457875215625 0.27305852656249996 0.45598956093750004 0.2855076140625 0.4489244671875
0 0.26932589375 0.09879962656249999 0.2808942625 0.090777821875 0.3243543015625 0.0852615703125 0.3359197671875 0.0777387640625 0.336974665625 0.074578034375 0.3370089859375 0.068678840625 0.3244936515625 0.0613094734375 0.29172706875 0.0568492 0.24654043125 0.054464 0.2101813 0.0581529203125 0.15868557187500001 0.073832678125 0.1585453 0.09794356875 0.17182267812500002 0.100846578125 0.1939916046875 0.0988163125 0.2054903 0.10277054999999999 0.210270090625 0.1026760296875 0.2255707625 0.10196338906249999 0.24186104218749999 0.097085621875 0.26932589375 0.09879962656249999
0 0.5025779421875 0.07059796093750001 0.501871509375 0.07063086406249999 0.47886250625000004 0.0647183921875 0.39470941875 0.057163946875 0.38582385 0.0610698671875 0.37784802968750003 0.06094248125 0.3627451734375 0.0671334421875 0.34503499843749996 0.0644662390625 0.33703014531250003 0.069328871875 0.3139543734375 0.07489344375 0.30415324843749997 0.083830675 0.304103896875 0.0923137078125 0.315588075 0.098762959375 0.329760859375 0.1000983171875 0.34568346875 0.10534311249999999 0.422898815625 0.10370722343750001 0.4686992 0.1015740359375 0.5024464328125 0.0932023734375 0.5025779421875 0.07059796093750001
0 0.46274153125 0.430381465625 0.4795855015625 0.42959694531250003 0.4866602828125 0.43226063281249993 0.49375248125000004 0.4319303078125 0.49998428281249996 0.4271502546875 0.5177292953125 0.423829434375 0.5390494375 0.41535343124999996 0.5427815921875 0.4096276453125 0.54281561875 0.4037790890625 0.5409124828125 0.39980178906249997 0.5347213234375 0.3975958109375 0.4939760203125 0.393507153125 0.46296216718750005 0.39245731250000004 0.4248212765625 0.397725821875 0.3840440390625 0.39912618593750004 0.3298586109375 0.42010798281249995 0.302347309375 0.42637800937500003 0.289017503125 0.43248638906250003 0.27483891250000003 0.4321490359375 0.27127249062500003 0.43580720937499995 0.320909171875 0.43499194531249996 0.3253330859375 0.4362824984375 0.3288037046875 0.44909138750000005 0.3394449046875 0.4480969 0.34122956718749997 0.44601831093750005 0.378457803125 0.4452821125 0.3896195265625 0.447352009375 0.398591290625 0.4469341421875 0.444092575 0.43673758906250004 0.46274153125 0.430381465625
0 0.47622945312500004 0.8469011140625 0.4718461828125 0.83862453125 0.477185653125 0.834883775 0.509992878125 0.8323580203125 0.518491465625 0.8257715031249999 0.518545696875 0.8164499968750001 0.5163146750000001 0.8121089078124999 0.5110129453125001 0.8093626374999999 0.47828410468750004 0.7984153390625 0.374592634375 0.7977573125 0.331126790625 0.8042715687499999 0.2973836875 0.815321646875 0.2743282359375 0.8173932046875001 0.2583272421875 0.825621465625 0.249412640625 0.8345174046875 0.434482275 0.8498403343750001 0.45041205624999997 0.8490983921874999 0.45762114218749994 0.846271209375 0.47622945312500004 0.8469011140625
0 0.487829515625 0.799976403125 0.46827661562499995 0.8093678296875 0.43985846874999995 0.8191721609375 0.4424774 0.82603431875 0.43447545156249995 0.8303979484375 0.43444642031249997 0.8353879687499999 0.4539528703125 0.8339805734375 0.5132513265624999 0.8481801750000001 0.521227146875 0.8483075625 0.5301185234375 0.8434036390624999 0.5505347234375 0.8379629390625001 0.5647655703125001 0.8293182578125 0.5762700703125 0.83227449375 0.5851382218750001 0.831362584375 0.60462435 0.8334482046874999 0.6356701375 0.8290090234375 0.64366628125 0.8256433984375 0.64814825625 0.8169539109375 0.640210175 0.8103394968750001 0.5995171265625 0.7972688046874999 0.584460721875 0.79547573125 0.5064668593749999 0.7956162875 0.487829515625 0.799976403125
0 0.5351679703125 0.4687900671875 0.533068809375 0.4866135296875 0.53654119375 0.4899969390625 0.5389846265625 0.4987459796875 0.5369112546875 0.5121368171875 0.5407794859374999 0.5332274828125 0.5447199265625 0.5419067984375 0.5561453953125 0.5502374953125 0.5641397421875001 0.5480925828125 0.570755709375 0.525627325 0.5744705031249999 0.48734406718749995 0.578025409375 0.47654308125 0.5746561781249999 0.4554291734375 0.5802598734375 0.41161443750000004 0.58032005 0.4012707203125 0.5756967328125 0.36232082656250003 0.578294896875 0.344474121875 0.5806608640625 0.34268995625 0.5806629671875 0.34232832968750004 0.5733977140625 0.3287490890625 0.5739534500000001 0.3189740765625 0.563968253125 0.320325428125 0.5604288203125 0.3284668421875 0.5529076875000001 0.3350211359375 0.5413326453125 0.3523996609375 0.5382922140625 0.3605178328125 0.5336103640625 0.39352842187500003 0.5285378203125 0.40794523437499997 0.5169627796875 0.42532375624999996 0.5161090734375 0.42977555 0.516084478125 0.4340031796875 0.5163760984375 0.44041792187500006 0.5351679703125 0.4687900671875
0 0.542763403125 0 0.5408903015625001 0.020057996875 0.5373096046875 0.035291609375 0.5347991234375 0.0380673890625 0.534238228125 0.0487289296875 0.53701561875 0.085823525 0.54135190625 0.1122100953125 0.540682703125 0.1414886578125 0.5440570921875 0.16171603750000002 0.5504719109375 0.173825246875 0.55895494375 0.17343014375000002 0.566008021875 0.161579940625 0.572217825 0.12318047812499999 0.5713693921874999 0.097517740625 0.5728855312500001 0.0681671671875 0.572995359375 0.0492893171875 0.568361196875 0.014347096875000001 0.561152371875 0 0.542763403125 0
0 0.77545344375 0.0926250328125 0.794058853125 0.0937539375 0.8304847531249999 0.0785879734375 0.8383893015625 0.076633075 0.8384479109375 0.0665588875 0.8288365390625 0.0572134671875 0.8049235937500001 0.054336296875 0.7854897203125 0.043268640625 0.7172302140625 0.0459490140625 0.689716009375 0.052718040625 0.6737179203125 0.0604473 0.6648526718750001 0.060860204687499996 0.641771090625 0.0674227828125 0.6346614749999999 0.07074711875 0.6266043671875 0.0845917859375 0.6406929609375001 0.100398203125 0.6477644375 0.1026063984375 0.6568757046875 0.102182034375 0.6672829 0.1001574921875 0.77545344375 0.0926250328125
0 0.7844957124999999 0.43664678593749995 0.8164831843749999 0.42268527499999997 0.8238886890625 0.42109141406250006 0.8238915703125 0.42059596718750003 0.8076440640625 0.4186071625 0.78552739375 0.4116553953125 0.753656046875 0.405656825 0.743901371875 0.40661002343749997 0.7253104765625 0.40298610625000003 0.6827514781249999 0.40596605625000004 0.6277114593750001 0.42150012343750004 0.6161372843749999 0.430519934375 0.61698606875 0.4369656671875 0.62758081875 0.44395521406249994 0.6559263890625 0.44662593125 0.6736626921875 0.44480211562500005 0.6817244140625001 0.4462436171875 0.72755646875 0.4441089546875 0.769410275 0.43984373281250005 0.7844957124999999 0.43664678593749995
0 0.8091106281249999 0.81323895625 0.8091182203124999 0.8119338781250001 0.8077777984375001 0.81009503125 0.7767552359375001 0.8105421968750001 0.7608326265625001 0.8052974015625001 0.7369138765625001 0.8034182359375001 0.7130212515625 0.7970480515625 0.6979561359375 0.7967519859375 0.6837978671875 0.79292161875 0.6741012546875 0.783894775 0.6670148609375001 0.7832270968749999 0.6394367890625 0.80097416875 0.6155006171874999 0.8020890140624999 0.6039903109375 0.80013078125 0.5880241546875 0.8023710171875 0.5684799640625 0.8102654375 0.56578845625 0.8158783312500001 0.5666082078125 0.8273140874999999 0.579871246875 0.8326827531250001 0.6949478671875 0.83927103125 0.710206190625 0.8385603625 0.8077458640625 0.815584053125 0.8091106281249999 0.81323895625
0 0.8507872828125 0.902832371875 0.8508233859375001 0.8966266984375 0.85384834375 0.8911681015624999 0.8599910968750001 0.864293459375 0.861133515625 0.83942428125 0.8692671187500001 0.8133432 0.87161089375 0.8102823921875 0.8716349093750001 0.8061543359375 0.8461956921875 0.7488327078125 0.83869003125 0.7527274296875001 0.8316627421874999 0.7601450078124999 0.823560084375 0.7809069390625 0.820967078125 0.7978671187499999 0.8203081890625 0.825372628125 0.8206627765625001 0.8501720828125 0.8245671124999999 0.8650570734375 0.82301853125 0.8739920453125001 0.8338263734375 0.9027360546875001 0.83472638125 0.9195335437500001 0.8364139625 0.9217205093749999 0.8375395749999999 0.9216680828125 0.844212575 0.91820543125 0.8507872828125 0.902832371875
0 0.8822321562500001 0.4943416 0.88585926875 0.471129265625 0.8913792359375 0.4655544609375 0.8939825578124999 0.4468212328125 0.9000582625 0.4314714140625 0.8966065078125001 0.42454190468749997 0.8952487578125 0.40067545937500004 0.8978005046875 0.39080747968749996 0.892939425 0.368876771875 0.8906352468750001 0.3361915625 0.8817569171875 0.3260195140625 0.88151833125 0.32603062656250004 0.8782169328125 0.3270208234375 0.8670222671875001 0.3647661765625 0.8619755140625 0.3747503640625 0.8563420765625 0.3998287140625 0.8543808828125 0.479685671875 0.8507073500000001 0.51087673125 0.8550952140625 0.5283980546875 0.859272203125 0.528574640625 0.8657111953125 0.5282747390625 0.8705849078125001 0.524131471875 0.8822321562500001 0.4943416
0 0.8731940187499999 0.8487456906249999 0.8954093953125 0.838731390625 0.937148640625 0.8243156859375 0.9434068906249999 0.8205140453125 0.9434131859375 0.8194320062499999 0.9407324812500001 0.8176634953124999 0.9097795937500001 0.8061346125 0.8991325859374999 0.8081271062500001 0.8557277046875 0.804162321875 0.8114072703125 0.8052288437499999 0.80521030625 0.8040208703125 0.802605890625 0.7946637062499999 0.7910984875 0.7922064703125 0.7848202359374999 0.804970553125 0.7679849734374999 0.8042580687499999 0.76350009375 0.8134465578125001 0.7439588078125 0.8208419749999999 0.7332711562500001 0.8298204984374999 0.7394332828125 0.8370164921875001 0.7571202328125 0.8436757109374999 0.7881253765625 0.8462225562500001 0.8014000234375 0.8495952140625 0.8217871921875 0.8491445343749999 0.8306379250000001 0.8512266374999999 0.8438322453125 0.8588919328125 0.8563426609375 0.8583092499999999 0.8651804593750001 0.8551053281250001 0.8731940187499999 0.8487456906249999
0 0.9479391359375 0.047525017187500004 0.8876177078125 0.05681980156250001 0.8698959203125 0.05614860625 0.8645535453125 0.060388365624999996 0.8574526390624999 0.062215696875000004 0.8193233624999999 0.065488196875 0.8077578937500001 0.073011 0.8077230578125001 0.078999025 0.8156611390625 0.08561343906249999 0.8475092609375 0.09560402343749999 0.945003765625 0.095054078125 0.9629777484375 0.0988596390625 0.9680406250000001 0.09862383125 0.9884725140624999 0.0880408203125 0.99923481875 0.0849476890625 0.9993806953125001 0.0598736203125 0.9665532546875 0.0471569171875 0.9479391359375 0.047525017187500004
0 0.9670827484375 0.047519675 0.9528770703125 0.0477815578125 0.9482626062499999 0.047996479687499996 0.8943615843750001 0.05539651718750001 0.8837087718750001 0.0583870140625 0.8713090359375 0.056969075 0.8597522796874999 0.0629948734375 0.8198499531250001 0.0663499546875 0.810072053125 0.07129516875 0.8073834468750001 0.0764090609375 0.809999475 0.08377021875 0.8471551328125001 0.09550906875000001 0.907421403125 0.09569532343750001 0.964567803125 0.10034765781249999 0.9662308203125001 0.1002702015625 0.9881154828125001 0.08844486875 0.9992317640625 0.085472809375 0.99938800625 0.058617168750000004 0.9794534515625 0.053927634375 0.9670827484375 0.047519675
0 0.907920590625 0.8254320859375 0.9176752671875 0.8244788875 0.9176317203125001 0.8319639171875 0.9105279093749999 0.8342902499999999 0.9105162968749999 0.8362862578125 0.9207073578125 0.836566496875 0.9642921140625 0.8345365046875 0.9787816109374999 0.8326078828125001 0.9938757578124999 0.827913928125 0.9949124015624999 0.82790808125 0.9949823234374999 0.8158895859375 0.8949501609375 0.8205486593750001 0.907920590625 0.8254320859375