0 0.8705073875 0 0.867941071875 0.029056451562500002 0.8676204828125 0.0566077265625 0.8752300109375 0.11695563281250002 0.8785487515625 0.12617782500000002 0.906178953125 0.124890928125 0.9088559796875 0.11357886718750002 0.9140635687499999 0.10337795000000001 0.9107418296875001 0.08271062031250001 0.9133719734374999 0.07534567187499999 0.91306306875 0.058159240625 0.9151840453125001 0.050818006250000006 0.9138428781249999 0 0.8705073875 0
0 0.51869481875 0 0.5195765421874999 0.0266823671875 0.5164099625 0.042732984375 0.5160003093750001 0.0779384625 0.5173639515625 0.0856303234375 0.522869909375 0.0935216359375 0.5247590093750001 0.10610793593750001 0.5292571749999999 0.1131408796875 0.5331407765625 0.12925550937500002 0.54093215 0.14034091875000002 0.5504464640625 0.1398977828125 0.5549400109375 0.13638794999999998 0.5619280515625 0.1043767609375 0.5620404812500001 0.094714621875 0.565755703125 0.08156582968750001 0.5678029046875 0.080565171875 0.5647795328125 0.0779900703125 0.5638455234374999 0.0707911234375 0.5696992953125 0.04879113125 0.5725191578125 0.025121831249999997 0.5728114765625001 0 0.51869481875 0
0 0.106936740625 0 0.10529745625 0.0163964078125 0.09959895156250001 0.0298083875 0.09888315 0.0913242484375 0.1009039 0.131574928125 0.1121160703125 0.1301474078125 0.115047215625 0.14064823437500001 0.1153429484375 0.15896691093749998 0.1315202875 0.16817180781250002 0.12990847187500001 0.175489328125 0.132275075 0.17967591875 0.1325980671875 0.179660875 0.1339501734375 0.1780170015625 0.1351160625 0.16528841249999998 0.1407695765625 0.160498565625 0.14292217499999998 0.1504399375 0.149165921875 0.094925453125 0.1645568125 0.08425024375 0.1595600203125 0.076335215625 0.15966541875 0.0672772453125 0.15266359062499998 0.05673968593749999 0.1492575328125 0.043318732812499997 0.145128265625 0.004582890625000001 0.145633865625 0 0.106936740625 0
0 0.1236863 0.3010547484375 0.12983115 0.3415073265625 0.1362281203125 0.345027040625 0.1376793375 0.34495945 0.14582606250000002 0.322656228125 0.1517746921875 0.2925040609375 0.15643095625 0.2859500484375 0.17025219062500002 0.27896916875 0.170951075 0.2626411078125 0.16743961875 0.2582781265625 0.159279190625 0.2161088109375 0.1631911609375 0.1860515046875 0.1672961 0.183144396875 0.1617374453125 0.17978206875 0.15563475625 0.13570630156250002 0.1501920390625 0.1223802078125 0.13852340624999998 0.1193024578125 0.12601886874999998 0.144328134375 0.1211412671875 0.16990388437499998 0.118925428125 0.185397296875 0.1201788859375 0.208876875 0.115868840625 0.24207534375 0.11556278281250001 0.2683779296875 0.118689509375 0.2931397203125 0.1236863 0.3010547484375
0 0.548052071875 0.29734806406250003 0.5665855171875 0.322738734375 0.5708020265625 0.33727966249999997 0.5713636265625001 0.3372535046875 0.5772252828125 0.32676971093749996 0.5873980421875 0.3272012125 0.5931358765625 0.3151649875 0.5932307359375 0.30701281406250003 0.6005276828125 0.29218805312499996 0.5996252906249999 0.282271715625 0.6028173 0.2703540640625 0.6054474437499999 0.2629891140625 0.6116206640625 0.2572697546875 0.61493915 0.2344825375 0.606399284375 0.2249219203125 0.5969464859375 0.20635076093750002 0.5965005624999999 0.20093969375 0.5991307078125 0.19357474218749998 0.5988850390625 0.17095353124999998 0.5969010781249999 0.166519403125 0.5969959375 0.1583672296875 0.5990747578125 0.1546491828125 0.5976104999999999 0.14928554375 0.583659540625 0.123681440625 0.5730303140624999 0.11874466718750001 0.56023795 0.12477231875000001 0.551996453125 0.133303928125 0.549313609375 0.1451978640625 0.5499630421874999 0.17685333281249999 0.5403026984375 0.2198526625 0.5392107078125 0.23057210156250002 0.538901653125 0.2571322609375 0.5453238171875 0.269410640625 0.548052071875 0.29734806406250003
0 0.8930634390625001 0.2235882640625 0.9005638953125 0.2350079046875 0.9036115953125 0.279225959375 0.9106028859374999 0.290669315625 0.9185929843749999 0.29297127968750003 0.9187448453125 0.2929642078125 0.9280515140625001 0.27808765156250004 0.9345514703125 0.24428858125000003 0.9396714890625001 0.197879496875 0.9380669656249999 0.160836675 0.930479009375 0.13040967812499998 0.8970403921875001 0.1319671078125 0.8975234859375 0.14642950625 0.8929893953124999 0.157947303125 0.8927309703124999 0.18015624531250002 0.8964451671875 0.1953662640625 0.8930634390625001 0.2235882640625
0 0.9061864265624999 0.3454558046875 0.89708698125 0.34944184218749996 0.88894073125 0.34931236875 0.8734770109375001 0.355630384375 0.855402540625 0.35290999375 0.8471970453125 0.35787217031249996 0.8235929984375 0.36355155 0.81397455 0.3722672484375 0.8138662562500001 0.3815739734375 0.8251202093750001 0.38790709218749997 0.8395892640625 0.3892687390625 0.855822515625 0.39461933125000004 0.965594434375 0.392289609375 0.9776034359375 0.39173028125 0.99494980625 0.387436890625 0.9953389843749999 0.3539909421875 0.9921008828125 0.35315872187499997 0.9061864265624999 0.3454558046875
0 0.43662262656250006 0.416802825 0.47821819843749996 0.42097214843749997 0.5009437765625 0.421739328125 0.5177592468750001 0.420956134375 0.5488822203125 0.41666314218749995 0.5905429625 0.4152316515625 0.6460158 0.39381906718750004 0.6741547578125 0.387419584375 0.6878068828125 0.38118594687499996 0.7022877890625 0.381529265625 0.7059524484375 0.377796359375 0.6552455875 0.37863140156249997 0.6507343750000001 0.3773148484375 0.6472652265625001 0.3642453109375 0.6363897390625 0.365260734375 0.63455444375 0.3673817703125 0.596522815625 0.36813534375 0.5811657390625 0.36528838750000003 0.5294286593749999 0.376858084375 0.5103417484375 0.38334484999999996 0.493131603125 0.384146425 0.485920775 0.381428940625 0.4786743984375 0.3817664453125 0.47228049531250005 0.3866442484375 0.45413493125000004 0.3900338375 0.43230692968750006 0.398683828125 0.427860228125 0.40543864375 0.42781555937500004 0.40927753281249996 0.4303116703125 0.4145523171875 0.43662262656250006 0.416802825
0 0.164431884375 0.519327275 0.177550984375 0.48521991406250004 0.1843849671875 0.378980790625 0.18031893906250002 0.334810165625 0.1710453203125 0.3008404546875 0.170301028125 0.277337159375 0.162853271875 0.261388534375 0.154302865625 0.2527337125 0.12599559531249999 0.45503012031249995 0.1299318953125 0.466615765625 0.1281830625 0.48570864843750006 0.1368915671875 0.48077651406250005 0.1403924828125 0.48604529375 0.1410208359375 0.51951235625 0.14753458125000002 0.528262034375 0.15128287812500002 0.52860093125 0.15491906093750002 0.5284315734375 0.1613136546875 0.5249043453125 0.164431884375 0.519327275
0 0.1350624 0.6265184234375 0.1433809265625 0.6551007796875 0.15054085625 0.65205138125 0.1535688953125 0.6581116734375 0.15958386875 0.657831521875 0.1593336796875 0.63987286875 0.1773514625 0.5783781625 0.1779554875 0.5702022734375001 0.1734783984375 0.561357734375 0.169138334375 0.540737834375 0.1611603328125 0.526624515625 0.16486150625 0.51468315 0.16445774062500002 0.5056488953125 0.16774460625 0.48557907031249997 0.1650585140625 0.45401846093750003 0.162098384375 0.4460085734375 0.1534952796875 0.441882740625 0.146272109375 0.4503669203125 0.13051232343750002 0.49274502968749995 0.127787321875 0.508262153125 0.124606509375 0.56482715 0.124271228125 0.59364118125 0.126638471875 0.6069940375 0.1350624 0.6265184234375
0 0.5663624781250001 0.6297556234374999 0.5703798484375 0.5906403453125 0.5740704828125 0.5796047765625 0.5707592859374999 0.5580316484375001 0.5774489593750001 0.50792823125 0.5723751390625 0.4628992390625 0.5751317625000001 0.44466472343749996 0.5776986671875 0.44273455625 0.5702298296875 0.4285975234375 0.570854934375 0.41861004062499996 0.5606610953125 0.41999013124999995 0.5570020812500001 0.4283083078125 0.549290828125 0.4350046109375 0.537379775 0.45276019375 0.5342299265625 0.46105465625 0.529257465625 0.49478258124999996 0.523997178125 0.5095124828125 0.5120861234375 0.5272680671875001 0.5110045546875 0.532750278125 0.51139778125 0.54269033125 0.530398234375 0.5716804765625 0.5281507765625 0.5898912765625 0.5316727718750001 0.5933484625000001 0.534113196875 0.602287859375 0.5319184375 0.615969675 0.5357388000000001 0.6375190875000001 0.5397067203125 0.646387340625 0.5496987953125 0.6537165046875 0.5569892828125 0.6533769453125 0.5594798359375 0.6527088421875 0.5663624781250001 0.6297556234374999
0 0.9541253875000001 0.504691909375 0.95143761875 0.5022726484375 0.9512678953125 0.502272603125 0.9343266531250001 0.503061653125 0.9024949515625 0.5070966359375 0.8752677156249999 0.512944765625 0.8453823375 0.5138278109375001 0.8245075296875 0.5183622921875 0.8121936078124999 0.5253210203124999 0.8120870968749999 0.534474621875 0.82334105 0.5408077421875 0.862219228125 0.545103628125 0.8884991937500001 0.5428618421875 0.9184770625 0.5428411890625 0.937672859375 0.5419471312499999 0.97368559375 0.5353319984375 0.9891730140625 0.526977325 0.9933396828125 0.5258105390625001 0.9935407312500001 0.5085324109375 0.9694824640625 0.5075388656250001 0.9541253875000001 0.504691909375
0 0.8177034953125 0.7380564828125 0.8241805828125001 0.7377548078125 0.83683026875 0.7352986515625 0.9473671375 0.7276058703125 0.966365178125 0.7287565781249999 0.99092704375 0.718564296875 0.99125749375 0.6901655859375 0.9776968687500001 0.688535453125 0.9579115249999999 0.677243634375 0.8881710734375 0.6799829578125001 0.8600261921874999 0.6868916046875 0.843638896875 0.694779303125 0.8345809281250001 0.6952011859375 0.81096503125 0.7018988921875 0.8036831046874999 0.7052913859375 0.795890475 0.7185355875 0.795873603125 0.7199855140625 0.8096682046874999 0.7355459671875 0.8177034953125 0.7380564828125
0 0.45090341718750004 0.7329083828125 0.47984152812499997 0.73563168125 0.49796931874999995 0.7337695890625 0.506848315625 0.7353566109375 0.5503605734375 0.7333299953125 0.59580133125 0.7287041000000001 0.6112295046875 0.725441075 0.6439863171875 0.711193178125 0.6530620625 0.7092438 0.63498166875 0.7070325734375 0.6124315359375 0.6999406390625 0.5799117109374999 0.6938219390625 0.5699420171875 0.694795171875 0.5509736000000001 0.6910986421875001 0.5074834890625 0.694142003125 0.45117002812500007 0.709995959375 0.439830653125 0.71878425 0.439780853125 0.7230641656250001 0.4401227234375 0.7257771671875 0.45090341718750004 0.7329083828125
0 0.0411147125 0.7213976453125001 0.15898816093749998 0.7281336609375 0.1740107359375 0.727433971875 0.2739815875 0.7039361390625001 0.27582873124999996 0.700796771875 0.274046759375 0.6983353234375 0.242355709375 0.6987935796875 0.22612245937500003 0.6934429875 0.20170148437500002 0.6915270796875 0.17733383281249998 0.6850286859375 0.16194713125 0.6847275546875 0.1475077 0.68082008125 0.13765650000000001 0.6716100171875 0.130421971875 0.6709291921875 0.1021467484375 0.6890394703125 0.07769022656249999 0.69017855 0.06594448750000001 0.6881811718749999 0.049622365625 0.6904680546875 0.029611884375 0.698524503125 0.027745248437499998 0.702366621875 0.027589231250000002 0.71577461875 0.0275988515625 0.7159204875 0.0411147125 0.7213976453125001
0 0.1144299375 0.79411575 0.11435615937500002 0.8004563296875 0.111237928125 0.8060334015624999 0.10481175312499999 0.8334918921875 0.10349830468750001 0.858901640625 0.09504600937499999 0.8855491921875001 0.092729828125 0.8885557953125 0.0926769734375 0.8930980281249999 0.11819680937499999 0.951463584375 0.12587644375 0.9474846749999999 0.13308907187500002 0.9399062921875 0.1414781296875 0.9186935234375 0.1442242140625 0.9013648046875 0.1450601140625 0.873261378125 0.14484606875 0.847922775 0.1409519265625 0.8327139421875 0.14258481875 0.8235848265625 0.1317310078125 0.794215246875 0.1309129359375 0.7770525312500001 0.1291977453125 0.7748091140625 0.1280752640625 0.77486139375 0.12122826093750001 0.778408909375 0.1144299375 0.79411575
0 0.5411851125 0.9354615046875001 0.5463927015625 0.9252605890625001 0.5522886328125 0.8996374093749999 0.55476471875 0.818044525 0.558697771875 0.786175621875 0.5543260828125 0.7682731140625 0.5456575031249999 0.7679054140625 0.5439861359375 0.767983259375 0.5384998109375 0.772631459375 0.5264412 0.803068203125 0.52260300625 0.8267849328124999 0.516938953125 0.832480575 0.5141717906250001 0.8516208890625 0.5083916328125 0.8660347296875001 0.5083654328125 0.8682863640624999 0.51136246875 0.8743843890624999 0.512605384375 0.8987697656250001 0.5099436203125001 0.9088521093749999 0.5147717734375 0.9312598875000001 0.5169276203125001 0.9646558078125 0.5258515218750001 0.9749661140624999 0.5265099546875 0.9749354468749999 0.52954080625 0.9740267078124999 0.5411851125 0.9354615046875001
0 0.10291026406249999 0.8910787609374999 0.111811734375 0.9132968218749999 0.124045484375 0.9552764187499999 0.12799515781249998 0.9622635078125 0.1280855125 0.9622593 0.13062246875 0.9585913156249999 0.1442296546875 0.926271834375 0.1428286390625 0.9154734124999999 0.149455075 0.870804778125 0.15100039999999998 0.8254674937500001 0.1526016734375 0.8190557703125 0.16230742812500001 0.815887796875 0.1654994359375 0.803970146875 0.1528440921875 0.7982224359375001 0.15457184375 0.7809411468749999 0.145459575 0.7768390265625 0.13907230625 0.7572197828125 0.13054298125 0.7467533671875 0.12283172812500001 0.75344966875 0.1149834546875 0.77192133125 0.11054123906249999 0.8038139484375 0.1063098203125 0.8175906218750001 0.1055582375 0.83844766875 0.1029070140625 0.847624215625 0.09302002031249999 0.8636167 0.0929408734375 0.8704186249999999 0.09689514375 0.8832111640625 0.10291026406249999 0.8910787609374999
0 0.9093812640625 0.8497579984374999 0.9152350374999999 0.8277580062500001 0.9048060687499999 0.8056110875 0.900444921875 0.78680278125 0.8802741578125 0.78774225 0.8617727140625 0.8302480531249999 0.86172815 0.8314098953125001 0.8614685468750001 0.8537202234375 0.8669446421875 0.91057941875 0.86520635 0.9287665031250001 0.8692164296874999 0.9340115687500001 0.8706596062499999 0.9411868015625 0.8711486046875001 0.9588836437499999 0.9012693781250001 0.9574807468750001 0.9041485546875 0.949585396875 0.9093812640625 0.8497579984374999
0 0.9064505421875 0.88778739375 0.9147836515625001 0.8276490640624999 0.9038455203125 0.8055258609375 0.8996767578125 0.7858032875000001 0.8783877109375 0.786794840625 0.8749917546875 0.792384846875 0.868098571875 0.816243865625 0.860822703125 0.8292570296875 0.8601027421874999 0.8473966859375001 0.86454091875 0.9033189593750001 0.8669602624999999 0.91406995 0.8647760453125001 0.92684596875 0.8702398406249999 0.93836046875 0.870771509375 0.9589012078125 0.8997338390625 0.957552265625 0.9026788390625 0.9495238859375 0.9064505421875 0.88778739375