0 0.03867893125 0.07674718281250001 0.107267040625 0.0832952625 0.12313018281250002 0.0826488890625 0.181894325 0.0757079203125 0.19687242031250002 0.071367140625 0.2242849921875 0.069184315625 0.24855936406249998 0.06073426875 0.252947371875 0.05309453125 0.24789045625 0.046372567187500005 0.2391447609375 0.0419326078125 0.205703528125 0.036900140625 0.1953116375 0.0378565015625 0.1742057859375 0.03285433125 0.10400615625000001 0.0330501265625 0.096529496875 0.0354864734375 0.078512296875 0.03568769375 0.0710604109375 0.03865595625 0.0491066875 0.03582003125 0.038937765624999995 0.041563628125 0.0023970281249999998 0.051465140625 0.0028403921875 0.06098434375 0.019417470312499997 0.07060401093749999 0.03867893125 0.07674718281250001
0 0.47058937656250005 0 0.472185521875 0.0342698609375 0.47599184843750003 0.0587827046875 0.48290145156250003 0.0812715640625 0.4821904671875 0.0888906703125 0.4791312953125 0.091861621875 0.48130306093749997 0.0927218953125 0.4856586359375 0.10614309531249999 0.4861291125 0.11624442187499999 0.4945877078125 0.1491066015625 0.5008617421875 0.1533581 0.5031706515625001 0.1532640203125 0.5091258328125 0.152309284375 0.5170630984375 0.139651896875 0.5205245125 0.12243305 0.5249589 0.11466222968749999 0.5264690765625 0.1013179578125 0.5319231890625 0.09255681875 0.533059165625 0.08441905625 0.53134154375 0.047541046875 0.527460565625 0.031068809375 0.5273986578125001 0 0.47058937656250005 0
0 1 0.0173548265625 0.9952891421875 0.0180167953125 0.9543464765625 0.0148887609375 0.939968509375 0.011744146875 0.9282580328125001 0.004760371875000001 0.9187883359375 0.0051462328125 0.910017865625 0.0001743578125 0.9003444296875 0.01655625 0.8428517953125001 0.024761064062499998 0.8325342265625 0.027313170312500003 0.8280718953124999 0.0333571640625 0.8148638671875 0.0349612 0.8130442515625 0.036634117187499995 0.8179029718749999 0.039100759375 0.82540440625 0.037196328125 0.8366138515625 0.053793157812500006 0.8558147625 0.053543703124999995 0.8670903015625001 0.05628180625 0.86668836875 0.0680225203125 0.9172527078125 0.069076459375 0.9721440625 0.0668398078125 0.986804871875 0.059930603125 1 0.058215584375 1 0.0173548265625
0 0.8877593578124999 0.142207365625 0.8820847171875 0.1462336578125 0.8864723531250001 0.148901175 0.8916512484375 0.17999945781249999 0.8846816687500001 0.22487549062499998 0.8811787953125 0.22976205625 0.8825046140625 0.2467858375 0.8971750578125001 0.2528294296875 0.90227103125 0.259263153125 0.9095775875 0.290274740625 0.9190319468749999 0.313216553125 0.9198321625 0.313183946875 0.9269490671874999 0.30854224375 0.9318791984375 0.265646846875 0.9368013953125001 0.25690738281250003 0.9401286843750001 0.21990573593749999 0.9399251703125 0.2155361921875 0.9321676374999999 0.1688608734375 0.9326166312499999 0.14417464062500002 0.9297391718749999 0.12816285 0.9258677593750001 0.11124279374999999 0.8907668046874999 0.11267304843749999 0.8877593578124999 0.142207365625
0 0.48984868906249995 0.1627974234375 0.4894517359375 0.154274696875 0.4830272953125 0.142202503125 0.47243310312500003 0.14358295000000001 0.46552085468750004 0.1324794 0.46148341875 0.1487729484375 0.4430816359375 0.1770370046875 0.44125742968750004 0.2065231078125 0.43496001562500003 0.22006244375 0.43380532968749996 0.2295971625 0.4378321859375 0.258844853125 0.4494796265625 0.3029623 0.4499595 0.3361495875 0.45319244999999997 0.348351825 0.46210004062500004 0.35652776875000003 0.4741343609375 0.3610885828125 0.47689136093749995 0.36097624375000004 0.48656812499999996 0.3555307703125 0.500182675 0.32746178125 0.5015137843749999 0.32171494218749996 0.4992097015625 0.3180137578125 0.4988127484375 0.30949103125 0.5007198796875 0.3046694875 0.5001491484375 0.280973571875 0.497136728125 0.2735061828125 0.49740400781250005 0.267802690625 0.5065841671875 0.2475045234375 0.5151072375 0.23676265624999998 0.5150927609375 0.23645185 0.5108474234375 0.2131752015625 0.5041998109375 0.2077534703125 0.5011873875 0.20028608124999997 0.497422521875 0.18810551874999998 0.4980011875 0.1776455046875 0.48984868906249995 0.1627974234375
0 0.0835441859375 0.2608758578125 0.0905808171875 0.308976246875 0.0985957109375 0.3437540390625 0.1088758734375 0.358515425 0.11725419374999999 0.3553277328125 0.12412762656250001 0.34271369375 0.1256898453125 0.29616046093750004 0.13309519218750002 0.2835247453125 0.1285364234375 0.2542987296875 0.1316698859375 0.23894525781249998 0.13051976406250002 0.21425170625 0.12562279375000002 0.20318403906250002 0.125583978125 0.17946645 0.12087327968749999 0.164478125 0.095666565625 0.16550522031249998 0.08386350625 0.2219634046875 0.0835441859375 0.2608758578125
0 0.10700412343750001 0.4904364734375 0.11418100625000001 0.5072218421875 0.117014359375 0.5222866625 0.1244697859375 0.533448321875 0.134789246875 0.5330278359375 0.1426344859375 0.5231402546874999 0.14627496874999998 0.4983239796875 0.1506652484375 0.4896061859375 0.14605973125 0.470818509375 0.1511609953125 0.45448161249999997 0.1502321265625 0.44598055781249996 0.1534034640625 0.436684546875 0.1533454171875 0.435438271875 0.137090378125 0.3468955234375 0.1284968171875 0.3225777453125 0.1283645 0.3197368359375 0.10468926875 0.3207015265625 0.09794655937499999 0.3646195484375 0.10700412343750001 0.4904364734375
0 0.49753378281250005 0.32610921875 0.4934681140625 0.2731439375 0.48992113281250005 0.277083534375 0.49169065468750006 0.2921917015625 0.486501178125 0.306634659375 0.48254931093750003 0.3362074578125 0.46555891406249994 0.3947745421875 0.468119696875 0.438313475 0.46629284374999996 0.4791848890625 0.470496121875 0.512220459375 0.47890796875 0.555520978125 0.481876284375 0.5620414 0.48669454375 0.5640872875 0.49228080468749996 0.563859665625 0.49827743281250003 0.55947556875 0.5051976171875 0.5364231875 0.5069750749999999 0.517375425 0.51145356875 0.510551571875 0.511100721875 0.5029758140625 0.5075563859375001 0.49553010000000003 0.5067183749999999 0.47753767500000005 0.511643215625 0.4574129 0.5183002625 0.4061517171875 0.5180464687499999 0.400702665625 0.51423045 0.38709872968750003 0.511314175 0.3473693484375 0.5133536234375 0.3453887140625 0.5133562687500001 0.3340034046875 0.4993500578125 0.3307790453125 0.49753378281250005 0.32610921875
0 1 0.349520475 0.9981447875 0.3497457796875 0.9856359875 0.3459920796875 0.7766722046875 0.38168584375000003 0.786563065625 0.3903425359375 0.8039801343749999 0.3976267109375 0.828650896875 0.3976873015625 0.86510645625 0.406327415625 0.9096263625000001 0.4090931875 0.91581275625 0.40884111093750003 1 0.4009454265625 1 0.349520475
0 0.906210065625 0.49039435 0.906119209375 0.49988572031249995 0.9104159890625001 0.512044609375 0.9026110453125 0.5275429078125 0.89883824375 0.5495182734374999 0.8948414453125 0.5584061124999999 0.8951640890625001 0.56533341875 0.8954209359374999 0.5676840890625 0.9164611328125 0.6303941484375 0.91687075625 0.6498796625 0.9228380406250001 0.6496365140625 0.9260770609375 0.642336296875 0.9336561859374999 0.6448737718750001 0.941287353125 0.6142022875 0.949359578125 0.5930004984374999 0.9519463671875 0.5744696078125 0.9515847609374999 0.5667057984375 0.9445520437500001 0.48978080156250003 0.941142671875 0.47379068437500005 0.92745743125 0.44114147499999995 0.90341355625 0.4421211875 0.9020482484375 0.4696910609375 0.906210065625 0.49039435
0 0.5029365109375 0.45415680468749997 0.49881615312500005 0.4457857953125 0.4881337515625 0.4452723015625 0.4891508296875 0.455667296875 0.4818777984375 0.4711439171875 0.4846255859375 0.4729294890625 0.4881672765625 0.4917605140625 0.48452150468750005 0.539347409375 0.49333030312500004 0.59117065625 0.49066543749999997 0.6140496468750001 0.4949181125 0.6252615671874999 0.5005380671874999 0.665829546875 0.5085556062500001 0.6892220265625 0.51715445625 0.6907691859375 0.5289474390625 0.6808009890625 0.5327617015625 0.6711579000000001 0.53595848125 0.6482572375 0.5331692343750001 0.6341393875 0.5353877484375 0.6245613234375 0.53893473125 0.620621725 0.5359249546875 0.601769028125 0.5541390671875 0.5706241875 0.5533434640625 0.553542259375 0.5403284625 0.5361246828125 0.53430361875 0.521189909375 0.5278844687500001 0.4863470953125 0.524296028125 0.477954409375 0.5112239749999999 0.460460484375 0.5029365109375 0.45415680468749997
0 0.0949218828125 0.5677768875 0.09220484375 0.57055221875 0.07627977968750001 0.5749315859374999 0.0461006203125 0.578825915625 0.03603079375 0.5866971703125 0.034211178125000005 0.5883700875 0.0449499140625 0.594860534375 0.05643741875 0.597057075 0.07290751875 0.6043798359375 0.10763068437500001 0.6077113328125 0.1400301 0.6063911578125001 0.16209609062500002 0.6044761515625 0.1883181484375 0.6044235703124999 0.1899235640625 0.6043581546875 0.23003016718749997 0.59637880625 0.241878896875 0.5885068062500001 0.24145152187500002 0.5793309078125 0.2279931265625 0.5730131359375 0.20603940468749998 0.5701772125 0.1748141796875 0.571982465625 0.146182115625 0.5683528140624999 0.10626074375000001 0.5667819390625 0.0949218828125 0.5677768875
0 0.166813109375 0.7490395296875 0.09392121875000001 0.7525425703125 0.07368246875 0.766157421875 0.04831248125 0.7714545640625 0.0365815953125 0.7844029921875 0.036969843749999995 0.7927388578125 0.0474838390625 0.794404075 0.086978503125 0.8071837515625001 0.10676576874999999 0.8042457828125 0.22241994375 0.8021978593749999 0.23068549374999997 0.803076796875 0.244514646875 0.8025133015625 0.2507794859375 0.7999764484375 0.2649790671875 0.781976228125 0.2649602546875 0.78157230625 0.25592181406250003 0.7677914515625 0.24819741093749997 0.7649086515625 0.22330368125 0.7600608249999999 0.21383398437499998 0.7604466859375 0.19644168906249998 0.7536944250000001 0.166813109375 0.7490395296875
0 0.5079678999999999 0.802065965625 0.5077861875 0.82104870625 0.5134528921875 0.8511783453125 0.5219608859375 0.8622168734375 0.528919884375 0.8628820828125001 0.5373890625 0.8502030203125001 0.5484842890625 0.7909273796875 0.5482264609375 0.7797898515624999 0.546472184375 0.7421248125 0.541717584375 0.7257381875 0.541764334375 0.715299846875 0.5321978015625 0.6815340453125 0.522584515625 0.658206584375 0.5185326875 0.6394977843749999 0.5184985656250001 0.639499175 0.517356225 0.648931953125 0.5056461609375 0.6835647093749999 0.5037363874999999 0.6997715624999999 0.5032353515625 0.7576667578125 0.5053991828125 0.7926829640624999 0.5079678999999999 0.802065965625
0 0.8868895421874999 0.6654498875 0.8883062203125001 0.6729822984375 0.8988977671875 0.6829871609375 0.9043906921874999 0.6979436125 0.906204321875 0.7139987484375 0.9153739015625 0.739241821875 0.91975625 0.7646799625 0.9269331328125 0.7814653296875 0.929540665625 0.814565921875 0.9306076265625001 0.8152592546875 0.934186734375 0.8151134171875001 0.9353917296875001 0.8143275093750001 0.9503545328125 0.7083481234375 0.9497393437499999 0.69513976875 0.9335308375 0.5876480515625 0.8990525671875 0.589052934375 0.8986516453125001 0.5976081703125 0.901884596875 0.6098104078125 0.903075453125 0.635378590625 0.8868895421874999 0.6654498875
0 1 0.84452026875 0.9911647984374999 0.8425688875 0.9646248734375 0.8431173828125 0.9352935859375 0.8448454640625 0.9174250328125 0.8482381765625 0.89604111875 0.8576362906250001 0.8888122031250001 0.8653917890624999 0.8853959390625 0.8735248546875001 0.950531171875 0.8989825609375 0.9528892015625001 0.8988864781249999 0.9566360906250001 0.8956694875 0.9837018234375 0.8860398546875 1 0.884719378125 1 0.84452026875
0 0.4762774828125 0.909463703125 0.437049790625 0.9227864468750001 0.4362762421875 0.9265484374999999 0.448085815625 0.935659871875 0.483247565625 0.9368917625 0.5071695515625 0.941246259375 0.517462346875 0.9381622374999999 0.54310485 0.938716159375 0.547083221875 0.9404692499999999 0.5553392640625 0.9401328421875 0.5666552234375 0.9350919328125 0.5864177140625 0.9316220515625 0.5918270140625 0.9255394718750001 0.6162748062500001 0.9208128296875 0.646954996875 0.9073054468749999 0.6509710937500001 0.9018658546875 0.6506960984375 0.8959615890625001 0.6499748703125 0.8906617406249999 0.6308125078125 0.8866462296875 0.5978419890625 0.89172014375 0.5126890390625001 0.8967886343749999 0.4864464046875 0.9037201093749999 0.4762774828125 0.909463703125
0 0.9174525546875 0.7690811296875 0.9198863125000001 0.7870085328124999 0.90689718125 0.7941791671875 0.9106620453125001 0.8063597296875 0.9209007453125 0.8087888359375001 0.9228052312499999 0.8153526015624999 0.926074353125 0.8626577390625 0.934618515625 0.9087991671875001 0.9335520390625 0.9202278250000001 0.9489255312499999 0.9528082437500001 0.9517615296875 0.9564877546874999 0.955664003125 0.9487386046875 0.9668888984375 0.9036891828125 0.975360721875 0.8796248109375 0.9813467484375 0.8708419968750001 0.9853926453125 0.855629440625 0.9851628343750001 0.850695284375 0.973775559375 0.834148590625 0.9706749265625 0.8247872640624999 0.969128575 0.8030286343749999 0.9642116703125 0.7889974796875 0.9604008828125 0.76733111875 0.9174525546875 0.7690811296875
0 0.17324285156250002 0.8655263281250001 0.1653990890625 0.857307034375 0.1590161109375 0.857567121875 0.1521426765625 0.8701811625 0.152443484375 0.9109658796875 0.151200584375 0.9186066593750001 0.1472099015625 0.9244618687499999 0.1496877625 0.9433362421875 0.14650365468749998 0.9959282500000001 0.195368196875 0.993937171875 0.187064703125 0.8991187390625001 0.17324285156250002 0.8655263281250001
0 0.188759428125 0.9421797171874999 0.1297995625 0.939252903125 0.11088494374999999 0.940556540625 0.097974209375 0.9485435531249999 0.0736750625 0.956461684375 0.0635556875 0.9632691093749999 0.06785144062500001 0.974019021875 0.0634510453125 0.9813928015625001 0.0902387140625 0.9861634562500001 0.111912215625 0.995772278125 0.1240361171875 0.9952782671874999 0.176586378125 0.9863755296875001 0.24083167031250002 0.9805601890625001 0.279935490625 0.9645778703125 0.2811289828125 0.9606655375 0.28080898125 0.9537949703124999 0.27931613125 0.9512799984375 0.268676496875 0.9469172109375 0.2259885375 0.9470578406250001 0.2134054125 0.9417083953125 0.2002469359375 0.944376259375 0.188759428125 0.9421797171874999