0 0.866512925 0 0.863950115625 0.00950834375 0.857705840625 0.07171388906250001 0.8576145374999999 0.075636621875 0.8653253843750001 0.143373590625 0.8713997296875 0.1611040890625 0.8799645375 0.175 0.8899140031250001 0.175 0.8983007859375001 0.1416005421875 0.9035177796875 0.13184876875 0.9004993499999999 0.11145869687500001 0.9031594328124999 0.10436649843750001 0.903052478125 0.087522528125 0.9052135609375 0.08043032812499999 0.9042454718749999 0.0148274921875 0.9004175796875 0 0.866512925 0
0 0.511534140625 0 0.5128670140625 0.001208984375 0.51369994375 0.0083011828125 0.5077157046874999 0.0295777796875 0.5050983796875 0.04947831875 0.5037039921875001 0.1093868828125 0.513681378125 0.1377338078125 0.5163039781250001 0.1536912546875 0.5317111359375 0.156350828125 0.5380577828125 0.1625 0.54157720625 0.1625 0.5472833687499999 0.1519182046875 0.55775484375 0.1093650125 0.55655978125 0.0535139484375 0.5604861125 0.034896928125 0.561146403125 0.006528132812499999 0.5600735078125 0 0.511534140625 0
0 0.11484328749999999 0 0.110219290625 0.0370580328125 0.0957970625 0.046312620312500004 0.0957570859375 0.048030165624999996 0.0998265671875 0.054788528125 0.0996202265625 0.0636537765625 0.106358646875 0.074292075 0.10954214843750001 0.087589946875 0.1131459015625 0.1257105140625 0.11129811406250001 0.1407814359375 0.113883228125 0.17978852812499999 0.1270112078125 0.18125 0.1303434140625 0.18125 0.1373982265625 0.1771289546875 0.14425666718750002 0.1611715078125 0.14562608125 0.1452140609375 0.1504059796875 0.1328027125 0.15229503125 0.115958740625 0.1586132015625 0.10177434375000001 0.16070859531249998 0.076065125 0.1579095734375 0.0033700890625 0.146910896875 0.0042566140625 0.14578651250000002 0 0.11484328749999999 0
0 0.11759152343749998 0.301563296875 0.1231500140625 0.3414569125 0.12957090625 0.3453125 0.13075317656250002 0.3453125 0.139031759375 0.3237264171875 0.14520170625 0.294471096875 0.1498371625 0.28826542499999996 0.1634546546875 0.28205975156249996 0.16432507031250002 0.2661023046875 0.16093522656249998 0.26166967812499997 0.1534219953125 0.2200030140625 0.157595934375 0.1907476921875 0.161649853125 0.1880881203125 0.15624336875 0.18454201875 0.1507674125 0.1411023046875 0.1455879015625 0.1278044296875 0.13419339218749998 0.12425833125 0.1216602234375 0.148194503125 0.11659145 0.17301719843750002 0.11424466250000001 0.1880881203125 0.1152051828125 0.21113776562500003 0.10983215312500001 0.24888434843749999 0.1094691265625 0.26448142343750003 0.1127872109375 0.2935845734375 0.11759152343749998 0.301563296875
0 0.5411267921875 0.27020168437500003 0.5415019890625 0.2755208328125 0.5388419078125 0.28261303125000004 0.5388250578125 0.304776153125 0.54071789375 0.3092087765625 0.5405321875 0.3171875 0.53845364375 0.3207336 0.53982684375 0.3260527484375 0.5532005125 0.35176196875 0.5635557484375 0.3570811171875 0.576154603125 0.35176196875 0.5843243421875 0.3437832453125 0.5870875953125 0.332258421875 0.5868117859375 0.301230053125 0.596763625 0.2595633859375 0.5998982890625 0.2320811171875 0.5986076265625 0.22321586875000002 0.5924094765625 0.210804521875 0.5900551218750001 0.18332225156249998 0.5721904375 0.15761303124999998 0.568050196875 0.142542109375 0.5618145640625001 0.1531804078125 0.5518551578124999 0.1522938828125 0.5460978937500001 0.16381870625 0.5459121875 0.1717974296875 0.5385960125 0.1859818265625 0.5393670421875 0.1957336 0.5361047859375 0.207258421875 0.5334447046874999 0.2143506203125 0.527332878125 0.21966976875 0.5259311078125 0.2285212703125 0.5255731625 0.2439001078125 0.5320790718749999 0.2515846625 0.5411267921875 0.27020168437500003
0 0.883738096875 0.2280439125 0.8720390578125 0.23552894218749998 0.8285180406249999 0.23902195625 0.8168306171875 0.246007984375 0.81442980625 0.252744509375 0.8143946453125 0.2542551625 0.82796055 0.2629740515625 0.8606225953125 0.2689620765625 0.9055742078125 0.2734375 0.906015159375 0.2734375 0.9421248062500001 0.2714570859375 0.99385245625 0.2581721796875 0.9944136421875 0.2340612890625 0.9811977546874999 0.23053892187499997 0.9590114062499999 0.23153692656249997 0.9475911124999999 0.2270459078125 0.929567121875 0.2265625 0.9289237781249999 0.2265625 0.9111506796875 0.23103792343750001 0.883738096875 0.2280439125
0 0.8947863796875 0.5046875 0.8948159609375 0.5034165703125 0.902338475 0.48036692499999994 0.915775759375 0.3961470671875 0.9124890859375 0.38728181875 0.9131737953125001 0.3793030953125 0.908035553125 0.3642321734375 0.9119412499999999 0.3465016765625 0.9076359374999999 0.33852295312499997 0.9036814062499999 0.3154733078125 0.895425346875 0.3057215359375 0.8869423125000001 0.3057215359375 0.8796880421875001 0.3172463578125 0.8773618890625 0.3314307546875 0.8710024515624999 0.3473882015625 0.86616205625 0.44684548125 0.8656785734374999 0.46761783437500004 0.872295875 0.5046875 0.8947863796875 0.5046875
0 0.5402214296875 0.3289581734375 0.5271648390625 0.3325042734375 0.5274162328124999 0.3431425703125 0.5293709718749999 0.3449156203125 0.5275063359375001 0.3821496625 0.5252769140625 0.3908908828125 0.5249374875 0.40547402187500003 0.5314684359374999 0.4477525 0.5365241390625 0.466369521875 0.5361320921875 0.48321349218750004 0.5329730078125 0.4903056921875 0.5328079359375 0.497397890625 0.5371545140625 0.5036035640625001 0.5392368421875 0.5213340609375 0.5462266546875 0.54261065625 0.5525281734374999 0.546875 0.5563378921875 0.546875 0.5616544484375 0.54438370625 0.564293896875 0.53817803125 0.5712310890625 0.497397890625 0.574448290625 0.466369521875 0.5718425453125 0.42824895312500005 0.5732907171875 0.3874688125 0.556086321875 0.3333907984375 0.5517359578125001 0.30590852812499997 0.546556446875 0.29261065625 0.547884596875 0.278426259375 0.5445893765625 0.275 0.544467715625 0.275 0.541821603125 0.32452555 0.5402214296875 0.3289581734375
0 0.0202827203125 0.3995446609375 0.052793778125 0.412019709375 0.15032675 0.4171875 0.1595040359375 0.4171875 0.1999336703125 0.41301771406250004 0.2338422875 0.4035366765625 0.2569151609375 0.40253867187500003 0.273046825 0.3950536421875 0.2821095171875 0.3865706078125 0.08589334062500001 0.36112150625 0.074275603125 0.365113521875 0.055693425 0.3636165171875 0.0599286046875 0.37209955 0.0545281546875 0.3755925640625 0.0217035078125 0.37659056875 0.01296339375 0.382878928125 0.012754682812500001 0.39184599531250003 0.0150332578125 0.3965506484375 0.0202827203125 0.3995446609375
0 0.1243755 0.6201997921875 0.1321982421875 0.6485685859375 0.1392461734375 0.6459090140625 0.1426886125 0.653125 0.148040740625 0.653125 0.14799745 0.6343841890624999 0.16634600156249998 0.5749870265625 0.1670307109375 0.5670083046875 0.162746034375 0.5581430562499999 0.1587296015625 0.537752984375 0.1510757140625 0.5235685875 0.15483697031250002 0.512043765625 0.1545443109375 0.5031785156249999 0.157992271875 0.4836749703125 0.155720453125 0.45264660156250003 0.1529121484375 0.4446678765625 0.1445322828125 0.4402352546875 0.13736055 0.44821397812499997 0.12144132187500001 0.4889941203125 0.11859553281249999 0.504065040625 0.11524767031250001 0.5532626140625 0.1144168984375 0.5889559156249999 0.116346415625 0.600696246875 0.1243755 0.6201997921875
0 0.5473227640625 0.643263671875 0.55170304375 0.6051431046875 0.5554436671875 0.5945048078124999 0.552445871875 0.5732282109375 0.5595687703125 0.524469346875 0.555111453125 0.4801431046875 0.55801914375 0.46241260781250004 0.5605554234375 0.460639559375 0.5534005375 0.44645516093750004 0.5541265156249999 0.43670338906249995 0.544125840625 0.43758991406250003 0.5404471203125001 0.4455686375 0.5328176515624999 0.4517743109375 0.5209485593750001 0.4686182828125 0.5177688390624999 0.47659700625 0.5125143609375 0.5093984234375 0.5071941953125 0.523582821875 0.49532509999999996 0.5404267921875 0.4942032921875 0.5457459421874999 0.49447531875 0.5554977156249999 0.5127564703124999 0.584753034375 0.51034778125 0.60248353125 0.5137582562499999 0.6060296296875001 0.5160469265625001 0.614894878125 0.5137414078125 0.62819275 0.5172382046874999 0.649469346875 0.5210238796875 0.65833459375 0.5322788953125 0.6671875 0.53235045 0.6671875 0.540319884375 0.6654267921875 0.5473227640625 0.643263671875
0 0.871314578125 0.59020731875 0.8701346515624999 0.6194626390625 0.8731530796874999 0.639852709375 0.8790008765625 0.6515625 0.8882758562499999 0.6515625 0.8950885328125 0.6407392328125 0.9019638234375 0.6026186671875 0.9015642093749999 0.576909446875 0.9045712890625 0.5334697312500001 0.9000108000000001 0.4935761125 0.8928765484375001 0.47850519062499997 0.890629146875 0.46786689375 0.884369096875 0.45811511875 0.8828308234375 0.45988816874999994 0.8756178218749999 0.46963994375 0.8724625187499999 0.4980087375 0.8686187265624999 0.513079659375 0.86612250625 0.515676103125 0.8657118453124999 0.5333197109375 0.8674425828125001 0.563611575 0.871314578125 0.59020731875
0 0.8536976968750001 0.7772006515625 0.851268371875 0.7958176734375 0.8638954296874999 0.832165190625 0.8653991703124999 0.840625 0.8747879468749999 0.840625 0.8853937828125 0.830392140625 0.8899429218750001 0.8064559703124999 0.90237291875 0.7869524250000001 0.904460746875 0.7186900140625 0.8996113812500001 0.6912077437499999 0.8929967671875 0.675250296875 0.8932031078125 0.6663850484375 0.888250571875 0.643335403125 0.8854216312500001 0.6362432046875 0.872134284375 0.62826448125 0.855337071875 0.642448878125 0.8520327218749999 0.6511110796875 0.8519460359375 0.6548354328125 0.8537200484374999 0.6690446234375 0.8536976968750001 0.7772006515625
0 0.43262511875 0.7393541031249999 0.46090099687499997 0.74334611875 0.4786547234375 0.7423481171875 0.484848540625 0.74375 0.5400328625 0.74375 0.5744110171875 0.741849115625 0.5895400109375 0.7393541031249999 0.6217452640625 0.726879053125 0.63064535625 0.725382046875 0.6129845453125 0.7223880375 0.59100725625 0.7144040046875 0.559266578125 0.7069189734375 0.5495031921875 0.707417975 0.5309907 0.7029269578124999 0.48841427812499993 0.7039249625 0.4331477671875 0.7168990140625 0.42219195468750004 0.7248273859375 0.42205070625 0.7308960250000001 0.4221610359375 0.731869075 0.43262511875 0.7393541031249999
0 0.1263268734375 0.765393415625 0.12356362031250001 0.7769182375 0.1246892140625 0.792875684375 0.1312212921875 0.8123792312499999 0.134656165625 0.8140625 0.1481886078125 0.8140625 0.1544436265625 0.8008544078125001 0.17017984375 0.67701318125 0.17022160625 0.6752188625 0.1532595625 0.5730175281250001 0.15030681875000002 0.5712444796875 0.147770540625 0.5730175281250001 0.1460503421875 0.604045896875 0.13969090625 0.62000334375 0.1361397734375 0.6439395140624999 0.128097621875 0.667875684375 0.1267488390625 0.68294660625 0.12192767499999999 0.6971310046875 0.1122196625 0.7068827765625 0.11158155624999999 0.71077381875 0.11148955 0.7147267625 0.12688399374999998 0.7414572453125 0.1263268734375 0.765393415625
0 0.076950559375 0.831039484375 0.0681201546875 0.829542478125 0.038609318749999996 0.840520521875 0.02174211875 0.8415185265625 0.019436353125 0.8432192921875 0.0194101546875 0.8443449046874999 0.0224079703125 0.8509995640625 0.0373279046875 0.857486590625 0.043533578125 0.857486590625 0.048783040625 0.8604806015625 0.0752394125 0.8664686250000001 0.1000388796875 0.8674666296875 0.12556226718750002 0.8754506624999999 0.1288937484375 0.878125 0.1317911203125 0.878125 0.19171098125 0.8519975687500001 0.18833909843750002 0.8445125375 0.1814095015625 0.8375265109375001 0.1612052609375 0.829542478125 0.14441936093750002 0.82704746875 0.11772139687500001 0.8265625 0.1162501703125 0.8265625 0.092114396875 0.82704746875 0.076950559375 0.831039484375
0 0.5056999249999999 0.811749275 0.5016704234375 0.8347989203124999 0.49605759687499995 0.8401180671875 0.493129271875 0.8587350890625001 0.48751450625 0.872084565625 0.48744211562500006 0.8751947437500001 0.49011840937500006 0.8808982109375 0.49105829375 0.90483438125 0.488336309375 0.9145861515625 0.492810478125 0.936749275 0.49454202656249996 0.9695506921874999 0.5028647109375 0.9796875 0.5052640578125 0.9796875 0.5067901015625 0.9793024656249999 0.5186347765625 0.9420684218750001 0.523851771875 0.93231665 0.5299185484375 0.9074939546874999 0.5332726234375 0.8277067203125 0.53748783125 0.7966783515625 0.53340949375 0.7789478562500001 0.5241653562499999 0.778125 0.5233697640625 0.778125 0.5178578968750001 0.7824939546875 0.5056999249999999 0.811749275
0 0.034576795312500005 0.8585625609375 0.0655122484375 0.862554578125 0.07871720625 0.8665465937500001 0.0990956640625 0.8670455953125 0.107902840625 0.86954060625 0.12142893437499999 0.878125 0.13250110625 0.878125 0.14234955 0.875029628125 0.1504676453125 0.8690416031250001 0.172839825 0.8600595671875 0.21479685312500002 0.84758451875 0.221981965625 0.8435925031249999 0.218493940625 0.8410974921875001 0.18776754375 0.828123440625 0.17709440468749998 0.8296204453125 0.133794059375 0.8236324234374999 0.0894910484375 0.8226344187500001 0.0833202171875 0.8211374125 0.080881315625 0.8116563749999999 0.06942618125 0.8086623625 0.06293014531249999 0.8211374125 0.04612101875 0.8196404078124999 0.041479332812500005 0.8286224421874999 0.021824801562500003 0.8351094671875 0.011626787500000001 0.8430932421874999 0.0115975890625 0.8443476890625 0.017020515625 0.85107753125 0.034576795312500005 0.8585625609375
0 0.7975914203125 0.9288173656250001 0.8950162359375 0.93280938125 0.9130888796875001 0.9375 0.917872275 0.9375 0.9385720953125001 0.9278193609375001 0.9635341640625 0.9218313374999999 0.9584240749999999 0.9128493015625001 0.9630193 0.9058632734375 0.9173845859374999 0.8859031937499999 0.898779178125 0.885404190625 0.838344503125 0.8918912171875 0.8206488500000001 0.8903942109375 0.8152367859374999 0.8943862265625 0.80810974375 0.8958832328125 0.769954334375 0.8973802390625 0.7602279234375 0.9031940921875 0.7600218609375 0.9120474328125001 0.7659436578125 0.91734031875 0.7975914203125 0.9288173656250001
0 0.8723771953125 1 0.8781573593750001 0.98103075625 0.8852608249999999 0.9689118921875 0.885850453125 0.9435790687500001 0.8826332406249999 0.8959243734375001 0.880385840625 0.8852860765624999 0.8826707265625 0.8728747296874999 0.8774499468749999 0.8613499062500001 0.876881475 0.8214562890625 0.8726174312499999 0.811704515625 0.867689315625 0.809044940625 0.86014238125 0.811704515625 0.845802696875 0.8489385578125 0.8414055656249999 0.909222246875 0.8325586859375 0.967732884375 0.8430208765625 0.9898960046875 0.8450199921875001 1 0.8723771953125 1
0 0.112737090625 1 0.112538484375 0.9968634875 0.1088972484375 0.9817925656250001 0.11202813125 0.9330337 0.1023782375 0.9188493031249999 0.100698921875 0.9098106375 0.09859974218749999 1 0.112737090625 1