0 0.097377465625 0 0.094516096875 0.0654020453125 0.0965105984375 0.0725891625 0.095901309375 0.089814121875 0.0984049765625 0.0969864234375 0.094719615625 0.1179234625 0.099753296875 0.12773907812500002 0.10715801250000001 0.160916746875 0.11793970000000001 0.1606030328125 0.12662310625 0.1468814109375 0.133347646875 0.128572871875 0.1417596296875 0.06940755 0.1419490875 0.036842425 0.13932058281249998 0 0.097377465625 0
0 0.448226109375 0 0.448081315625 0.024887842187500002 0.4504901265625 0.048364492187500004 0.45596446718749994 0.0699406546875 0.4549039796875 0.0772166609375 0.4518331796875 0.08002294374999999 0.4538645703125 0.08086948125 0.45735319218750004 0.093748565625 0.45729697968750005 0.103410703125 0.4637316828125 0.134921003125 0.46792691093750005 0.13792156093750002 0.4778069109375 0.1376340828125 0.48567320468749997 0.126131775 0.48984138125000004 0.10970890625 0.4944660234375 0.10232919375 0.49657645937500006 0.0895887734375 0.5022247015625 0.08127363125 0.50257768125 0.0794365640625 0.5028515296875 0.032366134375 0.50103974375 0.022441265625 0.5021699984375 0 0.448226109375 0
0 0.8658490140625 0 0.8576271875 0.0127301546875 0.8023409796875001 0.019938684374999998 0.7923653640625 0.0222652625 0.78780379375 0.027997856249999998 0.775116709375 0.029385170312499997 0.773296228125 0.0309653765625 0.7778104015625 0.033379421874999995 0.7850656671875 0.031641078125 0.7949346421875 0.047644442187500004 0.813274071875 0.047619896875 0.8238994140625 0.0503652046875 0.8229284484375 0.061593190625 0.8971771515625001 0.0640144828125 0.923454153125 0.061722662500000004 0.937982453125 0.0551909875 0.9552014859375 0.053162728125 0.9679093046875 0.048211259374999996 0.984219578125 0.046718521875 0.9995977515625001 0.040043685937500004 0.9997411640625 0.0153931421875 0.9635847125 0.01321065625 0.9481772765625 0.0151862046875 0.9092546609375001 0.011737028125 0.8956884390625 0.0085682125 0.8848603468749999 0.001756175 0.8758023749999999 0.002019734375 0.8724229156250001 0 0.8658490140625 0
0 0.8990923000000001 0.15123733749999999 0.8971452265625001 0.13589805 0.8927102937500001 0.11066906875 0.8806326203125 0.08656810937500001 0.8689007453125001 0.09053204687500001 0.863220884375 0.1042819703125 0.8563435203124999 0.14885862656249998 0.8507216281250001 0.15264478125 0.8547791390624999 0.155243653125 0.8581693906250001 0.18503124843750002 0.84926590625 0.227855571875 0.845675403125 0.23248826406249998 0.8460897109375001 0.2487777984375 0.859800278125 0.2547183671875 0.8643458734375 0.260925609375 0.869772784375 0.2906539453125 0.8773770531249999 0.311913803125 0.8797508921875 0.31184473125 0.8854515031249999 0.308310615625 0.8923077890625001 0.26735715 0.8974468671875 0.25905682343750003 0.9027545765625 0.22177099218750002 0.897427790625 0.174832509375 0.8990923000000001 0.15123733749999999
0 0.458972375 0.14809346875 0.459019803125 0.1399412953125 0.45348749687499995 0.1283289 0.44329892656250003 0.129531 0.43725218593750004 0.11883921718749998 0.43258011406249997 0.13437110624999998 0.4135881875 0.1611873828125 0.41036983281249995 0.189355984375 0.40367691250000004 0.202229740625 0.402096721875 0.21133215781249998 0.40447918125 0.239337790625 0.41339647343749997 0.28164358125 0.4121937015625 0.3133761109375 0.41467101875 0.325077396875 0.422770228125 0.332992528125 0.43362873124999995 0.33732344375 0.43702092343750004 0.337224740625 0.44619181875 0.3323110296875 0.4606012609375 0.30562808750000003 0.462160375 0.300148859375 0.46014479374999995 0.2965849328125 0.46019222187500003 0.2884327578125 0.46225523125 0.2838445125 0.46289613906250004 0.2611847703125 0.4603924734375 0.25401246875 0.46093325781249994 0.24856287031250002 0.47071805468749994 0.22925964375 0.4783243828125 0.22034233281249999 0.478379190625 0.2109217765625 0.47650858124999995 0.19648798125 0.47043022187499994 0.19123098125 0.46792655468750005 0.1840586796875 0.46494007187499997 0.1723722078125 0.4660163703125 0.162378809375 0.458972375 0.14809346875
0 0.06893295 0.1996530390625 0.06668022968750001 0.23684998125 0.07099395625 0.2829122984375 0.0769089546875 0.3162490078125 0.0858511328125 0.3302581484375 0.0866534625 0.33023480312500003 0.09415205625 0.32752065468749997 0.10134887343750001 0.3155378796875 0.10517124687499999 0.271050115625 0.11287722656250002 0.259052525 0.1099856015625 0.23106170625 0.11436022500000001 0.21403189375 0.1144338234375 0.20138159375 0.1142749828125 0.193805503125 0.10976100312499999 0.182163478125 0.110911078125 0.15948891874999999 0.10739601875 0.14600654062500001 0.0827940703125 0.14672238437500001 0.06893295 0.1996530390625
0 0.0776410765625 0.4570269984375 0.0836562015625 0.4731535625 0.085608546875 0.48758705625000004 0.0915074296875 0.497252765625 0.10301757812500001 0.496917853125 0.1100379265625 0.48868752187500003 0.114757425 0.465003459375 0.1193873375 0.45671795 0.11592857812499999 0.43870571406250003 0.121618978125 0.42314419687499993 0.12115724218749999 0.4150068359375 0.12417104999999999 0.40737270312499996 0.124205240625 0.40149585468750004 0.113563928125 0.320135184375 0.1065726328125 0.296791871875 0.106583171875 0.294980278125 0.08373799531250001 0.2956450046875 0.0752869703125 0.336644875 0.0776410765625 0.4570269984375
0 0.4403902890625 0.2806953203125 0.43773906875 0.2988853375 0.43311969531249994 0.3053592546875 0.4330775375 0.31260563124999996 0.43609036874999996 0.319763115625 0.4359902421875 0.3369732609375 0.4302787640625 0.35615796718750004 0.420997703125 0.4070446546875 0.4209873703125 0.408820809375 0.424287984375 0.42334992031249996 0.4250849859375 0.46136376874999996 0.42303778437500006 0.46323462343750005 0.42246538281249996 0.47411900312500005 0.43568259375 0.47735699687500005 0.437183740625 0.4818415359375 0.4383767515625 0.5309024921875001 0.44001980625000003 0.530854684375 0.442001359375 0.528794834375 0.441067346875 0.5143317109375001 0.44674720937499995 0.5005817875 0.45200222031250004 0.47235392656249997 0.47116278125 0.416552140625 0.47089602499999994 0.3749002890625 0.47451779531250005 0.337588209375 0.4745394078125 0.333873378125 0.47232539687499997 0.304218484375 0.466457828125 0.2627296 0.4639488921875 0.2564630953125 0.456332496875 0.2530621359375 0.4481542390625 0.25873396249999997 0.4403902890625 0.2806953203125
0 0.847964978125 0.23113091562500002 0.846751665625 0.26467504062499997 0.8431558921875 0.2702135296875 0.8345264374999999 0.2659364015625 0.8359432671875 0.28491369375 0.8318014390625 0.2968075796875 0.8565648250000001 0.49686316562500005 0.8568651203125001 0.49685442812499997 0.8653074671875001 0.4878291328125 0.8730397953125 0.47130255468750004 0.8741951390624999 0.44772220156250003 0.8840695265624999 0.41302042187500004 0.8882975656250001 0.37413737812500003 0.8883940953125 0.3575455078125 0.883925978125 0.262687734375 0.8713918359375 0.2295436203125 0.8683684640625 0.22419773125 0.8612612343749999 0.2207819546875 0.8546368203125001 0.221880346875 0.847964978125 0.23113091562500002
0 0.8490164609375 0.422784090625 0.8457770296874999 0.4545758796875 0.8487160843750001 0.4744145234375 0.8481542203125001 0.48348731093749997 0.85164986875 0.49515896875000004 0.8434189140624999 0.5098887624999999 0.838715225 0.530855434375 0.8340800421875001 0.5400467421874999 0.8345417796874999 0.5481841000000001 0.8515003140624999 0.6083687906249999 0.8508769265625 0.6282564484375001 0.8559944875 0.6281075421875 0.8600876124999999 0.6198922953125 0.8672001109374999 0.622402271875 0.8760245484375 0.59316490625 0.8847962875000001 0.5729855125000001 0.887213903125 0.56040313125 0.887410415625 0.5266256671875 0.8853706921875 0.47425362968749996 0.8829144531249999 0.458929153125 0.867881915625 0.41770694375 0.86080103125 0.40976218124999997 0.852118878125 0.4145430265625 0.8490164609375 0.422784090625
0 0.4641706140625 0.43337302656250004 0.4565700296875 0.42725467500000003 0.4530533 0.41920620781249995 0.44287527187500003 0.41859671406250004 0.44332647031250005 0.4285456671875 0.435604678125 0.44326064687500005 0.43813996250000004 0.4449981671875 0.4405803921875 0.4630400328125 0.43471608906250003 0.508492853125 0.44053623125 0.5581339140625 0.4368456046875 0.5799767484375 0.4403465203125 0.590742609375 0.4436840765625 0.6295881765625 0.450171475 0.6520405078125 0.45830757499999997 0.6536150593750001 0.470071065625 0.6442163390625 0.47419708437499997 0.6350398453125 0.47839687968750005 0.6131821953125 0.476439265625 0.5996544984375001 0.4790377875 0.5905224515625 0.4826230234375 0.5867955578124999 0.48069175781249995 0.5687388765625 0.49990538124999995 0.538765925 0.49999140156250005 0.523980303125 0.49979435 0.5229008578125 0.48818368124999995 0.5060314640625 0.4831763484375 0.4916868609375 0.478788846875 0.4583057046875 0.4757812828125 0.4502424234375 0.4641706140625 0.43337302656250004
0 0.09801750625 0.46126027656249996 0.09540844375 0.4722039171875 0.0876813828125 0.4878246984375 0.08184342812499999 0.5287485328125 0.08362186875 0.5730733296875 0.082450715625 0.599371078125 0.0883340953125 0.6381425703125 0.0947738703125 0.6486945640624999 0.10459552187500001 0.648408784375 0.1107426234375 0.63658490625 0.11442798437499999 0.6156478640625 0.11409272031249999 0.585771375 0.11883329843749998 0.5584641265625 0.1202644625 0.5418071234374999 0.12045987031250001 0.508219278125 0.11913367500000001 0.50683369375 0.11565910625 0.49153884843749995 0.11328191406250002 0.462627415625 0.10621157187500001 0.45287105937499994 0.10469461875 0.4511039109375 0.09801750625 0.46126027656249996
0 0.0939853140625 0.63361975 0.0800217984375 0.6711574406249999 0.08194779375 0.69011991875 0.07875905625 0.800701240625 0.07611310624999999 0.8179854625 0.079619290625 0.8278455250000001 0.09513136093749999 0.840839128125 0.09810661875 0.8407525578125 0.110132303125 0.8332971921875 0.1132294515625 0.8259619234375 0.11896727968750001 0.8022482343749999 0.11901997812500001 0.7931902625 0.12624314375 0.7766784999999999 0.131547096875 0.7506907828125 0.1319165140625 0.687193375 0.1319039265625 0.6787042640625 0.11979990468749999 0.6591322921875 0.1158688671875 0.6347942921875 0.1049341421875 0.624244734375 0.09585645625 0.62450886875 0.0939853140625 0.63361975
0 0.4731843515625 0.6444705765625 0.4651694578125 0.6220626921875 0.46221986406250004 0.60403564375 0.4606396703125 0.613138059375 0.447720834375 0.6461171328125 0.4450854234375 0.661589759375 0.441708978125 0.716932275 0.44202316093749994 0.7504319515625 0.4440071234375 0.7594306609375 0.4428833984375 0.777576234375 0.44678808437499995 0.8064432203124999 0.454362321875 0.8170905578125 0.46019105781249997 0.8177190921875 0.461055865625 0.8176939296875 0.46970050937499996 0.8057765359375001 0.4832655234375 0.749231921875 0.48453680312499997 0.7057240296875 0.4800649828125 0.686835628125 0.480632115625 0.67685704375 0.4731843515625 0.6444705765625
0 0.8427864859374999 0.5833667484375 0.845263803125 0.595068034375 0.8451215203125001 0.6195245578125 0.8281557125000001 0.64809316875 0.829131884375 0.655309915625 0.8387480515625001 0.6649921921875 0.84324621875 0.6793516109375 0.8441749625 0.6947205328125 0.8516701546875 0.718954825 0.8545828609375 0.7433224546874999 0.8605979843749999 0.7594490234375 0.861431871875 0.7911222890625 0.8626381015625 0.791948959375 0.8655741812500001 0.791863528125 0.8670326859375 0.7909593218750001 0.8864558234375 0.6907059296875 0.886543984375 0.6755524281249999 0.8750061640625001 0.55797686875 0.8689752296875 0.5445676953125 0.8572697046875 0.544002646875 0.8516530812499999 0.5468830078125 0.8444088375 0.5670179546874999 0.8427864859374999 0.5833667484375
0 0.8780215046875 0.8036524234375 0.8499388328125 0.8049786234375 0.8327138765625 0.8080252124999999 0.8118331484375 0.8167780390624999 0.8045452984375 0.8241171968750001 0.8008776781250001 0.8318600953124999 0.8596966593750001 0.8560862031250001 0.8652000953125001 0.85592606875 0.8677674390625001 0.8538405046875001 0.8940829499999999 0.8449295421875 0.9194511921874999 0.8431732437499999 0.9466606515624999 0.8362725828125 0.9521132078125 0.8330594578125 0.9584537875000001 0.8328749671875 0.9738908484375 0.8258077703125 0.9763091859375 0.8207022953124999 0.976329703125 0.8171757968750001 0.974852928125 0.8161072781250001 0.9576487078125 0.8155897124999999 0.9278225718750001 0.80525783125 0.9187557140625 0.8070488890625 0.9033808609375 0.8034236187499999 0.8780215046875 0.8036524234375
0 0.46412835937499997 0.7663676859375 0.45393979062499995 0.7675697875 0.44925191093750005 0.7858190656249999 0.45263162343749996 0.8174182578125 0.4536848359375 0.8988955531249999 0.4591381 0.9240949031250001 0.46417178124999997 0.9339105218749999 0.4751520796875 0.9716280656249999 0.47639786562499997 0.9719088375 0.4792107859375 0.9718269890625001 0.4879391703125 0.9612939171875 0.490679978125 0.927705346875 0.49590337343749996 0.9049122671875001 0.493415515625 0.895022578125 0.49508529375 0.8705216109375 0.4980099625 0.864560796875 0.498027809375 0.8614933078125 0.4926712140625 0.84795075625 0.49023605468750003 0.8290030937499999 0.48466685781249996 0.8237312781250001 0.4812397171875 0.8002842609374999 0.469702825 0.7707337062499999 0.46412835937499997 0.7663676859375
0 0.9158893499999999 0.78797979375 0.913115678125 0.7977329953125001 0.9067662109375 0.79944498125 0.8614704312500001 0.8017811125 0.8170508249999999 0.8091825359374999 0.8061901499999999 0.8079713140625 0.77441023125 0.8221320625 0.7707722312499999 0.8247833109375 0.777994909375 0.828645784375 0.82049331875 0.8401361749999999 0.8430849265625 0.84864224375 0.851201553125 0.8545150187500001 0.8656676453125 0.858675809375 0.87019663125 0.8585440296875 0.8865602265625 0.847886321875 0.89563300625 0.8450769359375 0.9164693015625 0.8439615843749999 0.93007995625 0.8394929234375 0.9618065546875 0.83449714375 0.9799669312500001 0.82633255 0.9856906375 0.8193207156250001 0.98569828125 0.8180067359375001 0.9755327359375 0.8101710499999999 0.9556437078125001 0.8041317375 0.9511680421875001 0.7950985484374999 0.9339490093749999 0.7971268078125 0.9276824859374999 0.7845821749999999 0.9158893499999999 0.78797979375
0 0.1412040078125 0.9704871 0.14121798125 0.968085190625 0.13613496875 0.9480513734375 0.13264132343749999 0.8485322140625 0.12112024218749999 0.8162642671875 0.11403935937500001 0.8083195062499999 0.10792937968750001 0.8084972890625 0.1007325640625 0.8204800640625001 0.09897846875 0.859473784375 0.097408815625 0.8667646078125 0.0933038765625 0.8723179109375 0.09472597656250001 0.8903894078124999 0.0882187578125 0.9480118843750001 0.08809764375 0.9688296703124999 0.0881469859375 0.9711831312499999 0.099275278125 0.9969421031250001 0.12993580625 0.996049971875 0.13078510000000002 0.9925835828125 0.1412040078125 0.9704871
0 0.13710402500000002 0.9527383578125 0.135141140625 0.940116459375 0.1377502015625 0.9291728171875 0.14316857968750002 0.8728652453124999 0.142764809375 0.85476411875 0.135710275 0.842290371875 0.129228146875 0.81893224375 0.12317613593750001 0.8091462593750001 0.11271717343750001 0.8130731578124999 0.1058697953125 0.808744178125 0.100121428125 0.8342694640625 0.08878805468749999 0.857240325 0.0960777234375 0.9168007062499999 0.09877436875 0.97830601875 0.10540661874999999 0.9967636984375 0.1300781375 0.99604583125 0.13143470156249998 0.9646766875000001 0.13710402500000002 0.9527383578125
0 0.80832235625 0.96879725625 0.8155568843750001 0.9706230671875 0.815534103125 0.9745388640625 0.9509983234374999 0.9705972578125 0.9432831625 0.965379375 0.8934524734375 0.9688656171875 0.8780776203125 0.9652403484375001 0.8427693078124999 0.96321324375 0.80833420625 0.9667605968749999 0.80832235625 0.96879725625