0 0.0552919171875 0.1421624078125 0.0830946234375 0.142971384375 0.142094584375 0.1365833109375 0.1597118484375 0.130612190625 0.175459540625 0.120889153125 0.175316603125 0.11270026875000001 0.1397466671875 0.10359758906250001 0.12990779218749998 0.098323821875 0.10957869375 0.1012235453125 0.10244294375 0.0985221734375 0.0856076828125 0.098531065625 0.0784806421875 0.0963286953125 0.012921356249999998 0.0969148578125 0.0017411421875 0.0997500015625 0.0023660375000000003 0.1355501796875 0.0083077265625 0.1371792484375 0.0552919171875 0.1421624078125
0 0.036172815625 0.4949057484375 0.047356740625 0.4964388765625 0.11852350625000001 0.4985096171875 0.144180771875 0.489569734375 0.16008595781249998 0.4870400359375 0.1624755203125 0.47164835937499994 0.16743617500000002 0.46646173125 0.1673446984375 0.46122101718749997 0.15777288125 0.4560503234375 0.1150541984375 0.4453311125 0.059246684375000004 0.44620102343749996 0.0405686921875 0.442166309375 0.012199898437499999 0.44134086093749997 0.0077160812499999995 0.44205400624999996 0.0085442140625 0.4894976875 0.014800409375 0.488797640625 0.036172815625 0.4949057484375
0 0.0333604921875 0.89915135 0.047649409375 0.9055520984375001 0.0733847609375 0.907797165625 0.1460014046875 0.90542135625 0.14492325781249998 0.8944175187500001 0.15528766249999998 0.8917266015624999 0.17323108125 0.8917499515625 0.18270413125 0.876065634375 0.189822459375 0.877769003125 0.1933231078125 0.8758818968750001 0.19330106875 0.8746193109375 0.1924123515625 0.873854371875 0.1799835859375 0.8724952359374999 0.17545515 0.8668772390624999 0.1656685359375 0.86459748125 0.1114947109375 0.8575349515624999 0.10148163437499999 0.84228114375 0.0935900125 0.84703900625 0.0847247640625 0.8467810546875001 0.0742084078125 0.8534575390624999 0.060971506249999995 0.8565636234375 0.0229293296875 0.8599454468750001 0.014992642187499999 0.8589279203125001 0.015654390625 0.8968394562500001 0.0164903890625 0.897164234375 0.0333604921875 0.89915135
0 0.26294968750000003 0.8830986609375 0.292265978125 0.88744291875 0.2949952328125 0.89151231875 0.2984455203125 0.886126478125 0.34177200625 0.88090341875 0.3549740671875 0.875801325 0.357170540625 0.868334459375 0.3570910875 0.8637825578125 0.334174621875 0.851754940625 0.309273534375 0.8465416578125 0.2941677734375 0.8441071296875 0.27114425781249996 0.8449334609375001 0.22494915624999998 0.838103084375 0.18868873749999998 0.8420355 0.180797115625 0.8467933625 0.14101673125 0.8521196046874999 0.1367147578125 0.8594756578125 0.159017240625 0.8681045703124999 0.188368371875 0.874444834375 0.19465243593749998 0.8791164203124999 0.20040870625 0.8913188390625001 0.21947618281249998 0.8918736453125 0.2214310921875 0.89036931875 0.26294968750000003 0.8830986609375
0 0.281544240625 0.537305990625 0.283838084375 0.525853765625 0.28229847812500003 0.4947963578125 0.29055321875 0.453391040625 0.2918392359375 0.43590025312499997 0.2915723125 0.420608240625 0.290916775 0.4170725625 0.2842131078125 0.4044724609375 0.2807393921875 0.3769030765625 0.2618275609375 0.350656634375 0.2570734796875 0.3354550375 0.2512711484375 0.345919103125 0.241275634375 0.34474218749999996 0.235987778125 0.3561072953125 0.2361270484375 0.36408601875 0.229388609375 0.37806714375 0.23055683125 0.38784795625 0.22776398593749997 0.39928566249999997 0.225392771875 0.4063052640625 0.21949759218749998 0.41145017812500007 0.21689044062499999 0.43352617968749996 0.225543690625 0.4435247859375 0.23534969062500002 0.462417678125 0.2359415390625 0.4677513453125 0.233570321875 0.474770946875 0.23445618437500002 0.4969485859375 0.23652956406249998 0.5014392890625 0.2366688328125 0.5094180125000001 0.2347347234375 0.5129060328125 0.23632457499999998 0.5182687421875001 0.2507453859375 0.54438450625 0.26033716875 0.549487165625 0.2624652125 0.5495490859375 0.273699478125 0.5450524015625 0.281544240625 0.537305990625
0 0.3392418703125 0.1096119453125 0.338832415625 0.0861542453125 0.32421895312500004 0.08187796562500001 0.302073253125 0.0822310875 0.2904700390625 0.07740473125 0.271844309375 0.07636403124999999 0.254192203125 0.0803391421875 0.2266576734375 0.0765454765625 0.21526350156250001 0.083695171875 0.17188475625 0.08592421875 0.160481875 0.09257490625 0.15796166250000002 0.1004815546875 0.1723028421875 0.10987631406250001 0.20520878125 0.1168187625 0.23706047031250002 0.1209023234375 0.27474423593749997 0.121998809375 0.286812615625 0.121686934375 0.3392418703125 0.1096119453125
0 0.42159885937499997 0.18887854843750002 0.42730834531250006 0.173095334375 0.42795228124999996 0.092032178125 0.42722940156250006 0.050618453125 0.4189149 0.0124716140625 0.3970623796875 0.011835771875 0.39713975156250003 0.0162683953125 0.39055605625 0.039114767187499996 0.380549071875 0.12300067968749999 0.3841968296875 0.13196756406250001 0.383837096875 0.1399317671875 0.3895891828125 0.15516240312500001 0.38640565625 0.17279126250000001 0.39103594375 0.18090066093749999 0.39592929374999997 0.2040809828125 0.403830303125 0.21321039062499997 0.413564659375 0.21349363124999998 0.419850440625 0.20300486874999998 0.42159885937499997 0.18887854843750002
0 0.472126290625 0.4681571328125 0.4889702625 0.4686472421875 0.496114721875 0.4718476171875 0.5032069203125 0.47205397812500005 0.509334203125 0.4677435265625 0.52702115 0.465764421875 0.54816709375 0.4588984765625 0.5529202390625 0.451714084375 0.55289261875 0.45013169218750004 0.5496701296875 0.44348100625000003 0.54342090625 0.440805428125 0.5025362421875 0.43363082343750003 0.4772064171875 0.43086090312499997 0.466440453125 0.4305476453125 0.4334047265625 0.4326168 0.3926158734375 0.4309312171875 0.338860134375 0.44782078125 0.3114649671875 0.45201114843749995 0.2982629046875 0.45711324218750005 0.2840610875 0.4557025140625 0.280575959375 0.4590923453125 0.330247478125 0.4620338859375 0.33470623437499997 0.46365986875000004 0.3384787953125 0.47673709999999997 0.34910838437499997 0.4765476421875 0.35084659375 0.47460322499999996 0.38809805625 0.4766846296875 0.401620025 0.480197875 0.405314215625 0.48030536562500004 0.4536050828125 0.4731044546875 0.472126290625 0.4681571328125
0 0.4897216203125 0.8741970109375 0.5127538453125 0.873869684375 0.528580640625 0.8668489703125 0.53660863125 0.8592741671875 0.5365953421875 0.8585128609374999 0.340045090625 0.8274482421875 0.3285899484375 0.8311049203125 0.309946796875 0.8290662140625 0.3145274921875 0.8376782265625 0.30926931406249997 0.8410164671875 0.276485315625 0.8410600468749999 0.2677333 0.847289121875 0.26696000625 0.8537503531249999 0.27062804687500003 0.860839559375 0.27599945625 0.86398834375 0.30901862812499997 0.8774178171875 0.3954539203125 0.8845004234375 0.4217119125 0.885264453125 0.45619916875 0.88269783125 0.4897216203125 0.8741970109375
0 0.6332461046875 0.8816844203124999 0.661466828125 0.874026834375 0.6586853109375 0.8669634203125 0.666301284375 0.8633428828125 0.6662117328125 0.858212503125 0.6470124171875 0.8581450484375001 0.587319109375 0.8394507000000001 0.5793316765625 0.8387195406249999 0.5705448203125 0.8429526062500001 0.5502331390624999 0.8468503343749999 0.5361881046875 0.8544216406249999 0.524602309375 0.8505932890624999 0.515745771875 0.8508343406250001 0.496189965625 0.8472728343749999 0.4652138578125 0.8493640109375 0.45728739531249996 0.8521258671874999 0.45300284062499996 0.8604799249999999 0.4611035078125 0.8676981093749999 0.502144953125 0.8838547484375001 0.517259425 0.8867882796875 0.5802794265625 0.891440003125 0.598912725 0.8919821765625 0.6138906296875 0.889599959375 0.6332461046875 0.8816844203124999
0 0.608655546875 0.4959071671875 0.6121406765625 0.492517334375 0.6209623734374999 0.490280278125 0.6342950875 0.4926632140625 0.655502 0.4892902828125 0.66429756875 0.48555621875000005 0.6720259796875 0.47554968750000004 0.6719290171875001 0.469994671875 0.671050071875 0.46630150312499996 0.6487737203124999 0.459169596875 0.6105921828125 0.45456738750000003 0.5998929125 0.45076483125 0.5786772890625 0.453638759375 0.53156911875 0.446498053125 0.52808066875 0.44639654999999995 0.48558347187499995 0.4504312578125 0.467809425 0.447420340625 0.4659928265625 0.44487374218750003 0.4519390796875 0.4519460484375 0.44217859531250003 0.45116329843749997 0.44323932499999996 0.46116913281249994 0.45127901875000004 0.464894303125 0.45761534375 0.4725599015625 0.474659646875 0.48452705781249994 0.4826906328125 0.4877532234375 0.515570440625 0.49319866718750005 0.529841940625 0.49860141249999995 0.5468862421875 0.5105685671875 0.5490536875 0.511036765625 0.562108746875 0.5114166296875 0.590890209375 0.4933952546875 0.608655546875 0.4959071671875
0 0.5407395640625 0.139108721875 0.5879800265624999 0.140483278125 0.6159796953125001 0.13743815625 0.630919965625 0.13039164375 0.6415147125 0.1282061796875 0.6502479046875 0.12258557656249999 0.65022376875 0.12120287031250002 0.649354075 0.12045430312500001 0.6394803609374999 0.1131845265625 0.611068015625 0.10986406875000002 0.5959361234375 0.1059325359375 0.5932329968750001 0.10336014062500001 0.5825859890625 0.102551596875 0.545404209375 0.1044622078125 0.5188868531249999 0.10817936875 0.4896228265625 0.10682912343749999 0.4692937234375 0.109728846875 0.45699560781250004 0.11585474062500001 0.45714368125 0.12433777500000001 0.46879044375 0.13165913906249999 0.502998809375 0.138010578125 0.523213840625 0.138598775 0.5327073312499999 0.13850641875 0.5407395640625 0.139108721875
0 0.7950452890624999 0.145250546875 0.8039105390625 0.14550849999999999 0.8268643718750001 0.140690153125 0.833904309375 0.13790250312500002 0.840836540625 0.126048903125 0.840794959375 0.12366679375 0.8271760296874999 0.10778181718749999 0.8173632843749999 0.10400505625 0.8005628640625 0.10600995625000001 0.6924503859375 0.10535794843749999 0.6737985265625 0.1028202390625 0.63768618125 0.1152356890625 0.626201796875 0.1172171453125 0.62630071875 0.12288438125000001 0.6398337640625 0.13674436406249998 0.6638396156249999 0.14143285156250002 0.6835522046875 0.15397639531250001 0.7136250953125 0.155071121875 0.7532163203125 0.156223109375 0.779209784375 0.15177226093750001 0.7950452890624999 0.145250546875
0 0.63683093125 0.49432669375 0.6628252390625 0.498730115625 0.6713588578125 0.49897841875 0.6829824828125 0.49866205625 0.6859026781249999 0.4994016015625 0.7578966234375 0.5014964109375 0.7787184546875 0.5009489406250001 0.793745825 0.49889245000000004 0.825442965625 0.48734602968749996 0.8330689874999999 0.486277025 0.833061815625 0.485866121875 0.8164993265625 0.4825970578125 0.79419684375 0.4739681453125 0.7621513 0.46555448750000006 0.7524082359375 0.465769740625 0.7337128234375 0.4607370234375 0.6911770515625 0.46049685625 0.6364389765625 0.471871603125 0.6252504515624999 0.479884496875 0.6252772546875 0.4814200875 0.62606198125 0.48653212031250004 0.63683093125 0.49432669375
0 0.7239674968750001 0.9737948265625 0.7347596656250001 0.8491723328124999 0.7135035656250001 0.74576919375 0.710478603125 0.7439090265625 0.708014540625 0.7456094796875 0.707558140625 0.776608809375 0.7018486546875 0.792392021875 0.6992724499999999 0.816241075 0.692205228125 0.8399594546875001 0.6914702875 0.8550013375000001 0.6872268609375001 0.8690550578125 0.6779160390625 0.8785309609375 0.6770418296875 0.8855941203125001 0.6939886015625001 0.9135555343749999 0.694406409375 0.937491703125 0.6921125640625 0.9489439296875 0.6938881078125 0.9649449359375 0.7012145734375 0.9846517515625001 0.7063117953125 0.9872478484375 0.7094721234375 0.9873398046874999 0.7182115890625 0.9869184640625001 0.7239674968750001 0.9737948265625
0 0.87133375 0.9697813359375 0.8712254296875 0.9635756625 0.8741265953124999 0.95834363125 0.8796503890625 0.9319221203125 0.8802151109375 0.9071284640625 0.8877503859375 0.8816515546874999 0.8911660296875 0.8773205671875 0.863152190625 0.815366303125 0.855729059375 0.818694609375 0.848866825 0.8255835359375 0.8412387046875001 0.8457412953125001 0.8390377062500001 0.8625126703125 0.8390184093749999 0.8899804187499999 0.8399506921875 0.9148176343750001 0.8442057734375 0.9300047125 0.8428635109375 0.9388264015625 0.8543522078124999 0.9684011484375 0.8556442234375 0.9852741593750001 0.8568994671875 0.9869443828125 0.85983240625 0.9870297234375001 0.8651097890624999 0.9846635046875001 0.87133375 0.9697813359375
0 0.8933033781249999 0.56349084375 0.8963940578124999 0.540542834375 0.901790234375 0.5353834 0.9039602828125 0.516838975 0.9096852453125001 0.5019422875 0.9060684359375 0.494748453125 0.904153621875 0.47076872343750004 0.9064784156249999 0.461089546875 0.9011015359375 0.43878123281250003 0.898033975 0.405907215625 0.888866246875 0.39500756875 0.8853887078125 0.3957924578125 0.8750605859375 0.432707071875 0.8702407843750001 0.44231365 0.86518504375 0.46697662968750003 0.8650807296874999 0.54672030625 0.8621293171875 0.5776470375 0.8668593124999999 0.5952458734375 0.8783256015625 0.5955795078125 0.8823369874999999 0.5924122140625 0.8933033781249999 0.56349084375
0 0.9289069296875001 0.9176381265625 0.9331827703125001 0.90878506875 0.9525730859375001 0.9028655375 0.96202511875 0.89550095625 0.9619882984375 0.8933915078125001 0.9567269859374999 0.8870264499999999 0.9388658390625 0.8790255140625 0.9077677890625001 0.8741306640625 0.894400234375 0.8697517187500001 0.8740014546875001 0.8686594281250001 0.8650926562500001 0.8659064671875001 0.8490708937500001 0.85553325625 0.8443148546874999 0.85539486875 0.830422375 0.8594114296875001 0.8225481734375 0.8651672953125 0.8005418359375 0.8735044515625001 0.759092921875 0.8847671234375 0.7520704046875 0.888552778125 0.755660053125 0.8911509703125 0.7869148859374999 0.90502785625 0.7975270531249999 0.9038403921875 0.841071290625 0.9110923812499999 0.885414953125 0.9133801484375 0.8916467562499999 0.9150577203125 0.894471821875 0.92461614375 0.9042013640625 0.927414178125 0.9062782468749999 0.927474609375 0.9120368265625001 0.9156510109375 0.9289069296875001 0.9176381265625
0 1 0.13817615156250002 0.9669337453125 0.12301159843750001 0.9483080156250001 0.12197089531250001 0.8881375578125 0.1267038453125 0.87038093125 0.1246909359375 0.8651314625 0.12852817968750002 0.8580653953124999 0.1298188234375 0.8199709578125001 0.130206634375 0.808568078125 0.13685732343749998 0.8086725984375001 0.14284534843750002 0.8167732640625 0.1500635328125 0.8488884890625 0.16246920781250002 0.9464759 0.1692987 0.9661151578125 0.17491148437499998 0.9687819640625 0.1749890796875 0.989828515625 0.165572646875 1 0.163405796875 1 0.13817615156250002
0 0.8928525640625 0.1735329234375 0.891073196875 0.18588619374999998 0.8967633859375 0.1975707296875 0.8989567375 0.2375079046875 0.9036179734375 0.24739035468749998 0.9078359953125 0.24973934843749998 0.9098631875000001 0.24979833281250002 0.9160930234375 0.2477533421875 0.9289161546875 0.21091132343750002 0.930857909375 0.150714753125 0.93710886875 0.09434070624999999 0.93706656875 0.09191732968750001 0.9259567296875 0.06993935625 0.9200344265625 0.04495695 0.9133752718749999 0.049193559375 0.9030838343750001 0.045349812499999996 0.897266028125 0.05492735 0.8911813343749999 0.0777882421875 0.884411946875 0.0899963171875 0.8842307234375 0.1069372234375 0.8842484609374999 0.1079533984375 0.8901718625000001 0.162822028125 0.8928525640625 0.1735329234375
0 1 0.895645953125 0.9938287546875 0.8971078 0.9450350484375001 0.893693053125 0.9310248546875 0.90326036875 0.9089384562499999 0.9072498296875 1 0.9098994499999999 1 0.895645953125