0 0 0 0 0.010970714062500001 0.009182243750000001 0.0166390515625 0.028081407812499997 0.0231131265625 0.09411731718750001 0.0306174515625 0.11571819375 0.030114685937500003 0.17104598124999998 0.024572174999999998 0.1862191578125 0.0204961140625 0.21368746875000003 0.018793096875 0.2383520046875 0.0107732234375 0.24212676093750002 0.004803184375 0.2421443078125 0.001787225 0.240911284375 0 0 0
0 0.38171866875 0 0.382859909375 0.006828059374999999 0.3998867953125 0.0096228125 0.4285440453125 0.01970900625 0.499504615625 0.01805738125 0.515364490625 0.01597636875 0.5381258046874999 0.009596321875 0.545695375 0.010483824999999999 0.5485177171875 0.013609190625 0.5494770640625 0.0114594890625 0.5630716437500001 0.007420173437499999 0.5731729671875 0.0071850625000000005 0.60419301875 0 0.38171866875 0
0 0.8768225671875 0 0.8742642265624999 0.0379736859375 0.8757002015625 0.06539866718750001 0.88199503125 0.080401615625 0.8834860984375 0.0983569 0.8856403625 0.104369565625 0.9246964296875 0.103460525 0.923423790625 0.0898526078125 0.9276777046875001 0.05528105625 0.9279993203125001 0 0.8768225671875 0
0 0.8826082921875 0.0754965046875 0.8754454796875001 0.11827108593749999 0.8700767484374999 0.1269176171875 0.86454326875 0.1657860375 0.86454225625 0.16596018125 0.8700962984375 0.2149734203125 0.8683573109375 0.23963177343750003 0.8703913109375 0.2556807359375 0.8743158734375 0.27804716093750004 0.907632090625 0.2772717171875 0.9130161250000001 0.24237969375 0.918889225 0.2384556296875 0.9146504328124999 0.2357137640625 0.9111088374999999 0.204550428125 0.9204103281249999 0.1598323828125 0.9239714984375 0.15525481562500001 0.9240080140625 0.148978315625 0.9237285328124999 0.137977796875 0.90940539375 0.1316832828125 0.9046567265625001 0.12516591875 0.8989874703125 0.094052103125 0.8906145625 0.07057594843750001 0.8826082921875 0.0754965046875
0 0.5142407828125 0.177101053125 0.490569634375 0.1771201625 0.4829784046875 0.1799560640625 0.4772996796875 0.1795563953125 0.45747211249999997 0.1699128734375 0.44710805625 0.1611127703125 0.42341524531249997 0.1648552828125 0.4176962921875 0.17137050781250002 0.4101050609375 0.1742064109375 0.39777588750000004 0.17768443125 0.38736540937499997 0.176863053125 0.372170571875 0.18466251718749999 0.36364784375000003 0.1848608859375 0.351303196875 0.19099848125000002 0.352188275 0.2016147390625 0.3409300125 0.2081791140625 0.34092930312499997 0.2083011421875 0.3568581375 0.21267474687500001 0.384205759375 0.23171640781249997 0.41354325000000003 0.234224628125 0.426760596875 0.24083094843750003 0.43129371250000004 0.2414899625 0.4453996203125 0.24116164375000002 0.46559254375 0.238863440625 0.510155821875 0.2282530453125 0.5432935718749999 0.2285454421875 0.5556196515625 0.2255993359375 0.5641918921875 0.216890328125 0.5690392046875 0.2055866453125 0.5690617437500001 0.201712534375 0.5643342437500001 0.19242224375 0.5369587703125 0.17816781406249999 0.5312862375 0.176704315625 0.5274859796875 0.17892013906249998 0.518963253125 0.1791185078125 0.5142407828125 0.177101053125
0 0.067336240625 0.2057381296875 0.07184250156250001 0.25392216093750003 0.0780216359375 0.28881147500000004 0.0867999515625 0.30262595000000003 0.0909021890625 0.3025304703125 0.09603512187499999 0.30070114531250003 0.10355355 0.2882172125 0.107546909375 0.24172903437499998 0.1155972546875 0.22923272031250003 0.11257655312499999 0.1999509421875 0.116087815625 0.1862922453125 0.1162470109375 0.158928765625 0.11234214218750001 0.1488269609375 0.1135437046875 0.12512795625 0.11134047031250001 0.1166576640625 0.08267246406249999 0.11732491874999999 0.06968978125 0.1668628515625 0.067336240625 0.2057381296875
0 0 0.3970568046875 0.029833275 0.402376034375 0.0704520375 0.40143062343749997 0.1603336546875 0.3970616546875 0.177416246875 0.3902819375 0.1925801390625 0.387801621875 0.20400752500000002 0.3806482828125 0.20406804531249997 0.37024571875 0.1946226203125 0.362225625 0.1700292578125 0.35801145624999997 0.16153438125 0.35342259062500003 0.142573325 0.357586815625 0.12650888124999998 0.352110446875 0.117983059375 0.3528407296875 0.1085350265625 0.3493377359375 0.0185017265625 0.36366567031249997 0 0.36968165625 0 0.3970568046875
0 0.455098953125 0.25613722656250004 0.4523291921875 0.275138521875 0.44750339375000003 0.2818787375 0.44745931875 0.28945449375 0.450606734375 0.2969559671875 0.4505020578125 0.3149483921875 0.4445352953125 0.3349709421875 0.4346467984375 0.3891710625 0.43827654374999997 0.40518288281250003 0.4391089828125 0.44493085 0.43697030468750003 0.4468743125 0.436372278125 0.45825032656250003 0.45018002656249995 0.46171631562500004 0.45174822499999995 0.4664140234375 0.4530272953125 0.5190714468750001 0.453367659375 0.519063525 0.456780890625 0.515532640625 0.4558052109375 0.5004058890625 0.4617389140625 0.486065159375 0.46722885 0.45658529375 0.4872457703125 0.3983620625 0.4869672828125 0.3548138375 0.49025360781250005 0.32095206875 0.4903398671875 0.306125425 0.488460840625 0.2809254421875 0.4823312890625 0.2375134 0.4797102796875 0.230946515625 0.4717535953125 0.22734434375 0.4632099 0.23322425 0.455098953125 0.25613722656250004
0 0.7485550953125 0.3407567359375 0.757972184375 0.3495788796875 0.77497121875 0.357160865625 0.7995862421875 0.35765163125 0.8355122937499999 0.36692045625 0.8762502890625001 0.370177153125 0.8929058953125001 0.36978948906250003 0.9927154515625001 0.3621978265625 0.99620325 0.360796025 0.9964206890625 0.3234214546875 0.9919943890624999 0.3233900796875 0.9863342312500001 0.31979892187500003 0.9911216875 0.3106461640625 0.971226040625 0.31270476875000003 0.958940190625 0.30873598125 0.7485550953125 0.3407567359375
0 0.8727245765625 0.4348932328125 0.8757948609374999 0.4556522828125 0.8752078531249999 0.4651343609375 0.8788596375 0.47735830312500005 0.87026085 0.49270790625 0.8653469015624999 0.5145996328125 0.860504575 0.5241807546875 0.8609869046874999 0.5326911015625 0.8787028875 0.5957171359375 0.8780857718749999 0.6154137140625 0.8839490109374999 0.6152772453125 0.8876738203125001 0.607817275 0.8951041015625 0.6104848578125 0.9043229515625001 0.5799713578125 0.9134867109375 0.5589275578125 0.917043796875 0.540421703125 0.9170879093750001 0.5328394249999999 0.914087225 0.455707859375 0.9115213078125001 0.4396712765625 0.89718285625 0.4002376671875 0.8764690109375 0.40071978750000004 0.8761088906250001 0.401675009375 0.8727245765625 0.4348932328125
0 0.537731175 0.5051667171875 0.5187794015625 0.507735196875 0.48764699531250005 0.48824978281250003 0.4772334234375 0.4879603171875 0.47154541875 0.4891563953125 0.4534818171875 0.501809215625 0.43829935468750003 0.50748101875 0.4032336265625 0.51308376875 0.3946923328125 0.5164736265625 0.3766287328125 0.529126446875 0.36995352656249997 0.5372594578125 0.3614091359375 0.5411812312500001 0.360829040625 0.547310925 0.36080285624999997 0.5518116515625 0.370820034375 0.5510672046875 0.38485518750000003 0.5581530921875 0.3863308828125 0.5581187453124999 0.38783454375000004 0.5559896156249999 0.40678940937499997 0.552889221875 0.44523239375 0.556747796875 0.46306206562499996 0.5563328078125 0.5062243234375 0.5500430046875 0.5289299359374999 0.5532374265625 0.5403152312499999 0.54924953125 0.581056590625 0.544578365625 0.6047710640624999 0.5371124484375 0.6062043593750001 0.5308033375 0.60622109375 0.5279270125 0.5973159953125 0.5165440953125 0.5878710546875 0.5125091859375 0.565168540625 0.5087828484375 0.5509516171875 0.511241121875 0.541497390625 0.5088019578125 0.537731175 0.5051667171875
0 0.096588728125 0.44170216562500003 0.093863040625 0.453127703125 0.085790659375 0.4694118953125 0.079827140625 0.5112122125 0.0798051453125 0.51499286875 0.0815493828125 0.558513709375 0.08032578124999999 0.5860005921875 0.086471859375 0.6265717234375 0.0936343 0.6383588890625 0.10307688749999999 0.6381391109375001 0.1098816234375 0.6250800140624999 0.11373174374999999 0.603213046875 0.11338163593749999 0.571975428125 0.11833414687499999 0.5434549125 0.12039889687500001 0.519418409375 0.120561384375 0.49148926406250004 0.11864817812499999 0.489477640625 0.11501843281249999 0.47346581875 0.11253515624999999 0.443224690625 0.10514894999999999 0.43298135000000004 0.103564225 0.4311245515625 0.096588728125 0.44170216562500003
0 0 0.740653859375 0.0380798828125 0.7538818093749999 0.0579786265625 0.751291290625 0.17349345625 0.751261865625 0.1897850625 0.7532925875 0.1921694046875 0.753237090625 0.20190873593749997 0.7495368078125 0.21601835 0.7329739 0.21603715 0.7297425171875 0.20872319843749998 0.7174676265625 0.201166009375 0.714452465625 0.1765788375 0.7091744640625001 0.16710914062499999 0.709394875 0.1501070109375 0.70234480625 0.120784990625 0.6971770109375 0.047865228125 0.69940608125 0.026957625000000002 0.7126569375 0.0013646875 0.7175073656250001 0 0.7189106609375 0 0.740653859375
0 0.47660273750000004 0.603464978125 0.46310652812499997 0.637865396875 0.46035329531249997 0.6540257859375 0.4568257390625 0.711865221875 0.4571538109375 0.74689071875 0.4592263765625 0.75631089375 0.4580523625 0.775275046875 0.46213138125000003 0.805479034375 0.4700439921875 0.8166569640624999 0.47307604062499997 0.8170018953125 0.477346809375 0.8169024921875 0.486067553125 0.8049219140625 0.500238915625 0.7458879015625001 0.5002898578125 0.7441436828125 0.5005688875 0.69618269375 0.49689565468749997 0.6806336546875 0.497488171875 0.670204609375 0.4897077828125 0.63629940625 0.48133487812500003 0.6128232515625001 0.478253575 0.5939581390625001 0.47660273750000004 0.603464978125
0 0.8911678703125 0.7537187578125 0.8913166218749999 0.728150575 0.9083061703125 0.69961931875 0.9083433828125 0.693223253125 0.9080208453124999 0.6908349625 0.897975065625 0.680653525 0.8932759796875 0.6656134328125 0.8923058078125001 0.649539709375 0.8844758359375 0.6241572343749999 0.8814330984375 0.5986633343750001 0.8751492875 0.5817664453125 0.874278284375 0.5486472671875 0.871640996875 0.5468230265625 0.8716161031249999 0.54682360625 0.8684272203125 0.548783453125 0.8470434593749999 0.6591147765625001 0.8590326156250001 0.7814597531249999 0.8922955140625 0.7806855500000001 0.8937558234375 0.7659674609375 0.8911678703125 0.7537187578125
0 0.9545627968750001 0.808886503125 0.93848906875 0.8050058796874999 0.9119770109375 0.8050911125000001 0.8826178562500001 0.806306296875 0.864609959375 0.8093846499999999 0.8427801421875 0.8184022296875 0.8351610609375 0.8260253671875001 0.8313267640625 0.8340922546874999 0.8941621546875 0.8603188140625001 0.8978170984375 0.86023374375 0.901257075 0.8574612234375 0.928768709375 0.848311396875 0.95529005 0.84663041875 0.9837362765625001 0.8395862125000001 0.9894366625 0.836262478125 0.995000109375 0.8361329874999999 0.9951055828125 0.8180035531250001 0.9640417781249999 0.80707035 0.9545627968750001 0.808886503125
0 0.4793850609375 0.9383589859375 0.49085579843750005 0.9778593437499999 0.49457369375000004 0.97871965 0.504214271875 0.9671331640625 0.5070776921875 0.9320333843749999 0.5125345734375 0.9082353375000001 0.5099356015625001 0.8978805718749999 0.5116800968749999 0.8722752500000001 0.5152090515625 0.8650979484375 0.5152153 0.8640237703125001 0.50915825625 0.848662909375 0.5066143765625 0.8288384484375 0.50079636875 0.8232928140625001 0.49721620624999996 0.7987582671875 0.48516397031249997 0.7677930171875 0.48000953593749995 0.763722709375 0.47322592812500003 0.7638806 0.46869664687499996 0.76438893125 0.4637992265625 0.78343975 0.46732980468749996 0.816497025 0.46842971093749997 0.9016871578125001 0.4741265140625 0.9280661234375 0.4793850609375 0.9383589859375
0 0.9887183046875 0.79698930625 0.9707165968749999 0.799003828125 0.964165175 0.78586024375 0.9518360015624999 0.7893382640625 0.9489362937499999 0.7995107703125 0.9422982234375 0.801260803125 0.8949435484375 0.8034266796875 0.8485048984375 0.810889665625 0.8371505453125 0.8095584140625001 0.8039261468750001 0.8241596343750001 0.8001227953125 0.8269073718750001 0.8076737968750001 0.8309863625 0.8521040062499999 0.8432483109375 0.8757225468750001 0.8522717546875 0.8842081390625 0.8584563656249999 0.895760934375 0.8618438906250001 0.9058843078125 0.861608265625 0.9211739968750001 0.851745703125 0.9306591671875 0.8488657187499999 0.9524425640624999 0.8478268625000001 0.9666718671875 0.8432409281250001 0.99498371875 0.8389502359375 0.995169590625 0.8070015796875 0.99339745 0.80645356875 0.9887183046875 0.79698930625
0 0.0752716953125 0.8873563437499999 0.0553822359375 0.8883511171875 0.0060160281250000005 0.9107738453125 0.0107075515625 0.9181104484375 0.0049700328125 0.9278171625 0.0314480484375 0.93358299375 0.054424915625 0.943917740625 0.0562212328125 0.9438759296875 0.07781861718750001 0.9378221343750001 0.18201004062499998 0.931142309375 0.216172125 0.9181147921875 0.22278702031250003 0.9122110156250001 0.22284085625 0.902957515625 0.21250802968750002 0.8969263609375 0.1717976171875 0.896278378125 0.16423114218749998 0.894858959375 0.15857408281250002 0.8907358875 0.1396254046875 0.8927724515625 0.0752716953125 0.8873563437499999
0 0.13621874375 0.911565459375 0.13340188749999998 0.8472458015625 0.119271578125 0.807807346875 0.11130938125 0.8051521453125 0.10597370312500001 0.808116859375 0.10112586875 0.81864495 0.099282203125 0.8612957281250001 0.09335951875000001 0.87374251875 0.095410046875 0.886950571875 0.09268436249999999 0.8983761124999999 0.0870236375 0.9572120375000001 0.08744536562500001 0.9761390499999999 0.0948150421875 0.9892232999999999 0.097135109375 0.99760374375 0.13251116875 0.99678035625 0.14383385312500002 0.9738797531250001 0.13621874375 0.911565459375
0 0.8841733484375001 0.9468493578125001 0.88118126875 0.9793548671875 0.8879321703124999 0.9791977375 0.8882077859375 0.9318233140625001 0.8841733484375001 0.9468493578125001