0 0.8567721578124999 0 0.8575062499999999 0.014007321875000001 0.8624849640625 0.0690643609375 0.8692402124999999 0.08925593750000001 0.8692534484375001 0.0993908734375 0.8771536453125 0.1315469609375 0.88224635 0.1397800484375 0.8870462109374999 0.1428966609375 0.8913975234375 0.1428460296875 0.8962215046875001 0.1396174328125 0.9022131828125 0.1155920453125 0.9018489078125 0.0888765 0.904699975 0.074101375 0.9063531515625 0.0068219953125 0.9050594656250001 0 0.8567721578124999 0
0 0.4934058828125 0 0.49213616250000003 0.0228282078125 0.4951763921875 0.08083925625 0.5081560578125 0.11109349531249998 0.5121302859375 0.1276319453125 0.5283206078125 0.13020766875 0.534865175 0.1360504890625 0.5392558359375 0.1359993984375 0.5441248671875 0.12541691093750001 0.5512471859375 0.0834358625 0.5505172265625 0.0695073953125 0.5460146484374999 0.023122645312500002 0.54750595 0.01204883125 0.5468744984375 0 0.4934058828125 0
0 0.075891715625 0 0.075808234375 0.0145493328125 0.07700718906250001 0.0374267515625 0.0843561234375 0.1017866734375 0.095695028125 0.10073335937500001 0.0993676453125 0.1115167453125 0.1008624625 0.13015713281250002 0.11795644375 0.140093315625 0.116789709375 0.147477865625 0.118520425 0.150275815625 0.121032615625 0.150246584375 0.12107526718749999 0.15019211562499998 0.12143485937500001 0.1372887234375 0.1268871515625 0.132618421875 0.1284267109375 0.1224654171875 0.131176578125 0.0662297359375 0.14617369375 0.0559201421875 0.1405633921875 0.047693075 0.14008081562500002 0.038484971875 0.1322553484375 0.02751956875 0.1279082953125 0.0137495734375 0.12556685 0 0.075891715625 0
0 0.10990096406250001 0.233115159375 0.10787027656249999 0.2635440609375 0.1038742640625 0.2663546734375 0.10976087500000001 0.2699716640625 0.1188542765625 0.31501307343749996 0.1251193765625 0.3284326546875 0.13916348437499998 0.3282692359375 0.1484889203125 0.30729726875 0.1517960921875 0.28146037343749997 0.15304610624999998 0.2657825078125 0.15023861249999998 0.24185950625000002 0.153422796875 0.19391112187499998 0.1462682515625 0.1562181265625 0.14065795 0.1479910609375 0.131757578125 0.10663289375 0.12375231406250001 0.102119184375 0.11667718125 0.12523580625 0.1125761015625 0.1556887984375 0.1082555203125 0.162188675 0.09483078125 0.16869393593749998 0.0957536640625 0.18630359999999999 0.098833684375 0.1899394640625 0.10990096406250001 0.233115159375
0 0.534526578125 0.12945826875 0.532565934375 0.1414589171875 0.5352901484375 0.17367523125 0.5282414859375 0.21706172656249997 0.5278508609375 0.22728347499999998 0.5293052765625 0.2550353875 0.5365892375 0.26764004375 0.5411908125 0.29614902656250003 0.5617414234375 0.32262968125 0.5669159359375 0.3373629609375 0.5676632734375 0.33735426562500004 0.5728522765624999 0.3271072546875 0.583252503125 0.327907609375 0.5883187359375001 0.3158708234375 0.5878844171875001 0.30758353125000004 0.594358671875 0.29276624687499997 0.5927926390625 0.282649378125 0.5952708796875 0.270642709375 0.5974728109375 0.26324611249999996 0.6033944453125 0.257648975 0.6052935953125 0.23459258125 0.595963590625 0.22456605624999998 0.5851158125 0.20534347187500002 0.5843086671875 0.1998246328125 0.5865105984375 0.19242803749999998 0.5847865578125 0.169413803125 0.5824748765625001 0.1648338421875 0.5820405578125001 0.1565465484375 0.5839179203125 0.1528392171875 0.58207558125 0.147332421875 0.56618335625 0.1207975625 0.555209653125 0.11548887187500001 0.5548140593750001 0.115493475 0.5423738328125001 0.12107461093750001 0.534526578125 0.12945826875
0 1 0.20134293906249998 0.97724519375 0.20263401874999998 0.9650305250000001 0.19811492343749998 0.94566638125 0.19782233124999998 0.9274943109375 0.2026950078125 0.8987864343749999 0.19992157187499998 0.88722279375 0.20782483593749998 0.842292971875 0.2119730390625 0.830702203125 0.2193587046875 0.8294215765624999 0.2239312515625 0.8296580828125 0.22844406093749997 0.843595028125 0.236817759375 0.8779905234375001 0.24263249999999997 0.9251959843750001 0.24674444062499998 0.9628407031249999 0.24423474843749998 1 0.23407722187500002 1 0.20134293906249998
0 1 0.3700500296875 0.9970587484375001 0.3692073765625 0.9095324437500001 0.358391503125 0.9087646171875001 0.3584004375 0.8999396468749999 0.3620508359375 0.8916252281249999 0.36162966875 0.8762698406249999 0.36750539843749996 0.8576637500000001 0.36409650312499997 0.8496205953124999 0.36885131875 0.8259236609375 0.373788284375 0.8173641171874999 0.3816831515625 0.8179149578124999 0.39219384218750003 0.8290673390625001 0.398611575 0.8439088078125 0.40051053281250004 0.860808909375 0.4065288515625 0.9578914453125 0.4078592859375 0.9866162453125 0.4075250421875 1 0.404641875 1 0.3700500296875
0 0.5565213906250001 0.451448721875 0.5574382859375 0.4689441171875 0.55471875625 0.47634673593750004 0.5551048171875 0.48371321875 0.56010100625 0.49010468593749995 0.56365415 0.508490778125 0.572576309375 0.5304998828125 0.5808799687499999 0.5357589859375 0.5815018015625 0.53575175 0.588718371875 0.5321547984375 0.590968559375 0.5256790109375 0.594959890625 0.48324946406249997 0.5958588640625 0.4509909890625 0.5901605984375 0.4114383046875 0.588458346875 0.36907500625 0.5663634921875 0.313128421875 0.5596915234375001 0.2846435296875 0.5532740765625 0.2708976265625 0.5535371515625 0.25615261718750004 0.5497209328125 0.252511534375 0.5508705640625 0.3040949796875 0.5495590578125 0.3087171 0.5362945296875 0.312556934375 0.5373912203125 0.32360063437500003 0.539558128125 0.32541816562500003 0.540549753125 0.36410424375 0.5386931328125 0.37450145 0.5393312015625 0.3866765109375 0.5498144 0.4321779546875 0.5565213906250001 0.451448721875
0 0.13201803750000002 0.47914857343749995 0.1405759203125 0.474442134375 0.14448865625 0.4799248359375 0.146941365625 0.5095392624999999 0.1729239453125 0.509236928125 0.1823215921875 0.4804059828125 0.1823690328125 0.372604925 0.1753460234375 0.327539425 0.1636778640625 0.292663065625 0.16138797031250002 0.26873404375 0.1527553578125 0.2522498 0.143473609375 0.24314408437499999 0.1280469859375 0.4445074 0.12828871875 0.44911992500000003 0.132557421875 0.4597934890625 0.13201803750000002 0.47914857343749995
0 0.1412002578125 0.616260971875 0.15154367500000002 0.645624515625 0.158645278125 0.6427777640625 0.162692778125 0.650066734375 0.1683218625 0.6500012328125 0.1668171 0.6307048421875 0.1811821828125 0.568805778125 0.181227621875 0.5642806703125001 0.18100591875 0.5600503234375 0.17612450156249998 0.5513585625 0.1703561921875 0.5302341312500001 0.161302496875 0.51559753125 0.16429833437500002 0.5035848374999999 0.1632981609375 0.49438275625 0.16534208125 0.4740887921875 0.160547475 0.44189656875 0.1570075671875 0.43364541250000005 0.14796710625 0.42914374843749997 0.141155046875 0.4375153625 0.1278469484375 0.48005332031250003 0.1260793375 0.4957372109375 0.126623603125 0.5665099328125 0.1272919203125 0.5792621718750001 0.13133941875 0.596105534375 0.1412002578125 0.616260971875
0 0.54087421875 0.5744742234375 0.5397689765625 0.5929145218749999 0.543585196875 0.5965556015625 0.546655765625 0.605733590625 0.5453092359375 0.6195698375 0.5506082046875 0.6416211015625 0.55523156875 0.6507810218750001 0.5649461687499999 0.6578937140625001 0.5758387859375 0.6577669671875 0.581326303125 0.6348140609375 0.5828744125 0.5951770578125 0.585918509375 0.584085175 0.5811371375000001 0.5620278875 0.58469415 0.5113110468750001 0.5765876859375 0.4653367828125 0.5782105265624999 0.44689046250000003 0.5807020031250001 0.445018728125 0.57216590625 0.4303761046875 0.5721526703125 0.4202411671875 0.5618489609374999 0.421282434375 0.558660090625 0.42961188593750005 0.55123391875 0.4361479015625 0.540246053125 0.453781821875 0.53757478125 0.46210525 0.5347019265624999 0.4962294390625 0.530298065625 0.5110226296875 0.5193101984374999 0.5286565515625 0.5188204859375001 0.5322929703125 0.5192842765625 0.541142628125 0.5196129796875 0.54431635 0.54087421875 0.5744742234375
0 0.908832184375 0.44996281250000003 0.9077884359375 0.47945885625000007 0.9049856249999999 0.495154790625 0.9031565703125001 0.4972453609375 0.9045344328124999 0.52353655 0.9077363093749999 0.547640978125 0.9138424265625 0.57521108125 0.914917328125 0.6056038453125 0.9196504421875 0.6267403234375 0.9270548281250001 0.6395533703125 0.9358539984375 0.6394509828125 0.9424730265625 0.6273961296875 0.9466091296875 0.5877290140625 0.9441744609375 0.561037559375 0.9438802328125 0.5158937625 0.9360150562499999 0.47452354999999996 0.9274307015625001 0.45896011718749996 0.9242636171875 0.44794050625 0.917112 0.4380394015625 0.9168848578125001 0.43804204531249996 0.9155477265625 0.439749578125 0.908832184375 0.44996281250000003
0 1 0.706239196875 0.9839516078124999 0.696885459375 0.9130220874999999 0.6971928843749999 0.8847753562499999 0.70321861875 0.8685805375 0.7106578578125 0.8593724343750001 0.7107650046875 0.8357297546875 0.7167371671875 0.828526028125 0.7199284718750001 0.8216872828125 0.7326661921875 0.8218044390625 0.73490166875 0.8365992703125 0.750909371875 0.8432051453125 0.7531534078125001 0.855663046875 0.753008446875 0.8642778328125 0.75162313125 0.9764810609374999 0.7477279578125 0.99592658125 0.7495733453125 1 0.747987315625 1 0.706239196875
0 0.5630446124999999 0.814991275 0.57231345 0.8266608953125001 0.5739238671875 0.8266421562499999 0.5791516546875 0.8258603140625 0.5863365375 0.8147202484375 0.58893308125 0.7852061375 0.58693273125 0.7668019765625 0.5885205484375 0.7575697828125 0.5872526140625001 0.723493778125 0.581203309375 0.667360484375 0.5777949390625 0.6517368234375 0.56311770625 0.6187382218749999 0.561082334375 0.6095481875 0.5589418968750001 0.62800053125 0.5518667640625 0.651117153125 0.5458400625000001 0.6843566671875 0.5468884953125001 0.69447955625 0.5438124734375 0.7108439484375 0.5455977171875 0.74490840625 0.5465950828125 0.7580576296875 0.5630446124999999 0.814991275
0 0.153488115625 0.7664847296875 0.151527475 0.778485378125 0.15394890781249998 0.7950418953125 0.1622569515625 0.815215403125 0.1667894203125 0.81730851875 0.1760512609375 0.8172007484374999 0.17995181093749998 0.8168522484375 0.1854391265625 0.8029678203125 0.1920923578125 0.6729769734375 0.1663081390625 0.566397865625 0.163106034375 0.5645923828125 0.1606145578125 0.5664641171875 0.16126837656249998 0.5987045234374999 0.15592583437500002 0.6153513828125 0.1541232 0.6402493984375 0.14766218125 0.6652016187500001 0.14744736249999998 0.6808674406249999 0.1435611 0.695654609375 0.134257565625 0.7058979562500001 0.13405142187500002 0.708241140625 0.13437675468750002 0.714448878125 0.1521851609375 0.7416228515625 0.153488115625 0.7664847296875
0 0.1080957765625 0.8347621843749999 0.0988062953125 0.833316534375 0.06901633125 0.8450572796875001 0.051575189062500006 0.8462960546874999 0.0491438046875 0.8482222859374999 0.04917849375 0.8488841796875001 0.0530113953125 0.8561197093749999 0.06901781093750001 0.8626663390625 0.07546348281250001 0.8625913359374999 0.08115110156250001 0.8656326390625001 0.10910092656249999 0.8715223812499999 0.13493786562500001 0.8722575687499999 0.16207538593749998 0.88022841875 0.16577784375 0.882985309375 0.168701278125 0.8829512921875 0.22894041718749997 0.8551084171875001 0.224850284375 0.8473872984374999 0.217104034375 0.8402266390625 0.195491378125 0.8321915015625001 0.17786035312499998 0.8298070890625 0.171252984375 0.829764203125 0.1294885515625 0.8302501765624999 0.12353254218750001 0.8304392500000001 0.1080957765625 0.8347621843749999
0 0.54453616875 0.9067027984375 0.5424790125000001 0.9168618265624999 0.5488614375 0.93982185625 0.553234959375 0.9738617234375001 0.5630175515625 0.9846778 0.56362185 0.98467076875 0.5667057515625 0.9838400671875001 0.5760660953125 0.94503353125 0.5807112453125 0.9348443906250001 0.5850536140625 0.9089954499999999 0.5822632234375 0.8261044546875 0.58415675 0.794512078125 0.5841054812500001 0.793533815625 0.57857385625 0.7754719328124999 0.568173634375 0.774671578125 0.5627213375 0.7793418796875 0.552409078125 0.8098671453125 0.5500405875000001 0.8338503734374999 0.5446365531249999 0.8394414843750001 0.5430619703125 0.858808615625 0.538234015625 0.87289273125 0.53838876875 0.8758456156250001 0.5416804187500001 0.8818589875 0.54453616875 0.9067027984375
0 0.13163273749999999 0.776715546875 0.133764625 0.7877472015625 0.12991806875 0.8329391796875001 0.131295753125 0.8789917421875 0.1300807609375 0.88545548125 0.120391165625 0.888332346875 0.11886249687499999 0.8957385 0.11913393750000001 0.9009179109375 0.1311906859375 0.9066341187500001 0.1305547859375 0.9241475843750001 0.14011284375 0.9286432250000001 0.1479032921875 0.94882275625 0.15323803593750002 0.9550500546875 0.162770453125 0.9549391343750001 0.1647077265625 0.9532340781249999 0.17150654999999998 0.9347275296875001 0.17395831875 0.9024509875 0.1773752421875 0.8885906484375001 0.1767829140625 0.8674059890624999 0.1788883296875 0.858167771875 0.188371659375 0.8414727296875 0.1881303703125 0.836868678125 0.1826998640625 0.82218991875 0.1760543640625 0.8139748984375 0.1655311546875 0.7910630515625 0.1503230875 0.7479355375 0.14599667968750002 0.7409412750000001 0.145584153125 0.740946075 0.1434012796875 0.74433059375 0.13163273749999999 0.776715546875
0 1 0.88837946875 0.9849369093749999 0.8821819984375001 0.965572765625 0.88188940625 0.9033103046875001 0.8893467796875001 0.8848127203124999 0.8880082765624999 0.87950486875 0.8922133499999999 0.8722197640625 0.8938518609375 0.8327062984375001 0.895865384375 0.8212423062499999 0.9031702703125 0.8215779734374999 0.9095751906249999 0.83010810625 0.9166121765625 0.863881178125 0.9281312125 0.965387321875 0.93109339375 0.9855390140625 0.9359846390625 0.98896448125 0.9359447796874999 1 0.9304702140625001 1 0.88837946875
0 0.9578682078125 0.9683640718750001 0.957420653125 0.9499418421874999 0.9492526968749999 0.89291183125 0.9460856124999999 0.8818922203125 0.9474803984375001 0.8689767859374999 0.9411594703124999 0.8570725015624999 0.9374350796875 0.81565410625 0.9322458609375 0.8055794000000001 0.9269251046875 0.802877196875 0.9193059031249999 0.80572996875 0.9073575703125 0.8445666171875 0.9075334953124999 0.90721785625 0.903794871875 0.9569117484375 0.9045303562499999 0.9709456125000001 0.9149942984375 0.9899628968749999 0.9494234953125 0.9895622765625 0.9512974359375 0.9813397343749999 0.9578682078125 0.9683640718750001