0 0 0.056750540625 0.016754849999999998 0.0674603171875 0.034391534375 0.0739087296875 0.103174603125 0.08333333281250001 0.1675485015625 0.078373015625 0.1816578484375 0.07490079375 0.20723104062500003 0.0739087296875 0.2301587296875 0.0669642859375 0.23456790156250001 0.060019840625 0.2301587296875 0.053571428125 0.222222221875 0.0491071421875 0.19135802500000001 0.0431547625 0.1816578484375 0.04365079375 0.1622574953125 0.03819444375 0.0970017640625 0.0357142859375 0.089947090625 0.0376984125 0.073192240625 0.03720238125 0.066137565625 0.0396825390625 0.045855379687499996 0.0362103171875 0.036155203125 0.041170634375 0 0.0494024 0 0.056750540625
0 0.5097001765625 0.071924603125 0.51675485 0.07291666718749999 0.519400353125 0.0758928578125 0.5202821875 0.0739087296875 0.5329215171875 0.07043650781250001 0.5423280421875 0.07043650781250001 0.573192240625 0.0639880953125 0.5776014109375 0.0580357140625 0.5767195765625 0.0505952375 0.56525573125 0.0426587296875 0.549382715625 0.0386904765625 0.5423280421875 0.034226190625 0.5299823640625 0.0322420640625 0.5220458546875 0.0267857140625 0.5114638453125 0.0248015875 0.48324515 0.0248015875 0.46472663125 0.028273809374999997 0.40917107656249996 0.0257936515625 0.36684303281249997 0.0352182546875 0.3562610234375 0.040674603125 0.3553791890625 0.0431547625 0.3624338625 0.0505952375 0.365079365625 0.065972221875 0.38095238125 0.0689484125 0.41005290937499994 0.07986111093750001 0.465608465625 0.07986111093750001 0.4885361546875 0.077380953125 0.5097001765625 0.071924603125
0 0.8765432093750001 0.10218253906250001 0.9021164015625001 0.10069444375 0.9162257500000001 0.09474206406249999 0.9329805999999999 0.09325396875 0.945326278125 0.0887896828125 0.9611992953125 0.08779761875 0.9770723109375 0.08134920625 0.98148148125 0.0739087296875 0.9797178125 0.0580357140625 0.9409171078125 0.05456349218749999 0.9259259265625 0.0560515875 0.8880070546875001 0.0515873015625 0.8747795421875001 0.0481150796875 0.86419753125 0.041170634375 0.8553791890625 0.041170634375 0.8474426812500001 0.0362103171875 0.8377425046875 0.051091270312500006 0.7839506171874999 0.056547618749999994 0.774250440625 0.05853174531250001 0.7698412703125 0.0639880953125 0.7574955906249999 0.064980159375 0.755731921875 0.06646825468749999 0.7601410937499999 0.0689484125 0.7671957671875 0.0674603171875 0.77689594375 0.08333333281250001 0.7947530859375 0.083829365625 0.8051146390625 0.08680555625 0.8042328046874999 0.09771825468749999 0.8765432093750001 0.10218253906250001
0 0.8333333328125001 0.2619047625 0.8791887125000001 0.2564484125 0.9021164015625001 0.2579365078125 0.917107584375 0.25595238125 0.9417989421874999 0.2514880953125 0.965608465625 0.23958333281250002 0.9620811281250001 0.228174603125 0.9488536156249999 0.2227182546875 0.9056437390625 0.21626984062500001 0.9021164015625001 0.2108134921875 0.8994709000000001 0.2147817453125 0.8703703703125001 0.21825396874999997 0.8289241625000001 0.20982142812500001 0.8245149906250001 0.20634920625 0.8086419749999999 0.2068452375 0.8024691359375 0.2202380953125 0.796296296875 0.22470238125000003 0.7671957671875 0.2301587296875 0.7451499125 0.2380952375 0.7495590828124999 0.2455357140625 0.789241621875 0.2519841265625 0.79717813125 0.25694444375000003 0.8333333328125001 0.2619047625
0 0.4426807765625 0.28472222187499996 0.484126984375 0.2757936515625 0.51499118125 0.27678571406249997 0.5264550265625 0.27430555624999997 0.534391534375 0.266369046875 0.5396825390625 0.2539682546875 0.534391534375 0.2435515875 0.5088183421875 0.2296626984375 0.5035273375 0.228174603125 0.5 0.2301587296875 0.4920634921875 0.2301587296875 0.4876543203125 0.228174603125 0.465608465625 0.22767857187499999 0.4585537921875 0.2301587296875 0.4532627859375 0.2296626984375 0.43474426875 0.2202380953125 0.42504409218749994 0.21180555625 0.40299823593750006 0.2147817453125 0.39770723124999996 0.22073412656250002 0.3906525578125 0.2232142859375 0.3791887125 0.22619047656250002 0.36948853593750003 0.2251984125 0.3553791890625 0.2321428578125 0.34744268125 0.2321428578125 0.3359788359375 0.23759920625 0.3368606703125 0.24751984062500001 0.326278659375 0.25347222187499996 0.341269840625 0.2579365078125 0.36684303281249997 0.2762896828125 0.39417989375 0.2792658734375 0.40652557343750007 0.28571428593750003 0.415343915625 0.28720238125 0.4426807765625 0.28472222187499996
0 0 0.25694444375000003 0.0537918875 0.2708333328125 0.089947090625 0.2728174609375 0.134920634375 0.268353175 0.1675485015625 0.26240079375 0.1816578484375 0.25347222187499996 0.17901234531250002 0.2455357140625 0.1675485015625 0.2385912703125 0.124338625 0.23511904687500002 0.1128747796875 0.22767857187499999 0.08553791875 0.2306547625 0.067901234375 0.22619047656250002 0.049382715625000004 0.2266865078125 0.037918871874999996 0.23115079375 0.015873015625 0.2301587296875 0.0008818343750000001 0.234126984375 0 0.234155328125 0 0.25694444375000003
0 0 0.4195399078125 0.0423280421875 0.428075396875 0.1596119921875 0.42509920625 0.175485009375 0.419146825 0.18959435625 0.4171626984375 0.20105820156249998 0.41021825468750006 0.20105820156249998 0.40178571406249997 0.19135802500000001 0.393353175 0.168430334375 0.3888888890625 0.1604938265625 0.384424603125 0.1428571421875 0.387896825 0.1278659609375 0.3824404765625 0.119929453125 0.3829365078125 0.1111111109375 0.37946428593750003 0.027336860937500002 0.390873015625 0.0044091703125 0.3978174609375 0 0.3978174609375 0 0.4195399078125
0 0.5264550265625 0.43353174531249994 0.5670194000000001 0.42757936562500004 0.573192240625 0.42509920625 0.5767195765625 0.41765872968749995 0.5714285718750001 0.40972222187499996 0.55026455 0.40228174531249994 0.5326278656250001 0.3998015875 0.5264550265625 0.3953373015625 0.519400353125 0.3953373015625 0.5123456796875 0.3983134921875 0.4955908296875 0.3983134921875 0.4770723109375 0.3928571421875 0.42680775937500004 0.38392857187499996 0.411816578125 0.38740079375 0.3747795421875 0.3883928578125 0.3730158734375 0.3864087296875 0.3624338625 0.3859126984375 0.358906525 0.3988095234375 0.3544973546875 0.40029761875 0.3051146390625 0.40178571406249997 0.308641975 0.4052579359375 0.3227513234375 0.40426587343750003 0.3359788359375 0.40972222187499996 0.363315696875 0.41468253906249997 0.41710758437499995 0.43303571406249997 0.45767195781250003 0.4325396828125 0.4955908296875 0.4360119046875 0.5264550265625 0.43353174531249994
0 0.9726631390625 0.3958333328125 0.9761904765624999 0.3888888890625 0.9753086421875 0.3824404765625 0.9664903 0.37599206406249996 0.933862434375 0.375 0.9285714281249999 0.37152777812500004 0.9329805999999999 0.3630952375 0.91446208125 0.3645833328125 0.9029982359375 0.3606150796875 0.707231040625 0.3859126984375 0.7160493828125001 0.3943452375 0.7319223984375001 0.40178571406249997 0.7548500875 0.40277777812500004 0.7883597890625 0.41220238125 0.8315696656249999 0.4166666671875 0.9347442687499999 0.4112103171875 0.9673721343749999 0.3988095234375 0.9726631390625 0.3958333328125
0 0.809523809375 0.5714285718750001 0.8871252203125 0.5679563484375 0.9021164015625001 0.565476190625 0.9426807765625 0.5505952375 0.950617284375 0.54365079375 0.9462081124999999 0.5352182546875001 0.9382716046875 0.5322420640625001 0.9074074078125 0.5292658734375 0.8880070546875001 0.5322420640625001 0.8791887125000001 0.53174603125 0.8677248671875001 0.5352182546875001 0.8536155203125 0.5272817453124999 0.8333333328125001 0.5228174609375 0.8245149906250001 0.518353175 0.8165784828125 0.51884920625 0.7574955906249999 0.5357142859375 0.7380952375 0.5352182546875001 0.7380952375 0.5401785718750001 0.7460317453124999 0.544146825 0.7433862437500001 0.5510912703125 0.7716049375 0.559523809375 0.791005290625 0.5679563484375 0.809523809375 0.5714285718750001
0 0.5035273375 0.5793650796875001 0.514109346875 0.5758928578125 0.5520282187500001 0.572420634375 0.5740740734374999 0.565972221875 0.5758377421875001 0.5580357140625 0.5670194000000001 0.546626984375 0.5582010578125 0.5426587296875 0.5370370375 0.5386904765625 0.5238095234375 0.540674603125 0.51499118125 0.5381944437499999 0.5114638453125 0.534722221875 0.49382716093749995 0.5367063484375 0.46472663125 0.5178571421875 0.45502645468749997 0.5173611109375 0.44973545000000004 0.518353175 0.43298059999999994 0.5297619046875 0.41887125156250005 0.534722221875 0.38624338593749996 0.5391865078125 0.37830687812499997 0.5421626984375 0.361552028125 0.5535714281249999 0.3553791890625 0.5610119046875 0.34744268125 0.5644841265625 0.346560846875 0.5744047625 0.3562610234375 0.5739087296875 0.3703703703125 0.58134920625 0.3721340390625 0.578869046875 0.38977072343749997 0.5763888890625 0.43386243437500005 0.5818452375 0.48236331562499996 0.5758928578125 0.5035273375 0.5793650796875001
0 0.18959435625 0.565476190625 0.20105820156249998 0.5585317453124999 0.20105820156249998 0.55009920625 0.188712521875 0.54365079375 0.168430334375 0.5401785718750001 0.13932980625 0.540674603125 0.1128747796875 0.5362103171875 0.0758377421875 0.5332341265625 0.06525573125 0.533730159375 0.06261022968749999 0.5362103171875 0.047619046875 0.5396825390625 0.019400353125 0.5421626984375 0.0097001765625 0.5491071421875 0.0079365078125 0.5505952375 0.017636684375 0.5570436515625 0.028218695312499997 0.559523809375 0.0432098765625 0.5669642859375 0.08289241562500001 0.572420634375 0.1261022921875 0.5704365078125 0.151675484375 0.5714285718750001 0.18959435625 0.565476190625
0 0 0.7397604875 0.0114638453125 0.7420634921875 0.047619046875 0.7554563484375 0.066137565625 0.753472221875 0.173721340625 0.75595238125 0.190476190625 0.7584325390625 0.2001763671875 0.7549603171875 0.2142857140625 0.7385912703125 0.20634920625 0.7251984125 0.1992945328125 0.722222221875 0.17636684375 0.7167658734375 0.1675485015625 0.7167658734375 0.151675484375 0.7098214281249999 0.124338625 0.7043650796875001 0.056437389062499996 0.7048611109375 0.037037037499999995 0.7167658734375 0.0132275125 0.7207341265625 0 0.734126984375 0 0.7397604875
0 0.5044091703125 0.7390873015625 0.5220458546875 0.740079365625 0.55026455 0.7361111109375 0.5608465609375 0.728670634375 0.5617283953125 0.722222221875 0.55026455 0.7137896828125 0.4955908296875 0.7008928578125 0.4532627859375 0.69990079375 0.43474426875 0.7043650796875001 0.42504409218749994 0.703869046875 0.393298059375 0.7113095234375 0.37125220468750003 0.71924603125 0.3536155203125 0.722222221875 0.3624338625 0.7237103171875 0.39417989375 0.7361111109375 0.40917107656249996 0.7385912703125 0.46296296249999996 0.7415674609375 0.4955908296875 0.7410714281249999 0.5044091703125 0.7390873015625
0 0.9250440921875 0.67509920625 0.9135802468750001 0.677579365625 0.8897707234375 0.677579365625 0.8624338625 0.6612103171875 0.8553791890625 0.66220238125 0.8456790125 0.671626984375 0.8315696656249999 0.6760912703125 0.8165784828125 0.6770833328125 0.792768959375 0.684523809375 0.7689594359374999 0.6875 0.7530864203125 0.69345238125 0.722222221875 0.6944444437499999 0.7204585531250001 0.696924603125 0.722222221875 0.69990079375 0.8245149906250001 0.71924603125 0.9488536156249999 0.70634920625 0.9620811281250001 0.700396825 0.9629629625 0.6889880953125 0.9603174609374999 0.6835317453124999 0.9409171078125 0.6765873015625 0.9250440921875 0.67509920625
0 0.9400352734374999 0.853174603125 0.9550264546875 0.846726190625 0.9585537921875 0.8392857140625001 0.9559082890624999 0.8373015875 0.9391534390625 0.8363095234375001 0.9100529093749999 0.825396825 0.9012345671875 0.8268849203125 0.8862433859375001 0.8229166671874999 0.861552028125 0.822420634375 0.8342151671875 0.8229166671874999 0.8174603171875001 0.825396825 0.79717813125 0.8333333328125001 0.79012345625 0.840277778125 0.7865961203125 0.8477182546875 0.8474426812500001 0.87450396875 0.8518518515625001 0.8710317453125 0.87742504375 0.8630952375 0.9021164015625001 0.862103175 0.9285714281249999 0.85615079375 0.933862434375 0.853174603125 0.9400352734374999 0.853174603125
0 0.4885361546875 0.893353175 0.5070546734375 0.890873015625 0.5123456796875 0.8854166671874999 0.53527336875 0.8819444437499999 0.5643738984375 0.8705357140625001 0.56878306875 0.865079365625 0.5679012343750001 0.8551587296875001 0.55026455 0.8506944437499999 0.519400353125 0.8541666671874999 0.4400352734375 0.8556547625 0.415343915625 0.8611111109375 0.40564373906249995 0.8660714281249999 0.36860670156249997 0.8769841265625 0.3677248671875 0.8804563484375001 0.37830687812499997 0.8893849203125 0.41093474375000005 0.8918650796875 0.43298059999999994 0.896825396875 0.4426807765625 0.8943452375 0.46649029999999997 0.8958333328125001 0.4735449734375 0.8993055562500001 0.4885361546875 0.893353175
0 0.8703703703125001 0.865575396875 0.8791887125000001 0.8630952375 0.8994709000000001 0.86259920625 0.9126984125 0.858630953125 0.9435626109375 0.8546626984374999 0.9611992953125 0.847222221875 0.9673721343749999 0.8397817453125 0.9567901234375 0.83134920625 0.9373897703124999 0.82490079375 0.9329805999999999 0.815972221875 0.9162257500000001 0.8174603171875001 0.9100529093749999 0.8050595234375001 0.898589065625 0.8080357140625001 0.8959435625 0.8174603171875001 0.8897707234375 0.8189484125 0.8456790125 0.8199404765624999 0.8024691359375 0.8258928578125 0.7918871249999999 0.8244047625 0.7610229281249999 0.8373015875 0.7574955906249999 0.8397817453125 0.7645502640624999 0.84375 0.8059964734375 0.85615079375 0.828042328125 0.865079365625 0.8359788359375001 0.8710317453125 0.8500881828125 0.87549603125 0.8544973546874999 0.87549603125 0.8703703703125001 0.865575396875
0 0.222222221875 0.90625 0.222222221875 0.90029761875 0.21075837812499998 0.893353175 0.17283950625 0.8918650796875 0.1657848328125 0.890376984375 0.1604938265625 0.8864087296875001 0.1428571421875 0.887896825 0.08289241562500001 0.8814484125 0.0643738984375 0.8819444437499999 0.018518518749999997 0.9017857140625001 0.0229276890625 0.908730159375 0.017636684375 0.9176587296875001 0.0423280421875 0.9236111109375 0.0643738984375 0.934027778125 0.08553791875 0.9285714281249999 0.1825396828125 0.924603175 0.2142857140625 0.9131944437499999 0.222222221875 0.90625
0 0.22310405625000002 0.902777778125 0.22045855312499998 0.8978174609374999 0.21075837812499998 0.893353175 0.1710758375 0.8918650796875 0.1596119921875 0.8864087296875001 0.1472663140625 0.8883928578125 0.136684303125 0.8859126984374999 0.08201058125 0.88095238125 0.0643738984375 0.8814484125 0.05202821875 0.8883928578125 0.029100529687499998 0.8948412703124999 0.019400353125 0.9007936515624999 0.0229276890625 0.9109623015625001 0.018518518749999997 0.9176587296875001 0.0432098765625 0.9231150796875 0.06525573125 0.934027778125 0.12345679062499999 0.9265873015625001 0.1834215171875 0.9236111109375 0.22045855312499998 0.9102182546875 0.22310405625000002 0.902777778125
0 0.9735449734375001 1 0.9717813046874999 0.9985119046875001 0.9409171078125 0.9920634921874999 0.926807759375 0.9821428578125 0.878306878125 0.984126984375 0.8633156968750001 0.9801587296875001 0.8289241625000001 0.9771825390625001 0.7954144624999999 0.9796626984374999 0.7954144624999999 0.981646825 0.8024691359375 0.983630953125 0.8024691359375 0.9910714281249999 0.792768959375 0.990575396875 0.7786596125 0.996527778125 0.7689594359374999 0.997023809375 0.7610229281249999 1 0.9735449734375001 1