0 1 0.8807129265625001 0.9568144437500001 0.8761343328125 0.940495778125 0.8756595078125 0.871711765625 0.8830785921875 0.8525953828124999 0.8895179484375 0.8378988843749999 0.8985076765625 0.837962640625 0.9094664265624999 0.8738341343749999 0.9186564 0.8844018468750001 0.924345109375 0.9064105796874999 0.9212186453125 0.9140890718750001 0.9241326765625001 0.9322851734375 0.9241240062499999 0.9399605328125 0.9264998249999999 1 0.925967228125 1 0.8807129265625001
0 1 0.50015255625 0.9924246468750001 0.4979844671875 0.9739061953125001 0.49544619062499995 0.9053185656249999 0.49345049375 0.8756196390625 0.503733865625 0.858397046875 0.5064614703125 0.8556205546875001 0.523062465625 0.8482566531250001 0.5306529734375001 0.84826235 0.531632334375 0.8489781953125 0.53363163125 0.86050689375 0.539886425 0.9065433984375 0.55145026875 0.96687256875 0.5505150578125 0.98700943125 0.5548678359375 1 0.555245821875 1 0.50015255625
0 1 0.08533750625 0.9686245921875001 0.084424575 0.9091874609374999 0.08636139375 0.910214203125 0.098229953125 0.8989782015625 0.10113175156250001 0.8795847796875 0.1011055828125 0.8691485812499999 0.118021825 0.861476353125 0.1161842203125 0.8583529421874999 0.11785382343749999 0.858366471875 0.12017952968750001 0.8586278374999999 0.1204063125 0.8720440625 0.1218729296875 0.8768677765625 0.12793262656249998 0.8874167 0.13039205781250002 0.9458802625 0.13801251406249998 0.9564494937499999 0.15437091249999998 0.9566587156249999 0.1543770015625 0.9650999765625 0.1493341921875 0.9746785203125 0.1496128984375 0.9861289375 0.1424123640625 1 0.13917379531250001 1 0.08533750625
0 0.739590215625 0.11221115625 0.739664771875 0.1250261375 0.7444250218749999 0.158478865625 0.74985730625 0.1672561609375 0.757104846875 0.21056319375000002 0.7652059078125 0.21558737187500002 0.7736780015625 0.191891578125 0.77941445 0.160454646875 0.7842193578125001 0.15389060937500001 0.7987121046875 0.1476084609375 0.7990774828125 0.133235765625 0.799060209375 0.13026682812499998 0.79535465625 0.125483846875 0.78594311875 0.0801984625 0.7895267140625 0.0486988890625 0.7938157 0.045950610937500004 0.787873065625 0.0419469265625 0.7849261890625 0.022839018750000002 0.7458925203125 0.02170325625 0.7447435703124999 0.0282419890625 0.742685453125 0.044462871875 0.74444498125 0.0694140671875 0.739590215625 0.11221115625
0 0.7264534406250001 0.49782297187499996 0.7170275187499999 0.5425602421875 0.7156314265625 0.5589781765625 0.7157497968750001 0.579324378125 0.7161795703125 0.5818009515625 0.7232543578125 0.5954145 0.7266563890625 0.6252019484375 0.74673188125 0.6535591609375 0.7516705328125 0.6699836296874999 0.75806221875 0.6586773015625 0.7688320546875 0.6599483640625 0.7746799546875 0.6476685203125 0.7746298015625 0.63904783125 0.7820756203125 0.6239414062499999 0.780937896875 0.6133736875 0.7840947296875 0.6010155421875 0.7867412171875 0.5934310093749999 0.7931663390625 0.5878718078125 0.7962563015625 0.564019409375 0.787045378125 0.553216784375 0.7767023046875 0.53280429375 0.7761306546875 0.5270415078124999 0.7787771390625 0.519456975 0.7780996109375 0.49549495312499997 0.7759188953125 0.490643040625 0.775868740625 0.4820223515625 0.777999303125 0.4782535734375 0.776351228125 0.47245946562499996 0.761119653125 0.44424319843750004 0.751295196875 0.4389773359375 0.7479941593749999 0.438881284375 0.73636185 0.4435228203125 0.72780059375 0.4518929421875 0.725181971875 0.4642667484375 0.7264534406250001 0.49782297187499996
0 0.6748214234375001 0.9101003765625 0.6624131531249999 0.917273040625 0.661491640625 0.920056315625 0.6615325078125001 0.9270807781249999 0.674971721875 0.93593460625 0.7104499093750001 0.94342438125 0.759328665625 0.94968970625 0.7985881703125 0.948679553125 0.8540603640625 0.9359672328125 0.8539090687499999 0.9099617296875 0.8395191499999999 0.9057445171875 0.8155790515625 0.9061241750000001 0.8041970468749999 0.90137609375 0.779171884375 0.9006479359374999 0.7638517828125 0.9040809421875 0.734139509375 0.8999876718750001 0.7217343703125 0.9076985499999999 0.6748214234375001 0.9101003765625
0 0.5087799296875 0.9210099375 0.5998481171875001 0.93603655625 0.6094047421875 0.9325477734375 0.6180285609375 0.933336821875 0.6342776437500001 0.927890278125 0.6534566515625 0.9322151859375 0.6620491609375 0.9276221046875 0.6869251921874999 0.9235028249999999 0.6974083609374999 0.9146597796875 0.6973551296875 0.9055101562500001 0.684859184375 0.8976128531249999 0.6695209890625 0.8950140687499999 0.6522420359375001 0.8880538375 0.571942725 0.883682534375 0.518907553125 0.8821393687500001 0.4832120296875 0.888298240625 0.48335420781250005 0.912736415625 0.48383187968749997 0.9127503140625001 0.5087799296875 0.9210099375
0 0.4952082796875 0.5227453 0.4875454453125 0.522522334375 0.48086864374999994 0.52717115625 0.46172721250000004 0.5293048078125 0.438785675 0.53670910625 0.43433783437500006 0.5433017375 0.4343642671875 0.547845271875 0.4369670359375 0.553337971875 0.4436876703125 0.5562241328125 0.48778655000000004 0.5639647453125 0.5213271109375001 0.567631284375 0.56249293125 0.565062234375 0.6065573640624999 0.5668824984375 0.6648706296875 0.548668725 0.694532803125 0.5441505875 0.708866175 0.538648303125 0.7241981078124999 0.5401706609375 0.7280076078125 0.536514653125 0.6743583671875 0.5333392531250001 0.6695597015625 0.531585259375 0.6656468703125 0.5174802359374999 0.6541557484375 0.5176840015625 0.652252565625 0.5197811125 0.61201641875 0.5175341140625 0.5993101984375 0.514229034375 0.5910290203125 0.5139880765625 0.5411696359375 0.521392028125 0.5210891375 0.5267270875000001 0.502889903125 0.52619754375 0.4952082796875 0.5227453
0 0.4936540921875 0.12562645625 0.48507038593749996 0.13362045625000002 0.4850763578125 0.1346471484375 0.6969321515625 0.1681335421875 0.709359209375 0.1641901546875 0.7189422265625 0.1652377359375 0.7186395906249999 0.1132190109375 0.6272888765625 0.1057374296875 0.6147490984374999 0.10537255937500001 0.57208543125 0.10853618125 0.53574645625 0.11770314374999999 0.5108485046875 0.11805493125 0.4936540921875 0.12562645625
0 0.45670309375 0.1429542484375 0.47500926562499995 0.1400550328125 0.49602883281250004 0.131518565625 0.5266269421875001 0.12326080625 0.5237095421875 0.115642209375 0.53230518125 0.111587340625 0.53227386875 0.106205209375 0.5112042031249999 0.10613026562500001 0.44692149687500005 0.08596368125 0.4382976765625 0.0851746328125 0.4287473125 0.08973984375 0.40674484218750007 0.093942734375 0.391469271875 0.1021082140625 0.3789952453125 0.097978403125 0.3694198328125 0.0982379078125 0.3483282484375 0.09439547499999999 0.331749590625 0.0955106453125 0.33192125625 0.12501761718749999 0.3543039546875 0.13385225625 0.3706031359375 0.1370171234375 0.44741836875 0.142684090625 0.45670309375 0.1429542484375
0 0.33962436875 0.520268103125 0.348263846875 0.5237482171875001 0.383732640625 0.5296233531250001 0.3990896234375 0.5354514171875 0.41736087499999996 0.5483598609375 0.4231142640625 0.5496035109374999 0.43364753125 0.5493718765625 0.465137740625 0.5298395109375 0.484307353125 0.532549778125 0.4881168515625 0.5288937687499999 0.49767974062500003 0.526481409375 0.51206008125 0.529052321875 0.5350235375 0.5254155140625001 0.54457703125 0.5213885171875 0.5540835562499999 0.5092883234375 0.552117746875 0.5006211703125001 0.52813068125 0.49292763281249996 0.486921025 0.4879616984375 0.47540485312499997 0.4838597578125 0.452438265625 0.486958353125 0.39971869843749996 0.47896690625 0.351860421875 0.483493715625 0.332687678125 0.48024523593749996 0.33075631250000004 0.4774984296875 0.31547761093750004 0.48512569375 0.3058915953125 0.4843573296875 0.305953634375 0.4950209421875 0.305958559375 0.4950730359375 0.31460116718750003 0.4990913640625 0.32135311718750004 0.5073596578124999 0.33962436875 0.520268103125
0 0.3367122578125 0.8889491859374999 0.3239046171875 0.8952782375 0.3239615421875 0.9050626578125 0.3358921765625 0.9126026906250001 0.377117490625 0.9202596906249999 0.40488900625 0.9199915125 0.451836396875 0.9235100328125 0.4949054015625 0.9188438718749999 0.511141959375 0.9112444765625 0.5226205562499999 0.9088878578124999 0.5331162484374999 0.9021976640625 0.5311911453125 0.900527284375 0.520610909375 0.8926857234375 0.48994391249999997 0.88910279375 0.47363846875000004 0.8848615000000001 0.47097853125 0.8823070124999999 0.449890815625 0.8816934218749999 0.41904076874999996 0.88327286875 0.3903333171875 0.8872806671875001 0.358720990625 0.8858227187500001 0.3367122578125 0.8889491859374999
0 0.24167965156250001 1 0.246435090625 0.9954101765625 0.250590334375 0.9696733906249999 0.263384853125 0.94897644375 0.263493971875 0.875237315625 0.2574008765625 0.8453715640624999 0.24976558437500002 0.8279109390625001 0.249709859375 0.8183323937500001 0.2436446265625 0.793255915625 0.24037076562499998 0.78549911875 0.2262901125 0.7767664703125 0.22544715312500002 0.7767419421875 0.2081169859375 0.7912644765625 0.206163790625 0.796759478125 0.206262896875 0.8137944109375 0.2072077390625 0.8199687875 0.210578665625 0.9369053265625 0.208542840625 0.9569576265625 0.22330307187499998 0.9966524890624999 0.2239903015625 1 0.24167965156250001 1
0 0.1317833859375 0.5181496937500001 0.1433246078125 0.5265573390625 0.1740009984375 0.53175490625 0.19315182343749998 0.53123589375 0.20274289375 0.5336674546875 0.220352709375 0.5344472078125 0.24308493750000001 0.535108646875 0.29659696874999997 0.53370771875 0.3128648375 0.53149045625 0.3472693140625 0.5190384734375 0.356838465625 0.5177025390625001 0.3376625890625 0.513915846875 0.31366612968749996 0.5046076687500001 0.279136403125 0.49553112656250003 0.26860313593749996 0.49576276249999995 0.2534047875 0.49166633125 0.202011765625 0.490170946875 0.1431837015625 0.502337746875 0.13107575 0.5109188671875 0.131089415625 0.5132677703125 0.1317833859375 0.5181496937500001
0 0.1648207671875 0.13510881875 0.2716274328125 0.1492744625 0.3826164265625 0.1315171546875 0.38451334843749996 0.1283436171875 0.3825819828125 0.125596809375 0.349050815625 0.123544909375 0.331771859375 0.116584678125 0.30589100468749997 0.1126028890625 0.2799819671875 0.1037771828125 0.263692178125 0.10222695468750001 0.248338328125 0.09693710625 0.23793636718750003 0.0865972515625 0.22796818281250003 0.0863072078125 0.2004831828125 0.1020021265625 0.1746211140625 0.1012496171875 0.16460951562499998 0.09879775156250001 0.1648207671875 0.13510881875
0 0.028610893749999998 0.0843363953125 0.0512766359375 0.09008268750000001 0.07810282187499999 0.0919394921875 0.1059306984375 0.10135915468750001 0.1107418921875 0.10526600156249999 0.1766647578125 0.078125571875 0.172786371875 0.069940890625 0.1650796984375 0.0621829421875 0.142998946875 0.052930504687500005 0.13011876875 0.050653134375 0.0652945703125 0.0487669421875 0.052012171875 0.0518974265625 0.042424234374999995 0.0500040796875 0.0284393265625 0.0548464109375 0.028610893749999998 0.0843363953125
0 0.0583668609375 0.4542318390625 0.055792820312500005 0.47426847656250004 0.0497157015625 0.4896389375 0.0497234125 0.49096436250000003 0.053241070312500006 0.4981365359375 0.055006170312500005 0.5240455875000001 0.052376403125000005 0.534503684375 0.057897851562500005 0.5586066468750001 0.060795104687500004 0.5941255625 0.0705498125 0.605901703125 0.07431173125 0.605053471875 0.0859183703125 0.5651681140625 0.09123920156250001 0.5547883203125 0.09700351406249999 0.5281406609375 0.098116615625 0.44198074531250003 0.10168906562499999 0.4085654640625 0.09673369375 0.38926743125 0.09020447031249999 0.38849685 0.085499828125 0.388359959375 0.08007137812500001 0.3926133796875 0.067876371875 0.423862384375 0.0642537703125 0.44865697656250003 0.0583668609375 0.4542318390625
0 0.0331624734375 0.11096410000000001 0.0475553390625 0.115687865625 0.069589121875 0.11686710468749999 0.079183321875 0.11983687812499999 0.09617861250000001 0.130901821875 0.101883078125 0.13106780625 0.1165740875 0.12684418125000002 0.125157203125 0.120636459375 0.1490472015625 0.1116453921875 0.19398807812500002 0.09949998593750001 0.20162586249999997 0.095417246875 0.1977787890625 0.0926146984375 0.164172471875 0.0776456828125 0.15268761250000001 0.0789258734375 0.10571517187499999 0.07110165 0.0578161890625 0.06863168750000001 0.051101814062499994 0.066821953125 0.048168759374999995 0.0565122921875 0.0404642140625 0.054293395312500006 0.035090012500000003 0.054137021875 0.029071164062499998 0.06618092656249999 0.0222516546875 0.0653778859375 0.022507109375 0.10928681250000001 0.0331624734375 0.11096410000000001
0 0.10037495625 0.8927730546875001 0.14155330156249998 0.8923568562499999 0.1539615734375 0.8851841921875 0.1539239984375 0.8787256359375 0.145259471875 0.8709398140625 0.11070469375 0.8575575671875001 0.0053156578125 0.8501860828125001 0.004945621875 0.8500801765625001 0.005242078125 0.9010365890625 0.06783295624999999 0.8961311562500001 0.08699943906249999 0.8983032109375 0.0927215140625 0.894164728125 0.10037495625 0.8927730546875001
0 0.1539648953125 0.8873485453125 0.149133353125 0.8799433140625 0.15290057968749998 0.869021428125 0.14232660625 0.8622562921875 0.11738168593750001 0.8545348828125 0.10396619843749999 0.8466322765625 0.07859548281249999 0.8458940640625 0.02541200625 0.849168228125 0.013933410937499998 0.8515248453125001 0.0049441187499999996 0.8498217218749999 0.0051835609375 0.8909784625 0.040036584375 0.893719765625 0.10330194374999999 0.9036324296875 0.127179415625 0.8924885093749999 0.1539648953125 0.8873485453125