0 0.060063246875 0.0295369203125 0.0560883109375 0.10122650156249999 0.05813165 0.108991115625 0.0577296734375 0.11753526249999999 0.10493124375 0.117809871875 0.107635221875 0.10030815 0.10790508125 0.0848479234375 0.10428237656249999 0.023979634375 0.10074036093750001 0.0084535796875 0.10057272343749998 0.000585115625 0.0661619671875 0.00038491875000000003 0.066426634375 0.0082539484375 0.060063246875 0.0295369203125
0 0.3009540953125 0.014749225 0.29993756875 0.017466896875 0.3075468984375 0.02568193125 0.3101591546875 0.042583376562500004 0.32754397343749997 0.0459528234375 0.3557647828125 0.0567628328125 0.43275787968749996 0.05721076562500001 0.44559940625000005 0.055899849999999994 0.4689597984375 0.0500438609375 0.476692721875 0.051178287499999996 0.47954265625000003 0.05446317187500001 0.48054967656249997 0.052290159375 0.4945047921875 0.0485583265625 0.5048410328124999 0.048618460937500003 0.5388793546875 0.0417351609375 0.543175128125 0.0360978140625 0.54328575625 0.02975998125 0.543012015625 0.027051828125 0.5305672296874999 0.0182639453125 0.513201428125 0.013805173437500002 0.505535053125 0.0088581125 0.492007190625 0.006600539062499999 0.486631759375 0.002831140625 0.344296015625 0.0020030562500000003 0.31268658125000004 0.0088255859375 0.3009540953125 0.014749225
0 0.8284875203125001 0.0855372140625 0.834752846875 0.10107911562500001 0.8360654703125 0.1194994734375 0.8407306390624999 0.133093884375 0.8415155140625 0.1505420828125 0.8482916749999999 0.1680251359375 0.85515743125 0.1721796390625 0.8629624124999999 0.172225046875 0.8738400625 0.17108104375 0.8783969062500001 0.12846756718750002 0.8770504546875 0.1119851921875 0.8826797109375001 0.07034704375 0.886746053125 0.0558343421875 0.894574290625 0.044250796875 0.8947434296875001 0.034560875000000005 0.8996202453125001 0.02699220625 0.8996478734375 0.025409353125 0.884188459375 0.0151176546875 0.883351703125 0.005139190625 0.8315078734375 0.004837571875 0.827344034375 0.0574269328125 0.8284875203125001 0.0855372140625
0 0.8411000812499999 0.11255899218750001 0.8348550875 0.1270590203125 0.8269456999999999 0.174498446875 0.820886759375 0.1783395578125 0.8251933156250001 0.181271884375 0.828447796875 0.21327081093750003 0.8183935874999999 0.258759578125 0.81449638125 0.2635823578125 0.8147365953125 0.2810273875 0.82932408125 0.2878958875 0.8341076453125 0.2947073546875 0.8395407734375 0.3267189546875 0.8475880421875001 0.3502786890625 0.8490494609375 0.35028719218750004 0.8560870312500001 0.34619703125 0.8639287625 0.302633571875 0.869527609375 0.2939443296875 0.8752971078125 0.2566432953125 0.8753872203125 0.2514806921875 0.8705559328125 0.2038248828125 0.8726296796874999 0.1786405890625 0.8707385640625 0.1621550453125 0.866310190625 0.1349947453125 0.85369496875 0.10875590312500001 0.8411000812499999 0.11255899218750001
0 0.41968644062499993 0.234459621875 0.4106774671875 0.18885994687500002 0.41235877656250003 0.15495155625 0.40985534531249995 0.14233881406249999 0.4012929734375 0.1335671828125 0.3877778984375 0.1276740125 0.37623850625 0.13342142031249998 0.360497459375 0.16143347187499998 0.358761990625 0.16723791875 0.360872984375 0.1711265625 0.36072075937500003 0.1798474921875 0.3584575421875 0.184679778125 0.357490034375 0.20890141562500003 0.36007803437499997 0.2166691984375 0.3594318890625 0.222479984375 0.348728115625 0.2427686125 0.3393638421875 0.2532826703125 0.3393519671875 0.2539630109375 0.34212793124999996 0.277617478125 0.348562396875 0.28346945625000003 0.3511503984375 0.2912372390625 0.35419849062500003 0.3038531515625 0.352923115625 0.31450572656250003 0.36027776718750004 0.330053965625 0.3601255421875 0.338774896875 0.3658969484375 0.351406653125 0.37680710781250004 0.350501034375 0.3828534078125 0.3616388703125 0.383305915625 0.361641503125 0.3883295859375 0.34572261718749997 0.4089725921875 0.317739084375 0.4127648921875 0.2877193375 0.4200822984375 0.2741946421875 0.421885421875 0.26451422343750003 0.41968644062499993 0.234459621875
0 0.037831356249999996 0.2041277734375 0.033189945312500004 0.2515862125 0.0250875140625 0.2637057171875 0.02503508125 0.2667095671875 0.027543775 0.294193353125 0.026767265624999998 0.297060875 0.073366775 0.2973319828125 0.07392464062500001 0.2896177375 0.0698852859375 0.2401706125 0.06397515000000001 0.20427987343749998 0.05444185 0.1887189609375 0.045676509375 0.1915752375 0.037831356249999996 0.2041277734375
0 0.05801568124999999 0.3463955640625 0.048570368749999995 0.357000609375 0.0432286484375 0.38216588906250004 0.038174465625 0.3908583015625 0.041648825 0.41026032656250006 0.035370003125 0.4266983390625 0.0357624421875 0.43542243750000004 0.0317806671875 0.4450901796875 0.035541529687500004 0.47681767031250005 0.08230657031250001 0.477089740625 0.0831222578125 0.43035907343749996 0.0828198609375 0.39208713125 0.0765883609375 0.3746072453125 0.0746803328125 0.35909069374999997 0.067274940625 0.34644943281249996 0.05801568124999999 0.3463955640625
0 0.4656371015625 0.40834659218749997 0.44722624843750003 0.40823948125 0.42698198906249996 0.40212980781249996 0.371920559375 0.3920045546875 0.355381140625 0.395721353125 0.314664453125 0.39657390625 0.31276449687499996 0.3943839828125 0.3011460953125 0.39377166875 0.2970229421875 0.407910340625 0.292149459375 0.40951614062499997 0.23785737343750002 0.41083443124999997 0.24166679218749998 0.414669615625 0.2571896828125 0.41367049062500005 0.2716199875 0.4197463390625 0.30156367500000003 0.425367721875 0.360320440625 0.44586411249999996 0.40490359062500003 0.4455787703125 0.4281922265625 0.44784887187500005 0.46743294375 0.4480771671875 0.480465971875 0.4471078125 0.5251537 0.4408311875 0.5319841828125 0.43814734062499994 0.534690440625 0.4326605859375 0.534770128125 0.42809534843749997 0.53034091875 0.4212515328125 0.5072277109375001 0.4129462984375 0.4878954015625 0.410110240625 0.4811980203125 0.405168815625 0.47344608125 0.4051237171875 0.4656371015625 0.40834659218749997
0 0.8542895078124999 0.29829314687499997 0.8412987640624999 0.2623612140625 0.8381322734375001 0.25652825 0.8305746546874999 0.25260791718750003 0.82347713125 0.2535357171875 0.8162273843750001 0.26318444531249996 0.8145122468749999 0.299030821875 0.8105981281249999 0.30482259218749996 0.8014234390625001 0.2999237640625 0.802702234375 0.3202821046875 0.79812505625 0.33285365625 0.8220244796875 0.5470249578125 0.8232238703125001 0.5470319359375 0.8315763609375001 0.5384954859375 0.840050746875 0.5211011578125 0.8415798296875 0.49591369687500003 0.8525711406250001 0.45915219687500003 0.8583018765625001 0.4117000953125 0.8542895078124999 0.29829314687499997
0 0.8128112312500001 0.4917513203125 0.80317986875 0.5130152812500001 0.799012040625 0.5333419375 0.8013362609374999 0.6186354359374999 0.8037720374999999 0.63512415 0.8193338703125 0.6797928546875001 0.8260648390625001 0.6876877453125 0.8284770515625001 0.687701778125 0.8361507484375 0.6837670546875 0.8395709453125001 0.6750651375000001 0.843430903125 0.6411694203125 0.8405350328125 0.619832578125 0.8412488343750001 0.610145825 0.837656078125 0.5975267453125 0.8466412953125 0.5820735703125 0.851932275 0.559815265625 0.8560791999999999 0.5519145875 0.8562835859375 0.540205303125 0.8392256437500001 0.476399546875 0.8401424093750001 0.45508488593749996 0.8346957859374999 0.4550531984375 0.8301862640625 0.4637487765625 0.82261173125 0.46079743906250004 0.8128112312500001 0.4917513203125
0 0.4042131890625 0.46505834375 0.39616165 0.45822786718749997 0.3925012390625 0.44948475625000006 0.38162490625 0.44845238906249996 0.3819835171875 0.459114471875 0.3735429609375 0.4745708171875 0.37623244375 0.4765246453125 0.37861747968750004 0.49592033437499994 0.371780503125 0.5443350890625 0.3773861921875 0.5976676890625 0.373167621875 0.620901321875 0.37677729375 0.632551409375 0.3798626359375 0.6742402578125 0.3865204 0.6985062578125001 0.38960281406249997 0.6992124109375 0.3968387828125 0.6992545078125 0.4078975390625 0.6908779 0.4124239765625 0.681213328125 0.41718720625000005 0.6579828640625001 0.415262265625 0.6434353046875 0.4181547140625 0.6337612265625 0.42203500624999996 0.6299074390625 0.42019463437500004 0.6105149187500001 0.44144995624999994 0.5786585875 0.44152759531249997 0.5775264171875001 0.44173922968749996 0.5654018984375 0.44119282968749995 0.56218255 0.428986959375 0.543698815625 0.4238109578125 0.528163253125 0.419534809375 0.4922820203125 0.4164190578125 0.483542078125 0.4042131890625 0.46505834375
0 0 0.5953729546875 0.024449353125 0.595515196875 0.0378510953125 0.59497865625 0.05369095 0.59568531875 0.06896849375 0.5957742015624999 0.107713609375 0.589937928125 0.1195255796875 0.58293055625 0.11970507500000001 0.5726472499999999 0.1071629296875 0.5659671484375 0.0849426578125 0.5620248515624999 0.052956407812499995 0.562383478125 0.023972203125 0.5573123953125 0 0.5552450921875 0 0.5953729546875
0 0.043151634375 0.7505053937499999 0.0352219109375 0.7679028906250001 0.0287062984375 0.79790679375 0.028238234374999997 0.84399996875 0.0822348265625 0.8443141109375001 0.0862983515625 0.7439727796875 0.0888564984375 0.728517234375 0.0889290875 0.724358625 0.08571644218749999 0.714896675 0.06801320625 0.6992882296875 0.053155101562499994 0.707923603125 0.049751815625 0.7156565296874999 0.043320771875000004 0.740815471875 0.043151634375 0.7505053937499999
0 0.3292693203125 0.7510947140625001 0.3048924 0.7596683750000001 0.2854555125 0.7628236 0.2951169125 0.7645139624999999 0.3297629578125 0.7783334671875 0.3461882890625 0.7811526140625 0.38577123125 0.7835736875 0.443480784375 0.7839094328125 0.4508299453125 0.7823061203125 0.470190775 0.78350819375 0.5012745859375001 0.7793312921875 0.5130450984375 0.7712290078125 0.5131680140625 0.7704330781250001 0.5132887359375 0.7635169078125 0.50170240625 0.7548214890625 0.44187207031250003 0.7403107484375 0.39537945625000004 0.7389508265625 0.37494505624999996 0.7437344015625 0.3642956484375 0.7431277265625 0.3292693203125 0.7510947140625001
0 0.8450579578124999 0.6999573609375 0.8372870062500001 0.7010015859375 0.82644745625 0.711288159375 0.8108580156249999 0.7160999203125 0.7943661328125 0.717093409375 0.7680607359375 0.7251111328125 0.7418409031250001 0.7282268968750001 0.72428495625 0.7346613703125 0.6903512140625 0.735553384375 0.68836569375 0.738265421875 0.6902466359375 0.7415446703125 0.797619928125 0.7625298734375 0.8108171953125 0.762606653125 0.9391540515625 0.7500741 0.9538030203125001 0.7436227140625 0.9544191156249999 0.7371271453125 0.9545411250000001 0.730137303125 0.952188278125 0.7250929203124999 0.9310035484375 0.717343625 0.9135902078125 0.7156081640624999 0.900945775 0.7182581875 0.8747829843750001 0.718105978125 0.8450579578124999 0.6999573609375
0 0.8235208 0.93301035625 0.8255717359375 0.9330222875 0.8297377499999999 0.9298122640625 0.8579906390625001 0.9212611515625 0.8851414359374999 0.920329675 0.9143252890625 0.9139628500000001 0.9201962828125 0.9107287015625 0.9269792296875 0.9107681624999999 0.9435756921875 0.903783390625 0.9453212593749999 0.900244371875 0.9454306015625 0.893980184375 0.9447253171875 0.8934404421875 0.92633348125 0.89224400625 0.8945658921874999 0.8800754015625 0.8848474484375 0.8816530140625 0.8684506375 0.8771998796875 0.8592968781250001 0.8769627828125 0.8214213765625 0.8767424296874999 0.8112800953124999 0.8768672703125 0.7928217046875 0.8794834703125 0.770382771875 0.88806840625 0.7624977328125 0.8956485796875 0.758479159375 0.9037959656250001 0.8235208 0.93301035625
0 0.33978061406250004 0.920966478125 0.2988737828125 0.9327122765625001 0.2978382421875 0.9365192765625 0.3092950203125 0.9463908468750001 0.345100196875 0.94932274375 0.36922993125 0.9549103015625 0.37993638281250003 0.9522490015624999 0.4060706515625 0.9540352000000001 0.4123424765625 0.9571833875 0.4155356828125 0.9572019656249999 0.43034299374999996 0.9514528234374999 0.45073936718749996 0.9488478984375 0.4566578984375 0.9428904375 0.481918246875 0.939224375 0.5141136546875 0.9268831765625001 0.5183393234375 0.9217921812500001 0.518493659375 0.9129502765625 0.51828434375 0.9100211953124999 0.49899006406249996 0.9050064859375 0.465008784375 0.9086218125000001 0.3777709609375 0.9097484296875 0.3505346 0.9155818671875 0.33978061406250004 0.920966478125
0 0.8499685703125 1 0.850341790625 0.9995434828124999 0.85779450625 0.9782668484375 0.8676829968750001 0.9734789234375001 0.866370371875 0.955058565625 0.8788390359375 0.9489728859375001 0.8789344171875 0.9435085000000001 0.8770572328125 0.9357389265625 0.866759390625 0.93277174375 0.8652438 0.9259792921875001 0.86500016875 0.8775233421875 0.8592929953124999 0.8300046968749999 0.8611299499999999 0.8183862953125001 0.8475607125 0.7843891796875 0.84490505625 0.7804973671875 0.8404124484375 0.7882239546875 0.826000940625 0.8336873718750001 0.8157741749999999 0.857855140625 0.809086 0.8665380468749999 0.80391341875 0.882013403125 0.8038288484375 0.8868583640625 0.8144176468750001 0.9043635999999999 0.8169718203125 0.9140693656250001 0.8171274640625 0.93635935625 0.82123105625 0.950919590625 0.8249963703125 0.9848596687500001 0.8310998140624999 1 0.8499685703125 1
0 0.07381347656250001 1 0.074627346875 0.9856419015625001 0.0763966453125 0.9778994703125001 0.0808554265625 0.9721108671875 0.0795597140625 0.9527215171875 0.08763310156250001 0.8881302203124999 0.0876720046875 0.8859014578125001 0.0350659109375 0.8855954046875001 0.0359968046875 0.8894771828125 0.038493582812499996 0.9960916796875001 0.0398261109375 1 0.07381347656250001 1
0 0.0823521375 1 0.08191923906250001 0.9960721046875 0.07980140625 0.9301616218750001 0.065805903125 0.889378390625 0.057686710937499996 0.8864238796875 0.0521893453125 0.8892991703125 0.0471013328125 0.8999295640625 0.044706225 0.943524709375 0.038495059375 0.9560867546875 0.040436915625 0.9696653187500001 0.0375106375 0.9812773828125 0.035485371875 1 0.0823521375 1