0 0.23012310781249998 1 0.224099865625 0.9593623093750001 0.21826481250000002 0.9441864578124999 0.2028551125 0.9250537640625 0.200121225 0.9249423671875 0.2040548296875 1 0.23012310781249998 1
0 0.14091354375 0.8572575921875 0.11005872812499999 0.8670877375 0.1425016578125 0.8875606234375001 0.1531395125 0.8910179140625001 0.1832987640625 0.88216736875 0.2108345640625 0.8802655343750001 0.2847904546875 0.8822824031250001 0.28476603749999996 0.88181649375 0.27023836874999996 0.8736145578125001 0.252221359375 0.871872478125 0.208014128125 0.8549520125000001 0.169039034375 0.8523559531249999 0.15380428906250002 0.846695465625 0.14091354375 0.8572575921875
0 0.21097195000000002 0.745891725 0.227544890625 0.7485829093749999 0.2237568203125 0.7333093984375 0.22921547343749998 0.7234523796875 0.25760565 0.7236012484375001 0.249697121875 0.7152154484375 0.20353523906249998 0.699002790625 0.1662244484375 0.69748249375 0.13111602656250002 0.704335975 0.1064080453125 0.7174404171875 0.0993465125 0.725216234375 0.1224897859375 0.739262521875 0.20771325156249998 0.7407192234375 0.21097195000000002 0.745891725
0 0.24299684687499998 0.5905732218749999 0.2429565625 0.58980454375 0.1957336109375 0.5722588 0.15332153125 0.56910534375 0.1338780234375 0.5683130828125 0.11660404375 0.57306629375 0.10521030468749999 0.5836894171875 0.1100189453125 0.58993301875 0.1329504703125 0.5999389015625 0.1584525078125 0.6019859750000001 0.24299684687499998 0.5905732218749999
0 0.1694491609375 0.539709815625 0.177137696875 0.53255405625 0.1804720046875 0.519245634375 0.17431332500000002 0.47866184062499995 0.17748091562499999 0.44293948906249997 0.168850925 0.432131178125 0.160711615625 0.3916618453125 0.1571241078125 0.391515665625 0.1536797859375 0.39267396250000003 0.15059065 0.42989332031250005 0.1427550171875 0.453474990625 0.144549665625 0.46848620781249994 0.15996597968749998 0.5318543625000001 0.1694491609375 0.539709815625
0 0.1697171609375 0.3995038734375 0.1698834640625 0.385511125 0.1685910453125 0.36085030156250003 0.1592630875 0.3154245875 0.1637545984375 0.2857314171875 0.15547136718750001 0.277629396875 0.15371569062499998 0.27755785781250003 0.1381294203125 0.316057265625 0.139855425 0.3489913984375 0.1431309046875 0.3730258109375 0.15137843281250002 0.3957690109375 0.158762959375 0.40204514375 0.1697171609375 0.3995038734375
0 0.330143015625 0.2616131421875 0.324190296875 0.32112295625 0.3277795953125 0.35114539218749996 0.33517393281249996 0.3768414453125 0.3496389765625 0.40282560624999997 0.35915345468750004 0.40598438437500006 0.360007534375 0.406019184375 0.364476671875 0.3974549609375 0.3692943921875 0.382420346875 0.369105165625 0.378809696875 0.3657809703125 0.3646443046875 0.366859715625 0.34676255 0.350531378125 0.32369008125 0.345068978125 0.27715942031249996 0.338302278125 0.26343941718749997 0.330143015625 0.2616131421875
0 0.3708532515625 0.483245971875 0.40015074375 0.486455640625 0.42089707968749995 0.4832692140625 0.446769678125 0.49238699375 0.45445323593750003 0.4900668203125 0.45434480937500005 0.4879979171875 0.4443198046875 0.47414417656249996 0.401715453125 0.45930491093750003 0.3979308046875 0.4590168296875 0.3695005734375 0.45785838749999996 0.3303356 0.46546790156249995 0.3218829359375 0.4752029203125 0.3210211765625 0.487263134375 0.32272992968750003 0.49136453593749996 0.3466290875 0.491330409375 0.3708532515625 0.483245971875
0 0.40822227499999997 0.64639620625 0.4220400609375 0.6215644796875 0.4312849390625 0.5835003515625 0.4306377890625 0.5711519859374999 0.417489684375 0.5347381312499999 0.4099482484375 0.5254679859375 0.39960885625000003 0.5183334125 0.39541828749999997 0.5181626609375 0.39246271250000003 0.5187802703125 0.387961390625 0.52905351875 0.39754265 0.5772458203124999 0.3985821828125 0.6355467359375 0.40799672343750004 0.66132510625 0.40822227499999997 0.64639620625
0 0.43975308437500005 0.74508218125 0.43824285625000003 0.7162653015625 0.4283511046875 0.672290271875 0.4191719296875 0.6510029203125 0.40378588437499996 0.6447958453125 0.40263709687500004 0.6447490359375 0.398204984375 0.6740495296875 0.3982932484375 0.6949664546875 0.4159553171875 0.743488025 0.43390829843749995 0.778552125 0.43392572031250004 0.778552834375 0.43975308437500005 0.74508218125
0 0.487675859375 0.8605123015625 0.5001283421875 0.8700911984375 0.512210265625 0.8725993859375001 0.517933603125 0.8677928749999999 0.5082104468749999 0.8532854703125 0.5354503609375 0.8455596546875 0.5354295015625 0.8451616578125 0.48438367656250003 0.8320612296875 0.410661140625 0.8290572671875 0.3898940359375 0.8474565015625 0.39475561406250004 0.8547102046875 0.41314318437499997 0.8635229921875001 0.4352277125 0.8573672609375 0.46212088281249997 0.8574551296875 0.487675859375 0.8605123015625
0 0.44879601406249997 0.997441621875 0.45408621718750003 0.9976571812499999 0.4676130109375 0.9926252921875 0.5286196984375 0.9880555171875001 0.5451926375 0.9907466984375001 0.5459702937500001 0.9867907109375 0.5458440703125 0.984382246875 0.5370723625 0.9783204937500001 0.517505409375 0.975507315625 0.4744434453125 0.9595075921875 0.46871616875 0.9592742234375 0.41132385937500004 0.9731966359375 0.39848605 0.9847688625 0.4047810625 0.9956481515625001 0.40825210624999997 0.995789584375 0.42585565625 0.9939476421875 0.44879601406249997 0.997441621875
0 0.725385353125 1 0.7267893984375 0.9930737078125 0.7432899296875 0.9735463281250001 0.7432450390625001 0.9726897453125 0.730584628125 0.9693274046875 0.7191105953125 0.9024329890624999 0.7187109765625 0.90241670625 0.6928284265625 0.97973943125 0.6927508296875 1 0.725385353125 1
0 1 0.9323772265624999 0.980467878125 0.927114953125 0.9754087203124999 0.9269088078125 0.9299435125000001 0.9287827640625 0.9080177953125 0.9379687999999999 0.9115941140625001 0.9492019078125 0.9361814578125 0.9622990921874999 1 0.9694322328125 1 0.9323772265624999
0 0.6779659265625 0.8515562062500001 0.7020768328125 0.8555624828124999 0.7143175671875001 0.8611009734374999 0.7192850187500001 0.870374878125 0.7283729296875 0.8727610703125 0.7582601125 0.8729709359375001 0.7596256984374999 0.86874281875 0.7593760515625 0.8639792734375 0.709629565625 0.8286557453125001 0.689809975 0.82172175 0.6670719546874999 0.8207952468749999 0.6225914703125001 0.8210774390625 0.6128006109374999 0.8337817624999999 0.61664161875 0.8500653765624999 0.6254119046875 0.8463909624999999 0.63920258125 0.853000553125 0.6779659265625 0.8515562062500001
0 1 0.8202087578124999 0.989791921875 0.8184715625000001 0.9754189359375 0.8007508609375 0.9742189734375 0.8005680984374999 0.9653677171874999 0.8002074374999999 0.95349321875 0.8099368968749999 0.9138681109375 0.82344145625 0.9070183296875 0.8352576781250001 0.91797380625 0.8447755750000001 0.9619692859375 0.8576556375 0.979986296875 0.85939771875 1 0.8494359656249999 1 0.8202087578124999
0 0.64607595625 0.6718006296875 0.635053109375 0.6922648109375 0.6545882796875 0.757294603125 0.6681903218749999 0.7668117 0.6755650375 0.7536679140625 0.6782815203125 0.7478033640625 0.6728289328125 0.7206926234375 0.6723385796875 0.6728707484374999 0.6629240421875 0.647092378125 0.6531270390625 0.6332488984375 0.64607595625 0.6718006296875
0 0.9664345031250001 0.7625080140625 0.971014278125 0.7537317703124999 0.9817821390624999 0.68993673125 0.9811303953125 0.6624634609375 0.9791451828125 0.6245833671875001 0.9701815578125 0.6242181265625 0.9687783031249999 0.634135925 0.947899621875 0.6780994609375 0.9468405000000001 0.734821053125 0.9499590671875 0.7558614546875 0.9664345031250001 0.7625080140625
0 0.6802055078125 0.6028408984375 0.6792682812499999 0.5849575546875 0.6448241703125001 0.5678082265625 0.614506684375 0.5629505859374999 0.5921919375 0.5620413296875 0.572914946875 0.5638702078125 0.579538215625 0.5762354125 0.6206455609375 0.59101368125 0.650797428125 0.59627405 0.673676015625 0.6052698328125 0.6802055078125 0.6028408984375
0 1 0.5737760062499999 0.9996684953124999 0.5737624984374999 0.9632109796874999 0.5621975296875 0.9181949250000001 0.5583473765625 0.8899635578125 0.5612288125 0.8799609531250001 0.569892734375 0.88177558125 0.5760143390625 0.9032100984375001 0.5859592234375001 0.9195712921875 0.584610003125 0.9318120249999999 0.59014849375 0.9558170578125 0.5921345687499999 0.9873071203125001 0.5944256359375 0.9942627796875 0.584629615625 1 0.5832666078125001 1 0.5737760062499999
0 0.62829801875 0.485808384375 0.6208546593750001 0.5168750828124999 0.6236594078125 0.5319274625 0.633358334375 0.505434096875 0.6457835546874999 0.49249610156249995 0.6542370140625 0.4614705625 0.6539491640625 0.4290967171875 0.65303951875 0.41173965468749996 0.64860789375 0.39252596875 0.6420139171875 0.3832084703125 0.6398719734375 0.38312119375 0.63151463125 0.39332328125 0.631602896875 0.41424020625 0.62283561875 0.4392777234375 0.6209821359375 0.4616093390625 0.6265033703125 0.47079716875 0.62829801875 0.485808384375
0 0.6537133374999999 0.33899704375 0.67416585 0.3388442984375 0.6733599484375 0.3234667890625 0.664630640625 0.319283009375 0.636177409375 0.31748579062500004 0.618037921875 0.3167466625 0.588600959375 0.3222327015625 0.5550168156249999 0.3369913578125 0.555599125 0.34810246875 0.5693368640625 0.35370195781249997 0.6257995953125 0.3479390875 0.6537133374999999 0.33899704375
0 1 0.30534636718749997 0.991439978125 0.303896690625 0.9601010890625 0.302619728125 0.9047034343749999 0.3040319921875 0.8781808234374999 0.31101483124999996 0.8749073609375 0.334064159375 0.8914273640625 0.3357452421875 1 0.3249018796875 1 0.30534636718749997
0 0.946182659375 0.509421321875 0.9575034796875 0.50561421875 0.9629364484374999 0.4938851234375 0.966241328125 0.4223169453125 0.9753617921875 0.4036389265625 0.9752767296875 0.40201583281250003 0.9642897703125 0.4043117140625 0.9532585359375 0.37562159375 0.9400628078125 0.37508390937499997 0.9409691812500001 0.38244814374999997 0.9369385890625 0.4017034296875 0.9276221250000001 0.4162619046875 0.9375270140625 0.48986215 0.9455288749999999 0.5093946828125 0.946182659375 0.509421321875
0 0.8721590609375 0.094654221875 0.8806643968750001 0.123197471875 0.8809913203124999 0.12321079374999999 0.9173397109374999 0.09977808906249999 0.9171624312500001 0.0963953921875 0.9136418468749999 0.078418803125 0.9146871437499999 0.049164096875 0.9142619156249999 0.0410502671875 0.91350435625 0.037222450000000004 0.880179221875 0.0358645546875 0.8729239874999999 0.070784440625 0.8721590609375 0.094654221875
0 0.9103143703125 0.2803219515625 0.9121057984375 0.280394946875 0.916899009375 0.27816460625 0.9350317734375 0.1818058625 0.94295969375 0.1721279828125 0.9427293156250001 0.1677320953125 0.9336195875 0.1548597546875 0.9371892624999999 0.146042353125 0.9356561953125 0.134793196875 0.9330093109375 0.13468534375000002 0.9206353734375 0.1378987875 0.911318909375 0.1524572625 0.9003745203125 0.1744184515625 0.893323434375 0.2129701796875 0.8983249171875001 0.269938725 0.9103143703125 0.2803219515625
0 0.6799439734375 0.24084322343750003 0.66550063125 0.23736788749999999 0.666309453125 0.22429757343749998 0.6334596046875001 0.2082336140625 0.62704663125 0.2079723046875 0.575906784375 0.2095265625 0.5435549625 0.2192957109375 0.5532781171875001 0.233803115625 0.599791178125 0.23771426406249999 0.6799511703125 0.240980534375 0.6799439734375 0.24084322343750003
0 0.592060975 0.10520112968749999 0.6165856453125 0.0986014828125 0.6379892953125 0.0984656703125 0.6576131515625 0.082501240625 0.6575850265625001 0.0819645703125 0.6208409890625 0.0673947421875 0.609018253125 0.06691300312500001 0.575182746875 0.0686920125 0.5561981031250001 0.07698994375 0.5506335765625 0.0848267578125 0.5694975796875 0.1027304546875 0.58570695 0.1049422234375 0.592060975 0.10520112968749999
0 0.4029679625 0.072930840625 0.4028883859375 0.07141243281250001 0.350239853125 0.06260524375 0.347497675 0.062493509375 0.287886296875 0.0779634140625 0.282162959375 0.082769925 0.2859510265625 0.0980434375 0.365080596875 0.09723594375 0.38860919531250004 0.09013110937499999 0.4029679625 0.072930840625
0 0.41872999375 0.20890202812499997 0.439614175 0.2069206703125 0.439243615625 0.1998499625 0.43322362031250006 0.200421103125 0.390390228125 0.1858559890625 0.37740540624999996 0.18532689687499998 0.325174503125 0.19097871875 0.2973666359375 0.2019409640625 0.2948490578125 0.21090987499999997 0.3059104078125 0.2224479734375 0.3612996296875 0.22470491093749997 0.41872999375 0.20890202812499997
0 0.1758639453125 0.23187003125 0.173642134375 0.1894753546875 0.1423780875 0.1352120203125 0.1318657015625 0.1347836734375 0.1305677625 0.1349065265625 0.138923178125 0.21740648906249999 0.1497400921875 0.250711046875 0.1634205890625 0.2617251484375 0.172197678125 0.2561075515625 0.1758639453125 0.23187003125
0 0.21512262343750002 0.08845194687499999 0.21510859375 0.0881842390625 0.134675303125 0.0772091125 0.130008859375 0.07701896875 0.0795654109375 0.08874404062499999 0.0699863 0.1054887703125 0.0760801984375 0.10775296406249998 0.12553433281249998 0.1107760109375 0.1894291546875 0.1043080296875 0.21512262343750002 0.08845194687499999