0 0.898204903125 0.014524775 0.8899959109375001 0.030904945312499998 0.8894726703125 0.050235425 0.8745603031250001 0.0974273453125 0.8746919796875 0.13926586406250002 0.8697367843749999 0.15553240937499999 0.8820883875 0.1695852390625 0.8950013484375001 0.20293066875000002 0.9146263484375 0.16844898749999998 0.9175526859375 0.15708134375 0.9057477125 0.1245018921875 0.9016284906250001 0.0948727515625 0.898204903125 0.014524775
0 0.8998695343750001 0.1828510109375 0.8864714484375 0.2074591421875 0.8913070937500001 0.2990232609375 0.8859776593750001 0.302428071875 0.8849955703125 0.31296979375 0.885199653125 0.3199836625 0.9004984609375001 0.3164051484375 0.9115315671875001 0.32245726874999997 0.9133975359375001 0.35130492812499997 0.91525178125 0.351240175 0.9219478734375001 0.3446244328125 0.9367198999999999 0.292609359375 0.9357375250000001 0.258847303125 0.9247598625 0.21738753593750001 0.9087802234375 0.190586596875 0.8998695343750001 0.1828510109375
0 0.8363566765625 0.415248225 0.8363817765625001 0.416110878125 0.8866315234375 0.4311581859375 0.9118270562499999 0.43112823906250003 0.95520484375 0.429613453125 0.9717142921875 0.423844228125 0.9842288859374999 0.4114645 0.9792163828125 0.4051253359375 0.9548165984375 0.3962060890625 0.9274538515625 0.3960759171875 0.8363566765625 0.415248225
0 1 0.5349948359375001 0.9918555937500001 0.5267472640624999 0.9772599062499999 0.5229141546875 0.93397778125 0.5287684015624999 0.8952347796875 0.5246928359374999 0.8842332296875 0.5337626234374999 0.8415994781249999 0.54167741875 0.841742871875 0.5466055640625 0.8428428468750001 0.5493221171875 0.8831935671875 0.5533415421875 0.909201065625 0.5622046468749999 0.9252466781249999 0.560558621875 0.992392090625 0.5451854421875 1 0.5353332515625 1 0.5349948359375001
0 0.9108753984375 0.6147330296875 0.91007820625 0.6374620140625 0.9105350953125001 0.65316428125 0.9200026609374999 0.704537934375 0.9144306625 0.736919525 0.9232698015624999 0.7451102656249999 0.9249588 0.745051284375 0.9427324515625 0.7021348421875 0.941703296875 0.6667650671875001 0.938785621875 0.6411173453125001 0.9304917359375 0.6172667140625 0.922712425 0.6111009703125 0.9108753984375 0.6147330296875
0 0.7008870843749999 0.633086815625 0.69608823125 0.6474298 0.696395834375 0.6580014140625 0.69866244375 0.6685702171875 0.6972118140625 0.686044796875 0.69727585 0.6882455578125 0.7140252828125 0.7114862015625001 0.7187292515625 0.7612118046874999 0.7256578593749999 0.7754540078125001 0.7342354531249999 0.77673689375 0.7343847328125 0.7767316796875 0.7422716265625 0.7121091703125 0.739166834375 0.680030578125 0.7318639874999999 0.6529266390624999 0.7169689453125 0.626087825 0.7060293984375 0.6232511390625 0.7008870843749999 0.633086815625
0 0.6597155156250001 0.47904310937499994 0.6568133671874999 0.48023275625000006 0.65760229375 0.5073464078125001 0.6677902312499999 0.5326743796875 0.666533240625 0.5641006125 0.6715265515625 0.58645715 0.6636450171875 0.614091340625 0.666830209375 0.622681971875 0.668529825 0.6226226203125 0.683121015625 0.611801871875 0.6959109625 0.56629341875 0.6961067453124999 0.5357089203125 0.683904146875 0.4894638765625 0.6727774796875 0.480196325 0.6597155156250001 0.47904310937499994
0 0.667129878125 0.4141745515625 0.604365796875 0.4141949203125 0.5785190578125 0.42338795156250003 0.578532984375 0.4238666015625 0.5933958046875001 0.424349309375 0.6212003734375 0.4396638640625 0.6644927203125001 0.4507139578125 0.674747715625 0.45035584531249995 0.7144479609375 0.4364075859375 0.7238733546875 0.42847853750000003 0.7315647937499999 0.416267240625 0.729767725 0.4098157890625 0.7183559140625 0.40478579375 0.667129878125 0.4141745515625
0 0.6293094859374999 0.2604549171875 0.6289975328125 0.276823453125 0.62920431875 0.2839301875 0.6466457390625 0.3338796515625 0.6646320859375 0.369376534375 0.6652493328125 0.36935497968750003 0.672629328125 0.33136293437500003 0.6718808515625 0.30563946249999996 0.6617538875 0.256103234375 0.6524221812500001 0.23389819531249997 0.6348814828125 0.22807332656249998 0.6293094859374999 0.2604549171875
0 0.58082888125 0.14351701875 0.5676831171875001 0.13420477343749998 0.5547582640625001 0.1324847171875 0.5484851875000001 0.13813228125000002 0.5585733125 0.1529798078125 0.5287313046875 0.1636574171875 0.5287379546875 0.16388596875 0.5881749484375 0.1747458109375 0.6032162171875 0.17444618125 0.6614991453125 0.1724108953125 0.6856145171875 0.14962913125 0.6805704546875 0.14220536875 0.66102538125 0.134202290625 0.637130534375 0.14263662187499998 0.6082231874999999 0.144731790625 0.58082888125 0.14351701875
0 0.6011298828125 0 0.539838590625 0.00923075 0.5220905859375 0.0076791234375 0.521186378125 0.01186350625 0.5212664578124999 0.0146156734375 0.5305078734374999 0.02041359375 0.5514713125 0.021852934375 0.5969190609374999 0.0354622828125 0.6040341015624999 0.03521381875 0.6655561046875 0.0156976046875 0.67964685625 0.0021771359375 0.6783862515625 0 0.6011298828125 0
0 0.3751073609375 0.029484184375 0.34919453749999996 0.023874875 0.32611844375 0.0051380968749999995 0.3233132703125 0.0193501625 0.252700421875 0.030323087500000002 0.2527221359375 0.0310693234375 0.3373742359375 0.060115771875 0.39395778593749997 0.061318898437500005 0.395729640625 0.0612570234375 0.41132921875 0.05753320625 0.42075461093750005 0.0496041609375 0.42047058281250005 0.0398427703125 0.40202828906250004 0.014429973437499998 0.39581833125 0.0222467359375 0.3751073609375 0.029484184375
0 0.042996298437500004 0.0800775890625 0.0483658671875 0.1283708578125 0.0594737015625 0.151203721875 0.06329509375 0.151070275 0.07175057812499999 0.1484758046875 0.08401728593749999 0.1222978296875 0.08816895 0.023982462500000003 0.052591321875 0.0252248609375 0.042814346875 0.0738243109375 0.042996298437500004 0.0800775890625
0 0.37952243281250003 0.14666274375 0.38914348125 0.1414987171875 0.39103199843750003 0.13177666562499998 0.3890118046875 0.0996601984375 0.3802414578125 0.09674776562500001 0.34490883437500003 0.151090178125 0.33823413593749996 0.17470749375 0.33840310625000003 0.18051461093750001 0.34328366718750003 0.244489265625 0.3573478859375 0.2549801234375 0.3592309625 0.25491436562500003 0.374970928125 0.2514294765625 0.3703518546875 0.2419346734375 0.376438428125 0.22723797031249998 0.37196835781250004 0.185550953125 0.374473675 0.1597138546875 0.37952243281250003 0.14666274375
0 0.05061671718750001 0.1855514296875 0.007871090625 0.20984385468750003 0.0076709703125 0.2098799234375 0.008184478125 0.2275280828125 0.0390488859375 0.23046911718750002 0.054025871875 0.24836739843750003 0.0650586703125 0.2479821234375 0.07785500468749999 0.2367138828125 0.12078998437499999 0.2189290484375 0.1284498671875 0.20563315000000001 0.116911821875 0.1962647625 0.06994088125 0.185962315625 0.05061671718750001 0.1855514296875
0 0.393984275 0.258684671875 0.38543916093749997 0.300826190625 0.373813975 0.32242311875 0.3739426453125 0.32684521875 0.392444003125 0.3923145625 0.40504943281249994 0.4003385875 0.40750382500000004 0.400252878125 0.41508023749999995 0.386696034375 0.41814691562500006 0.3801515421875 0.4129664828125 0.35136413437499997 0.4136387265625 0.2998414390625 0.40416668125 0.27281325 0.393984275 0.258684671875
0 0.0723935609375 0.426031975 0.0755341015625 0.42592230468750003 0.0801629671875 0.41706869687500003 0.0933358203125 0.34740661093749997 0.0933190890625 0.30444198125 0.09316458749999999 0.2991320734375 0.07526575937499999 0.29975711562499996 0.057216603125 0.3374024703125 0.055091045312499996 0.38823863593749997 0.0556157609375 0.4062719765625 0.05747995625 0.42107950625 0.0723935609375 0.426031975
0 0.40257591562500006 0.5045938234375 0.4055584953125 0.5113710328125001 0.42451469687500004 0.5107090671875001 0.4405314546875 0.47372794375 0.44427508906249996 0.43258372187500005 0.4440523484375 0.42492859687499995 0.43937062187500003 0.39651965 0.4265425578125 0.40340501875 0.413705828125 0.44730575312500004 0.4103030296875 0.47961159531249997 0.4025405765625 0.503379275 0.40257591562500006 0.5045938234375
0 0.096139609375 0.47094637031250003 0.07038458125 0.47076005624999995 0.036590962500000004 0.47085445468750003 0.0288679625 0.4819811546875 0.015707878124999998 0.48609056562499997 0.01594893125 0.49437500468750006 0.022784240625 0.4941363109375 0.0616850359375 0.5036348734375 0.083379884375 0.50385270625 0.11835715468750001 0.5026312734375 0.1404000546875 0.4987146828125 0.15137004375000002 0.4885602953125 0.1495729765625 0.48210884531250003 0.126780909375 0.4731334546875 0.10915913906250001 0.47592022343749996 0.096139609375 0.47094637031250003
0 0.41560748593749997 0.509658896875 0.4051357390625 0.5228993843749999 0.4047060578125 0.545445296875 0.3946553265625 0.5731552375 0.3921032265625 0.5973846171875 0.3978068984375 0.6068415453125 0.3993592953125 0.6228808406249999 0.39128902499999996 0.6542305984375 0.3915382796875 0.6627969484375 0.39294753125000004 0.67134835625 0.3938474359375 0.67131693125 0.40430582812500004 0.6436296625 0.41798459218749995 0.6286678343750001 0.4278482046875 0.594527025 0.42856722812500003 0.544612046875 0.4235271375 0.5206477921875 0.41560748593749997 0.509658896875
0 0.4511903828125 0.7253919015625 0.44261581406249995 0.69189496875 0.4241863 0.655523478125 0.4122557171875 0.6559401031250001 0.40739419374999997 0.670187315625 0.4074372140625 0.6716657921875 0.4177081625 0.7313891781249999 0.42944296406250004 0.7615570515625001 0.43118248125 0.784027215625 0.447451459375 0.783459090625 0.45150917812499997 0.773661290625 0.4511903828125 0.7253919015625
0 0.082514825 0.823958503125 0.10169059218750001 0.8269794234375001 0.10763756093750002 0.8267717515624999 0.1080994640625 0.8124105187499999 0.10800662812499999 0.8092199156250001 0.0894280984375 0.6997970890625 0.0664816125 0.700598396875 0.06590991406249999 0.706304878125 0.066528715625 0.727571675 0.072996 0.795322596875 0.082514825 0.823958503125
0 0.0707947109375 0.588511509375 0.0654479484375 0.6659470546875 0.055915039062500005 0.6853285015624999 0.05600300625 0.6883517625 0.0670939046875 0.6852017828125 0.06962326875 0.6920236140625 0.0952049296875 0.6911302828125 0.09642484999999999 0.685786871875 0.1068030390625 0.669330953125 0.0980032390625 0.5907800671875 0.08980291093750001 0.570144871875 0.076928065625 0.575422525 0.0707947109375 0.588511509375
0 0.10747985468750001 0.8096920687500001 0.085574771875 0.915064803125 0.0754836390625 0.9278240375 0.07551424531249999 0.9288758781249999 0.0864168078125 0.944003709375 0.08235909218750001 0.9538015109375 0.08295241875 0.9590171375000001 0.1017589109375 0.9583603999999999 0.1103247578125 0.944778175 0.1226382453125 0.9202079187500001 0.1311833609375 0.8780664015624999 0.12723652968750002 0.817048903125 0.1138938875 0.8062493843749999 0.10747985468750001 0.8096920687500001
0 0.4144236265625 0.7794211515625 0.4137046015625 0.8293361296875 0.4162290890625 0.91609710625 0.41624037031250005 0.9160967125000001 0.419016709375 0.8999620546875 0.433163271875 0.901077396875 0.448403096875 0.8651394968749999 0.4422870703125 0.8041977499999999 0.42932732968750004 0.7692446000000001 0.4144236265625 0.7794211515625
0 0.48942562343749996 0.9823608828125 0.4720277765625 0.9667745234374999 0.449456621875 0.965391325 0.42130555156250005 0.9750599890625 0.398293703125 0.9769492796874999 0.388063203125 0.9859005375000001 0.48942562343749996 0.9823608828125
0 0.780850234375 0.9650897374999999 0.777161421875 0.9489330421875 0.6920786515625 0.956247 0.6666076484375 0.965822071875 0.6572056390625 0.977502140625 0.657222028125 0.9780653921875 0.763776534375 0.9743444265625 0.7745771593749999 0.9707372984375 0.780850234375 0.9650897374999999
0 0.759266390625 0.8171991546875 0.6997808609375 0.819276434375 0.6376479500000001 0.8409887765624999 0.61580378125 0.8447135187500001 0.6160246921875 0.8523057093749999 0.62185480625 0.8513115921875001 0.6721358578125 0.8647555499999999 0.737768228125 0.852692309375 0.7679361484375 0.8386104140624999 0.7708675546875 0.828736740625 0.759266390625 0.8171991546875
0 0.9049370796874999 0.7693622859375 0.8993650859375 0.801743875 0.8993575453125 0.8065588765625 0.900297596875 0.8388663656249999 0.9343676999999999 0.8980033078125 0.9398416640624999 0.8978121531250001 0.9466404203125001 0.896654021875 0.9397291375 0.8083810828125 0.9289385937500001 0.773352184375 0.9145504624999999 0.762619715625 0.9144659296875 0.76262266875 0.9049370796874999 0.7693622859375
0 0.9388321312500001 0.8908293140625 0.9195601609375 0.8625463828125 0.919551084375 0.8625467 0.9142399859375001 0.9417557265625 0.91467738125 0.95678803125 0.9183467390625 0.968946715625 0.9506759390624999 0.9678177546875 0.9506050484375 0.959620271875 0.9388321312500001 0.8908293140625