0 0.9805896828125 0.21620665 0.9807845984375 0.2162021125 0.994224678125 0.20221659062500003 0.998403634375 0.20150212343749999 0.9991562015625 0.0721468421875 0.9970665234375 0.07253836875 0.9812921875 0.0929645328125 0.9759831999999999 0.10851810937499999 0.972474653125 0.142842334375 0.9723986734375 0.155902234375 0.9817075609374999 0.20096492968750002 0.9805896828125 0.21620665
0 0.8136813593750001 0.156037659375 0.8201179328125001 0.15588784687499999 0.8310035171875001 0.1519606546875 0.871133046875 0.149982928125 0.9159772265624999 0.13328366875 0.9345018187499999 0.1318088046875 0.9499825 0.1230988875 0.8728280796875 0.12385097656249999 0.844296915625 0.12138394687500001 0.812721840625 0.1116818640625 0.8019011546874999 0.11506481875 0.7694191406249999 0.1356262828125 0.7694189125 0.13566554687500001 0.8017189671875 0.146380059375 0.8136813593750001 0.156037659375
0 0.70270088125 0.2054894109375 0.7045769140625 0.20544574531249998 0.705721828125 0.17778009374999998 0.7161961546875 0.1713642984375 0.7318358171875 0.1740862828125 0.729846896875 0.157159565625 0.7246456453125 0.154194625 0.72724508125 0.06618306874999999 0.713809815625 0.0433507671875 0.7054141953124999 0.051261179687500005 0.6906477875 0.0778358890625 0.682057803125 0.1138286171875 0.6818255109375 0.1537562859375 0.6962015625 0.19960369375 0.70270088125 0.2054894109375
0 0.6092224859375001 0.148298184375 0.63200098125 0.138546484375 0.6366670484375 0.13217568125 0.6243881703125 0.120980775 0.6043628796875 0.11518466875 0.5426223390625 0.1187090953125 0.49445369843750003 0.136086896875 0.49444979218749996 0.1367584234375 0.5756154546875 0.14908039687500002 0.6092224859375001 0.148298184375
0 0.4173841125 0.14651411875 0.41750001093750005 0.146511421875 0.4544693046875 0.1404462625 0.49611167968750003 0.143651825 0.5100248609375 0.1391531921875 0.5177894921874999 0.1306228703125 0.5101281 0.12140789062499999 0.44538615937500003 0.11039037656249999 0.4299601328125 0.10970572187500001 0.40521411875 0.119674990625 0.3666035078125 0.1257921625 0.36640280468749997 0.126331378125 0.36636222812499997 0.1333059140625 0.4066480171875 0.13842821562500002 0.4173841125 0.14651411875
0 0.2854305921875 0.1373355671875 0.33431014062500003 0.143760821875 0.3516120453125 0.143358115625 0.3718139078125 0.1415871734375 0.37496713125 0.13003308125 0.3688368015625 0.1228698640625 0.3457311640625 0.11610175625000001 0.3210519515625 0.1145887703125 0.287101334375 0.1153789796875 0.246057375 0.1347916984375 0.24605115 0.13586170625 0.2545299578125 0.1443169875 0.2854305921875 0.1373355671875
0 0.3373301515625 0.3499126015625 0.3466623125 0.34969539374999997 0.36055666249999996 0.3442573453125 0.369846284375 0.3388226265625 0.36682059218749996 0.3284560515625 0.340664971875 0.31549672968750003 0.3144668421875 0.3098442984375 0.2836147890625 0.3084749875 0.22183174062500002 0.31930630312499997 0.2233263671875 0.327621115625 0.23717881875 0.333560896875 0.28500010625 0.33557894374999997 0.30790421874999996 0.3505974984375 0.30897905 0.35057248125 0.326587825 0.348179078125 0.3373301515625 0.3499126015625
0 0.40639702812499995 0.369067596875 0.4279776734375 0.3727401015625 0.45808241250000004 0.36995200625 0.48349072031249996 0.3787539203125 0.49684951093749996 0.3790078046875 0.5083558125 0.3787399921875 0.50974350625 0.3750117796875 0.508273171875 0.3625216015625 0.49907464062500007 0.3522986984375 0.454382284375 0.342901928125 0.425055221875 0.344628221875 0.38176639843750004 0.359203878125 0.3727831078125 0.37232315312500003 0.37276340625 0.3757095015625 0.3801138765625 0.3780289421875 0.40639702812499995 0.369067596875
0 0.568899075 0.391873696875 0.6078455921875 0.396734090625 0.6214340468749999 0.396417815625 0.629072115625 0.3925605515625 0.6306517625 0.3862615859375 0.623002515625 0.37495892343750004 0.613785765625 0.36786754843749997 0.5706548375 0.3553033296875 0.5242795921875001 0.3699508265625 0.4979539328125 0.38621906250000004 0.48361716093749996 0.387521996875 0.4836146890625 0.38794691718749996 0.5087017453125 0.3953622046875 0.568899075 0.391873696875
0 0.614982028125 0.3647231859375 0.6492246515625 0.380080934375 0.6985162734375 0.394589159375 0.720127284375 0.39304245625 0.7510279203125 0.38606103593749996 0.744952246875 0.36950325 0.7233958921875 0.3616553796875 0.6762880921875001 0.35452157500000003 0.6503835062500001 0.35512451093749997 0.6149867140625 0.3639177515625 0.614982028125 0.3647231859375
0 0.849602903125 0.3993638546875 0.823356190625 0.402062153125 0.7955844875 0.401664846875 0.7724788484375 0.3948967359375 0.753911746875 0.40367848906250003 0.749239609375 0.41109313593749996 0.7732312859375 0.43194190624999995 0.807774421875 0.43113790625000004 0.8432539531250001 0.42977892500000003 0.9004255921875 0.41592384375 0.8711592609375 0.40721172499999997 0.8805035390624999 0.39238243437500003 0.8744780625 0.387403575 0.8737726125 0.38741999374999997 0.8620032406249999 0.38968193125 0.849602903125 0.3993638546875
0 0.9371909609375001 0.3884036375 0.909394965625 0.392181696875 0.8878082453125 0.3895530328125 0.8819251187500001 0.40051468906250004 0.8819194515625 0.40148884375 0.89538461875 0.413381790625 0.9569023124999999 0.4292292046875 0.9599267687499999 0.42915880937499995 0.997446565625 0.41562279375 0.9975464390625 0.398455996875 0.9525866234375 0.3943075 0.9371909609375001 0.3884036375
0 0.9521260843749999 0.7432060453125 0.9608808312500001 0.6735672359375 0.974468725 0.670164971875 0.955805275 0.64899735625 0.9496858765624999 0.624451771875 0.9560656406250001 0.60424426875 0.9634084421875 0.5979013609375 0.938455009375 0.5815091484375 0.9290604374999999 0.5817278109374999 0.9216996796875 0.5911571375 0.9198205843749999 0.6002017109375 0.9196485031250001 0.6297799078125 0.9212866859375 0.6621447921875 0.9521260843749999 0.7432060453125
0 0.956978996875 0.9231886390625 0.9601322203124999 0.911634546875 0.9370448 0.9017349125 0.8861431671875 0.8987448609375001 0.8445944078125001 0.909358296875 0.8444003390624999 0.9427160296875 0.8709870828125 0.9420972171875001 0.9322147656249999 0.9362894328125 0.956978996875 0.9231886390625
0 0.73356216875 0.6596901484375 0.73355618125 0.6607192859375 0.73629631875 0.6681868703125 0.7516783593749999 0.6683491078125 0.769479359375 0.6679347859375 0.7764258484375001 0.6662091453125 0.781110134375 0.656706815625 0.7934861765625 0.6512002625 0.81819575625 0.6474940390625 0.85830099375 0.64969168125 0.8722263203124999 0.643105365625 0.8814612875 0.64706521875 0.8846448718750001 0.63029191875 0.87392135 0.6169734124999999 0.8098282921875001 0.6154401359375 0.8072449421875 0.6155002640625 0.784390884375 0.6232320578125 0.73356216875 0.6596901484375
0 0.7658339015625 0.9570429921875 0.7788654578124999 0.9560054640625 0.8236853468750001 0.9434815703125 0.8345424703125 0.9338355671875 0.826899296875 0.9214890640625001 0.7853237234375 0.9068012484375 0.7715016359375 0.8956422609375 0.762236303125 0.8969016125 0.748244175 0.9149701828125 0.7242440375 0.9186680234375 0.7241245046875 0.9392140812499999 0.7597543203125 0.9571844953124999 0.7658339015625 0.9570429921875
0 0.72911353125 0.61874221875 0.7291155453125 0.61839620625 0.7156598203125 0.6095730921875 0.689473834375 0.601832978125 0.640078971875 0.60507005625 0.6123254859375 0.601541225 0.6061344296875 0.604816425 0.5921969578125 0.613490421875 0.6013772687500001 0.6268448484375 0.662161925 0.640749146875 0.670026909375 0.6405660875 0.6893159390625 0.628972853125 0.72911353125 0.61874221875
0 0.636057959375 0.9834978874999999 0.657191284375 0.983006003125 0.6563043828125 0.9444130484375 0.6420766640625 0.8783951640625001 0.636911325 0.8692573828124999 0.6201739515625 0.8758189515625 0.619798640625 0.8794906234375001 0.6195526015625 0.9217813203125 0.6217947703125 0.956017275 0.636057959375 0.9834978874999999
0 0.54012888125 0.6545255156249999 0.5582122984375 0.6541046203125 0.5612298906250001 0.6467051296874999 0.5530138328125 0.6237513484375 0.5490180296875 0.5929843328125 0.5356905015625 0.5516335078125 0.5232003187500001 0.54575221875 0.5200617078125 0.5680661859375 0.5199553875 0.5863411562499999 0.523813209375 0.6198019984375 0.54012888125 0.6545255156249999
0 0.470801625 0.9436001953125001 0.47349743125000004 0.94353745 0.5032773078125 0.9418854156249999 0.5279747375 0.9402668765625 0.5403507828125 0.934760321875 0.55731394375 0.9364528984374999 0.5789735375 0.926555465625 0.5805531859374999 0.9202565 0.569805371875 0.911113359375 0.5405086781249999 0.907620446875 0.49420023437499994 0.9107856875 0.45710246874999994 0.922086146875 0.457072828125 0.9220868375 0.4570159703125 0.9318598484375 0.46320850625 0.9334247265625001 0.470801625 0.9436001953125001
0 0.35602176406249997 0.6400631953125 0.4048803859375 0.6389259984375 0.41338133906249996 0.63835730625 0.445849475 0.6271646 0.45981731249999996 0.6132713953125 0.4876618890625 0.60114260625 0.47224193750000004 0.599414109375 0.43977987343749997 0.609562971875 0.424353846875 0.6088783171875 0.41512495312500003 0.603874621875 0.3919585859375 0.607544925 0.365663290625 0.6185939546875 0.3440522765625 0.6201406578124999 0.333794834375 0.629008565625 0.3337759 0.632263109375 0.3424058296875 0.637921878125 0.35602176406249997 0.6400631953125
0 0.26899289375 0.6686477187500001 0.284790159375 0.6682800328125 0.285944553125 0.6469308203125 0.29655355 0.6173668765625 0.30524545000000003 0.5585305359375 0.3001070453125 0.544763125 0.288624790625 0.545030378125 0.27171683281250003 0.5809129343749999 0.26516837031249996 0.6093745984375001 0.2649063484375 0.654412228125 0.2649959 0.6597624140625 0.26899289375 0.6686477187500001
0 0.2254670546875 0.9497970984374999 0.2887884703125 0.9525234640625 0.3103191578125 0.95202233125 0.31045609375 0.9284850515624999 0.21022928749999997 0.9167533609375 0.1946317140625 0.9180750484375 0.194589484375 0.9253336875 0.1977378625 0.9420929015624999 0.2254670546875 0.9497970984374999
0 0.39174242812500004 0.9891843937499999 0.3917656546875 0.9891163468749999 0.392039271875 0.989177484375 0.40268691875 0.9889296578125 0.3929172328125 0.9705735328125 0.38604129375 0.8966695265625001 0.3798500703125 0.8844696234375 0.3673509078125 0.8801315421875 0.3599273046875 0.9003633390625 0.353677178125 0.9710078875000001 0.3536438171875 0.9767421000000001 0.362583371875 0.9898630781250001 0.39174242812500004 0.9891843937499999
0 0 0.9311238984375001 0.0527592234375 0.9298959140624999 0.0597767203125 0.9192162546875 0.030498242187500003 0.9125918203125 0.0057947390625 0.9152542 0 0.9168852968750001 0 0.9311238984375001
0 0.1362406578125 0.9538482593750001 0.176418771875 0.943519803125 0.19963979375000002 0.9304549281250001 0.2073862078125 0.925056128125 0.2075137390625 0.9031354609375001 0.19823018750000002 0.9075263375 0.18285881875 0.8974471109375 0.170452409375 0.908172871875 0.070004090625 0.9345159328125 0.06796665625000001 0.9386489828125001 0.0679467546875 0.9420697734375001 0.077610828125 0.9531254828125 0.1362406578125 0.9538482593750001
0 0.1793888234375 0.6663550125000001 0.182407753125 0.6815990281250001 0.1824312390625 0.68159848125 0.182915384375 0.598380890625 0.181106025 0.5505899765625 0.1665461140625 0.54167085625 0.154866340625 0.5758887265625 0.1510255234375 0.6258399375 0.1509666015625 0.6359678343749999 0.1658099078125 0.6682140640625 0.1793888234375 0.6663550125000001
0 0 0.6287976734375 0.015461428125000001 0.6291675703124999 0.041166415625 0.636455515625 0.04747530625 0.636308675 0.0642938171875 0.6342931828125 0.0823381203125 0.6166805 0.08234584218749999 0.6153533625 0.07679131875 0.6079098000000001 0.056784246875 0.5989821703125 0.0120554515625 0.59584844375 0 0.6005100015625 0 0.6287976734375
0 0 0.355251765625 0.034709321875 0.364767621875 0.052762507812500005 0.3643474296875 0.097277996875 0.3576197125 0.0804180734375 0.33818183125 0.055775298437499995 0.330405796875 0 0.3288562078125 0 0.355251765625
0 0.1170244734375 0.3751526375 0.180241421875 0.383074546875 0.2281659484375 0.367347290625 0.23532600625 0.368149896875 0.23536851718750001 0.36084300625 0.21278850624999998 0.35831190468749996 0.1527126328125 0.34092358749999996 0.09561386875 0.342252575 0.08543304375 0.3532430640625 0.0854166953125 0.3560529796875 0.08777636093749999 0.3633089953125 0.1170244734375 0.3751526375
0 0.0992126640625 0.133003934375 0.15803296093750002 0.16335505156250002 0.1919896515625 0.1615210015625 0.22289028593750002 0.1545395828125 0.2291177796875 0.145001334375 0.21839425937499998 0.131682828125 0.1844982984375 0.123078465625 0.1041759390625 0.12099606249999999 0.099614790625 0.12110222500000001 0.09926745000000001 0.12358713437499999 0.0992126640625 0.133003934375
0 0.0483481375 0.2129081984375 0.06557732031249999 0.1857843375 0.075357953125 0.11920765156249999 0.0746103890625 0.06830602031250001 0.07255861875 0.0621817734375 0.0547504703125 0.07339726875 0.0398774375 0.1275495703125 0.0398730390625 0.1283055078125 0.0475749390625 0.21292619375 0.0483481375 0.2129081984375