0 0.141473578125 0.921130046875 0.130669025 0.9102205031249999 0.12880250625 0.9103183234375001 0.1292258640625 0.923275190625 0.11738033437499999 0.9720005593750001 0.118613253125 0.9919536234375 0.14164173124999999 0.9907467515624999 0.14406408906249998 0.92137946875 0.141473578125 0.921130046875
0 0.13425453125 0.8640929421875001 0.20862126406249998 0.85919420625 0.20863999687499998 0.8586577484375001 0.1948148921875 0.8517895062499999 0.1767780921875 0.8517203734375001 0.133635721875 0.838765365625 0.094514584375 0.8398012171874999 0.08245951562500001 0.836324675 0.0784274796875 0.8365359859374999 0.0656871953125 0.8473984 0.0336703140625 0.8602347359375001 0.0646225375 0.8778862046875 0.075058240625 0.8803824921875 0.1062866203125 0.86860188125 0.13425453125 0.8640929421875001
0 0.1453539484375 0.728932028125 0.161849234375 0.730096346875 0.15936951562499999 0.7150102984375 0.1657484984375 0.7045319875 0.19383298437500002 0.7020657640625 0.19385497812500002 0.70143595 0.18715223281249999 0.6942806640625 0.145906096875 0.6832741 0.09901058593749999 0.6857317890625 0.068389259375 0.694418365625 0.042290009375 0.7099877734375 0.034475981249999996 0.7185124921875 0.056604990625 0.7305399625 0.1425193421875 0.72400858125 0.1453539484375 0.728932028125
0 0.13969110468749998 0.5553205421875 0.1406299609375 0.5284352109375 0.1359427640625 0.5117614515625 0.1252055421875 0.5003213984375 0.1251522140625 0.5003241921875 0.1189292984375 0.5051367515625 0.108994084375 0.5282064515625 0.10708376718749998 0.5538621203125 0.11927736250000001 0.640412621875 0.137220453125 0.5913676890625 0.13969110468749998 0.5553205421875
0 0.10668244375 0.46284004218749997 0.142649578125 0.46602708593750003 0.1534756546875 0.4573445125 0.1933009625 0.44932734218750003 0.1935113796875 0.4433017640625 0.193093634375 0.44208101875 0.155620475 0.4389729015625 0.132520465625 0.431313859375 0.1279752171875 0.43155206562500004 0.11674775468750001 0.43289493281249997 0.05306888125 0.4484050046875 0.0452193625 0.45794598437499995 0.052465575 0.465681428125 0.06587783593749999 0.469036121875 0.10668244375 0.46284004218749997
0 0.13598314218750002 0.3488668578125 0.13800124687499998 0.29107589843750004 0.13783657968750002 0.2877592328125 0.13151163125 0.2655416921875 0.1249269546875 0.2601513703125 0.1235660609375 0.2602226921875 0.11332413125 0.26348832187500004 0.1101871890625 0.29522134843750003 0.11647656718749999 0.34750611249999996 0.10932717656249999 0.377946153125 0.11815796875 0.386502959375 0.13598314218750002 0.3488668578125
0 0.31509606562500003 0.3562207171875 0.320720303125 0.369455375 0.32879779375 0.3705353203125 0.338190396875 0.31984007187499996 0.3393191828125 0.28751584218750004 0.33906710625 0.2798010546875 0.33386360000000004 0.25451820468749997 0.3215462734375 0.2296081734375 0.3162068515625 0.22829185000000002 0.3106449578125 0.22858333593750002 0.3060920078125 0.2364311703125 0.2994159390625 0.25331699375 0.3018862109375 0.2697234796875 0.29922259218749997 0.2879022890625 0.3136776234375 0.30969375 0.31509606562500003 0.3562207171875
0 0.33193690937500003 0.49732628593749995 0.334670140625 0.5062026515625 0.3502821828125 0.494861584375 0.3647455796875 0.452644290625 0.36594923125 0.4181762296875 0.3583441796875 0.3801907140625 0.3484971265625 0.3716871671875 0.348165803125 0.37166351249999996 0.3323493203125 0.3724924203125 0.3322369640625 0.3725393265625 0.3324117609375 0.396582453125 0.3406903421875 0.42095251093749997 0.3376322859375 0.4504265 0.3409610453125 0.47129779843749997 0.33193690937500003 0.49732628593749995
0 0.34975657031249996 0.566008978125 0.40842053125 0.5649633296875 0.43287929687500004 0.556013828125 0.43289827968749994 0.555470203125 0.41928209843750003 0.5552644984375 0.3942120171875 0.5413623609375 0.3553190625 0.5319315921875 0.34393844375 0.532528025 0.3068626203125 0.5459401484375 0.2975780546875 0.553527534375 0.28965755937500004 0.5651010328125 0.2909506515625 0.571119665625 0.30131537812500003 0.5756484765625001 0.34975657031249996 0.566008978125
0 0.3764384890625 0.7089601812499999 0.37819103125 0.687822584375 0.36463005625 0.6404287125 0.34977660781250003 0.6070848 0.3494616171875 0.6071013078124999 0.3401872203125 0.643212975 0.33934575625 0.6673093609375 0.3458455 0.713570028125 0.3532393 0.7342282859375 0.369289096875 0.739400221875 0.3764384890625 0.7089601812499999
0 0.3712972140625 0.846774665625 0.36884395937500003 0.858929375 0.3737148953125 0.864687175 0.3882580890625 0.8549053875 0.396405190625 0.8830405078125001 0.41054619687500005 0.8266784968750001 0.4118940015625 0.7996559796875 0.41334181875000003 0.7581959078125 0.394699259375 0.737299940625 0.3910261484375 0.737492440625 0.38615748125 0.74076711875 0.37739630156250004 0.7592654859375 0.38372125 0.781483028125 0.3837908625 0.8085382015624999 0.3808642875 0.83424713125 0.3712972140625 0.846774665625
0 0.4086131421875 0.9382697656250001 0.39360924062499997 0.8778960390625 0.38265069375 0.8658218953124999 0.3802188421875 0.86594934375 0.3704982109375 0.871590896875 0.37281071250000003 0.8925154546874999 0.3688152828125 0.9197836687500001 0.3743869296875 0.93452435 0.3779280890625 0.9783635078125 0.39455098906249997 0.9774923390625 0.4085828109375 0.9391383078125 0.4086131421875 0.9382697656250001
0 0.644762625 0.9295836156249999 0.6622871203125 0.9092833671875 0.6623568468750001 0.9072866640624999 0.6506853890625 0.90522093125 0.6449359125 0.8380393453125 0.6448533703125 0.838043671875 0.611646771875 0.9192930031250001 0.6073709593750001 0.9663389171875 0.6407998546875 0.9645869828125001 0.6378236 0.9539995625 0.644762625 0.9295836156249999
0 0.9088580921875 0.7945746015624999 0.899212975 0.7976499390625 0.8861763874999999 0.8223854453125 0.8754616171875 0.9234939171875001 0.875192640625 0.9311963656250001 0.9014215796875 0.929821765625 0.909338478125 0.9143741796875 0.9222002671875 0.8655955484375 0.9198707468749999 0.8161097937499999 0.9106785468749999 0.7944791953125 0.9088580921875 0.7945746015624999
0 0.6185289046875 0.8458198796874999 0.6250997890625001 0.83194610625 0.6234183890625 0.7929492578125 0.6273086328125 0.76869309375 0.6328106671875 0.7563786015625 0.6421147828125 0.7513811890625 0.6429621562500001 0.7480817734375 0.64421931875 0.7120813625 0.6391613406250001 0.7104514625 0.6357369046875 0.7106309296875 0.6001851593749999 0.7610949671875 0.5922824640625 0.7840581484375 0.5930698109375 0.8486574046875001 0.6059130515625 0.8585071921875 0.622278396875 0.8546429874999999 0.6185289046875 0.8458198796874999
0 0.9106760546875 0.8064746093749999 0.9184039531250001 0.759468303125 0.9361536984375001 0.7450086671875 0.9363219812500001 0.7438601640625 0.9366352499999999 0.7348892874999999 0.92677996875 0.72295090625 0.9129560390625 0.683087153125 0.9014308296875001 0.676431175 0.900792090625 0.67646465 0.8915093921875 0.6872176609375 0.8788053765624999 0.73147821875 0.8771580171875 0.74960376875 0.8970795109375 0.7891479609375 0.8990616515625 0.8070832953125 0.9106760546875 0.8064746093749999
0 0.66553866875 0.6375221640625 0.66556345 0.6368124921875 0.6275010984375 0.6298598078125 0.60914518125 0.62000575625 0.6013817109375 0.6204126234375 0.5415157703125 0.638423709375 0.53248325625 0.6514386640625001 0.532451403125 0.6523508265625 0.5452885828125 0.6595283890625 0.5512062140625 0.6622614609374999 0.578456603125 0.656775728125 0.6265783953125 0.656282571875 0.6524647140625001 0.646810725 0.66553866875 0.6375221640625
0 0.9267249625 0.5879341828125 0.8804689671875 0.58707059375 0.8616105109375001 0.5880589234375 0.8484826859375 0.5900058859375 0.841890771875 0.606581759375 0.8507494734375 0.6111894953125 0.9150116703125001 0.6220232609375 0.9764992734375 0.6205649703125 0.97687665 0.6097583265625001 0.971089446875 0.6089403453125 0.9267249625 0.5879341828125
0 0.578458271875 0.577570378125 0.5959280390624999 0.542079665625 0.601509384375 0.5059415625 0.6019229968750001 0.494097284375 0.5995739421875 0.4707818828125 0.5973021468749999 0.4709009421875 0.5870632046875001 0.476400465625 0.5724318515625 0.51775549375 0.5673149796875 0.548089015625 0.558396028125 0.57110545625 0.56118185 0.5784757968750001 0.578458271875 0.577570378125
0 0.9092120171875001 0.5577335375 0.9190946406249999 0.536169859375 0.9176406281249999 0.5197101156249999 0.923142659375 0.507395621875 0.9250003859374999 0.4832459765625 0.9253079468750001 0.47865147812500003 0.9262746765625 0.45096794375 0.917221421875 0.44456868906249997 0.910146575 0.41551444843749996 0.9070719890625 0.41567558125000004 0.906252928125 0.43913045312500004 0.8948281296875 0.47580763125000003 0.8912178640624999 0.5210948734375 0.894283665625 0.5494962921875 0.903061865625 0.5595591203125 0.9092120171875001 0.5577335375
0 0.5262825453125 0.39233603906250003 0.5379758531250001 0.4018672203125 0.5590247015625 0.401778496875 0.584272225 0.4105993328125 0.6067561203125 0.412464203125 0.6159697093750001 0.40690933749999997 0.6310654375 0.40510380625 0.662372546875 0.412592671875 0.6766053484375 0.409938421875 0.676622440625 0.40944899375 0.6507857046875001 0.400012709375 0.637692840625 0.3875116703125 0.6064212203125 0.37900654375 0.55980545 0.3794207734375 0.537073134375 0.3846697234375 0.5262825453125 0.39233603906250003
0 0.607877025 0.3235962171875 0.608146715625 0.315873275 0.6026151703125 0.264629346875 0.5934518078125001 0.23654749062499997 0.593190184375 0.21689504999999998 0.5772578921875 0.217730025 0.5735473375 0.2255644953125 0.5709533328124999 0.270798478125 0.57696273125 0.30205216562500004 0.5920132875 0.3358385609375 0.60319215 0.33525270156250003 0.607877025 0.3235962171875
0 0.9493046406250001 0.2091493640625 0.8855998078124999 0.2166850765625 0.8582074671875001 0.22623585 0.8528731578125001 0.24984661562500002 0.8694039328125 0.249994675 0.9902474437500001 0.22686887968749997 0.9908443874999999 0.2097746390625 0.9693083828125 0.20810101250000002 0.9493046406250001 0.2091493640625
0 0.9640595515625 0.334301209375 0.9510820734375001 0.326029246875 0.9348609531250001 0.326879359375 0.875346084375 0.3348928828125 0.85551935 0.343032759375 0.8596115609374999 0.3549911 0.8714468203125 0.360457240625 0.9434875578125 0.3637825484375 0.9641815203125 0.3738564265625 0.961595334375 0.36181915937500003 0.985861346875 0.35247026875 0.9863667093749999 0.3379985921875 0.983460421875 0.33835645312499996 0.9640595515625 0.334301209375
0 0.871829609375 0 0.8716688078124999 0.0046047578125000006 0.8747661640625 0.0321025625 0.88883603125 0.035874995312500005 0.9005934015625 0.0187228703125 0.9060047453125 0 0.871829609375 0
0 0.8941370375 0.19232630312500001 0.9003397828124999 0.1889946953125 0.9271322156249999 0.0898781484375 0.9377155484375 0.0772973578125 0.9280788624999999 0.062769715625 0.9324594515625 0.05352053125 0.9319459421875 0.04317756875 0.9262075125000001 0.04347830625 0.916462246875 0.0468425703125 0.9057737296875 0.062435409374999994 0.8927897359375001 0.0856648921875 0.882276015625 0.1253008578125 0.88231005625 0.18242325312500002 0.8941370375 0.19232630312500001
0 0.5974867125000001 0.0934582828125 0.5844003015625 0.10226023125000001 0.5816081984375 0.1379295609375 0.5784640328124999 0.227966678125 0.581472196875 0.2151587796875 0.5946309890625 0.215972425 0.6110319015625 0.1820409953125 0.6089653390625 0.12502511875 0.599217278125 0.0933675875 0.5974867125000001 0.0934582828125
0 0.5858185203125 0 0.581809140625 0.010258617187500001 0.5843490265625 0.0537202765625 0.592811678125 0.0728192484375 0.6007313921875 0.078417265625 0.6186389140624999 0.0594395578125 0.6207978703125 0.042916117187500005 0.621011203125 0.036807078124999996 0.61420676875 0.012067851562499999 0.6140596703125001 0 0.5858185203125 0
0 0.32085681250000003 0 0.32192526093749996 0.06656952656250001 0.32921387812499997 0.0902398328125 0.3479443140625 0.1057941609375 0.3569756609375 0.0498740484375 0.3569843765625 0.049624446875 0.34381142656249997 0 0.32085681250000003 0
0 0.36942926875 0.22919645625 0.3715518765625 0.168412928125 0.3563919515625 0.1144845546875 0.354144190625 0.09217456093750001 0.34703037187499997 0.0925473796875 0.347771525 0.0999036546875 0.3319135453125 0.14733603906249998 0.338903634375 0.2086036875 0.3500995171875 0.2365790265625 0.3591406734375 0.2391117359375 0.36942926875 0.22919645625
0 0.155938834375 0.22403318125 0.1550060609375 0.158307175 0.14701673125 0.1256539828125 0.13463199374999998 0.11615583125 0.13358893125 0.11621049531250001 0.1248167828125 0.1223076296875 0.117667390625 0.152747671875 0.11549411875 0.1859334625 0.1449471125 0.24301734375 0.1553435125 0.241080990625 0.155938834375 0.22403318125
0 0.140175146875 0.149823521875 0.1503256828125 0.0721369984375 0.1506593890625 0.062580903125 0.138863415625 0.013094890625 0.12195513281249999 0.0034581406250000003 0.11971224843749999 0.009588753125 0.116960465625 0.0593408109375 0.12384537343749999 0.1236205078125 0.140175146875 0.149823521875