0 0 0.1655408796875 0.0021715703125 0.165502975 0.038312846875 0.1613954109375 0.0532398109375 0.1561440015625 0.053274871875 0.15493905 0 0.15586896562500002 0 0.1655408796875
0 0.0596728453125 0.164501025 0.0702860328125 0.16741336874999999 0.1019321875 0.156535653125 0.130309825 0.15294271875 0.2064487671875 0.150585815625 0.20645430625 0.15039546875 0.191742434375 0.142577609375 0.1734238703125 0.1418648296875 0.12953224531250002 0.1271429640625 0.089806953125 0.12680383906249998 0.074666728125 0.121905446875 0.0605746125 0.13350928906249998 0.028133871875 0.1454334078125 0.0596728453125 0.164501025
0 0.2980305 0.1475490234375 0.3009383109375 0.15266093281249998 0.3121397890625 0.153845634375 0.31758247968750003 0.1537506328125 0.31509054375 0.138990975 0.321507340625 0.1285536359375 0.34924786874999997 0.12708451875 0.3492914078125 0.1255881953125 0.34318459843750004 0.118882459375 0.29470581875 0.10424066406250002 0.262595728125 0.104801146875 0.222569846875 0.1147926 0.1961551375 0.129709134375 0.18826940625 0.138107046875 0.21081442031250003 0.151136453125 0.2980305 0.1475490234375
0 0.393755925 0.1477359 0.4787414421875 0.1314856328125 0.47875774375 0.1309254359375 0.43139126250000004 0.11560072343750001 0.3702893015625 0.1146021953125 0.3502312703125 0.121147509375 0.3376682078125 0.13272466249999998 0.342075009375 0.138842940625 0.364740259375 0.147740115625 0.3773698390625 0.1480219203125 0.393755925 0.1477359
0 0.4572930140625 0.126783334375 0.49536901718750004 0.1312813796875 0.517327475 0.139332125 0.5323055765625 0.13907068125 0.5348838984375 0.1388519109375 0.5994647890625 0.12533424843750002 0.6072502515625 0.1160585546875 0.6072586656250001 0.115769409375 0.5999757906250001 0.107772265625 0.5863345578125 0.10388024062500001 0.5449299187500001 0.1087330953125 0.5083829671875 0.1042083578125 0.49743913125 0.11265965 0.4559743734375 0.11957861875 0.45588419687500004 0.1226777921875 0.4572930140625 0.126783334375
0 0.6955036109375 0.130599025 0.718649803125 0.12296727656249999 0.724370271875 0.116332178125 0.7244537890625 0.11346185312499998 0.7222489671875 0.10431885625 0.6901989937499999 0.10281322500000001 0.6364417015625 0.112011825 0.606041015625 0.10634727343749999 0.5965961734375 0.11580493124999999 0.634868553125 0.13259531875 0.684364953125 0.13173135625000001 0.6955036109375 0.130599025
0 0.6494676921875 0.30414252343750003 0.664296196875 0.326807821875 0.6660161546875 0.3741543375 0.6718140828125 0.3878076125 0.67322689375 0.388045625 0.6802633874999999 0.3879228015625 0.6899111859375 0.3345115109375 0.690537765625 0.312977365625 0.6899349124999999 0.29732306406250003 0.6844929109375 0.271437371875 0.6718195015624999 0.24567790625 0.66157790625 0.2428001234375 0.656145671875 0.2520645953125 0.649457925 0.2689923609375 0.6520676984375 0.28575783593750004 0.6494676921875 0.30414252343750003
0 0.5173735390624999 0.3866779171875 0.508352728125 0.412816059375 0.5107556984375 0.4205539921875 0.5132384953125 0.42051065468750004 0.5269922625000001 0.4109624296875 0.540475375 0.3714121890625 0.5416872234375 0.32976369375000003 0.5345058 0.29468234843749996 0.524442165625 0.2856883609375 0.5120899624999999 0.284375690625 0.5079132390625001 0.2859768734375 0.5082344437499999 0.31042367187500003 0.516797865625 0.3354907421875 0.513864178125 0.36534331875000003 0.5173735390624999 0.3866779171875
0 0.46519696406250005 0.3805710890625 0.4745816875 0.373179546875 0.48136355625 0.3634036421875 0.48154805625 0.3570628 0.481208896875 0.3555108046875 0.47156505937500004 0.350961278125 0.46763167499999997 0.3510299359375 0.4215157515625 0.35861781875 0.361942840625 0.3575926015625 0.3357084875 0.36631078906250003 0.3509689484375 0.36707695 0.3765119484375 0.3821190921875 0.419432840625 0.3940373234375 0.4244245078125 0.3939501921875 0.46519696406250005 0.3805710890625
0 0.215074215625 0.3908720671875 0.24527600624999998 0.3964995578125 0.25723585312499997 0.39686848124999996 0.2681028796875 0.39667879687499996 0.3160332234375 0.3808090234375 0.3516823609375 0.363666234375 0.315225584375 0.3560423234375 0.290760753125 0.356469359375 0.24311967031249998 0.365561203125 0.2214724703125 0.3741993234375 0.215091128125 0.390290815625 0.215074215625 0.3908720671875
0 0.12018003749999999 0.4657646578125 0.1251673625 0.4717907046875 0.13989711875 0.46236394531249997 0.148249221875 0.4909115296875 0.1484347078125 0.4909082921875 0.16225320468749999 0.4350243296875 0.16430950625000001 0.364353803125 0.14444495625 0.3415508046875 0.137080078125 0.3462641859375 0.1282817234375 0.364757065625 0.134845765625 0.3875666203125 0.1350779890625 0.415071525 0.13225552812500002 0.44110147343749995 0.1226020796875 0.453496178125 0.12018003749999999 0.4657646578125
0 0 0.4387123234375 0.00894219375 0.4416054359375 0.072144328125 0.422949175 0.0862665015625 0.4103122734375 0.0804809421875 0.3990553953125 0.058984037499999996 0.402528225 0.0315512796875 0.399909465625 0.016080406250000002 0.406374709375 0 0.40850312187500004 0 0.4387123234375
0 0 0.6916695734375 0.012371009375 0.6962354421875 0.0413141453125 0.6973616296875 0.074606953125 0.6967805015625 0.0827074 0.695007715625 0.0908449875 0.688598434375 0.091195771875 0.6765427734375 0.076264496875 0.6538188500000001 0.06993787500000001 0.661157015625 0.049879846875 0.6677023281250001 0.025595367187500002 0.6619310171875 0.0047297015625 0.6437096296875 0.0012808296875 0.6571927609375 0 0.6573683453125 0 0.6916695734375
0 0 0.9452014375 0.009076464062500001 0.949708640625 0.091384065625 0.9541692156250001 0.1112384671875 0.9538226546875 0.11208398593749999 0.92476404375 0.10465921874999999 0.9211943734375 0.056060203125 0.9106848078124999 0.0054812515625 0.9156978 0 0.9182291296875 0 0.9452014375
0 0.140062390625 0.651319703125 0.1644370453125 0.6539918421875 0.176519165625 0.6589436125 0.1808357921875 0.668161065625 0.18868258124999998 0.669802 0.198463453125 0.669631275 0.22056108437500002 0.668500190625 0.2227756109375 0.6629159375 0.22287499687499998 0.659500303125 0.1744229484375 0.6259391421875 0.15169758125 0.61910808125 0.08585816874999999 0.6233549125 0.0747640375 0.6369714937500001 0.0773412 0.6534470390625 0.086635746875 0.6491546687499999 0.10021686249999999 0.655112809375 0.140062390625 0.651319703125
0 0.23034340625 0.9395513640625 0.23076013906249998 0.9252292234375 0.192635421875 0.920892809375 0.1793849546875 0.9035710343750001 0.17130385312500002 0.9027996046875 0.17009175625 0.9028207609375001 0.1561485859375 0.9143019578124999 0.1144132984375 0.930518446875 0.1064073328125 0.9430485890625 0.11684016562499999 0.9521592828125 0.1608520234375 0.96274891875 0.17917059062500001 0.9634617000000001 0.22108623125000001 0.9410468625 0.23034340625 0.9395513640625
0 0.29006873906249997 0.63959759375 0.3562989140625 0.6219210109375 0.3648766265625 0.609733953125 0.3649335125 0.6077789109375 0.352342996875 0.6003068640625 0.346316965625 0.59731445 0.31867379218749997 0.6019270953125 0.26980425 0.60071505 0.24356989375000002 0.6094332390625 0.229537896875 0.6189709671875 0.26902271718750004 0.6275745546875 0.29006873906249997 0.63959759375
0 0.32796141875 0.9123247343750001 0.3290279140625 0.8756716796875 0.32863303906249997 0.8698246031249999 0.312282075 0.8639969093750001 0.306849840625 0.8732613812500001 0.290473925 0.9392630656250001 0.2873719265625 0.9929143078125 0.300772528125 0.9926803984375001 0.3242533953125 0.9493713703125 0.32796141875 0.9123247343750001
0 0.43045740468749993 0.6140454937500001 0.4502616375 0.613699809375 0.47104919531249995 0.6105404859375 0.4710827421875 0.6093875578125 0.4658290640625 0.598169184375 0.42493542656249994 0.585460053125 0.3944746234375 0.581861615625 0.3717793140625 0.5739974984375 0.3640438765625 0.5772301203125 0.36353287500000003 0.594792103125 0.398220128125 0.6107071671875001 0.43045740468749993 0.6140454937500001
0 0.41018498281250004 0.9617262015625 0.4202931078125 0.969191140625 0.42556425468750003 0.9905021515625 0.43103366249999997 0.9904066828125 0.4314787796875 0.9751089953125 0.44287713906250004 0.938231425 0.44527898437499996 0.905809140625 0.44579521718750004 0.888067390625 0.44299107656250003 0.8633439421875 0.434004990625 0.8528028671874999 0.42776215312500004 0.8544401140625 0.4178417625 0.876009128125 0.419418478125 0.8927926359375 0.4138972609375 0.9051152124999999 0.41215235000000006 0.929598078125 0.41018498281250004 0.9617262015625
0 0.5029172749999999 0.6125194515625 0.52861056875 0.622396303125 0.551456171875 0.6250951312499999 0.5607807796875 0.6197697062499999 0.5761013562499999 0.6184697515625001 0.6057405234375 0.6266029796875 0.6127148078125 0.62648124375 0.6221124484375 0.625052975 0.6221311765624999 0.6244093515625 0.5960992703125 0.6139905531250001 0.5827285671875 0.60080100625 0.550919065625 0.5910309125000001 0.503578571875 0.589792178125 0.48052255625000007 0.5943247546875 0.469608778125 0.6017429859375001 0.4815406078125 0.61186005 0.5029172749999999 0.6125194515625
0 0.666366140625 0.609927690625 0.6954860109375 0.6029074171875 0.7310116375 0.5858240218749999 0.7313452828125 0.5743573843750001 0.717854625 0.569475909375 0.659510178125 0.57875458125 0.6301576015625 0.5895922640625 0.6087208140625 0.5909989765625 0.60826993125 0.6064948453125 0.6173240078125 0.6104669390625 0.631388390625 0.6105382296874999 0.666366140625 0.609927690625
0 0.7080852703125 0.9443731859375 0.705978246875 0.887707140625 0.6985146171875 0.8603284609375 0.6748877609374999 0.8561560437500001 0.673365303125 0.8729936484374999 0.6859316718749999 0.985957421875 0.7056990359374999 0.98561238125 0.707151740625 0.976456534375 0.7080852703125 0.9443731859375
0 0.5175325515625 0.9430420249999999 0.5296894062499999 0.9512036859374999 0.5561800265625 0.950741290625 0.6076263828124999 0.9455995640625 0.6270541125 0.9382703187500001 0.6271124125 0.9362666890625 0.623488021875 0.9257045671874999 0.611435959375 0.9197197390625 0.538251875 0.9137694390625001 0.5171757953125 0.902779459375 0.51987319375 0.9151227734375 0.5028882968749999 0.9210981796875 0.5023576421875 0.9393356234375 0.5175325515625 0.9430420249999999
0 0.9711218671875 0.9213496453125 0.9716778875 0.9022404406250001 0.9712187390624999 0.8982813015625 0.9719831140625 0.8917504953125001 0.9733168015624999 0.845914625 0.9711992031250001 0.827980975 0.9568698671875 0.8236462703124999 0.94501683125 0.8406641921875 0.9300743890625001 0.8928863781249999 0.9272964187499999 0.9173872734374999 0.9335506812500001 0.9457159671875001 0.9346055828125 0.9456975546875 0.9711218671875 0.9213496453125
0 0.8317476796875001 0.9232077140625 0.84356919375 0.9332312421875001 0.843823646875 0.9332268015625 0.8592706140624999 0.9227273 0.868324690625 0.9266993921875001 0.88042301875 0.925469503125 0.8804395156249999 0.9249025265625 0.8764508937500001 0.91003701875 0.8614609625 0.8999733375 0.8388858890625001 0.8879769874999999 0.79940106875 0.8793734000000001 0.741236975 0.8824537250000001 0.7301729046875 0.8950372484375 0.73305065625 0.901182215625 0.8317476796875001 0.9232077140625
0 0.76992166875 0.6065584171875 0.8544834453125001 0.605082384375 0.8398258999999999 0.6023512484375 0.84174571875 0.58889480625 0.808557459375 0.5739861109375 0.750333246875 0.5791325515625 0.716807796875 0.5909270390625 0.7167832890625 0.5917693453124999 0.7251169421875 0.605386034375 0.76992166875 0.6065584171875
0 0.96275970625 0.5700193875 0.941413096875 0.5683269265625001 0.9141588640625 0.5770629171875 0.8922129015625 0.5784785171875 0.870295171875 0.5964141578125 0.9096296984375 0.6101830359375 0.9540924421874999 0.605276803125 0.9742406484374999 0.595632315625 0.9805973265624999 0.5872610953125 0.96275970625 0.5700193875
0 0.94608475 0.3326655671875 0.9462887578125001 0.325654309375 0.9300826953125 0.2653882953125 0.9250953703125001 0.259362246875 0.9095105203125 0.2626908328125 0.9112847359374999 0.343658459375 0.9188373437499999 0.367979034375 0.936801625 0.3834449109375 0.9381379984375 0.383421584375 0.94608475 0.3326655671875
0 0.8739949859375 0.3403162625 0.877323621875 0.3309653625 0.8669509062499999 0.319788553125 0.8103759828125 0.320776071875 0.75020189375 0.34041201249999997 0.7271759375 0.34391153124999996 0.726965525 0.3511429359375 0.7346408453125 0.3499764296875 0.78162063125 0.3636118578125 0.8445822921874999 0.353220059375 0.8739949859375 0.3403162625
0 0.86970303125 0.11309948437499999 0.8700580468749999 0.1008983703125 0.7858734671875001 0.10649630624999999 0.7519637921875 0.116381 0.7408696640625 0.12999758125 0.746715340625 0.13918834375 0.777116028125 0.1448528953125 0.8056477875000001 0.1452314203125 0.8110202578125 0.14513764375 0.86970303125 0.11309948437499999
0 0.9805126218750001 0.09746066875 0.9526245703124999 0.0973764453125 0.9268051296875001 0.097827125 0.8640641984374999 0.1077535484375 0.8360302609374999 0.125795946875 0.91844930625 0.1323305171875 0.9224878265625 0.132260025 0.9753543468749999 0.1171688375 0.9856238234375001 0.1009154859375 0.9856757437500001 0.09913111875 0.9805126218750001 0.09746066875