0 0.7644733312499999 0.0541621703125 0.7644899640625 0.05473383125 0.7792150265625 0.05451223125 0.8257292328125001 0.0666763953125 0.8352917484375 0.0671775453125 0.8717038203125 0.0655739390625 0.8869375171874999 0.061193490625 0.9051816125000001 0.0476489484375 0.777438021875 0.040954190625 0.777314359375 0.0419834703125 0.7644733312499999 0.0541621703125
0 0.8621016265625 0.1232373890625 0.8497507796875 0.09033168281250001 0.8309812937500001 0.12160644218750001 0.829053075 0.1289137984375 0.8292361609375 0.1352060859375 0.8394737328125 0.164294690625 0.8434139125 0.192919321875 0.846652525 0.2690280734375 0.8471324890625 0.269053228125 0.8545405984375 0.25494706875 0.8550407671875 0.23653989531250003 0.8693027578124999 0.192739984375 0.8691762203125 0.1527943484375 0.8739152953125 0.1376815578125 0.8621016265625 0.1232373890625
0 0.8596283109374999 0.2512172046875 0.8468143046875 0.2735873828125 0.851440578125 0.3613884203125 0.8463433859375 0.3641935203125 0.8455156562499999 0.3729895265625 0.8457447828125 0.3808640765625 0.86023174375 0.37874641875 0.870784246875 0.3854439125 0.87261995 0.41391976250000007 0.8735200828125 0.4139669375 0.8807470515625001 0.4074716578125 0.8948747484374999 0.3590563625 0.893934690625 0.3267486703125 0.8834347109375 0.2862593859375 0.8681508906250001 0.25934443281249997 0.8596283109374999 0.2512172046875
0 0.7969182921875 0.46724302343749996 0.8466319984374999 0.4864206078125 0.8770464328124999 0.4890373765625 0.9115752671875 0.49084695624999997 0.9280497265625 0.48654448125 0.9400253984375 0.4757787109375 0.9352289125000001 0.46931276093749996 0.9118803359375001 0.458767253125 0.8856963062500001 0.45635924218749996 0.7969182921875 0.46724302343749996
0 0.8735784499999999 0.5204683953125 0.86550351875 0.5277257843750001 0.8617570234375 0.5413544781249999 0.867115046875 0.5831104 0.8634903484375 0.615415309375 0.8636409765625 0.6205920640625 0.8716147843750001 0.630965803125 0.878840603125 0.6716651328125 0.8852443765625001 0.6720007406249999 0.8862641421875 0.671672546875 0.890331746875 0.63348283125 0.8989516140625 0.60935673125 0.897466621875 0.5939177515625 0.8831383718750001 0.5286499874999999 0.8735784499999999 0.5204683953125
0 0.8690744 0.7000912421875001 0.8704585015624999 0.7476596984375 0.8719392328125 0.760777146875 0.8798721140625 0.7842346234375001 0.8872024171874999 0.7906722734375 0.8876478343749999 0.7906956171874999 0.8986338421875001 0.788290115625 0.8997684734375 0.7560911515625001 0.8899029546874999 0.7018100796875 0.895231728125 0.6713670375 0.885627040625 0.661646984375 0.8690744 0.7000912421875001
0 0.733174440625 0.710342625 0.7163419156249999 0.7125677578125 0.6978200109375 0.709525540625 0.67519584375 0.723876296875 0.6275940859375 0.72448888125 0.6139290328125 0.7299873015625 0.6127435015625 0.7374991859375 0.6127648359375 0.738232415625 0.66856160625 0.7495715656249999 0.687589390625 0.75056876875 0.70515101875 0.7503044812499999 0.7311237640625 0.7454510796875 0.7568852203125 0.7333362671875 0.7596603078124999 0.723124078125 0.7502786218749999 0.7174535921875 0.733174440625 0.710342625
0 0.6595338609375 0.5249461328125 0.6561532390625 0.5155522671874999 0.6409064265625 0.525506025 0.629560325 0.5648073421875 0.6307536890625001 0.6058206312500001 0.6401591609375 0.6422116421874999 0.6508011921875 0.6519860609375 0.662899225 0.6541076546875 0.6634238265625 0.6541351484375 0.667398703125 0.6528558999999999 0.665645125 0.62818615 0.6555704078125 0.6023122515625 0.6567721890625 0.57242098125 0.6519961046875 0.550665059375 0.6595338609375 0.5249461328125
0 0.612710390625 0.3925537640625 0.6065310875 0.3937660375 0.6016577187500001 0.40426344375 0.6103515984375 0.4538747671875 0.6100227296875 0.5137660375 0.6187799843749999 0.539467015625 0.61911595625 0.5394846234374999 0.6196721828125 0.525024553125 0.63447135 0.49968617968749995 0.6466138859375 0.4542390765625 0.631875 0.4104554109375 0.6243449984375 0.4008440859375 0.612710390625 0.3925537640625
0 0.587364559375 0.35996722812500004 0.61667345625 0.3615032421875 0.6614922546875001 0.356025615625 0.682789246875 0.3488556421875 0.6883383203125 0.3329303 0.688327165625 0.3325469703125 0.657509821875 0.324744028125 0.6359411765625 0.3225779015625 0.5871631640625 0.3355579921875 0.5531032046875 0.3499455171875 0.5531204328125 0.350537596875 0.587364559375 0.35996722812500004
0 0.5872789765624999 0.1741395234375 0.5962569578125 0.1623211140625 0.5979735296875 0.150122153125 0.5926077484375 0.1436964828125 0.578353515625 0.1521661421875 0.5681668859375 0.12244608906250001 0.5574676171874999 0.17823410625 0.55953385 0.24924596718749997 0.5808525796875 0.2736502375 0.5879796953125 0.2694154078125 0.595741275 0.25138879062499997 0.5878083937499999 0.22793131249999998 0.5859652859375 0.2001846390625 0.5872789765624999 0.1741395234375
0 0.552109453125 0.047703728125 0.5575134875 0.060429353124999995 0.5666102484375 0.12388683281249999 0.565027971875 0.140701178125 0.5700848203125 0.1422053265625 0.5714887015625 0.1422789015625 0.57725228125 0.1336612484375 0.5787450296875 0.113769978125 0.5929622546875 0.06843160781249999 0.581413890625 0.030470610937499996 0.5521638203125 0.028937679687500002 0.55171819375 0.034256995312499997 0.552109453125 0.047703728125
0 0.2944697953125 0.09375027500000001 0.2953271234375 0.123214734375 0.2974047453125 0.1322892234375 0.304027709375 0.140742803125 0.3158742578125 0.1413636546875 0.33867469687499996 0.12677151250000002 0.3312342265625 0.1202371109375 0.324428221875 0.099910921875 0.3299360515625 0.0756217265625 0.347981546875 0.05506183437499999 0.33440654062499997 0.0512781671875 0.32937079687500004 0.0172615921875 0.311603125 0.016330428124999997 0.29534557031249997 0.061519992187500004 0.2944697953125 0.09375027500000001
0 0.052736932812500005 0.11353215624999999 0.09988239374999999 0.11214644375 0.12265748125 0.1029824109375 0.1192485375 0.091410365625 0.09427094999999999 0.0776721953125 0.0019280765625 0.06626370937500001 0.0029260874999999997 0.10056308750000001 0.047987375 0.11328324218750001 0.052736932812500005 0.11353215624999999
0 0.3575628359375 0.19535924531249999 0.3328569015625 0.19095717343750002 0.32039829062499997 0.1851254328125 0.315511253125 0.17554745 0.306220115625 0.17298899843749999 0.2754810703125 0.1724137953125 0.27352061875 0.178040115625 0.273614328125 0.1812606953125 0.32444109062500004 0.2184817078125 0.3437682265625 0.225511734375 0.3739481578125 0.22709339687500002 0.41379259375000005 0.22730747187499997 0.42416943749999997 0.2143863875 0.42060957656250003 0.197627621875 0.4114995421875 0.2012932359375 0.3974722859375 0.19434352187499998 0.3575628359375 0.19535924531249999
0 0.052722909375 0.15605644531250001 0.043700160937499996 0.16633639218750002 0.0341336203125 0.207976865625 0.0348326375 0.2320005421875 0.0559905390625 0.2712745203125 0.0730288328125 0.272167459375 0.0759766171875 0.24329759062499998 0.093208590625 0.23037563906249997 0.093977346875 0.221199234375 0.0821636765625 0.20675506562499998 0.0653948640625 0.1644011296875 0.052722909375 0.15605644531250001
0 0.3550415828125 0.2988461765625 0.35530235781249997 0.30780844687500003 0.35902038125 0.3287501703125 0.35837816093749997 0.377872209375 0.367437915625 0.40446097812500004 0.3763319203125 0.41755263906250006 0.377422334375 0.417609784375 0.385349115625 0.37928569843750004 0.39717054375 0.3583996171875 0.378648153125 0.2913759296875 0.3648940890625 0.2814384171875 0.3569982140625 0.2948496546875 0.3550415828125 0.2988461765625
0 0.06470390781249999 0.30385748281249997 0.05210596562499999 0.3692502203125 0.052117246875 0.397091946875 0.052582059375000004 0.413066565625 0.0705093171875 0.41400609375 0.08665168437500001 0.3818134953125 0.08910000625 0.323569415625 0.0863986109375 0.301922225 0.0696220421875 0.29489853906249996 0.06470390781249999 0.30385748281249997
0 0.34850860781250004 0.44964671406249995 0.34905167187499997 0.468310596875 0.383725265625 0.48614830781249996 0.4134173875 0.491261603125 0.438949115625 0.4925996640625 0.4576016015625 0.4910557640625 0.451085553125 0.47828512187500005 0.409154703125 0.46262270625 0.3782647390625 0.45686078124999996 0.354946346875 0.4473526171875 0.34850860781250004 0.44964671406249995
0 0.09399184375 0.4298688484375 0.0833945765625 0.4216328921875 0.079655484375 0.40914800937500007 0.0716256703125 0.4087271859375 0.071804728125 0.4148810328125 0.0625056359375 0.451260459375 0.062148274999999996 0.47374729843749996 0.06305295 0.5048389421875 0.06677379375 0.5267538046875 0.07602209374999999 0.537544275 0.0782214671875 0.5376595390625 0.082602546875 0.536800046875 0.0913119421875 0.5157508703125 0.08874484218749999 0.49871906250000003 0.093573446875 0.4866831953125 0.09389455625000001 0.462122175 0.09399184375 0.4298688484375
0 0.3844854359375 0.5819767609375 0.3754055859375 0.5866797187499999 0.360051153125 0.586910790625 0.327471809375 0.575881515625 0.3132130734375 0.5770617359375 0.31323009687500003 0.5776467734375 0.3401718875 0.5900120109375 0.354410428125 0.6042231359375 0.3870199578125 0.616289753125 0.4220137078125 0.6196417375000001 0.4378394375 0.6204711281249999 0.45772882031249995 0.617923921875 0.4682867671875 0.611226903125 0.4556772390625 0.600208440625 0.4341085921875 0.5980423140625 0.40765291093749995 0.5862982046874999 0.3844854359375 0.5819767609375
0 0.3980212890625 0.7342090906250001 0.4092452609375 0.763983509375 0.41082078125 0.7844275781250001 0.426951221875 0.7852729390625 0.430350265625 0.7773785015625 0.4300493578125 0.731986028125 0.4300267015625 0.7312074 0.4218432015625 0.698590771875 0.40424403125 0.662393753125 0.39278595 0.6617932609375 0.389292459375 0.671706171875 0.3896819625 0.6850924890625001 0.3980212890625 0.7342090906250001
0 0.045019478125 0.754335921875 0.110849334375 0.7534324796874999 0.13830017187500002 0.7465850171875 0.1422213328125 0.722967978125 0.1252680734375 0.72104373125 0.0212457890625 0.7301703953125 0.0218977546875 0.7525770265625 0.0261396640625 0.7533464734375 0.045019478125 0.754335921875
0 0.0847962171875 0.5541943703125 0.0600595421875 0.552897975 0.0589969015625 0.5574506312499999 0.049400134375 0.5717996328125 0.049536159375 0.5764745046875001 0.057488637499999995 0.648002403125 0.0651948859375 0.6680267 0.066264734375 0.66808276875 0.07764582812500001 0.6644199515625 0.0835117765625 0.6524384515625 0.088624484375 0.5789728484375 0.09940856875000001 0.558032403125 0.0870499640625 0.560456946875 0.0847962171875 0.5541943703125
0 0.12405497343750001 1 0.12801200625 0.9829324984375001 0.1293704609375 0.9584258437500001 0.121258521875 0.9288145218749999 0.1022559 0.940655115625 0.103982659375 1 0.12405497343750001 1
0 0.1015991109375 0.7843190515625 0.08064989375 0.883068659375 0.0712590328125 0.8940992046874999 0.071309271875 0.8958258453125 0.0814556578125 0.9107609671875 0.0775748671875 0.9197742765625 0.07793828281250001 0.922993678125 0.0972911515625 0.9240079187499999 0.10432199843750001 0.9134954562500001 0.1160986625 0.8910709125 0.12427088125 0.8515601953124999 0.120495134375 0.792989928125 0.10773364999999999 0.78156831875 0.1015991109375 0.7843190515625
0 0.3421810171875 0.821976796875 0.3560240359375 0.8254818437500001 0.3548779625 0.8388866953124999 0.3866115953125 0.8549242250000001 0.40553965625000005 0.855916203125 0.447517675 0.8551351234375 0.48103180781250005 0.8454981390625 0.47137846874999995 0.8304915515625 0.42362579375 0.825917415625 0.34217146718749997 0.821648575 0.3421810171875 0.821976796875
0 0.42712151093750006 1 0.44326505781250003 0.999342865625 0.46299340468750005 0.9910549218750001 0.46890577968749997 0.9830786765624999 0.4499311203125 0.9644762953124999 0.42833229062499995 0.961272821875 0.401393759375 0.9681471328125 0.379373175 0.9680288453125 0.359368596875 0.9837335625 0.3594045546875 0.984969371875 0.39596341874999996 1 0.42712151093750006 1
0 0.7001968140625 1 0.6976339796875 0.9678733609375 0.688618990625 0.9428230578125 0.668417034375 0.924867046875 0.663362303125 0.9758574484375 0.6635950265624999 0.983855621875 0.6687636953125 1 0.7001968140625 1
0 0.6518978625 0.7948716015625 0.6405540734375 0.8354024624999999 0.6411326796875 0.855287871875 0.6499341937499999 0.905369009375 0.6632328546874999 0.9352521578124999 0.671867259375 0.9385190031249999 0.6729246453125 0.93857441875 0.683755921875 0.9286471468749999 0.682099628125 0.871724071875 0.6616816078125 0.8107455031249999 0.6578981046875 0.787505484375 0.65063669375 0.7871249296875 0.6518978625 0.7948716015625
0 0.901633978125 0.86728296875 0.8677304796875 0.80559765625 0.8565700203125 0.8065210953124999 0.8566932812499999 0.81075731875 0.862975890625 0.891370946875 0.8732968124999999 0.9257063859375 0.88709564375 0.9371823593749999 0.896252684375 0.9315177984374999 0.9015814578124999 0.9010747578125 0.901633978125 0.86728296875
0 0.90514759375 1 0.9072995765625 0.9681512874999999 0.8912099921875001 0.9135440234375001 0.8732617843750001 0.9018505890625 0.8719467812499999 0.9060440968749999 0.87382375625 0.9705515078125 0.878799796875 1 0.90514759375 1