0 0 0.23014319843750003 0.0053436640625 0.2359375 0.0061146281249999995 0.2359375 0.005901878125 0.221817303125 0.017183315625 0.17896550625000002 0.0180273171875 0.16286100312500001 0.01666976875 0.13199694374999998 0.0124038140625 0.117026884375 0 0.099945203125 0 0.23014319843750003
0 0.11305716406249999 0.1651381890625 0.1409105859375 0.1621078875 0.21499414374999998 0.1611088390625 0.2150178953125 0.1606556375 0.2012672609375 0.15301697812499998 0.1833561265625 0.1520068765625 0.140737009375 0.1368553609375 0.101867790625 0.1358452609375 0.088487934375 0.13125 0.0865865421875 0.13125 0.073107053125 0.1419058671875 0.0410876203125 0.15301697812499998 0.0715189390625 0.17220889687500002 0.08102453281250001 0.175 0.0825784375 0.175 0.11305716406249999 0.1651381890625
0 0.1972312375 0.148812790625 0.21899814375 0.1619441046875 0.3044333609375 0.1599239015625 0.30716268750000003 0.1649744078125 0.323523878125 0.166994609375 0.3213239234375 0.15184309375 0.32784131875 0.141742084375 0.3551222921875 0.140775053125 0.35519317031250003 0.13942262656249998 0.3492758375 0.132651175 0.3021657015625 0.117499659375 0.2707285765625 0.117499659375 0.23132998593749998 0.12659056875000002 0.20513976562499997 0.1407319828125 0.1972312375 0.148812790625
0 0.41203215000000004 0.1609375 0.4547582515625 0.1609375 0.4702925546875 0.15617746562499998 0.481392259375 0.1463569078125 0.4815582734375 0.14318918281249998 0.478677515625 0.139005746875 0.45669886093749995 0.1299148390625 0.4313026953125 0.1289047390625 0.343682290625 0.1440562515625 0.3907394890625 0.16021786875 0.41203215000000004 0.1609375
0 0.4595187046875 0.14273441874999998 0.4665802375 0.1508152265625 0.47928971562499995 0.1546875 0.48153226406250005 0.1546875 0.520472453125 0.1508152265625 0.5478159984375 0.1546875 0.557725565625 0.1546875 0.56703845 0.147784921875 0.6066260828125001 0.1418952796875 0.6069551328125 0.1356166515625 0.6066487875 0.1346536109375 0.569488325 0.1296031046875 0.5460126625 0.12051219531249999 0.530989665625 0.121522296875 0.46748016875 0.1336435078125 0.4595187046875 0.14273441874999998
0 0.6934995796875 0.15033503125 0.716325228125 0.143264325 0.7208824140625001 0.1381967609375 0.7213173328125 0.129898021875 0.720272109375 0.12508250625 0.6947597515624999 0.1234375 0.6864884625000001 0.1234375 0.6361221515625 0.1311431125 0.606499653125 0.12508250625 0.5970411828125 0.13417341562500001 0.634786734375 0.1515625 0.6788820234374999 0.1515625 0.6934995796875 0.15033503125
0 0.615160815625 0.3515625 0.6163721984375 0.3515625 0.632182696875 0.34868081093750003 0.65004089375 0.35070101249999996 0.673290040625 0.3355494984375 0.7198560390625001 0.3325191953125 0.7336467140625 0.32645858906249997 0.734681775 0.3221034203125 0.73488251875 0.318272996875 0.6767392796875 0.309375 0.6748527046875 0.309375 0.6461174203125 0.31130707343749997 0.6203506953125 0.3173676796875 0.5942134109375 0.3304989921875 0.5906900265624999 0.340600003125 0.599407378125 0.3456505078125 0.615160815625 0.3515625
0 0.478118803125 0.38188088750000004 0.5032958375 0.3727899796875 0.53238158125 0.3748101828125 0.5535514125 0.3707697765625 0.5785770171875 0.37885058437499997 0.5865335171875 0.3762129078125 0.5866422796874999 0.3741375984375 0.5780328796875 0.36066876875 0.5368048953125 0.34753745468749997 0.518185771875 0.346875 0.5069023453125 0.346875 0.46447217343749997 0.3566283640625 0.4549607640625 0.3667293734375 0.452828515625 0.37885058437499997 0.4540888015625 0.3828125 0.45597909375 0.3828125 0.478118803125 0.38188088750000004
0 0.3502553296875 0.376091803125 0.3749103734375 0.39124331875 0.41492402031250003 0.403125 0.4231867828125 0.403125 0.46173672187500003 0.39124331875 0.47108931875 0.3841726109375 0.4788651328125 0.3734630171875 0.47894356406250005 0.3719664546875 0.47797727500000003 0.36700089375 0.46776291875 0.3619503890625 0.4194881671875 0.3690210953125 0.3612108078125 0.36700089375 0.33533820937500003 0.3750817015625 0.3502553296875 0.376091803125
0 0.2481687609375 0.4025820984375 0.25940469843749997 0.403125 0.2705755296875 0.403125 0.31777215625 0.388440684375 0.352347815625 0.37260088593749996 0.3523727625 0.3721248640625 0.31754564375 0.36419826093749996 0.293593546875 0.36419826093749996 0.2467628640625 0.37227906875 0.2253812828125 0.3803598765625 0.2185462640625 0.39652149375 0.2481687609375 0.4025820984375
0 0.11760029999999999 0.42903147343750003 0.14459934375 0.428021371875 0.16994257343750002 0.430041575 0.18144218750000002 0.43913248281249995 0.19021181874999998 0.440625 0.1939656546875 0.440625 0.19956507031249998 0.4361021796875 0.1913241546875 0.421960765625 0.2189663640625 0.413271390625 0.21900181562499998 0.41259493437500006 0.1654897265625 0.4007486453125 0.09817739375 0.39973854375 0.07311361875 0.42095066562500005 0.077234075 0.428021371875 0.09477465 0.4361021796875 0.11760029999999999 0.42903147343750003
0 0 0.4074652046875 0.0036820921875000004 0.4179126109375 0.0075361546875 0.47928985625 0.00465295 0.4957569234375 0.0091208734375 0.496875 0.010910640624999999 0.496875 0.0171664359375 0.4882718921875 0.0202065484375 0.4688108171875 0.037073499999999995 0.425537984375 0.0372627859375 0.4219261859375 0.0237566359375 0.362523390625 0.012341515625 0.3490503359375 0.0009165859375 0.355038359375 0.002848521875 0.37599644374999996 0 0.3932742765625 0 0.4074652046875
0 0 0.6986050265625 0.0032605078124999997 0.746875 0.0035492999999999996 0.746875 0.0377605078125 0.6681090937499999 0.042060034375 0.628531990625 0.043018653125 0.6102404578125 0.0413694265625 0.59924681875 0.034769446875 0.5902647828124999 0.025678537499999998 0.5902647828124999 0.0005731125 0.6067318484374999 0.007330000000000001 0.612719871875 0.01237069375 0.63218095 0.005054810937499999 0.656133046875 0 0.6616277640625 0 0.6986050265625
0 0 0.9448147468749999 0.0353931171875 0.953125 0.0401922859375 0.953125 0.0862419625 0.9493747812500001 0.10857217968749999 0.9395612953124999 0.1087115609375 0.9369017203125001 0.10681471875 0.9281626624999999 0.08349786875000001 0.91604145 0 0.9100536203124999 0 0.9448147468749999
0 0.1422066265625 0.6361246265625 0.1379210515625 0.660076721875 0.1322429046875 0.6720527703125 0.12291663281250001 0.6765437875 0.120425703125 0.6855258234375 0.1198667078125 0.71546594375 0.124422946875 0.7171875 0.12874189687499998 0.7171875 0.164723046875 0.6690587578125 0.17226180468750002 0.6485334078125 0.1730394078125 0.6336958546875 0.1733138296875 0.5822324109375 0.1607316984375 0.5717533687499999 0.1444131734375 0.57474738125 0.1479828484375 0.5837294171875 0.1412161515625 0.5972024703125001 0.1422066265625 0.6361246265625
0 0.1015340234375 0.929626921875 0.0934137484375 0.9417481328124999 0.10341635625000001 0.9508390421874999 0.14624722031249998 0.961950153125 0.15599711249999998 0.9625 0.1650594796875 0.9625 0.205689196875 0.9417481328124999 0.2257962890625 0.9388627375 0.22635097499999998 0.9282787015625 0.22439438906250003 0.9276067187500001 0.1783048265625 0.9215461125 0.1657317046875 0.9043743953125001 0.1568026046875 0.9033642953125 0.14274724375 0.91447540625 0.1015340234375 0.929626921875
0 0.2737247046875 0.6498315859375 0.28047178125 0.6752806875 0.288856596875 0.6887537421875 0.29998733125 0.6498315859375 0.3122774078125 0.6303471187499999 0.3125325390625 0.625478921875 0.300418846875 0.5645022453124999 0.28775826250000003 0.555520209375 0.2789713625 0.5689932625 0.275627240625 0.5749812875 0.2782554578125 0.6019273953125001 0.2737247046875 0.6498315859375
0 0.2845577390625 0.9984375 0.28640448281249997 0.9909056890624999 0.31199045000000003 0.9459955078125001 0.3163256046875 0.9108742234375 0.3183067375 0.8730719625000001 0.3180902984375 0.8681511984375 0.3022425 0.862163171875 0.2967212671875 0.871145209375 0.2792062984375 0.9355164671875 0.274102115625 0.9984375 0.2845577390625 0.9984375
0 0.39078960937499996 0.6515625 0.4085584390625 0.6515625 0.42616812187499997 0.617814371875 0.43184135 0.5850018796875001 0.4327444390625 0.5677699203125 0.4309440515625 0.545958084375 0.41850902031250004 0.5519461078125001 0.40325942968749995 0.5923652703125 0.3976499296875 0.6223053890625 0.38839229999999997 0.6447604796874999 0.39078960937499996 0.6515625
0 0.341674384375 0.928769496875 0.362156034375 0.9378604062499999 0.37872897499999997 0.9358402031249999 0.39044033749999996 0.9408907093750001 0.41433949531250003 0.941900809375 0.42324706718750005 0.9421875 0.44629765781249997 0.9421875 0.45373808593750004 0.9328099 0.48594592499999995 0.9240818015625001 0.4860708140625 0.9216987890624999 0.46030841875000006 0.9216987890624999 0.42490964531250003 0.9115977796875001 0.380105340625 0.909577578125 0.35145047812499997 0.91361798125 0.3404950015625 0.9227088906249999 0.341674384375 0.928769496875
0 0.5827827546875 0.634375 0.6011200328124999 0.6311063484375 0.6110130046875 0.624659078125 0.61108651875 0.6232563421874999 0.600522959375 0.61393463125 0.5796178109375 0.6129245296875 0.55469808125 0.6028235203125 0.532401803125 0.5997932171875 0.5231550828125 0.604843721875 0.508132084375 0.605853821875 0.47755312187500004 0.596875 0.47633494218749994 0.596875 0.46209545781249994 0.5987831156250001 0.4884592578125 0.6098942265625 0.5012441296875 0.6230255390624999 0.5321518828125 0.63312655 0.5607653015625 0.634375 0.5827827546875 0.634375
0 0.653954046875 0.63873970625 0.653867140625 0.659375 0.669179415625 0.659375 0.6735284296875 0.6507157546875 0.6741328531249999 0.6426459343750001 0.676256646875 0.6021215390625 0.6714690156249999 0.5743684515624999 0.6571118593749999 0.5399373125 0.6460007484375 0.5399373125 0.6402441515625 0.5534103671875 0.6453436781249999 0.6102965953124999 0.653954046875 0.63873970625
0 0.6815555921875001 0.9984375 0.686635571875 0.9705510953125 0.686956503125 0.964427378125 0.685962934375 0.8921360406250001 0.6792943124999999 0.8651899328124999 0.656297353125 0.860698915625 0.65442425 0.8771659812499999 0.6650329484374999 0.9984375 0.6815555921875001 0.9984375
0 0.481348640625 0.9294375265625 0.4806381671875 0.942994146875 0.48664848125000004 0.942568840625 0.5058448734375001 0.9476193453124999 0.5202855609375 0.95772035625 0.593956478125 0.9516597499999999 0.61298110625 0.9448767703125001 0.613108203125 0.94245163125 0.6099323437499999 0.9324678296875 0.59827391875 0.926407225 0.526788190625 0.9193365171875 0.5064124156250001 0.90822540625 0.5087711828125 0.92034661875 0.481348640625 0.9294375265625
0 0.9066205984375 0.8704092296875 0.8719247749999999 0.8754597343749999 0.8666926374999999 0.8896011484375 0.8825773937499999 0.9007122593749999 0.9327874156249999 0.913843571875 0.9520220875 0.91547309375 0.9543259984375 0.8715118687500001 0.9408929234375 0.8734395328125 0.9066205984375 0.8704092296875
0 0.7100183921875 0.8922862609375001 0.7137153546875 0.9074377765625 0.7281560421875 0.9175387859375 0.7499758875 0.9296599984375 0.78313148125 0.9375 0.8237110890625001 0.9375 0.845413709375 0.93673070625 0.85455553125 0.926760659375 0.8548655609375 0.920844953125 0.8538516078124999 0.9185488875000001 0.7577637734375 0.8953165640625 0.746317096875 0.8852155546875 0.730817665625 0.8953165640625 0.722047378125 0.891276159375 0.7100183921875 0.8922862609375001
0 0.753270346875 0.6703125 0.7569457171875 0.655889784375 0.7699985765624999 0.6573867890625 0.7859267359375 0.6263052015625 0.7866526859375 0.6124532281249999 0.785816971875 0.5675664296875 0.776431865625 0.5346322984375 0.7618197234374999 0.5436143343750001 0.7573674234375 0.5900215203125 0.7531595515625 0.6703125 0.753270346875 0.6703125
0 0.8912920515625 0.6234375 0.8965474484374999 0.6234375 0.93596825625 0.61978646875 0.9559057687499999 0.6106955593750001 0.96048475625 0.6049244015624999 0.9606915390624999 0.60097875 0.9452531515624999 0.585443034375 0.9244009406249999 0.5834228312499999 0.8975298390625 0.5915036390624999 0.8760203140625 0.5925137406250001 0.8541622999999999 0.6096854578124999 0.8912920515625 0.6234375
0 0.9229332781249999 0.4015625 0.9242823031249999 0.4015625 0.9330773140625 0.35271834687500003 0.9334899078125 0.344845590625 0.9191028156250001 0.285839259375 0.9143661312500001 0.2798512359375 0.8990577078124999 0.282845246875 0.8989400078124999 0.3621865640625 0.9057655390624999 0.3861386609375 0.9229332781249999 0.4015625
0 0.7283691328125 0.3796875 0.7854349734375 0.3796875 0.8434539421875 0.361909278125 0.8655634078125001 0.3589465703125 0.8659339671874999 0.35187586406250004 0.8589004359375 0.35281836875 0.8132343703125 0.33867695468750003 0.7513806890625 0.34776786406250004 0.72230233125 0.3598890765625 0.718831884375 0.3689799859375 0.7283691328125 0.3796875
0 0.7723931390625001 0.165625 0.8074688046875 0.165625 0.8647613281250001 0.13573695937500002 0.865054540625 0.13014211250000002 0.8645693874999999 0.12424880468749999 0.7820223093750001 0.1282892078125 0.74861174375 0.1373801171875 0.73744451875 0.1505114296875 0.7429561078125 0.15960233906250001 0.7723931390625001 0.165625
0 0.97785630625 0.12438407343749999 0.972897978125 0.1226811515625 0.933513521875 0.121875 0.922094915625 0.121875 0.8587020265625 0.1307619625 0.8308559875 0.147933678125 0.9142648234375 0.1560144875 0.9674011546875001 0.141873071875 0.9777589140625 0.12624244375 0.97785630625 0.12438407343749999