0 0.840381078125 0.038702685937499995 0.87695954375 0.0364371390625 0.8918581218750001 0.0318343796875 0.8927048515625 0.031173940625 0.78702301875 0.02748345 0.8319763437500001 0.0384091859375 0.840381078125 0.038702685937499995
0 0.86993960625 0.09423211875000001 0.8567871406249999 0.06192284218750001 0.8391387859374999 0.0931565296875 0.837062071875 0.102044790625 0.83724361875 0.10516181718749999 0.8487598265624999 0.1352008125 0.85347745 0.1634238734375 0.8588937 0.2389423796875 0.8591734234375 0.23895214843749998 0.8662583265625001 0.22453682343749998 0.86622283125 0.20633559531249998 0.8790562843749999 0.16280044062500001 0.8777815703125 0.12332261562499999 0.88202988125 0.1083043109375 0.86993960625 0.09423211875000001
0 0.848654484375 0.2772764984375 0.8318175640625001 0.2746393265625 0.83575405 0.2901458796875 0.8302730015625001 0.3002005359375 0.8018247234375 0.30021864531250003 0.8018486578124999 0.3006295765625 0.809534590625 0.3086977890625 0.855565778125 0.32458887812500004 0.8955664171875 0.32598573124999997 0.9299541687499999 0.3190505671875 0.9549528609375001 0.30557905937499996 0.9620732609375 0.29763086250000004 0.9384995328124999 0.2834877734375 0.8519929890625001 0.2825161109375 0.848654484375 0.2772764984375
0 0.8681980640625 0.3956763875 0.8701971437499999 0.42999928125000003 0.8886618328125 0.5097446171875 0.8892683515625001 0.509765796875 0.9025321281249999 0.4628767234375 0.9010448875 0.4021581546875 0.8937340171875 0.3821862 0.88173225625 0.3696337640625 0.8758376406249999 0.3739779171875 0.8681980640625 0.3956763875
0 0.8846177609374999 0.494909234375 0.8813076265625 0.5084436359375 0.8878043281249999 0.5496204812500001 0.8852183015625 0.580812484375 0.885571425 0.58687539375 0.8936283968750001 0.5968405031249999 0.9018512359375 0.6365102859375 0.9092807359374999 0.6367697296875 0.91219740625 0.5990056125 0.9200214015625001 0.5750121796875 0.9181095484374999 0.5597787578125 0.9020715609375 0.49551873437499994 0.8923887328125 0.487597275 0.8846177609374999 0.494909234375
0 0.9045352687499999 0.71468045 0.9001454203125 0.74486046875 0.9093148093750001 0.7537200703125 0.9101370375 0.753748784375 0.9257534390625001 0.7145508796875 0.9235672609375 0.6770156578125001 0.9205903421875 0.6560911390624999 0.9120757484375 0.633043815625 0.904534825 0.6267138171875 0.893418221875 0.6293589484375001 0.893223665625 0.6612021375 0.9045352687499999 0.71468045
0 0.6944925921875 0.6339457953125 0.6896222937500001 0.649441953125 0.689800371875 0.6524994453125 0.6933598578125 0.6672728859375 0.6923686578125 0.6854382625000001 0.7090968046875 0.7087724093750001 0.7149208765624999 0.7559924296875 0.72187768125 0.7698853578125 0.7255949687500001 0.7706942625 0.7302584390625 0.7708571156249999 0.735879365625 0.71122434375 0.7320556625 0.6807575 0.72439073125 0.654706515625 0.709538940625 0.6284045609375 0.6990949671875 0.62500651875 0.6944925921875 0.6339457953125
0 0.610647378125 0.537522303125 0.6021714828125 0.5401408437499999 0.6022206234375 0.5409845421874999 0.6132435 0.55605586875 0.6544960796875 0.5701775375 0.6925671343750001 0.5715070078125 0.7289842125 0.5641960453125 0.7375047718750001 0.5542475296875 0.7381126734375 0.5449512578125 0.7378809562499999 0.540972809375 0.736548003125 0.5378204265625001 0.7122916906250001 0.537997984375 0.6877538875 0.5463625578125 0.6579990328124999 0.543274284375 0.636961628125 0.5466380656250001 0.610647378125 0.537522303125
0 0.6500599140625 0.381543075 0.6361642703125 0.4068411453125 0.6254727203125 0.4519677640625 0.641298184375 0.49498704218749995 0.6490161359375 0.5043565531249999 0.6588828921875 0.5110764921875 0.66558810625 0.51131064375 0.6668239984375 0.5110450828124999 0.6713378578125 0.5005860484375 0.661318496875 0.451702859375 0.65991976875 0.39250404843750003 0.65020145 0.36638135781250003 0.6500599140625 0.381543075
0 0.6178335406250001 0.300369990625 0.6353443015625 0.347592521875 0.653761890625 0.38303325625 0.6538216125 0.3830353421875 0.659623178125 0.34855723125 0.6579884453125 0.32048996875 0.64752265 0.275217840625 0.6380698781249999 0.253654421875 0.6212887109375 0.247001746875 0.616898859375 0.2771817671875 0.6169851234375 0.2858032421875 0.6178335406250001 0.300369990625
0 0.5817026703125 0.14468253749999999 0.584322646875 0.1720740140625 0.5837740265625 0.19783817343750001 0.5752419078125001 0.20967355156249998 0.5741430390625 0.21954619531250003 0.574298678125 0.222218403125 0.579384178125 0.22801819375000001 0.5932267999999999 0.21940159375 0.6036179875000001 0.24718049843749998 0.6043746062500001 0.24720692031249997 0.6131940921875 0.1927988828125 0.6102375765625 0.124445678125 0.5872607484375 0.09937665625 0.5803394390625 0.10368495625 0.573188075 0.1216352140625 0.5817026703125 0.14468253749999999
0 0.5622319578125 0.04181335625 0.5831996562499999 0.10438894843749999 0.59536029375 0.1174684046875 0.598111190625 0.11756446875 0.6072561999999999 0.11281235 0.602936896875 0.091428196875 0.6044236953125 0.06418013125000001 0.5973783703125 0.048767445312500005 0.5925243796874999 0.0206914078125 0.5682342499999999 0.019843176562500002 0.56219566875 0.041190296875 0.5622319578125 0.04181335625
0 0.3095777296875 0.0678294046875 0.311825228125 0.1064174515625 0.313601746875 0.11327450312500001 0.32071632656250004 0.12191152499999999 0.331569165625 0.1222905140625 0.35422692968749997 0.10710983593750001 0.346686009375 0.1007798375 0.3393751390625 0.0808078828125 0.3441190515625 0.05670689062499999 0.3613603234375 0.036075646875 0.34783627031250003 0.032570045312500004 0.344186471875 0.01201925625 0.32010482812499996 0.01117830625 0.309530021875 0.043365689062500004 0.3095777296875 0.0678294046875
0 0.0648001640625 0.011649884374999999 0.0538960875 0.0355357578125 0.05266649531249999 0.127845571875 0.053502973437500004 0.142207346875 0.08058764375000001 0.143153165625 0.0860781109375 0.130692859375 0.09453924062499999 0.0824550234375 0.08751144375 0.032159634375 0.0759167671875 0.009004753125 0.0648001640625 0.011649884374999999
0 0.3787772375 0.153091996875 0.3877519359375 0.148855403125 0.3892742296875 0.13980856875 0.3864772203125 0.109377578125 0.3780866359375 0.10605124218749999 0.346100059375 0.1549842171875 0.3407925625 0.1754069875 0.34175370625 0.1919091875 0.347127196875 0.242986703125 0.35932334843749997 0.2526834390625 0.36830363125 0.2529970375 0.377343903125 0.251625221875 0.3727060328125 0.2423632703125 0.37806955468750003 0.228900575 0.37268806250000003 0.18927933749999998 0.3743518921875 0.16507078749999998 0.3787772375 0.153091996875
0 0.107078471875 0.19106845156250002 0.083127971875 0.1492821046875 0.0797342328125 0.1324802703125 0.0675818671875 0.1320559 0.064275890625 0.1774404265625 0.047618732812499995 0.19050873906250002 0.0473002390625 0.1963456640625 0.047515909375 0.20004859062499997 0.0592134109375 0.21366362031250002 0.07700374531250001 0.25523485 0.089766653125 0.2632638671875 0.09838728906250001 0.252948246875 0.107113965625 0.20926968124999998 0.107078471875 0.19106845156250002
0 0.4173167515625 0.31181438125 0.3685649359375 0.3080627171875 0.3432074546875 0.3153740625 0.3307179640625 0.323703103125 0.3307538109375 0.32431856406250004 0.3701196875 0.33475676249999997 0.3913406265625 0.34736082968750004 0.3938117203125 0.34744712187500004 0.456506634375 0.33367503906249996 0.4648478 0.3206464421875 0.450691603125 0.31195525156250004 0.4444527390625 0.308673171875 0.44436962968750005 0.3086702703125 0.4173167515625 0.31181438125
0 0.084537153125 0.2694611578125 0.0799347765625 0.27840043593749997 0.0693672375 0.3432480375 0.070432721875 0.3793348421875 0.0718258515625 0.403253975 0.08239560625 0.403623078125 0.08290926093749999 0.3998375703125 0.10386775156250001 0.355069484375 0.10461092812499999 0.297462134375 0.10131832031250002 0.2761138328125 0.084537153125 0.2694611578125
0 0.3726194484375 0.42735572031249996 0.37367584374999996 0.4454933453125 0.4087843859375 0.4627466453125 0.439999525 0.46756850937500005 0.46187309687500006 0.4683323515625 0.48179251250000005 0.4663207515625 0.4749959078125 0.45378813906250004 0.4331850984375 0.439008196875 0.40255076875 0.4338399984375 0.3792760328125 0.42483038281249996 0.3726194484375 0.42735572031249996
0 0.091743525 0.383704859375 0.08374249843750001 0.40465877812500006 0.086769559375 0.42144780937500004 0.0823442140625 0.43342659843750003 0.08271088125 0.4562800828125 0.08469979375 0.4904283875 0.0942754296875 0.497543209375 0.10367242968749998 0.5259932 0.10721031249999999 0.5261167453125 0.1059231265625 0.5040166187499999 0.1140656890625 0.46790098437500005 0.11346360468750001 0.42237998593750004 0.1076750296875 0.39336119375 0.097815171875 0.38240021875 0.091743525 0.383704859375
0 0.42987085937499997 0.5083693515625 0.422064390625 0.49748008125 0.41250557656250003 0.5092796078124999 0.412718103125 0.530520353125 0.4039559296875 0.5559976875 0.40220358437500003 0.5786864828125 0.4078681484375 0.5879842890625 0.40978000000000003 0.603217709375 0.4032115 0.6313306765625 0.403854884375 0.6423771515625 0.40533713125000004 0.6500792 0.41503748125 0.623117959375 0.4275878609375 0.6099062359375 0.435995971875 0.578349871875 0.435305371875 0.5313091171875 0.42987085937499997 0.5083693515625
0 0.4010877328125 0.694796040625 0.38041556249999997 0.6950724593750001 0.3813283953125 0.7107452015625 0.390125640625 0.714905353125 0.4085293765625 0.715961071875 0.4384637578125 0.717006403125 0.46727445 0.7114518140625 0.5012720890625 0.6962453453124999 0.5006143093750001 0.6849517109375001 0.48663750625 0.6793406 0.4293651328125 0.685537453125 0.4010877328125 0.694796040625
0 0.0905313109375 0.647164621875 0.0889060734375 0.669737509375 0.0897133015625 0.6835971062499999 0.0982184265625 0.752083003125 0.10802526406249999 0.7797254484375 0.1319047734375 0.7851093375 0.13195779375 0.7684278640625 0.108149803125 0.647779871875 0.0905313109375 0.647164621875
0 0.056147670312499995 0.6041760093749999 0.0700823046875 0.6137015625 0.0864948984375 0.614274703125 0.1460525171875 0.6114139796875 0.16539076875 0.604917046875 0.1601139203125 0.5924375015625001 0.1475970765625 0.5858527687499999 0.0742301625 0.5761185015625 0.0522957875 0.5640818703125 0.056052878125000004 0.5765083421874999 0.0339750484375 0.58332905625 0.034852693750000004 0.5983976484375 0.036091840624999996 0.598352615625 0.056147670312499995 0.6041760093749999
0 0.0994015125 0.9570273531250001 0.09950174218749999 0.9587482359375 0.1258197265625 0.9961225296875 0.13344609062499999 0.9963888484375 0.1476427484375 0.9948161828125001 0.17128486874999999 0.9977102078125 0.1895776765625 0.99834900625 0.21743196718750002 0.9952040656250001 0.2211540640625 0.9809895609374999 0.20377895937499999 0.9691121453125 0.1513298515625 0.95396070625 0.1268941453125 0.9510581828125 0.0994015125 0.9570273531250001
0 0.1406259984375 0.755184259375 0.13464286406249998 0.7580086546875 0.1167824265625 0.8559682328125 0.108168684375 0.866601146875 0.10832621093749999 0.8693057765625 0.118375709375 0.8833238546875 0.11480002812500001 0.8922989843750001 0.11643553437500001 0.9037948281249999 0.1188453171875 0.9038789796875 0.1316697109375 0.9004714171874999 0.14105149374999998 0.8856323765624999 0.15204408593750002 0.863266259375 0.1589829234375 0.8240752578125001 0.1535659375 0.7662527921875 0.1406259984375 0.755184259375
0 0.462076125 0.8264013609375 0.4572962734375 0.7443344921875 0.4551013484375 0.7594245015625 0.44166581093749996 0.75743865625 0.428212746875 0.7903355125 0.435683121875 0.8482296843749999 0.448924103125 0.8820587171875 0.462766725 0.8734421171875001 0.462076125 0.8264013609375
0 0.46400445625 1 0.4740778875 0.9674476390625 0.4674041546875 0.9232312796875 0.45701320624999997 0.9031517625 0.4484455875 0.8967859125000001 0.432053978125 0.91441349375 0.43148204375 0.9293094765625 0.43196705468749996 0.9376367953125 0.4410171734375 0.9627547546875 0.4433125609375 0.98457328125 0.456488596875 1 0.46400445625 1
0 0.7362535171875 1 0.7389657609375 0.9611860640625001 0.7389601031249999 0.9610889406249999 0.7168608421875 0.8981631078125 0.7113733109375 0.8919048187499999 0.69614993125 0.8944065374999999 0.70494804375 0.9750970609375 0.7145778453125 0.99969999375 0.714931 1 0.7362535171875 1
0 0.6938457734375 0.8818454593749999 0.6980776296875 0.9038350312500001 0.7052644875 0.9040860015625001 0.703971178125 0.8973657015625 0.715422903125 0.8514685921874999 0.7152944984375 0.8492639687500001 0.7027315125 0.788122475 0.688729384375 0.7588168609375 0.679312109375 0.7554546703125 0.6686380828125 0.7656985859375001 0.671913165625 0.8219295890625 0.6938457734375 0.8818454593749999
0 0.8918050015625001 0.7760797859374999 0.887415153125 0.8062598046874999 0.8883358046875 0.8396586015624999 0.923135803125 0.899219659375 0.92955650625 0.899443875 0.9348205546875 0.8989151859375 0.9258454109375001 0.8151851484374999 0.91465781875 0.781427821875 0.9010174843750001 0.7705828640625 0.9003278734375 0.7705587828125 0.8918050015625001 0.7760797859374999
0 0.8488215015625 0.946487009375 0.8488518781250001 0.94700854375 0.9251975828125 0.9569865734375 0.9367026390625 0.9573883390625 0.9860769578124999 0.9455845296875 0.9956986875 0.928502228125 0.9895000656249999 0.9262365546875 0.939288290625 0.923458515625 0.8744769296875001 0.93041670625 0.8488215015625 0.946487009375