0 0.9973502562500001 0.1746326921875 0.9983949953125 0.1744236671875 0.9991404796875001 0.0462858078125 0.9844177671875001 0.0657759609375 0.9791087781250001 0.0814815875 0.9755898546875 0.11600401875 0.9755147328125 0.12891633125 0.9848331375000001 0.1737459484375 0.98371675625 0.1889972234375 0.9839301890625001 0.1889860375 0.9973502562500001 0.1746326921875
0 0.8341068093749999 0.12909596875 0.874236340625 0.12594934687499998 0.9190805203125001 0.10794631562500001 0.9376051109375 0.10593196093749999 0.95308579375 0.0967724671875 0.875931371875 0.0997724375 0.8474002078125 0.098137121875 0.815825134375 0.089356671875 0.8050044468750001 0.093054328125 0.7725352453125 0.114550234375 0.7725349453125 0.1146018359375 0.804822259375 0.12436956875 0.8168157265625 0.1337011671875 0.8231447468749999 0.133369478125 0.8341068093749999 0.12909596875
0 0.7088510109375 0.1585471796875 0.7193253375 0.1518272859375 0.7349650015625 0.154093125 0.732976078125 0.137227228125 0.727774828125 0.134414334375 0.730374265625 0.046341960937499996 0.716939 0.0239049828125 0.708543378125 0.032058674999999995 0.693776971875 0.05905911874999999 0.6851736140625 0.0953524484375 0.6849418843749999 0.1351832234375 0.6993307453125001 0.180644465625 0.70587159375 0.1863762109375 0.7077044984375 0.186280153125 0.7088510109375 0.1585471796875
0 0.63980884375 0.11498765468750001 0.6275299703125 0.104152409375 0.607504678125 0.098940753125 0.5457641359375 0.10426348437499999 0.49756963125000003 0.123051884375 0.4975658015625 0.123710165625 0.5788301437500001 0.13367727499999998 0.6123327546875 0.131921478125 0.635142778125 0.12149333124999999 0.63980884375 0.11498765468750001
0 0.456829853125 0.1286063765625 0.4984722265625 0.130598084375 0.5123854078125001 0.1256948328125 0.520150040625 0.1169397203125 0.512488646875 0.1079495296875 0.44774670624999996 0.0988202359375 0.43232068124999995 0.0985851546875 0.407574665625 0.109273746875 0.36896405468750004 0.11651485937499999 0.36794358437499997 0.1192857453125 0.3679164171875 0.1239553515625 0.4090085640625 0.1279820140625 0.4197611015625 0.1357656359375 0.41976988593750003 0.13576517500000002 0.456829853125 0.1286063765625
0 0.33924787031250003 0.1144099640625 0.2852841078125 0.10888990000000001 0.25286455625 0.11267598281249999 0.24971133281250002 0.12431998749999999 0.2558416625 0.1313033734375 0.278947303125 0.1373971203125 0.29150757031249996 0.13780104843750002 0.3398565171875 0.1352671875 0.378898803125 0.11566677968750001 0.3789026671875 0.1150027125 0.37014850625 0.106529390625 0.33924787031250003 0.1144099640625
0 0.22735779687500002 0.3253184890625 0.25351341562499996 0.3375135296875 0.279711546875 0.3424016828125 0.31056359843750003 0.342871840625 0.37234665 0.33024221875 0.370852021875 0.321972365625 0.3569995703125 0.31643720468750003 0.309178284375 0.31581284374999996 0.2861212296875 0.301368365625 0.267590565625 0.3044265640625 0.251765259375 0.3023343078125 0.25006575625 0.302423375 0.2336217296875 0.30933736093749997 0.2246617390625 0.314839409375 0.224654196875 0.31613579999999997 0.22735779687500002 0.3253184890625
0 0.42590451093750004 0.3592324390625 0.4261200984375 0.36645759375 0.43943864843749997 0.40895629843750003 0.45397520468749997 0.41826084531249996 0.45528559687500003 0.4181921703125 0.4582188140625 0.4095148109375 0.4500207109375 0.3837178859375 0.45432177031250004 0.361894128125 0.45240916093749994 0.3319109453125 0.46195187187500003 0.305955634375 0.4631393640625 0.281209571875 0.4607436890625 0.280448046875 0.453645575 0.28082004375 0.4464379015625 0.28208485781250003 0.4359456203125 0.2918911703125 0.42605259218749997 0.3337796484375 0.42590451093750004 0.3592324390625
0 0.6088565234375001 0.3431201671875 0.54865919375 0.348362021875 0.4993189875 0.34364317187500004 0.48848615312500004 0.3494285109375 0.4869065078125 0.35577243593749996 0.4945557546875 0.3668503078125 0.503772503125 0.3736719421875 0.5428811609374999 0.3839230328125 0.5512282640625 0.38348557968749997 0.5932786765625 0.368981121875 0.6196043375 0.3519486078125 0.6350425109375 0.350096003125 0.6088565234375001 0.3431201671875
0 0.7237569515625 0.374443734375 0.7552870640625 0.365693703125 0.7198904046875 0.3508523953125 0.6705987796875 0.33778281250000003 0.6489877703125 0.3399589203125 0.6180997140625 0.34783628437499997 0.6180995015625 0.3478728328125 0.624162809375 0.36421745 0.6457191625 0.3714359125 0.6863509015625 0.376404103125 0.7237569515625 0.374443734375
0 0.8290738296875 0.43334332187499996 0.8436337390625 0.44183670468749997 0.8487689765624999 0.4355373953125 0.8487738921875 0.4346924921875 0.8468730000000001 0.42315407031249996 0.837550253125 0.41130074062500005 0.8356151984375 0.3851755828125 0.8368206484374999 0.3573430984375 0.844262209375 0.3338120140625 0.8360192156249999 0.3157311390625 0.8287392609375 0.311484446875 0.8071690921875 0.33674590625 0.8069758609375001 0.3699594765625 0.8073147671875001 0.40671435625 0.8195066140625 0.4631471234375 0.8195118203125 0.46314685000000005 0.8290738296875 0.43334332187499996
0 0.9700902859375 0.4567788234375 0.9681013625 0.4399129234375 0.9757763546874999 0.37625838125 0.982129184375 0.36049805 0.9791592671875 0.3328843890625 0.982416484375 0.3111153328125 0.9709701421875 0.3055442546875 0.95836324375 0.3200896078125 0.9412470734375 0.38075657500000004 0.9412100015625 0.3871287 0.9556381140625 0.4297669203125 0.95760908125 0.4497192375 0.9638182593750001 0.4586502640625 0.9700902859375 0.4567788234375
0 0.97759790625 0.6430182578125 0.95893445625 0.6223980171875 0.9528150578125001 0.5980348921875 0.9591948218749999 0.5776449312499999 0.9665376234374999 0.571089153125 0.941584190625 0.555426775 0.9321896187500001 0.5559191234374999 0.9248288609375 0.5655613203125001 0.92293634375 0.5747240984374999 0.922765984375 0.6040065 0.9244158671875 0.636548975 0.9552552671875001 0.7166979359375001 0.9640100125 0.6468158484375001 0.97759790625 0.6430182578125
0 0.9090112250000001 0.8409111125000001 0.8975469265625 0.8384264515625001 0.8869738406250001 0.8621216546875001 0.8835477718750001 0.9013075609375001 0.8834540656250001 0.9174140875000001 0.8912591875 0.9514241625000001 0.9269818875 0.9495520140625 0.9213936703125001 0.86494600625 0.9090112250000001 0.8409111125000001
0 0.8369383499999999 0.690800040625 0.83807955625 0.66195849375 0.8380934296874999 0.6595737609375 0.8361279390625 0.6507312890625 0.8267603015624999 0.6465940078125 0.8216129203125 0.6345218578125 0.818625046875 0.609994615625 0.8219900015625001 0.5697070421875 0.8158077562500001 0.5561463875 0.820036990625 0.54666830625 0.8033534859374999 0.544457171875 0.7897207015625 0.5559708109375 0.78683151875 0.6106090656250001 0.786752240625 0.6242359109375 0.7933753359375 0.6452581625 0.828243046875 0.6938687578125 0.8298511156249999 0.6937844828124999 0.8369383499999999 0.690800040625
0 0.798556134375 0.93285216875 0.799557021875 0.9326869890625 0.8135491515625001 0.9142138 0.8367149312500001 0.9099701484375 0.8368376515625 0.8888763234375 0.8014524625 0.8720633140625 0.78292786875 0.8740776703125 0.7381079796875001 0.887905334375 0.7289364546875 0.8963196124999999 0.7289121296875 0.90050074375 0.7348940296875 0.9099877546874999 0.7764696046874999 0.9234617171874999 0.7891708765625001 0.9333440296875001 0.798556134375 0.93285216875
0 0.6078411984375001 0.6163295125 0.6340271828125 0.6233053468749999 0.6834220453125 0.618629625 0.7044705875 0.62069219375 0.7131697890625001 0.6202362890625001 0.717366590625 0.6178941906250001 0.7313040625 0.608815575 0.72212375 0.59573089375 0.6563386906249999 0.5826020671875 0.6556553421875 0.5826378796875 0.634185078125 0.5961654734375 0.594720946875 0.6074585124999999 0.59471716875 0.60810774375 0.6078411984375001 0.6163295125
0 0.67018909375 0.8877077078125 0.611522828125 0.89495636875 0.5851508734374999 0.9099691484375001 0.5850344296875 0.9299841546875 0.62574815 0.9278504390625001 0.6885679375 0.91074554375 0.6978575609375001 0.9050410796874999 0.6917818859375 0.8886631234375001 0.67018909375 0.8877077078125
0 0.564359075 0.6316027125 0.556143015625 0.6088922078125 0.5521472125 0.57824683125 0.538819684375 0.5372913359375 0.5263295015625 0.5317749609375 0.52317728125 0.5542737343749999 0.52307215 0.57234421875 0.5269423921875 0.6057943296875 0.5432759921875 0.6400742109374999 0.5613255984375 0.6391282703125001 0.564359075 0.6316027125
0 0.5056423453125001 0.9277159796875001 0.5303397734375 0.9253781171875 0.5427158171875 0.9195119015625 0.55967898125 0.920709946875 0.5813385734375001 0.9101831078125 0.582918221875 0.9038391828125001 0.5721704078125 0.8950107453125 0.5428737124999999 0.8923720265625 0.49656527031250003 0.8968859953124999 0.460194490625 0.9090228453125 0.46013523125000005 0.919208590625 0.465573540625 0.9204241890624999 0.4725959984375 0.929628709375 0.5000250125 0.928191215625 0.5056423453125001 0.9277159796875001
0 0.429389190625 0.6850933546875 0.4304739890625 0.685036503125 0.432372465625 0.6714862484374999 0.423166434375 0.639571190625 0.424300059375 0.6240843859375 0.4295731328125 0.6145516015625 0.42657628281250004 0.59156756875 0.416290496875 0.5658800546875 0.4153723484375 0.544329821875 0.4050057609375 0.5325311968750001 0.3976360234375 0.543716603125 0.3950718890625 0.5576181203125 0.3947918515625 0.605752425 0.39513534687499996 0.61481366875 0.40538521875000005 0.646674021875 0.418874353125 0.659851740625 0.429389190625 0.6850933546875
0 0.289073734375 0.6398492046875 0.29968273125 0.6099811640625 0.30837463125000003 0.5509015453125 0.303236228125 0.5372861828125 0.2917539734375 0.5378879421875 0.274846015625 0.5742570578125 0.2682841671875 0.60296324375 0.26802585 0.6473642921875 0.2681250828125 0.65328899375 0.27213925 0.662094003125 0.28791725156250003 0.6612671125 0.289073734375 0.6398492046875
0 0.309729928125 0.9444122531250001 0.3126625609375 0.9438774921875 0.31280317812499997 0.9197075703125 0.21411832187500002 0.9110336546875001 0.1977519875 0.91289710625 0.1977332171875 0.9161232828125 0.20162689218750002 0.9367328562499999 0.22935608749999997 0.943627815625 0.30469764375 0.944675984375 0.309729928125 0.9444122531250001
0 0.436416359375 0.91034269375 0.416397140625 0.9040871953125 0.34081629375 0.90178708125 0.3274079515625 0.911521003125 0.327176478125 0.9513080359374999 0.32793583125 0.951268240625 0.345215153125 0.9412104234375 0.4193317375 0.9300214765625 0.4317138546875 0.9231114187499999 0.436416359375 0.91034269375
0 0 0.9325280859375 0.054058878125 0.9296949796874999 0.063680559375 0.91477425 0.0344020828125 0.90900400625 0.0096985796875 0.9123857093750001 0 0.9153977734375 0 0.9325280859375
0 0.180307803125 0.9387806781249999 0.203528828125 0.9250414390625 0.2097259578125 0.92054256875 0.20985551249999998 0.8982739546875 0.20211921875 0.90215780625 0.1867478515625 0.8925281546875 0.1743414421875 0.903613578125 0.0738931234375 0.93287888125 0.0710781328125 0.9386702984375 0.0710724875 0.9396405578125 0.0814998609375 0.9512636453125 0.13727959218750002 0.9503259453125 0.14056371875 0.95015383125 0.180307803125 0.9387806781249999
0 0.10100006718750001 0.6283294890625 0.18314262812499998 0.6240245796874999 0.23099427968750003 0.6194297359375 0.240158090625 0.6046223109375 0.24016008437499997 0.604279590625 0.20645474375 0.594627721875 0.14932029687499998 0.5935535390625 0.1476073609375 0.593643309375 0.11379535 0.6109625484375 0.11525961250000001 0.6244516078125 0.101001471875 0.6280878546875 0.10100006718750001 0.6283294890625
0 0 0.635309409375 0.0004605875 0.6355014796875 0.036273179687500004 0.636966653125 0.04747941875 0.636379359375 0.085397859375 0.6206148765624999 0.0638961609375 0.6040018390624999 0.04178340625 0.6041171953125 0.0145681015625 0.5971953046875 0 0.59936528125 0 0.635309409375
0 0 0.35580489531250004 0.037899398437499995 0.365089321875 0.055663921875 0.364158321875 0.1003812921875 0.3560983359375 0.08352136875 0.3371549875 0.0588785921875 0.330098275 0 0.3301782578125 0 0.35580489531250004
0 0.155955340625 0.426975646875 0.154980925 0.433930471875 0.16228781406249998 0.43354753281249997 0.16543969375 0.4110511984375 0.184578984375 0.34988131718750004 0.184911175 0.2927825515625 0.1739403859375 0.2829825828125 0.1721975484375 0.2830739203125 0.1640792390625 0.286160609375 0.151382559375 0.3161380625 0.141619884375 0.3799020171875 0.155955340625 0.426975646875
0 0.195131446875 0.1572843296875 0.22603208281249998 0.14940375781249998 0.232259578125 0.1396856796875 0.2215360578125 0.12668187656250002 0.187640096875 0.1190665828125 0.10757713124999999 0.11932400937500001 0.1027548 0.1195767359375 0.102382315625 0.122251915625 0.1023287296875 0.131462765625 0.16117475781249999 0.160107446875 0.195131446875 0.1572843296875
0 0.0784871359375 0.11835124062499999 0.077739571875 0.06748002187499999 0.0756878015625 0.061416592187499994 0.0578796515625 0.073149053125 0.042993290625 0.127774434375 0.042989959375 0.1283471078125 0.0507076265625 0.21290178124999998 0.051452450000000004 0.212862746875 0.068706503125 0.1852016140625 0.0784871359375 0.11835124062499999