0 0.1365198640625 0.9423626140625 0.14849458437500002 0.9748030828124999 0.16764019531250002 0.9427247328125 0.1705642515625 0.9319917125 0.1596403015625 0.9003325437499999 0.1560314703125 0.8718347953125001 0.153666190625 0.7953768515624999 0.153402384375 0.79537378125 0.14562121249999999 0.810187696875 0.144906115625 0.8286371656249999 0.13012471406249998 0.873071490625 0.129785571875 0.9130594203125 0.124867390625 0.9283836828125 0.1365198640625 0.9423626140625
0 0.141092646875 0.8139767359375 0.141358909375 0.813979834375 0.15435081875 0.7912188312499999 0.15074545625 0.7035023812500001 0.1558784703125 0.7004858109375001 0.157277996875 0.6871937390625 0.157216478125 0.6836692875 0.14215130781250002 0.6864827390625 0.131670446875 0.6802081875 0.130144946875 0.651382353125 0.129680459375 0.6513769484374999 0.1219583921875 0.6585610921875 0.107257553125 0.7076108015625 0.1078214859375 0.7399184937500001 0.11785578906250001 0.780027128125 0.132835128125 0.8063499625 0.141092646875 0.8139767359375
0 0.20565550156249998 0.594822790625 0.2056512078125 0.5945768671875 0.15661432656250002 0.577574184375 0.1308299625 0.5764055578125 0.09118569843749999 0.5759442546875 0.0751482921875 0.5807747765625 0.06303977656250001 0.592042353125 0.0677638015625 0.5983201234375 0.0910036890625 0.607924746875 0.11717564218750001 0.60926641875 0.20565550156249998 0.594822790625
0 0.111210396875 0.48162307968749996 0.1482240078125 0.48723944062499996 0.1588483828125 0.479065996875 0.19885165625 0.47352294375000004 0.198726259375 0.46633897500000004 0.19861299375000002 0.46604596093749995 0.16006092031250002 0.46041169843749996 0.137123740625 0.45150418124999997 0.1250062234375 0.4513631796875 0.1199160640625 0.4516475015625 0.0555179625 0.463343765625 0.0479886171875 0.47259035781250003 0.05582578125 0.48097862031250005 0.0697443609375 0.4852891140625 0.111210396875 0.48162307968749996
0 0.1354655390625 0.40014851250000005 0.1363251453125 0.38177948125 0.13598080937499998 0.3620525015625 0.12773765312500002 0.3139222421875 0.1334246390625 0.283225434375 0.1248926453125 0.2748352203125 0.1235220796875 0.274819271875 0.10598027343750001 0.3152072203125 0.10657106093749999 0.349053375 0.1090754125 0.3736929015625 0.1167396328125 0.39685431875 0.124108459375 0.40309265781250003 0.1354655390625 0.40014851250000005
0 0.2719708375 0.3487441 0.2888395921875 0.345828984375 0.30733734375 0.34811849375000004 0.330142665625 0.332826853125 0.377780653125 0.3302697671875 0.3915181640625 0.3242068171875 0.39136923437500004 0.3156746578125 0.338108903125 0.3069976859375 0.31574781875 0.306737490625 0.30047732968749996 0.30759045625 0.2744321234375 0.3135101921875 0.24851366874999997 0.32669134375 0.2456178140625 0.3370289859375 0.2549391171875 0.34232311718749997 0.2719708375 0.3487441
0 0.3398729828125 0.48065384218749996 0.369909196875 0.4830776125 0.39137523125 0.479178859375 0.4176739328125 0.487781940625 0.42685038124999997 0.48477731874999996 0.415809546875 0.46909183906249996 0.37249723437500004 0.45510511718749996 0.34818405625 0.45396008906249996 0.3424985375 0.4538939328125 0.29881404218749996 0.463581940625 0.28976434218749997 0.47384797343749996 0.2884431640625 0.4862782046875 0.29005405156249997 0.490445484375 0.31465133125 0.48969456562499997 0.3398729828125 0.48065384218749996
0 0.38920365625 0.6625426109375 0.3954008671875 0.6610765749999999 0.4003379921875 0.6504997015625 0.400328109375 0.6499334796875 0.392278875 0.6010524312500001 0.39330625937499997 0.5410765734375 0.38471244531250004 0.515310259375 0.3845268828125 0.5153081 0.38378218125 0.53019870625 0.36867853125 0.5561714953125 0.35599867500000004 0.602168425 0.3702360609375 0.6454022625 0.37765859687500003 0.6547175281250001 0.38920365625 0.6625426109375
0 0.4137014453125 0.718011809375 0.4481049421875 0.7021449140625 0.4480965 0.70166124375 0.414479546875 0.6937454515625 0.383584128125 0.6933859515624999 0.3395655796875 0.700555021875 0.318171975 0.708603153125 0.3123078390625 0.7251290578125 0.3431857109375 0.73171115625 0.3647422796875 0.7329991234375 0.4137014453125 0.718011809375
0 0.4023406734375 0.8914321734374999 0.40048081562500004 0.9037157234375 0.40577495468749997 0.9099299234375 0.42013665156249996 0.90086814375 0.42998297656249995 0.930207546875 0.44143751093750005 0.8734293171875 0.44139064531249994 0.85446734375 0.4404984015625 0.8033507999999999 0.42080284375000004 0.7813012578125 0.416034909375 0.781245778125 0.41187168593749995 0.7838726421875 0.40389517656249996 0.802237615625 0.411559396875 0.8253990328125 0.4130801125 0.8531034109375 0.411461940625 0.8792331171875001 0.4023406734375 0.8914321734374999
0 0.4439309265625 1 0.44385144375 0.995446390625 0.4420971390625 0.9912698921875001 0.433734715625 0.9281084734375 0.43551401093750003 0.9112095375000001 0.43520539999999996 0.91113000625 0.428302490625 0.9110496843749999 0.4232001484375 0.9187569984374999 0.4214745609375 0.9387328578125 0.4067200125 0.9847056453125 0.411248196875 1 0.4439309265625 1
0 0.686163478125 1 0.687684553125 0.993557284375 0.7043637 0.97412055 0.7043239 0.9718403453125 0.6924416109375 0.969002253125 0.68297261875 0.8999533953125001 0.6828331484375 0.8999517718750001 0.65323735625 0.9808512625000001 0.65249515625 1 0.686163478125 1
0 0.957073878125 1 0.9593432843749999 0.9952287312499999 0.9694798828125 0.9480611812499999 0.9693502765625001 0.94063609375 0.9648591874999999 0.895313225 0.9540829359374999 0.8721155953125 0.94272585625 0.87505974375 0.9307073859375 0.8995302796875 0.9252836796875 1 0.957073878125 1
0 0.642588640625 0.8490107265625 0.6672583453125001 0.852409184375 0.6796565734375 0.8577391203125 0.68443491875 0.8671289249999999 0.693701903125 0.8693110234375 0.7244530265625 0.8686317109375 0.727373640625 0.8604010328125 0.7273729296875 0.8603602671875 0.676000228125 0.8245082953124999 0.6572404734374999 0.8184204765624999 0.6232583296875001 0.8180250593749999 0.5866970312500001 0.819320621875 0.576163190625 0.832680790625 0.579529825 0.8493141015625 0.588688165625 0.8452721375 0.6026429609374999 0.8516573171875 0.642588640625 0.8490107265625
0 0.9755122640625 0.8236505359375 0.9763884828125 0.8144318374999999 0.9647360109375 0.80045290625 0.9484507859375 0.7587333859375 0.936634309375 0.7513733 0.9354706203125 0.751359759375 0.9267202640625 0.7615568265625 0.9160882390625 0.8060394343749999 0.9156473890625 0.81741335625 0.9157842140625 0.8252521234374999 0.9378824296875001 0.8662808468750001 0.9411212765625001 0.886314471875 0.95223568125 0.8864438 0.9527275 0.8849113734375 0.95811909375 0.837291490625 0.9755122640625 0.8236505359375
0 0.643932878125 0.7499210609375 0.6457107078125001 0.7463012640625 0.6455188296875 0.7353085390625 0.6423047484375 0.7160628375 0.6435201125 0.666856209375 0.6347648390625 0.640605796875 0.6257476140625 0.6274677421875 0.62501205625 0.6274591828125 0.6165491578125 0.6665423734375 0.6044769796875 0.6879359875 0.62222920625 0.7542829640625001 0.6356167953125 0.7634924703125 0.635977759375 0.7634966703125 0.643932878125 0.7499210609375
0 0.9576725109374999 0.6948917359375 0.9608014390624999 0.6364784796875 0.9583507953125 0.6149158796874999 0.943557553125 0.6092952390625 0.9412624562499999 0.6092685328125 0.936620271875 0.6177393171875 0.92325216875 0.6837241765625001 0.9225260578125001 0.7483179890625 0.9332715593750001 0.7484430234375 0.934619209375 0.7407679578125 0.9576725109374999 0.6948917359375
0 0.6468927046874999 0.596470134375 0.6539817078125 0.5936648531250001 0.653670225 0.5758199937499999 0.6182382515625 0.558926296875 0.5768784296875 0.5534765140625 0.5734640109375 0.5534367828125 0.544373990625 0.557029675 0.55074511875 0.5695494156249999 0.5925189718749999 0.5835182359375 0.623360628125 0.58802564375 0.6462286328125 0.5964624078125 0.6468927046874999 0.596470134375
0 0.9386153437500001 0.6317244843750001 0.9475754890625 0.6102946593749999 0.94520540625 0.5933474390625 0.950177296875 0.5811001 0.950784978125 0.5564967859375 0.9512071328125 0.5276977890625 0.9511446234375001 0.5241165734375001 0.940750675 0.5163881515625001 0.9313704046875 0.4841788171875 0.9287794625 0.48414866874999996 0.9292324703125001 0.5101015296875 0.9195035218750001 0.5469039 0.9182344515624999 0.5930336046875 0.9228940546875 0.62231265625 0.9324181312500001 0.633190521875 0.9386153437500001 0.6317244843750001
0 0.604215190625 0.47562399375000003 0.595443025 0.5078230484375 0.5977862515625 0.5232318078125 0.60871366875 0.4956722765625 0.6219574609375 0.481983040625 0.6317669734375 0.44979605468750006 0.6323402734375 0.4277965015625 0.6317835453125 0.3959015953125 0.6284570015625001 0.37900268125 0.6220478359375 0.36966455468750004 0.6197663953125 0.3696380078125 0.6108490015625 0.380335940625 0.6101876109375 0.40186233437499996 0.6002706843750001 0.42789547343749995 0.5975614609375001 0.450936184375 0.60290930625 0.46022730625 0.604215190625 0.47562399375000003
0 0.65678825 0.30696461249999996 0.6483814546875 0.303117984375 0.6340970109375 0.30263090625 0.5990345078125 0.3022229171875 0.57002855625 0.30842906875 0.53524359375 0.3244718953125 0.535447371875 0.3361463265625 0.5472490375 0.3406749046875 0.5538305296875 0.3407514875 0.6073862 0.3337549734375 0.6364359015625001 0.32372165937499997 0.6570675796875001 0.322967425 0.65678825 0.30696461249999996
0 0.9543109671875 0.3475268109375 0.9350599171875 0.22489942968749999 0.9176990500000001 0.22469741718749997 0.9144082156250001 0.2539798421875 0.9209644875 0.3325017328125 0.9297466125 0.36029060468749996 0.9536860984375 0.3651836125 0.954353603125 0.3499694125 0.9543109671875 0.3475268109375
0 0.9411972937499999 0.483925928125 0.9472065296875 0.471690659375 0.9531789515625 0.39792899843749996 0.964190971875 0.376567565625 0.9641902968749999 0.376528871875 0.9518193593750001 0.379455390625 0.9430592328125 0.35465366875000004 0.9283418234375 0.3544824171875 0.9286218265624999 0.357651375 0.92378420625 0.377591021875 0.9136793015625001 0.3928549328125 0.9212192109374999 0.46831197187500007 0.9288297234374999 0.488396465625 0.9411972937499999 0.483925928125
0 0.8315725296875 0.02815016875 0.831596578125 0.0295278890625 0.8483540093749999 0.0408882734375 0.9008970921874999 0.054982406250000004 0.9255486906250001 0.05734352031249999 0.9538150140624999 0.050621456249999995 0.95378923125 0.049144375000000004 0.9278770234374999 0.0107968265625 0.9271394296875 0.010788243749999999 0.9063266625 0.013560235937500002 0.87199518125 0.0101465828125 0.87022596875 0.0101259953125 0.8355936453125 0.01481145 0.8315725296875 0.02815016875
0 0.8955222890625001 0.2559498328125 0.9110018953125 0.2515155078125 0.9211067999999999 0.2362515984375 0.9331521234375 0.213319521875 0.9404451937499999 0.1796388109375 0.9396215625 0.13245301874999998 0.93869488125 0.114942478125 0.928453378125 0.106096675 0.92196616875 0.1060211890625 0.9198884125 0.10703290000000001 0.8977749984375001 0.20675527656249998 0.8876163859374999 0.2189422625 0.89825836875 0.23444758437500002 0.8942701140624999 0.2436300703125 0.8955222890625001 0.2559498328125
0 0.5980691625000001 0.26078372656250004 0.6130385406250001 0.22711863281250003 0.6078687140625 0.1686088109375 0.5960099390625 0.1350341796875 0.5952405671875 0.135025228125 0.581505440625 0.1436916625 0.580263225 0.19135982812500002 0.581704003125 0.27390197031249996 0.5818121796875 0.2739032296875 0.58455683125 0.2590883484375 0.5980691625000001 0.26078372656250004
0 0.6106566796874999 0.03527533125 0.60097148125 0.0151666984375 0.5940725890625 0.010037025 0.5915305562500001 0.010007446875000001 0.5752527015625 0.027172625 0.574059178125 0.042288501562500004 0.5742062640625 0.05071498437500001 0.5823271546875 0.0759635109375 0.5837493953124999 0.0980263484375 0.601760203125 0.11977001093749999 0.615345171875 0.080629478125 0.61528581875 0.0772291109375 0.6106566796874999 0.03527533125
0 0.33165848593749997 0.021620459375 0.3125055 0.0051985140625 0.31157419062499997 0.0051876765625 0.3056533640625 0.0588796625 0.305714071875 0.062357639062500005 0.32515894375 0.12460081875 0.33045308125 0.13081501874999998 0.3459131703125 0.1279278140625 0.3458970484375 0.1270042375 0.34038690312500003 0.046332409375 0.33165848593749997 0.021620459375
0 0.3548360328125 0.26119250312500003 0.3677643390625 0.216314465625 0.36762266875 0.20819815937500002 0.3580892703125 0.150483625 0.3451309125 0.12110800937499999 0.3358130921875 0.117946871875 0.3357165234375 0.11794574843750001 0.3245182953125 0.1285589046875 0.32551189062499997 0.18548198124999998 0.34523139375 0.2456992515625 0.3487462359375 0.2688123875 0.35600764687500003 0.26889688125 0.3548360328125 0.26119250312500003
0 0.14815369843749998 0.2216408453125 0.148583425 0.1890820515625 0.148559884375 0.18773335625 0.1156426859375 0.12788241875 0.11208726093750002 0.127841046875 0.10401134375000001 0.1288382609375 0.1096376875 0.2135019265625 0.119564571875 0.2474567171875 0.13323802812500002 0.25838286250000003 0.1424667125 0.25233765468749997 0.14815369843749998 0.2216408453125
0 0.134020309375 0.0707407828125 0.1202434171875 0.022614625 0.1058123875 0.0137287 0.1017654125 0.013681609375 0.1004533125 0.017769899999999998 0.1003021484375 0.0685270609375 0.11079296718750001 0.13478954062499998 0.1289111921875 0.16268704843749998 0.13440970000000002 0.09304891875 0.134020309375 0.0707407828125