0 0.095886621875 0.150518709375 0.0974527015625 0.231579090625 0.09764136875 0.2315736015625 0.10615574218749999 0.21537751562500002 0.1071409421875 0.1958015671875 0.1233496734375 0.1480906765625 0.12420221875 0.105713425 0.12868232500000001 0.09206795 0.1286595859375 0.08815939218749999 0.11742878125 0.07496064687500001 0.1051418859375 0.0411104140625 0.084461746875 0.0759198890625 0.0812313703125 0.087416465625 0.092414625 0.1204843390625 0.095886621875 0.150518709375
0 0.2575172109375 0.0928771421875 0.21522947343749999 0.10399937031249999 0.18763168125000002 0.12018960625 0.1795395046875 0.1292177625 0.20405258437499998 0.1427926359375 0.296873675 0.1378936421875 0.30016296875 0.143293371875 0.3093277625 0.144150403125 0.317872521875 0.143901775 0.3147378375 0.1285811515625 0.32118856406249996 0.1174025859375 0.3521267953125 0.11540328749999999 0.343932328125 0.106849025 0.291719165625 0.09188196562499999 0.2575172109375 0.0928771421875
0 0.33825568125 0.120070284375 0.338256084375 0.1201395796875 0.3903399953125 0.13616380625 0.4182362015625 0.136293196875 0.459528096875 0.135091725 0.47663364062499997 0.1292565671875 0.48959263281250004 0.116789540625 0.484668278125 0.110338303125 0.46018077343749997 0.10115903281250001 0.43248708281250003 0.1008657484375 0.33825568125 0.120070284375
0 0.46427153906249996 0.105603496875 0.46429071874999994 0.1089002 0.4659449578125 0.1132484171875 0.5066935359375 0.1175581890625 0.53280970625 0.12669007031249999 0.549089959375 0.125117278125 0.6174171484375 0.10994011249999999 0.624133709375 0.10152794375 0.6241153046875 0.098364503125 0.6173084640625001 0.0912587953125 0.6026249109374999 0.08728969375 0.5586765421875 0.0929648109375 0.5195566281249999 0.08860764531250001 0.5082071218750001 0.0977305796875 0.46427153906249996 0.105603496875
0 0.6754260078125001 0.12885554999999999 0.66902210625 0.1616206890625 0.678761840625 0.17090731718750002 0.6790594578125 0.1708986578125 0.6977392578125 0.1282762984375 0.6974682125 0.081687575 0.695935590625 0.0647301140625 0.6881011531250001 0.040523970312500004 0.680370946875 0.0342331359375 0.668301984375 0.0378421875 0.6663031640625 0.0721080921875 0.6754260078125001 0.12885554999999999
0 0.6372981640625001 0.3113904109375 0.62267854375 0.31841032187499996 0.6211010234375001 0.3272489203125 0.6832376375 0.3348673578125 0.6931982296875 0.33457753281249997 0.7188656453125 0.33209787031250004 0.7465145828125 0.32469884375 0.7741187671875001 0.3096075140625 0.7753449125 0.30535175 0.7752989640625 0.2974538375 0.7675082109375 0.293313553125 0.7495545421875 0.2872414296875 0.7316584125000001 0.2910594140625 0.712101653125 0.28943028437499996 0.687767584375 0.3066246390625 0.6372981640625001 0.3113904109375
0 0.5304984515625 0.280425425 0.526112321875 0.2821819890625 0.527362828125 0.308208646875 0.53740928125 0.3347938375 0.535396246875 0.3666167453125 0.53992450625 0.3892901484375 0.5312943765625 0.41723324375 0.534578065625 0.426707721875 0.5349410921875 0.4266971578125 0.551065121875 0.41502903125 0.5650855265625 0.36901075625 0.5660043984375001 0.3380341546875 0.5547406031250001 0.29112262968749997 0.543694740625 0.28167039374999997 0.5304984515625 0.280425425
0 0.3610201484375 0.3709038171875 0.3888033453125 0.3865817171875 0.4337187421875 0.3983871375 0.4414923046875 0.39816094999999996 0.4832658859375 0.38383313750000003 0.49299312031250003 0.37585649375 0.5006406203125 0.36418123125 0.5006268046875 0.3618065578125 0.49939909374999997 0.3569856171875 0.487966475 0.3518228390625 0.4358939640625 0.361031603125 0.3723632625 0.36068198281249997 0.34472711093749997 0.37027881093750004 0.3610201484375 0.3709038171875
0 0.25546546718749996 0.37793231875 0.21810847500000002 0.396604690625 0.253968590625 0.4036173328125 0.2875317296875 0.40264074531249994 0.3337436546875 0.39324005 0.3564938109375 0.383785390625 0.362906178125 0.36601341718749997 0.330294528125 0.360367796875 0.307486834375 0.35993234531249996 0.25546546718749996 0.37793231875
0 0.1679120609375 0.4356473171875 0.18099891562499998 0.4451583125 0.1882023390625 0.4461628125 0.1952018859375 0.44595914687500005 0.200523709375 0.441292940625 0.1906622171875 0.426192659375 0.21964487500000002 0.4160674703125 0.2196388984375 0.415040146875 0.1612119984375 0.40396874374999997 0.10932856875000001 0.40470039843750005 0.0875550578125 0.40533394375 0.0619913296875 0.4288375109375 0.066922075 0.4363876515625 0.08651719531249999 0.4446101890625 0.110902409375 0.4362070421875 0.140211978125 0.43425513281250006 0.1679120609375 0.4356473171875
0 0.08383920781250001 0.442682975 0.0811192140625 0.440933734375 0.0599337859375 0.4393519921875 0.012350934375 0.42471256874999996 0.0093282375 0.42480052031250004 0.0024837359375 0.4269179671875 0.0025907515624999998 0.4453125 0.08384075156250001 0.4429483671875 0.08383920781250001 0.442682975
0 0.0933271390625 0.716156128125 0.107296809375 0.7140725203125 0.1072912515625 0.7131173078125 0.0226877734375 0.6833334359375 0.0039725640625000004 0.68282585625 0.004181300000000001 0.71870444375 0.0043616140625 0.7187447609375 0.0933271390625 0.716156128125
0 0.0427932828125 0.97548265625 0.08181798125 0.9711534640625 0.1056004953125 0.9597338015625001 0.10558633437500001 0.957299515625 0.1028563625 0.9474604796874999 0.0767210109375 0.9350318953125001 0.0164353796875 0.93248019375 0.016681590625 0.974800409375 0.0229062265625 0.9760613109375 0.0427932828125 0.97548265625
0 0.1510588515625 0.6602605968749999 0.1479137515625 0.686415153125 0.14249505 0.69960434375 0.132633365625 0.7047781078125 0.130492415625 0.7146140453125 0.131780821875 0.7471553609375 0.14059098125 0.750156890625 0.177640934375 0.695323821875 0.18364905625 0.6757053453124999 0.1834258578125 0.6373408625 0.181486971875 0.60073338125 0.1671349296875 0.5897484015625001 0.1495714640625 0.593517328125 0.15402391875000002 0.603161415625 0.147515790625 0.6180112453125 0.1510588515625 0.6602605968749999
0 0.158648684375 0.972743775 0.20508950625 0.983262434375 0.22800613281249998 0.9825956296875 0.23074580781249998 0.9810735234375001 0.23044215 0.9288793078124999 0.2235011765625 0.9202987515625001 0.2137227953125 0.9194841859375 0.1991351390625 0.9319986015625 0.155257096875 0.9497616296875 0.14719049374999998 0.9631853890625001 0.158648684375 0.972743775
0 0.2424792 0.6410296765625 0.2848820171875 0.649687665625 0.3064764859375 0.6615084171875 0.31070256875 0.66138545 0.37769031875 0.642590871875 0.38653837812499997 0.6292852359375 0.38652820625 0.6275368859375 0.3726700671875 0.619656115625 0.36613622968750004 0.6165489703125 0.3368458421875 0.6217975828125 0.28471579375 0.6211162359375 0.2570796421875 0.6307130640625 0.2424792 0.6410296765625
0 0.382234884375 0.96404315 0.3820217328125 0.9274056296875001 0.325855584375 0.9250517437499999 0.3210398625 0.9251918671875 0.3002932328125 0.9277967453124999 0.29388086874999997 0.9455687203125 0.30368481875 0.9507788906249999 0.3738068984375 0.964125765625 0.379470553125 0.964123584375 0.382234884375 0.96404315
0 0.421970609375 0.6690872328124999 0.44131043124999997 0.6685245015625 0.45832573906249996 0.631317165625 0.46289311718750004 0.5913465 0.4628295578125 0.5804217234375 0.45896982656249996 0.5531092937500001 0.44582091406249996 0.5600076484375001 0.43179103281250003 0.6043972625 0.4275849359375 0.6370984515625 0.4189358578125 0.66178421875 0.421970609375 0.6690872328124999
0 0.41687664843750005 0.9409069593750001 0.43973549062500006 0.95013361875 0.4576380140625 0.9474145343749999 0.470699296875 0.9525299265625 0.496764321875 0.9528705984375 0.497581765625 0.9528730765625 0.5134394328125 0.9524116656249999 0.5132587734375 0.9213590437500001 0.5063445125 0.9196192296874999 0.457471790625 0.91884310625 0.42655273749999995 0.9241391078125 0.41520962499999997 0.9343609421875 0.41687664843750005 0.9409069593750001
0 0.547103940625 0.6162135484375 0.5128444484375 0.6073186140625 0.49657059062500003 0.609990309375 0.5259568765625 0.6212252140625 0.54069796875 0.635084425 0.5749638546875 0.6450782609375 0.593438578125 0.6453448500000001 0.6332035515625 0.6441878078125 0.649869634375 0.64070055 0.660046740625 0.6335094484375 0.6600362890625 0.63171283125 0.6481322875 0.6220666203125 0.625324590625 0.6216311703125 0.5975733609375 0.6114477765624999 0.5731242125 0.6088619140625 0.5633841937499999 0.6146407546875 0.547103940625 0.6162135484375
0 0.6584997515625 0.62782411875 0.6601188062500001 0.6277770078125 0.72078375625 0.61738595 0.7516644515625 0.60549654375 0.7739555484375 0.6037731421875 0.773858190625 0.587038653125 0.7645659015625 0.58313940625 0.7156995734375 0.583462184375 0.681542371875 0.5921496671875001 0.6442868093749999 0.610771340625 0.644357634375 0.622945115625 0.6584997515625 0.62782411875
0 0.734431871875 0.9772367328125 0.7620587390625 0.976432871875 0.761957546875 0.95903923125 0.759198515625 0.9207757984375 0.750236753125 0.8917156359374999 0.7249336015625001 0.8875650609375001 0.723938928125 0.905512346875 0.734431871875 0.9772367328125
0 0.6378624125 0.9535965875000001 0.6571764734375 0.946001490625 0.657144090625 0.9404354093749999 0.6540275859375 0.932243575 0.640959909375 0.9260292828125 0.5741464374999999 0.9214017296874999 0.5743710859375 0.960015321875 0.5825684609375 0.959776803125 0.6378624125 0.9535965875000001
0 0.885430728125 0.9728431140625 0.89463608125 0.9321481374999999 0.8946198781250001 0.9293630109375 0.8921619312500001 0.86995275625 0.8789087906249999 0.8589358015625 0.8723343343750001 0.8623849796874999 0.8476755031250001 0.968983590625 0.8435233671875 0.97406249375 0.885430728125 0.9728431140625
0 0.7701298828125 0.6198532609375 0.8068248640625001 0.62038276875 0.9056072875 0.61750849375 0.8922733265625 0.6152001625 0.8938188796875 0.6008670578124999 0.8578923625 0.5854261078125 0.7960286828124999 0.5916225046875 0.7602683906250001 0.60475298125 0.7701298828125 0.6198532609375
0 1 0.5777741609375 0.998079378125 0.577644990625 0.9693569078125 0.587273425 0.9460196515625 0.5890515578125 0.923327034375 0.6083963265625 0.9642737468749999 0.6220525328125001 0.9715556140625001 0.6218406515625 1 0.6183639296875 1 0.5777741609375
0 0.9862286062500001 0.380747978125 0.987452721875 0.38071235937500003 0.9942448328125 0.32475588125 0.9942151593749999 0.3196553109375 0.9745104015624999 0.2549784296875 0.9689779968750001 0.2486236453125 0.9525134281250001 0.252360596875 0.9574112234375001 0.3385519140625 0.9663540375 0.36435475 0.9862286062500001 0.380747978125
0 0.7953590828125 0.327523096875 0.7644911765625 0.34161030625 0.7612913859375 0.3515951953125 0.7714374546875 0.3619935296875 0.8374981703125 0.360071359375 0.8964257874999999 0.33996957499999997 0.920836575 0.33596203281250003 0.9207918218750001 0.3282697234375 0.9126548937500001 0.329605571875 0.8620767890625001 0.315690025 0.7953590828125 0.327523096875
0 0.8151985890625 0.077131903125 0.8143081437499999 0.112994496875 0.8477971906249999 0.17380271249999998 0.8605294750000001 0.173432240625 0.8604955500000001 0.167600865625 0.85590530625 0.08409216093750001 0.845806740625 0.0485493140625 0.8314546999999999 0.0375643359375 0.8216024890625 0.044366765625 0.8151985890625 0.077131903125
0 1 0.07658300625 0.9681655578124999 0.0768583671875 0.8981905234375 0.088786215625 0.8689832484375 0.10832054218750001 0.9583039843750001 0.11432777187500001 0.9609294281249999 0.11425137968750002 1 0.102551409375 1 0.07658300625