0 0 0.2238095234375 0.00603015 0.22470238125000003 0.019095478125000002 0.2380952375 0.018090451562500002 0.2232142859375 0.028140703125 0.1755952375 0.024120603125 0.133928571875 0.019095478125000002 0.11904761875 0.0040201 0.09970238125 0 0.09904100625 0 0.2238095234375
0 0.14773869374999998 0.09970238125 0.1366834171875 0.06845238125 0.11758793906250001 0.09970238125 0.1145728640625 0.110119046875 0.12462311562499999 0.140625 0.12763819062499998 0.1681547625 0.128643215625 0.24255952343749998 0.1366834171875 0.22767857187499999 0.1376884421875 0.20982142812500001 0.15276381875 0.1666666671875 0.15376884375 0.127976190625 0.1587939703125 0.11309523749999999 0.14773869374999998 0.09970238125
0 0.2994974875 0.0982142859375 0.2854271359375 0.07291666718749999 0.277386934375 0.065476190625 0.2643216078125 0.08779761875 0.2663316578125 0.17261904687500002 0.2613065328125 0.1755952375 0.2592964828125 0.19196428593749998 0.274371859375 0.1889880953125 0.2844221109375 0.1949404765625 0.2854271359375 0.2232142859375 0.2934673359375 0.215773809375 0.3085427140625 0.1681547625 0.3085427140625 0.1369047625 0.2994974875 0.0982142859375
0 0.4180904515625 0.2172619046875 0.4341708546875 0.1696428578125 0.4361809046875 0.110119046875 0.43015075312500006 0.090773809375 0.41909547812500003 0.078869046875 0.4130653265625 0.08333333281250001 0.4040201 0.10565476250000001 0.403015075 0.13095238125 0.4180904515625 0.2172619046875
0 0.5437185921875 0.0744047625 0.5346733671874999 0.0669642859375 0.5266331656250001 0.0744047625 0.522613065625 0.08779761875 0.5266331656250001 0.127976190625 0.521608040625 0.1636904765625 0.529648240625 0.1741071421875 0.5356783921875 0.2142857140625 0.5386934671875 0.2142857140625 0.5427135671875 0.21279761874999997 0.5477386937500001 0.1755952375 0.5567839203125 0.15178571406250002 0.55577889375 0.1369047625 0.5437185921875 0.0744047625
0 0.65226130625 0.0803571421875 0.65025125625 0.11160714218750001 0.6582914578125 0.1636904765625 0.65226130625 0.19345238125 0.6613065328125 0.20238095312499998 0.6793969843750001 0.16220238125 0.6793969843750001 0.12946428593749998 0.6773869343750001 0.10565476250000001 0.670351759375 0.08333333281250001 0.6633165828124999 0.077380953125 0.65226130625 0.0803571421875
0 0.6914572859375 0.2886904765625 0.6783919593750001 0.2633928578125 0.6683417078125 0.2604166671875 0.6633165828124999 0.2693452375 0.6572864328125 0.28571428593750003 0.6603015078125 0.3020833328125 0.6582914578125 0.3199404765625 0.673366834375 0.3422619046875 0.676381909375 0.3883928578125 0.6824120609375 0.40178571406249997 0.6904522609375 0.403273809375 0.6994974875 0.34375 0.6974874375 0.3139880953125 0.6914572859375 0.2886904765625
0 0.5567839203125 0.35267857187499996 0.54673366875 0.309523809375 0.5366834171875 0.3005952375 0.5246231156250001 0.2991071421875 0.520603015625 0.3005952375 0.521608040625 0.3244047625 0.530653265625 0.3489583328125 0.528643215625 0.377976190625 0.5326633171874999 0.3988095234375 0.5246231156250001 0.42410714218749995 0.5276381906250001 0.43303571406249997 0.5427135671875 0.42261904687499996 0.55577889375 0.38095238125 0.5567839203125 0.35267857187499996
0 0.4100502515625 0.3139880953125 0.405025125 0.3244047625 0.4120603015625 0.372023809375 0.4100502515625 0.4300595234375 0.4180904515625 0.45535714218749995 0.41909547812500003 0.440476190625 0.4341708546875 0.415178571875 0.44723618125 0.37053571406249997 0.4341708546875 0.328869046875 0.427135678125 0.3199404765625 0.4160804015625 0.3125 0.4100502515625 0.3139880953125
0 0.2854271359375 0.36904761875 0.3005025125 0.4166666671875 0.3165829140625 0.45089285781250005 0.324623115625 0.415178571875 0.324623115625 0.391369046875 0.3165829140625 0.3452380953125 0.3085427140625 0.3244047625 0.2924623109375 0.31845238125 0.2864321609375 0.34821428593750003 0.2854271359375 0.36904761875
0 0.1889447234375 0.372023809375 0.1678391953125 0.34821428593750003 0.16080402031250002 0.35267857187499996 0.15276381875 0.37053571406249997 0.1597989953125 0.3928571421875 0.16080402031250002 0.41964285781250005 0.1587939703125 0.4449404765625 0.14974874375 0.45684523749999995 0.14773869374999998 0.46875 0.15276381875 0.47470238125 0.1668341703125 0.465773809375 0.175879396875 0.49404761875 0.1879396984375 0.4389880953125 0.1889447234375 0.372023809375
0 0.0432160796875 0.3630952375 0.031155778125 0.34970238125 0.020100503125 0.3556547625 0.023115578125 0.3764880953125 0.020100503125 0.403273809375 0.026130653124999997 0.41815476250000005 0.033165829687499995 0.4791666671875 0.031155778125 0.49553571406249997 0.0371859296875 0.497023809375 0.0432160796875 0.48809523749999995 0.04522613125 0.46875 0.0603015078125 0.42410714218749995 0.0432160796875 0.3630952375
0 0.0663316578125 0.5892857140625 0.057286432812499996 0.5892857140625 0.033165829687499995 0.6056547625 0.0402010046875 0.6116071421875 0.04623115625 0.63095238125 0.0402010046875 0.6547619046875 0.022110553124999998 0.6755952375 0.0351758796875 0.6785714281249999 0.0432160796875 0.7455357140625 0.073366834375 0.6666666671875 0.076381909375 0.6130952375 0.073366834375 0.5982142859375 0.0663316578125 0.5892857140625
0 0.0886934671875 1 0.09346733593749999 0.9955357140625001 0.1015075375 0.9791666671874999 0.11256281406249999 0.93154761875 0.1085427140625 0.8824404765624999 0.0984924625 0.860119046875 0.0874371859375 0.8630952375 0.075376884375 0.8869047625 0.06728938749999999 1 0.0886934671875 1
0 0.2 0.6681547625 0.20703517656249998 0.6458333328125 0.2040201 0.5818452375 0.1909547734375 0.5714285718750001 0.174874371875 0.5744047625 0.17889447187500002 0.5833333328125 0.172864321875 0.596726190625 0.175879396875 0.6354166671875 0.172864321875 0.659226190625 0.1678391953125 0.671130953125 0.1587939703125 0.6755952375 0.1567839203125 0.684523809375 0.1577889453125 0.7142857140625 0.16582914531249998 0.7172619046875 0.2 0.6681547625
0 0.2130653265625 1 0.21507537656250003 0.99404761875 0.221105528125 0.9479166671874999 0.23819095468749998 0.934523809375 0.2391959796875 0.9255952375 0.228140703125 0.91220238125 0.2130653265625 0.872023809375 0.201005025 0.8645833328125001 0.1919597984375 0.875 0.180904521875 0.9181547625 0.179899496875 0.9360119046875001 0.201005025 0.9761904765624999 0.20445082499999997 1 0.2130653265625 1
0 0.3085427140625 0.56845238125 0.3055276375 0.5744047625 0.3095477390625 0.6011904765625 0.3075376890625 0.6488095234375 0.3155778890625 0.6741071421875 0.324623115625 0.6875 0.3336683421875 0.6488095234375 0.34572864375 0.627976190625 0.329648240625 0.5639880953125 0.3165829140625 0.5550595234375 0.3085427140625 0.56845238125
0 0.3353912421875 1 0.3376884421875 0.9880952375 0.3608040203125 0.94345238125 0.3648241203125 0.8869047625 0.3628140703125 0.8660714281249999 0.34673366875 0.860119046875 0.3417085421875 0.86904761875 0.327638190625 0.9330357140625001 0.325713675 1 0.3353912421875 1
0 0.42914572812499996 0.622023809375 0.421105528125 0.6443452375 0.424120603125 0.6517857140625 0.44120602968749995 0.6517857140625 0.45728643281250003 0.6175595234375 0.4623115578125 0.5758928578125 0.4582914578125 0.546130953125 0.44623115625 0.5520833328125 0.4331658296875 0.5922619046875 0.42914572812499996 0.622023809375
0 0.46532663281250003 1 0.46532663281250003 0.9702380953124999 0.475376884375 0.934523809375 0.477386934375 0.889880953125 0.473366834375 0.8616071421875 0.4643216078125 0.8511904765624999 0.4582914578125 0.8526785718750001 0.44924623124999996 0.8735119046875001 0.45125628124999995 0.889880953125 0.44623115625 0.9017857140625001 0.44522613125 0.9255952375 0.44422110625 0.9568452375 0.45427135625000004 0.9642857140625001 0.46409826875000004 1 0.46532663281250003 1
0 0.574874371875 0.5401785718750001 0.5648241203125 0.5520833328125 0.5638190953125 0.5729166671875 0.55376884375 0.5982142859375 0.55075376875 0.6205357140625 0.55577889375 0.6294642859375 0.5567839203125 0.6443452375 0.5477386937500001 0.6755952375 0.54974874375 0.690476190625 0.5608040203125 0.6636904765625 0.573869346875 0.65029761875 0.5839195984375001 0.61904761875 0.5859296484375001 0.5729166671875 0.5819095484375 0.5505952375 0.574874371875 0.5401785718750001
0 0.6673366828125 0.5535714281249999 0.675376884375 0.610119046875 0.6854271359374999 0.6383928578125 0.6864321609374999 0.659226190625 0.7015075375000001 0.659226190625 0.7055276375 0.65029761875 0.7065326640625 0.6056547625 0.6994974875 0.5744047625 0.6834170859375 0.5401785718750001 0.672361809375 0.5401785718750001 0.6673366828125 0.5535714281249999
0 0.7312330890625 1 0.7356783921875001 0.965773809375 0.730653265625 0.889880953125 0.7226130656249999 0.8630952375 0.6994974875 0.858630953125 0.6984924625 0.875 0.7155778890625 0.997023809375 0.721608040625 1 0.7312330890625 1
0 0.604654853125 1 0.6040201 0.9910714281249999 0.6090452265625 0.971726190625 0.619095478125 0.9568452375 0.6130653265625 0.8839285718750001 0.6060301499999999 0.8645833328125001 0.59396985 0.86904761875 0.5879396984375 0.88095238125 0.580904521875 0.952380953125 0.5698492468749999 0.9732142859374999 0.5819095484375 0.9702380953124999 0.5919597984375 1 0.604654853125 1
0 0.94673366875 0.922619046875 0.95376884375 0.9508928578125 0.9919597984375 0.9255952375 0.9889447234375 0.9047619046875001 0.9919597984375 0.8705357140625001 0.9869346734375 0.8363095234375001 0.9728643218749999 0.8318452375 0.9618090453124999 0.8482142859374999 0.94874371875 0.8988095234375001 0.94673366875 0.922619046875
0 0.85226130625 0.846726190625 0.8402010046875 0.8363095234375001 0.8341708546875 0.8392857140625001 0.8110552765625 0.9360119046875001 0.801005025 0.9479166671874999 0.8110552765625 0.96279761875 0.8070351765625 0.971726190625 0.8080402015624999 0.983630953125 0.8231155781249999 0.9791666671874999 0.8331658296875 0.9642857140625001 0.8452261312499999 0.9419642859374999 0.85427135625 0.903273809375 0.85226130625 0.846726190625
0 0.7879396984375 0.6547619046875 0.801005025 0.65625 0.8160804015625001 0.6235119046875 0.8120603015625001 0.5669642859375 0.801005025 0.534226190625 0.7869346734375 0.5431547625 0.7849246234375 0.5892857140625 0.7849246234375 0.6696428578125 0.7879396984375 0.6547619046875
0 0.9155778890624999 0.58779761875 0.923618090625 0.614087796875 0.924623115625 0.6354166671875 0.9417085421875001 0.65625 0.95577889375 0.6175595234375 0.95175879375 0.5744047625 0.9427135671875 0.5550595234375 0.9346733671875 0.5491071421875 0.9175879390624999 0.5669642859375 0.9155778890624999 0.58779761875
0 0.9417085421875001 0.403273809375 0.94874371875 0.34821428593750003 0.9306532656250001 0.28720238125 0.925628140625 0.28125 0.9105527640625001 0.284226190625 0.9145728640625 0.3630952375 0.922613065625 0.3869047625 0.9417085421875001 0.403273809375
0 0.7879396984375 0.297619046875 0.7879396984375 0.35267857187499996 0.80603015 0.41071428593750003 0.8090452265625 0.43303571406249997 0.8160804015625001 0.43303571406249997 0.8150753765625 0.42559523749999995 0.8291457281250001 0.37946428593750003 0.820100503125 0.31845238125 0.8080402015624999 0.29017857187499996 0.798994975 0.28720238125 0.7879396984375 0.297619046875
0 0.8160804015625001 0.21130952343749998 0.8271356781250001 0.20982142812500001 0.8231155781249999 0.127976190625 0.8140703515625001 0.0952380953125 0.801005025 0.084821428125 0.7919597984375 0.090773809375 0.7859296484375 0.12053571406250001 0.7849246234375 0.153273809375 0.8160804015625001 0.21130952343749998
0 0.9175879390624999 0.2142857140625 0.925628140625 0.13095238125 0.9115577890625 0.078869046875 0.8944723625 0.06845238125 0.8924623109375001 0.0744047625 0.8914572859375 0.1235119046875 0.9005025124999999 0.1875 0.9175879390624999 0.2142857140625