1 0.026143435937499997 0.0801292609375 0.0366447421875 0.08928775312500001 0.0380666578125 0.089296025 0.04594400625 0.081637403125 0.0561165796875 0.048265875 0.0631286625 0.0404941546875 0.063230159375 0.036133446875 0.0627686296875 0.0315892203125 0.059986828125 0.0218224125 0.0192194515625 0.0215852359375 0.014654678125 0.035488140625 0.0029130890624999997 0.0465634 0.0018523515625 0.05469634062499999 0.001815740625 0.056269271875000006 0.014233259375000001 0.053593990625 0.026143435937499997 0.0801292609375
1 0.06991657500000001 0.19810076875 0.0675954734375 0.163263609375 0.06175384375 0.145121321875 0.0623697625 0.11865892656249999 0.0549332046875 0.12418744687500001 0.034030465625 0.17003306406250002 0.03283104375 0.2215650984375 0.0352116890625 0.2299234578125 0.0617162265625 0.23007765624999998 0.06329694375 0.21338466562499997 0.06991657500000001 0.19810076875
1 0.0648279140625 0.30318971875 0.0527105421875 0.27512614062499996 0.030556453125 0.24017359374999997 0.027128365625 0.3486425109375 0.05355750625 0.3487962703125 0.06458549062499999 0.31360517187500003 0.0648279140625 0.30318971875
1 0.059040140625 0.3475786515625 0.036353989062499995 0.3474466671875 0.03454941875 0.3502220625 0.025978273437499998 0.40449709843750004 0.026963785937500002 0.45186300625 0.0352821 0.4533043484375 0.043794915625 0.446389140625 0.057099015625000006 0.4130358328125 0.059336181249999995 0.4048560265625 0.0600606375 0.37373042968750003 0.059634028125 0.348975053125 0.059040140625 0.3475786515625
1 0.040622596875 0.5174822640625 0.0466391640625 0.4803884140625 0.04668556875 0.4783946859375 0.0462532890625 0.45761833281250003 0.0281395703125 0.45751295000000003 0.017035665624999998 0.49923673749999997 0.010707784375 0.501985815625 0.025290492187500003 0.5377199187499999 0.0263860703125 0.53772629375 0.036123065625 0.5313855484375 0.040622596875 0.5174822640625
1 0.0463031796875 0.6017419953124999 0.0476518859375 0.57115866875 0.0481743890625 0.5487097984375 0.047534203125 0.5432454156250001 0.029245935937500002 0.5431390171875 0.020952731250000002 0.569556746875 0.01789254375 0.6113273312499999 0.022477839062499998 0.6361543859375 0.022875129687500002 0.636156696875 0.0331611625 0.6281315171874999 0.0463031796875 0.6017419953124999
1 0 0.6963730781249999 0.0363012328125 0.70186869375 0.038982289062499995 0.7018842921874999 0.06832249375 0.6901719734375 0.0683449046875 0.6892091125 0.0513913421875 0.6771879953125 0 0.6681874296875 0 0.6963730781249999
1 0.037078359374999995 0.7568786359375 0.0332959984375 0.7449381875000001 0.025074934375000003 0.739318575 0.008081721875 0.7517562265625 0.007764059375 0.810258121875 0.0112659734375 0.8189264109375 0.0264787203125 0.8190149171875 0.036845290625 0.766892253125 0.037078359374999995 0.7568786359375
1 0.05553948125 0.903680003125 0.055548984375 0.90327173125 0.0429538390625 0.8644027062499999 0.0326450921875 0.85877095 0.0269242171875 0.8424581828125 0.026570365624999998 0.8424561234375 0.019075154687500002 0.8586920015624999 0.01399211875 0.8976649234374999 0.013603465625 0.95333320625 0.04046129375 0.9534894609375 0.044496939062500004 0.9326660499999999 0.05553948125 0.903680003125
1 0.2006493515625 0.9132312593749999 0.20145414375 0.8786540859375 0.1947236734375 0.8594625125 0.1830855984375 0.843366703125 0.1821843265625 0.8433614593750001 0.1760641984375 0.8537821703124999 0.1741516078125 0.935954871875 0.17904664374999998 0.9499128125 0.1884407203125 0.9512249562499999 0.18955730312500002 0.951231453125 0.1948339328125 0.9444328750000001 0.2006493515625 0.9132312593749999
1 0.2084278125 0.7583136484375 0.1985047609375 0.74031744375 0.19789780625 0.7403139140625 0.189995253125 0.742884003125 0.18331078750000002 0.760953415625 0.176956990625 0.8096695687500001 0.1814306140625 0.8417333593749999 0.1871483671875 0.8496411859374999 0.18772263125 0.8496445265625001 0.2061845484375 0.8098396093750001 0.2084278125 0.7583136484375
1 0.1996316734375 0.712599371875 0.2018720171875 0.659279121875 0.2019288984375 0.656835271875 0.19893791249999998 0.652698646875 0.18947850625 0.65542950625 0.17526023125 0.6832057109375 0.1741580609375 0.730559471875 0.180005828125 0.738647109375 0.18636431874999998 0.7386841015625001 0.18965359843750002 0.737614353125 0.1996316734375 0.712599371875
1 0.24355843593749998 0.6139126515625 0.24207294375 0.6097533625 0.22012896093749998 0.5950099390625 0.14631280468750002 0.5945804890625 0.137859075 0.5987072359375001 0.13761611875 0.60914565 0.14585118749999998 0.6144134734375 0.20237591875 0.624699309375 0.21651083437500002 0.62478154375 0.2434770875 0.6174076859375 0.24355843593749998 0.6139126515625
1 0.250838075 0.5025710203125 0.2509114171875 0.49941992500000004 0.2479478953125 0.49237048281250007 0.2272508953125 0.48389820937500005 0.1506978171875 0.48136487031249997 0.143661140625 0.48445588125 0.143466775 0.4928066109375 0.1530460078125 0.500170221875 0.210148709375 0.51691743125 0.2122190765625 0.5169294765625 0.24198813281249998 0.50903953125 0.250838075 0.5025710203125
1 0.20954848125 0.3966074109375 0.2094506 0.3842977703125 0.192548134375 0.34798283125 0.1821810578125 0.38971090468749997 0.17980812968749998 0.44680789687500005 0.1847031671875 0.4607658375 0.1964407765625 0.46214277499999995 0.197220521875 0.46214731093749994 0.2089973546875 0.4202860421875 0.20954848125 0.3966074109375
1 0.20684645937499999 0.311275884375 0.2079249453125 0.26493972656250003 0.207935640625 0.25919385156249997 0.20206159375000002 0.24244432031250002 0.1939937046875 0.23553535937499998 0.193817896875 0.2355343359375 0.1796870921875 0.261815396875 0.1802511859375 0.3272871515625 0.1882357703125 0.33551540156250004 0.18986133593750001 0.335524859375 0.1999220859375 0.3343663265625 0.20684645937499999 0.311275884375
1 0.25351606875 0.18609213125 0.23930274843750002 0.1821105203125 0.22179504843750003 0.1591242359375 0.21828897656250001 0.15910383749999998 0.1785316203125 0.1598333265625 0.14351831406249999 0.1679814875 0.13755855156250002 0.1846505375 0.1499718921875 0.18994266875000002 0.2163947265625 0.19816060625 0.2226714875 0.1981971234375 0.2534300859375 0.1897862578125 0.25351606875 0.18609213125
1 0.2819460546875 0.0388713453125 0.28197861875 0.037472323437499996 0.2472987984375 0.0210998734375 0.22073921875 0.0251212828125 0.19156419687499998 0.0218196 0.1662273046875 0.033156004687500004 0.167328515625 0.0456902046875 0.183822946875 0.055182009374999993 0.2110120265625 0.062173384374999995 0.24140242500000003 0.062350190625 0.25052953906250003 0.0618339921875 0.2819460546875 0.0388713453125
1 0.36378883125 0.028524334374999998 0.3632701625 0.0508084578125 0.373844746875 0.0898724734375 0.3782487078125 0.09596328125 0.38161919375000003 0.095982890625 0.38731743281250003 0.09412969374999999 0.40062153437500003 0.060776384375000006 0.40222642343750004 0.0409518203125 0.4026487421875 0.022807285937499998 0.3985597640625 0.014797162499999999 0.3980000703125 0.002315496875 0.386231253125 0.0022470281250000002 0.3785971125 0.020252809375 0.36378883125 0.028524334374999998
1 0.6077856984375 0.071828121875 0.6022757046875 0.0623470421875 0.60828546875 0.0503559765625 0.6083426609375 0.0478987109375 0.5998060328125 0.0487609 0.5749793515625 0.038176635937499995 0.541358803125 0.0463328984375 0.506588453125 0.0440426453125 0.49520343437500003 0.0544162359375 0.499017271875 0.0700981640625 0.53373903125 0.0744761 0.5532953125 0.08291726875 0.561245878125 0.08296352343749999 0.6077326796875 0.07410599531249999 0.6077856984375 0.071828121875
1 0.5741657578125 0.173468628125 0.57461581875 0.1541321953125 0.57320453125 0.14789368281249998 0.562993034375 0.1380836515625 0.53958119375 0.202022971875 0.5373703453124999 0.2521561765625 0.5423626375 0.26193584375 0.5465946046875 0.26259011718749997 0.5522668828125 0.26262311718750003 0.563596046875 0.2467369671875 0.5741657578125 0.173468628125
1 0.43165076874999997 0.1867116859375 0.40394113125000003 0.1664347765625 0.40104295624999997 0.166417915625 0.35230615468750004 0.16712126249999998 0.339674153125 0.171223703125 0.33393305156249997 0.17849818125 0.344613496875 0.1983959890625 0.4142999703125 0.1967134484375 0.4253691453125 0.19990979375 0.4277785953125 0.2056412484375 0.42814310625 0.20564336875000003 0.43153068125000005 0.191871084375 0.43165076874999997 0.1867116859375
1 0.36484327968749997 0.3490445671875 0.3849405890625 0.3271528828125 0.39942049218750003 0.2957869984375 0.39973545625 0.28225485156249996 0.39817334843749996 0.2520107734375 0.38613350468749996 0.23104653437499997 0.373218409375 0.24768675 0.36107585468750003 0.3318578921875 0.3610046046875 0.3349190765625 0.3645195140625 0.3490426828125 0.36484327968749997 0.3490445671875
1 0.610209090625 0.3034115796875 0.6102335531249999 0.302360590625 0.583589453125 0.2900957046875 0.5207938796875 0.294950284375 0.49833968906250004 0.3021275296875 0.4939427546875 0.3114977953125 0.497902365625 0.3209166734375 0.5144210921875 0.3293646375 0.552001253125 0.33062725625 0.5700239859375 0.33617386875 0.5731878218750001 0.3361922765625 0.5800264765625001 0.3234824234375 0.610209090625 0.3034115796875
1 0.5513664625 0.42067168125 0.5561072640625 0.4122114328125 0.5564725140625 0.3965188234375 0.5562874156250001 0.388662546875 0.5409215453125 0.376036634375 0.5387690296875001 0.378810003125 0.5322142296875 0.39130838749999997 0.5228909953125 0.4330425328125 0.52259924375 0.44557735000000004 0.537133678125 0.479751984375 0.537793353125 0.479755821875 0.553914484375 0.4457595375 0.5513664625 0.42067168125
1 0.4229329796875 0.42698247812499995 0.42294482968749997 0.42647337187499995 0.41544963125 0.42167882968750003 0.366946071875 0.4109568171875 0.315389740625 0.41170085468749995 0.29567247343749997 0.4209819875 0.294109646875 0.4282807734375 0.2995349015625 0.43457623281249996 0.3183381453125 0.43941127968749993 0.37444995 0.439737728125 0.404161796875 0.42787705625 0.4229329796875 0.42698247812499995
1 0.4270599640625 0.518232246875 0.3905179875 0.5047196281249999 0.362711425 0.5024698875 0.3458768546875 0.507591859375 0.334540428125 0.51587776875 0.335714525 0.52528044375 0.360662684375 0.5306455 0.3865049796875 0.5320078453125 0.4065382765625 0.532124396875 0.42704214687500003 0.5189977453125 0.4270599640625 0.518232246875
1 0.5629694203125 0.520227996875 0.5540052515625 0.5052655890625 0.549434378125 0.477380071875 0.5403963921875 0.46200508124999995 0.5329922515625001 0.46614084375 0.52526394375 0.4842041828125 0.522722425 0.5036906453125 0.525173196875 0.5329567749999999 0.537018540625 0.562277559375 0.5429239671875 0.5657348078125 0.5446891125 0.565745078125 0.5625909296875 0.5364895046875 0.5629694203125 0.520227996875
1 0.553334346875 0.659138559375 0.5571531265624999 0.674483184375 0.564327771875 0.6799372765625 0.567682 0.6799567921875 0.5803445546875 0.664867484375 0.5966445375 0.61763828125 0.596714615625 0.6146274015625 0.5856155859375 0.5729636984375001 0.5700552171875 0.56869433125 0.566826440625 0.5728543859374999 0.5512157921874999 0.622369003125 0.551192446875 0.6233720296875 0.55590828125 0.6382593390625 0.553334346875 0.659138559375
1 0.392247484375 0.6475058171875 0.40620080156249994 0.6087414078125 0.4062701578125 0.6057615625 0.39023200468749997 0.5585956265625 0.3893913140625 0.558590734375 0.3817312296875 0.56108196875 0.3644462671875 0.5860544390625 0.3627281765625 0.6598705953125 0.3686200171875 0.6694224140625 0.3692937328125 0.6694263328125001 0.3814200703125 0.6641581796875 0.392247484375 0.6475058171875
1 0.3683916375 0.7538619859375 0.37522851562500004 0.7585354203125 0.3776388328125 0.75854944375 0.3872780328125 0.749793025 0.389560215625 0.7414486250000001 0.39822038593750003 0.6830507796874999 0.398442284375 0.67351711875 0.384198334375 0.6578406546875 0.3732736703125 0.678671290625 0.3663945125 0.7076108171875 0.3663429078125 0.709828 0.3665632890625 0.7427077796875 0.3683916375 0.7538619859375
1 0.5796881296875 0.6967997296874999 0.5872897328125 0.683856521875 0.5876278953125 0.66932769375 0.5764204359375 0.6577782234375 0.5669610296875 0.6605090828125 0.552580671875 0.6952490765625 0.5463889625 0.7370014421875 0.55361631875 0.7689495203125001 0.563204821875 0.7690053046875 0.5655736140625 0.76497198125 0.5796881296875 0.6967997296874999
1 0.5842585421875001 0.814088809375 0.5854171078125 0.76431210625 0.581116284375 0.7558869859375 0.5729276359375 0.7488746140625 0.563306146875 0.7585692625 0.559856959375 0.8170529375 0.56963249375 0.8331138734374999 0.5780626609375 0.83316291875 0.5803772015625001 0.8324947281249999 0.5842585421875001 0.814088809375
1 0.3850048390625 0.780861275 0.38531554687499997 0.7675120171875001 0.3764899625 0.7502231 0.368106815625 0.751567275 0.359237415625 0.7738028140625001 0.3561772296875 0.8155733968750001 0.3496224296875 0.8280717796875001 0.351353528125 0.843404259375 0.35641065312500003 0.8503984125 0.358280775 0.8506368046875 0.36860217031250003 0.8506968531249999 0.3776116484375 0.8365922937500001 0.3850048390625 0.780861275
1 0.39236692500000003 0.934539340625 0.3928352296875 0.9144190312499999 0.391549496875 0.8719147656249999 0.388677309375 0.8607544875 0.3815000859375 0.855140946875 0.3700826640625 0.8522886296875001 0.3589959171875 0.880083053125 0.363501953125 0.9107540859375 0.36184219375 0.937210409375 0.3683850078125 0.9616481109375 0.381712896875 0.9617256515625 0.38751680781250003 0.9554680796874999 0.39236692500000003 0.934539340625
1 0.6431928765625 0.9005075015624999 0.634288440625 0.89267243125 0.6360699296875 0.875979071875 0.59856265625 0.8715849312499999 0.5719301906250001 0.8787378671875 0.560861015625 0.8755415187500001 0.55377575 0.8807202125 0.53987246875 0.8795953421875 0.528511746875 0.8889250921875 0.5268760328125001 0.899355403125 0.5350382125 0.9077547515625 0.551654121875 0.91202735 0.587937021875 0.9129186578124999 0.608400059375 0.9130377078125 0.6431743 0.9013056140625 0.6431928765625 0.9005075015624999
1 0.8409729859375 0.04361460625 0.8216687437499999 0.0351504359375 0.789513840625 0.040183278125 0.7756591515625 0.036970724999999996 0.7717481296875001 0.025464162499999998 0.7629542609375 0.044204689062500004 0.7375687796875 0.057628778125 0.7346374906250001 0.06387561875 0.753966028125 0.071295946875 0.7929875375 0.0704789859375 0.8207455078124999 0.07481640625 0.8294421953125 0.0602512453125 0.8449083046875 0.054077328125000004 0.8505866109375001 0.0468824125 0.8505905968749999 0.0467111625 0.8479610703124999 0.042611279687499996 0.8409729859375 0.04361460625
1 0.8370788546875 0.2243879109375 0.8371231734375 0.2224838 0.8278215359375001 0.20829301406249998 0.8194016671875 0.1219705078125 0.8191236796875 0.121968890625 0.8109774015625 0.12461824531250001 0.7964673765625 0.1649292671875 0.800130578125 0.231812003125 0.8059722062500001 0.24995428749999998 0.8211989390625 0.2610622953125 0.8214097859375 0.26106352187500004 0.83151065 0.2292086734375 0.8370788546875 0.2243879109375
1 0.82755313125 0.297949534375 0.8280984390624999 0.2745208953125 0.81931084375 0.2697201578125 0.8094559328125 0.2445897890625 0.7973253406249999 0.272378140625 0.7982136015625 0.32392231875 0.8048721562500001 0.35181998281250004 0.81418513125 0.35947231875 0.8157977750000001 0.3594817015625 0.8226174578125001 0.351923221875 0.82755313125 0.297949534375
1 0.8064593999999999 0.3985367125 0.802115025 0.37501411406249996 0.791021771875 0.3582342203125 0.786587071875 0.3693519890625 0.783987225 0.4361982859375 0.790743028125 0.45991767499999997 0.796432490625 0.46250800156249994 0.7971007859375 0.4625118890625 0.8052408062499999 0.45089249843749996 0.8064593999999999 0.3985367125
1 0.81159428125 0.513623559375 0.811810315625 0.5043418546875 0.7993418906249999 0.49458989062500003 0.7819675984375001 0.442108596875 0.7806691765625 0.44210104218749996 0.77333660625 0.445685478125 0.769038075 0.4958065359375 0.7784067359375 0.5418282671875 0.7952585328125 0.5765791171875 0.7953746890625 0.57657979375 0.8072063703125 0.5155298390625 0.81159428125 0.513623559375
1 0.8166987656250001 0.5768466109375 0.8076931953125 0.5600788609375 0.798233790625 0.562809721875 0.7906675671875 0.5739092734375 0.7952449421875001 0.6463691093749999 0.801968328125 0.67148125625 0.8079340937499999 0.6751036906250001 0.8117920984375001 0.6751261359375 0.8226117343749999 0.6367777 0.8166987656250001 0.5768466109375
1 0.8454802453125 0.7362559562500001 0.8284461078125 0.7117999375 0.756022709375 0.7113785906250001 0.758443790625 0.7270524171875 0.781902009375 0.7365847375000001 0.8306331421875001 0.743995059375 0.8322205078125 0.7440042953125 0.8454578203124999 0.7372194046875 0.8454802453125 0.7362559562500001
1 0.827203515625 0.850094159375 0.8273001171875001 0.8459437718749999 0.8266522984375 0.7900097765625 0.8157211296875 0.7662660953125 0.8063265578125 0.7662114390625 0.797619240625 0.781483190625 0.800426596875 0.7954289859375 0.79824816875 0.8441694312499999 0.8092345921874999 0.8579485124999999 0.8113383328125 0.8579607515625 0.8219647671875 0.8568439265625001 0.827203515625 0.850094159375
1 0.814127259375 0.9767430562499999 0.8206897890624999 0.9767812359375 0.82447575625 0.9672898375000001 0.8246920843750001 0.9579954953125001 0.82392500625 0.916211009375 0.818666878125 0.8729990828125 0.8126307468749999 0.863213340625 0.806075946875 0.875711725 0.8014505421875 0.9494399687499999 0.8013044125000001 0.9557183046875 0.8079173031250001 0.9760145671875 0.814127259375 0.9767430562499999
1 0.9785513578125 0.0480332078125 0.9685240374999999 0.0634550359375 0.9986543984375 0.0636303296875 0.99901369375 0.0481935796875 0.9880431812499999 0.043909590625 0.9785513578125 0.0480332078125
1 0.9680686796875 0.3044869046875 0.9684624171875 0.307237684375 0.9929810546875 0.3073803296875 0.9931721296875 0.2991709515625 0.9767759953124999 0.289215153125 0.9680686796875 0.3044869046875
1 0.9725266421875001 0.4970454203125 0.965090084375 0.5025739375 0.9512591859375 0.5321680671875 0.987744121875 0.5323803296875 0.9877502843749999 0.5321155421875 0.9816942953125001 0.5068493796875 0.9725266421875001 0.4970454203125
1 0.5814941234375001 1 0.581924265625 0.9815193390625 0.5821214515625 0.95461155625 0.5773429203125 0.9409858312500001 0.573740434375 0.9409648718750001 0.5667648453125 0.9415877125 0.5654052843749999 1 0.5814941234375001 1
1 0.38263564687499996 1 0.38115374375 0.9604615015625001 0.368854565625 0.950639325 0.36778756874999996 0.9516280796875 0.3666617015625 1 0.38263564687499996 1
1 0.2372250375 0.999952834375 0.23929189062499998 0.9986421546875001 0.2393165015625 0.9975848296875001 0.21954256874999997 0.9844267484375001 0.20292665781250002 0.9801541484375 0.1611196328125 0.9809549046875 0.151273146875 0.9850735500000001 0.14881008906249998 0.9919625578125 0.14876915468750002 0.9937212421874999 0.1575341640625 0.99948920625 0.2372250375 0.999952834375
1 0.039928890625000005 1 0.0409496390625 0.9933954187499999 0.04103438125 0.989754590625 0.0374316359375 0.9808367140625001 0.0361219578125 0.9473983828125 0.0310671921875 0.93622540625 0.0238551953125 0.9361834468750001 0.02236985 1 0.039928890625000005 1