1 1 0.85368455 0.9912244187500001 0.8450394250000001 0.9814988421875 0.8453224109375 0.9842515265625 0.856740621875 0.9577123828125 0.8702042640625001 0.94867048125 0.8813610703125001 0.9486943484375001 0.8827284359375 0.9566545078124999 0.8903298109375 0.9906233875 0.89885999375 0.999203253125 0.9060136796875 1 0.9058905640624999 1 0.85368455
1 1 0.742117284375 0.996460915625 0.7419674781250001 0.98085725 0.7360757812500001 0.9457013359375 0.7402715734374999 0.9275021859375 0.7471468296875 0.90100570625 0.7479177984375001 0.9010117609374999 0.748264653125 0.9065045859374999 0.755161134375 0.9533340359375 0.7738933015625 1 0.7725354609374999 1 0.742117284375
1 1 0.623044690625 0.9720616765625 0.6157928484374999 0.9688099328125 0.6158874640625001 0.9379264125000001 0.6310156546875 0.9040673453125001 0.654635890625 0.904078521875 0.6552761406250001 1 0.653285309375 1 0.623044690625
1 0.9671973171875001 0.5797307546875 0.9680536328124999 0.578296671875 0.9744944109375 0.523151790625 0.9715443703125001 0.47532598125 0.963063125 0.47416359375 0.9547293890624999 0.48145190937500004 0.9426344296875 0.5156238234375 0.9408574703125 0.52331498125 0.9414880078125 0.559438428125 0.9427082390624999 0.5804433140625 0.9671973171875001 0.5797307546875
1 0.950205440625 0.4319326390625 0.9502133687500001 0.4323868734375 0.9665371953124999 0.4681690515625 0.9769850968749999 0.46081921875000004 0.98096758125 0.44661167968750004 0.985589209375 0.408429721875 0.9843757343749999 0.38875697656249997 0.965218071875 0.38931440781250004 0.9563350843749999 0.429009253125 0.950205440625 0.4319326390625
1 1 0.325953290625 0.9803579390625 0.32084417187500003 0.9652589296875 0.3205283015625 0.93157099375 0.3215085203125 0.9139588249999999 0.325708053125 0.91398825625 0.32739415625 0.9214428781249999 0.3363074765625 0.948424859375 0.3482138125 0.9991475359375 0.347795553125 1 0.3476504296875 1 0.325953290625
1 0.9541942000000001 0.197350059375 0.95095459375 0.20597654687500003 0.9454526546875 0.24920680156250002 0.9454671671874999 0.2500382234375 0.9586000718750001 0.2804398859375 0.9709654625 0.2617609296875 0.9791196140625 0.2076429171875 0.9790176953125 0.2018040390625 0.9782802281249999 0.19664922812500002 0.9541942000000001 0.197350059375
1 1 0.1367195140625 0.9458517562500001 0.1288078828125 0.9419487421875001 0.1289214484375 0.9278667281249999 0.13416649687499999 0.9232484703124999 0.141423278125 0.9232925812499999 0.1439503671875 0.9353518171875 0.159331565625 0.9944882953124999 0.1565532515625 1 0.15401001406249998 1 0.1367195140625
1 1 0.014315257812500001 0.980817071875 0.011609359375 0.9514224640625001 0.0020190109375000003 0.9506829124999999 0.0020405296874999998 0.9118583421875 0.0167887125 0.9064090531250001 0.027523462500000002 0.89011026875 0.034157515625 0.8901172953125001 0.034560115625 0.906648921875 0.041265534375 0.9461593468749999 0.0443463765625 1 0.041900621875 1 0.014315257812500001
1 0.7785202015625 0 0.779773128125 0.071780084375 0.78407000625 0.082601959375 0.7946654140625 0.08370282968750001 0.7998279046875 0.0765067859375 0.8045478718749999 0.043958631250000005 0.803957840625 0.0101558140625 0.799925425 0 0.7785202015625 0
1 0.7354549484375 0.1300631015625 0.7354688968749999 0.1308621796875 0.7759512703125 0.1473683296875 0.8280823984374999 0.1469090890625 0.84620774375 0.1358055015625 0.84324323125 0.12743080625 0.8248226624999999 0.12162107343749999 0.7788300703125 0.11803478125 0.773213853125 0.118198196875 0.743132521875 0.1239980125 0.7354549484375 0.1300631015625
1 0.755868475 0.22482095000000002 0.758513525 0.2331842828125 0.7869224078125 0.24610672031249997 0.83480973125 0.2447133421875 0.8445397281250001 0.2370268921875 0.8415752140625001 0.228652196875 0.8167348671875001 0.22010924062499998 0.7579782609375 0.2218188828125 0.7558454828125 0.2235037234375 0.755868475 0.22482095000000002
1 0.7979009375 0.26898710625 0.7836129796875 0.29176505937499997 0.7849234046875 0.3668392484375 0.78917395625 0.37492848749999996 0.79974478125 0.3746209078125 0.8048826859375 0.366016415625 0.8150476328125 0.3014344640625 0.81499253125 0.29827777499999997 0.8052513453125 0.26595489843750003 0.7979009375 0.26898710625
1 0.781578665625 0.40301542812499996 0.7813215625 0.42917289218750004 0.782271796875 0.48361176562499997 0.784110825 0.48749171249999995 0.792567484375 0.48724565000000003 0.79979496875 0.4771711890625 0.815675734375 0.4175241328125 0.8066782140625 0.3867842796875 0.8001615203125001 0.378484128125 0.79603753125 0.3786041234375 0.78966655625 0.38164260625 0.781578665625 0.40301542812499996
1 0.7899735078125001 0.566598415625 0.790052678125 0.5711340468749999 0.7955010890625 0.5848561078125 0.8082106625 0.5858954640625 0.8190518625 0.540486703125 0.81740475 0.50671464375 0.798866459375 0.47075613125000004 0.798766003125 0.4707590546875 0.79001894375 0.5131481531250001 0.7899735078125001 0.566598415625
1 0.7956821796875 0.6249648921875 0.7960584640625 0.6465221859375 0.79719780625 0.6757938640625001 0.803835315625 0.6925107234375 0.8124148984374999 0.699306915625 0.8256898625 0.672146496875 0.822420221875 0.60601083125 0.81453351875 0.5984903390625 0.8080107578125 0.5986801328125 0.8022127328125 0.5995529796875 0.7956821796875 0.6249648921875
1 0.79284256875 0.7309668359375 0.79366785625 0.778247459375 0.8021354421875 0.8108857484374999 0.8191471 0.8160274234375 0.8242112515625 0.8031975765625001 0.8314140968749999 0.7311205281250001 0.8215342109374999 0.6983374296875 0.817947725 0.6984417859375001 0.8141811765625 0.713302796875 0.79284256875 0.7309668359375
1 0.7301701765625 0.902031109375 0.7301739031250001 0.90224455625 0.76691136875 0.9180161609375 0.793598128125 0.913009178125 0.8232309453125 0.9153198078125 0.8483800921875 0.9029542312500001 0.8467502250000001 0.8903102234375 0.8296827546875001 0.8812882625 0.8034573734375 0.8755155859375 0.76500005625 0.8766345796874999 0.7619664109375 0.876912890625 0.7301701765625 0.902031109375
1 0.6104749921875 0.8839431046874999 0.60978176875 0.9011830390625001 0.6101570328125 0.9226819015625001 0.61445753125 0.9303297031250001 0.6157850453125 0.945791903125 0.6263558703125 0.9454843234375 0.6344437593750001 0.9241114984375001 0.6490954078125 0.9152301828124999 0.648702053125 0.892694971875 0.6363857765625001 0.8535966890625 0.631742615625 0.847682809375 0.6280037 0.8477916015625 0.6225699515625001 0.8497711906250001 0.6104749921875 0.8839431046874999
1 0.44587294375 0.8327682484375 0.443277159375 0.8328437781250001 0.44434405625 0.841374609375 0.4355989453125 0.8635300359375 0.43576010312499996 0.8727627281249999 0.44326244531250003 0.9005910546875 0.4417628953125 0.9358638375 0.452530396875 0.946823865625 0.46831287968749996 0.9421371437499999 0.47192659531250003 0.9068028421875001 0.4810469828125 0.8839908124999999 0.46982174375 0.832071409375 0.46741546562499997 0.832141425 0.45803695937500005 0.8381578546874999 0.44587294375 0.8327682484375
1 0.38502848125 0.7427420046875 0.3850591875 0.7445011828125 0.4489845671875 0.7644249078125 0.49970724375 0.764006646875 0.5094741421875 0.7584343640625 0.5107165296875 0.7488796390625 0.4936121546875 0.7377435125 0.41466312343749995 0.7304989859375 0.40198882031250005 0.7308677703125 0.3934829953125 0.7332536375 0.38502848125 0.7427420046875
1 0.60250034375 0.7527136125 0.603836359375 0.7880935640625 0.60828595 0.8006465890625 0.615783865625 0.806065084375 0.6356717546875 0.7942130781250001 0.632328359375 0.723852059375 0.63530293125 0.7124921796875 0.6415962562499999 0.7094907312500001 0.62898535 0.707066615625 0.6214938437499999 0.707284596875 0.602200359375 0.735527525 0.60250034375 0.7527136125
1 0.602163971875 0.643881846875 0.602616765625 0.669822378125 0.6044770234375 0.6898876281249999 0.6174574171875 0.71052863125 0.6176178234374999 0.7105239640625001 0.62992075625 0.693374790625 0.638967334375 0.6057432671874999 0.6347152687500001 0.5912161671875 0.63372621875 0.5912449453125 0.6147773625 0.613492953125 0.602163971875 0.643881846875
1 0.3895599984375 0.6441083171875001 0.3895998078125 0.6463890046875 0.41596076562500006 0.6574061703125 0.4792487921875 0.65027658125 0.5016548421875 0.6422212968750001 0.50571413125 0.6325846109375 0.5013227171875 0.6231938140625 0.4842736953125 0.6152289343749999 0.44622707500000003 0.615278359375 0.4311396296875 0.61120925625 0.42408044218749996 0.6114146578125 0.41818722187499996 0.6234975703125001 0.3895599984375 0.6441083171875001
1 0.46342885625 0.5279274609375 0.47338026875 0.5329260015624999 0.49589702812500003 0.5312132109375 0.5082963140625 0.5149881390625 0.505442509375 0.5129559375 0.49265574531249995 0.5069822765625001 0.4502546109375 0.49975507031250005 0.4375785546875 0.5001239046875 0.4029715703125 0.5168464296875 0.402976759375 0.5171437328125 0.4381320984375 0.5318363781250001 0.46342885625 0.5279274609375
1 0.6231750828125 0.5041921546875 0.6233399703125 0.51363853125 0.6249809890625 0.55709551875 0.6348389156249999 0.5765370078125 0.6422630765624999 0.5777301515625 0.648507234375 0.5719118015625 0.6534238765625 0.5506312515625 0.6524896609375 0.497110125 0.6392638109375001 0.46649330468750005 0.6380087984375 0.4488606203125 0.6366112625 0.44890128437500004 0.632724640625 0.455410246875 0.6231750828125 0.5041921546875
1 0.5654560953125001 0.42167055312499996 0.602638984375 0.43394781875 0.6276056296875 0.43509367968749996 0.6316170718749999 0.43497695781249995 0.6476540546875 0.4294651546875 0.658774046875 0.420680640625 0.657199534375 0.41120788125 0.6317551640625 0.40666013906250004 0.6021182421875 0.4061327078125 0.5855563703125 0.40661460937499994 0.56543693125 0.4205727140625 0.5654560953125001 0.42167055312499996
1 0.42874652500000004 0.3990153140625 0.42769577343750004 0.410757628125 0.4279754921875 0.426782659375 0.43066406874999996 0.44828033125 0.44386533437500003 0.47748870156249995 0.4513386640625 0.481498746875 0.46980070312500005 0.4485507390625 0.46957944218750003 0.43587468281249997 0.4587136015625 0.41928085312499996 0.45293649843750006 0.391265628125 0.44433866406250005 0.377894459375 0.4398953671875 0.378023746875 0.4358265015625 0.3804901515625 0.42874652500000004 0.3990153140625
1 0.355769334375 0.3203409484375 0.35587917812500003 0.3266338921875 0.35874412968749997 0.32867403125 0.40970667499999996 0.34199784375000003 0.42510737499999995 0.3362616328125 0.44627103906250004 0.33776107031249997 0.461690190625 0.3330819421875 0.46856638124999994 0.323363290625 0.45142510468749997 0.31011299999999997 0.40368054531249997 0.29622293125 0.3998502203125 0.29633438125 0.358412003125 0.309646546875 0.355769334375 0.3203409484375
1 0.6148504703125 0.266629109375 0.604875778125 0.271386296875 0.5945999703125 0.28859528437500004 0.5825581578125 0.32671479375 0.5826620453125 0.33266645625 0.6004017140625 0.3786130984375 0.6088092031250001 0.37555013125 0.6251713718749999 0.3498763421875 0.6238624421875001 0.2748878546875 0.6182349421875 0.26653063125 0.6148504703125 0.266629109375
1 0.6129226265625001 0.2578521734375 0.6187488453125 0.22809016249999997 0.617077146875 0.192909653125 0.6147663062500001 0.1817035625 0.606211309375 0.17631582343750002 0.5958125765625 0.18648255625000001 0.59384591875 0.194994778125 0.587538725 0.253807115625 0.5877168968750001 0.2640145703125 0.602720571875 0.2792865140625 0.6129226265625001 0.2578521734375
1 0.40332439999999997 0.246365959375 0.39538205937500004 0.2611657609375 0.3955995359375 0.2736249859375 0.408241096875 0.285679546875 0.41770566875000004 0.282585825 0.430833128125 0.24697470156249998 0.435381 0.20456739218750003 0.42661596875 0.1720553859375 0.4173036234375 0.17232634687499998 0.41480474218749996 0.1769827796875 0.40332439999999997 0.246365959375
1 0.362211015625 0.15201847968749999 0.364634675 0.1596818 0.38724369062499997 0.16325442343750002 0.4323141125 0.16194300781249998 0.4420810125 0.1563707234375 0.44897565312500004 0.1477091546875 0.43895043593749994 0.13848228437500001 0.40597871249999995 0.13826340937499998 0.3783002796875 0.1390687703125 0.3621740234375 0.149899234375 0.362211015625 0.15201847968749999
1 0.61551984375 0.183729471875 0.62358315 0.1609481953125 0.624959778125 0.118633159375 0.631081009375 0.10577255468749999 0.6286964140625 0.0903411125 0.623288078125 0.08345264999999999 0.6116355859375 0.0823825359375 0.6023922749999999 0.098152315625 0.59682456875 0.15886556875 0.5969734890625 0.1673972359375 0.6070877703125 0.185383984375 0.61551984375 0.183729471875
1 0.5831085046875 0 0.5832811625 0.0098915375 0.5870584703125 0.029880715625 0.58646849375 0.0566720359375 0.5943105953125001 0.08180884375 0.606995584375 0.0814397484375 0.61321515625 0.07421294687499999 0.618058046875 0.04870704375 0.614591309375 0 0.5831085046875 0
1 0.37316063125 0 0.36969970625 0.0149798078125 0.3696647984375 0.04167926875 0.3702104328125 0.07293861406249999 0.382950196875 0.10759921718750001 0.3912347640625 0.09749399843749999 0.40817266874999997 0.098410321875 0.4117372140625 0.060259121875 0.40387052968750004 0.033713862500000004 0.40684509999999996 0.0223539828125 0.401436765625 0.0154655203125 0.40224800156249996 0.0013502546875 0.40105504375 0 0.37316063125 0
1 0.206338146875 0.8599230500000001 0.198225671875 0.8798874234375 0.20407652812500002 0.912128 0.201151125 0.92630478125 0.1897727453125 0.9307990437500001 0.1897752390625 0.9309418875000001 0.2087719640625 0.93876553125 0.22295655937499997 0.9637177906250001 0.229348225 0.9663501453125001 0.2364036171875 0.9464165296875 0.23465816718750002 0.9070106671874999 0.23839480468750002 0.8787186218749999 0.2234481421875 0.870698528125 0.21683521562500002 0.8553901171874999 0.2101649078125 0.85056970625 0.2084147234375 0.8506206328125 0.20515814062499999 0.8529115546874999 0.206338146875 0.8599230500000001
1 0.16285163125 0.7319048984375 0.162912259375 0.7353782828125001 0.17224017656249999 0.7484439234375 0.1843352453125 0.8354602874999999 0.192742734375 0.832397321875 0.205771853125 0.7911523984375 0.19930638125 0.723700553125 0.1926442875 0.70557524375 0.17722964218749998 0.6951986671875 0.17646762031250002 0.695220840625 0.1676430765625 0.72744019375 0.16285163125 0.7319048984375
1 0.1674805375 0.6388506546875 0.1696508625 0.6762102921875 0.17754213125 0.7041640015625 0.18826046406250002 0.7123071265625 0.195512534375 0.703641115625 0.19944579375 0.6260225375 0.188776628125 0.6206963156249999 0.17821652187499998 0.59668245625 0.177350815625 0.596707646875 0.167198559375 0.6226961796875 0.1674805375 0.6388506546875
1 0.18439128124999998 0.532934134375 0.18521835 0.5541829593750001 0.190946284375 0.5793812828125 0.20286920625 0.5959443531249999 0.206900859375 0.584553715625 0.20677788125 0.5169173234375 0.1989603640625 0.4931889671875 0.19476303749999999 0.49146033281249996 0.191932346875 0.491542696875 0.1838864171875 0.50401049375 0.18439128124999998 0.532934134375
1 0.1745242609375 0.4154581234375 0.17486778281249998 0.4351384703125 0.1852104046875 0.47709307343749996 0.20365766718749997 0.5115243421875 0.20383538437499998 0.5115191703125 0.213284525 0.4495020453125 0.2195778484375 0.4465005984375 0.21945492500000002 0.43945834218749996 0.2044590953125 0.4286213484375 0.18465450156250002 0.3760707359375 0.18366169999999998 0.3760996234375 0.176114490625 0.3801252828125 0.1745242609375 0.4154581234375
1 0.12411469374999999 0.33163908750000004 0.118646953125 0.34131675625 0.1578237890625 0.35027543906249997 0.1635750984375 0.35010809374999996 0.22011075937500002 0.34153731875000004 0.23684610312499998 0.3315317953125 0.23386313906249998 0.32210001875 0.223293146875 0.3155413109375 0.2162770890625 0.31574545625 0.1493376453125 0.3235018390625 0.12411469374999999 0.33163908750000004
1 0.13195802343750002 0.21586570312500003 0.1504740546875 0.24038947031250002 0.223713490625 0.2382584203125 0.22061981875 0.2224841453125 0.19651009375 0.21366709374999998 0.14997711875 0.2082440390625 0.1444961109375 0.20840351875000002 0.13195031562499998 0.21542413124999998 0.13195802343750002 0.21586570312500003
1 0.149327325 0.1701611375 0.1612010796875 0.18390730625 0.17386148437499999 0.1821297609375 0.179023975 0.17493371875 0.175852671875 0.114431853125 0.1638068265625 0.0908265296875 0.154293084375 0.0911033515625 0.14721408593750002 0.10471358593749999 0.147339334375 0.11188909843749999 0.1495239484375 0.1208346046875 0.149327325 0.1701611375
1 0.109040584375 0.025592835937500003 0.1005977328125 0.0313343421875 0.100624090625 0.03284445625 0.11207890312499999 0.0381958609375 0.19241594687500002 0.03903115 0.2134135484375 0.031016846874999997 0.2146005828125 0.0182908765625 0.207498909375 0.015848507812500003 0.1653774109375 0.01707411875 0.1525918484375 0.0179799078125 0.109040584375 0.025592835937500003
1 0.0346488671875 0.44546553437499997 0.028885903125 0.4382298828125 0.0116223015625 0.431130853125 0.009089996875 0.4312045359375 0.009588893749999999 0.4597863203125 0.024955775 0.4552661484375 0.0346488671875 0.44546553437499997