1 0.9363772921875 0.07559374218750001 0.93641995625 0.082927084375 0.9426590828125001 0.0900104171875 0.951845253125 0.12201041718750001 0.957995409375 0.128125 0.9621029249999999 0.128125 0.9708374937500001 0.1206770828125 0.9826901109374999 0.09534375 0.9943197093749999 0.09792476875 0.9942992796875 0.0944132046875 0.9936513234375 0.0886770828125 0.98258926875 0.0780104171875 0.9767931687500001 0.059343749999999994 0.94101008125 0.059343749999999994 0.9365659953125001 0.0740104171875 0.9363772921875 0.07559374218750001
1 0.931150215625 0.15146874999999999 0.9275135453125 0.16347073437499998 0.9278271468750001 0.217374453125 0.9462491296875 0.25946875 0.9523051515625 0.2640625 0.953275853125 0.2640625 0.9531327718749999 0.23946874999999998 0.959031928125 0.2221354171875 0.9618380015625 0.1888020828125 0.9557526749999999 0.1741354171875 0.9540017546874999 0.15146874999999999 0.931150215625 0.15146874999999999
1 0.9516775859375001 0.34385694375 0.9654991718750001 0.313190278125 0.9520990687499999 0.26785694531250004 0.929683346875 0.26785694531250004 0.9303154812500001 0.376511615625 0.9516775859375001 0.34385694375
1 0.9336212906249999 0.407590275 0.9337550609375 0.43058333125 0.9360041265625 0.43937499999999996 0.9481902968749999 0.471375 0.954445475 0.4765625 0.964226909375 0.4765625 0.9659575828125 0.43137499999999995 0.9586550546874999 0.379375 0.9536085140624999 0.371375 0.9376085140624999 0.371375 0.9346472984374999 0.3780416671875 0.9336212906249999 0.407590275
1 0.96147065625 0.47659375 0.9494706562499999 0.47659375 0.9465398921875 0.47954166562499995 0.9467638421875 0.518035425 0.9498352406249999 0.5392604171875 0.9539128124999999 0.55259375 0.9639515984375 0.5592604171875 0.9787499125 0.52459375 0.9727344 0.5219270828125 0.96147065625 0.47659375
1 0.9587617890625 0.5583437499999999 0.9435400140624999 0.5583437499999999 0.9423617015625 0.5670844828125 0.9425687734375 0.6026771328125 0.9430218421875001 0.6196770828125 0.9551692265625 0.6450104171875 0.9652157703125 0.6530104171875 0.9700761421875 0.6290104171875 0.967843428125 0.5890104171874999 0.9587617890625 0.5583437499999999
1 0.9505377515625 0.72446875 0.9564172328125 0.7390625 0.9757984375 0.7390625 0.9775377531249999 0.72446875 0.9682274671875 0.6711354171874999 0.9561266265624999 0.6538020828125 0.9445950703125 0.6823969921875 0.9446114718749999 0.6852164328125 0.9505377515625 0.72446875
1 0.9498083296875001 0.772767359375 0.959847421875 0.828125 0.9710336640625 0.828125 0.9769037734375001 0.8142395828125 0.977577975 0.7582395828124999 0.9615081625 0.7462395828124999 0.953539190625 0.7515729171875 0.949750796875 0.7628784734375 0.9498083296875001 0.772767359375
1 0.9336918734375 0.9407500000000001 0.9405633 0.95625 0.9409695499999999 0.95625 0.9466918734374999 0.9407500000000001 0.9566608453125 0.9354166671874999 0.96929000625 0.89853205 0.96928485 0.8976458328125 0.959280746875 0.8700833328125 0.9548151812500001 0.84475 0.930089884375 0.84475 0.9299771531250001 0.85550000625 0.930298346875 0.910708334375 0.9336918734375 0.9407500000000001
1 0.7489393109375 0.891966796875 0.74894655 0.8932109374999999 0.7640643109374999 0.9045 0.7812684296875 0.9109375 0.8182184296875 0.9109375 0.8454092796875001 0.9065 0.8520468578125 0.9015000000000001 0.8506553453125001 0.8915 0.8372929234375001 0.8865000000000001 0.75862625625 0.8865000000000001 0.7489393109375 0.891966796875
1 0.74530561875 0.804529903125 0.745312034375 0.8056328125000001 0.7524158140625 0.8109375 0.7716006609375 0.8140625 0.8006006609374999 0.8140625 0.829749146875 0.8109375 0.8470475734375 0.8049375 0.849667696875 0.7969375000000001 0.8322761859375 0.7869375 0.7829486703125 0.7879375 0.74530561875 0.804529903125
1 0.7916882953125 0.719906784375 0.804421796875 0.74571875 0.80833086875 0.746875 0.8145613375 0.746875 0.816414040625 0.7443854171875001 0.8151037562500001 0.6910520828125 0.8059641281250001 0.6670520828125001 0.7979486140625001 0.6643854171875 0.7914163484375 0.67316319375 0.7916882953125 0.719906784375
1 0.7525190687500001 0.62278125 0.750529096875 0.6280859375000001 0.7505400171875001 0.629962890625 0.777382478125 0.6375 0.7892372765625 0.6375 0.8445481578124999 0.62778125 0.85251906875 0.62278125 0.8524608890625001 0.61278125 0.84443761875 0.60878125 0.773770953125 0.60878125 0.7525190687500001 0.62278125
1 0.8043705843750001 0.47013541718749996 0.7953473140625 0.46613541718749996 0.7884016140625 0.47546875 0.7825805781249999 0.49727777968750003 0.7826661374999999 0.5119843734375 0.79689806875 0.5608020828125 0.8039523687499999 0.5701354171874999 0.8119523687499999 0.5701354171874999 0.8149135828125 0.56346875 0.8124869421875 0.4901354171875 0.8043705843750001 0.47013541718749996
1 0.7981671828125 0.48125 0.810708684375 0.48125 0.8155157453124999 0.4682291671875 0.8141977015625 0.4135625 0.8049649890625 0.3735625 0.788310778125 0.40793177968750005 0.7885245359375 0.444673615625 0.7981671828125 0.48125
1 0.7921963734374999 0.2736770828125 0.7909357406249999 0.3219826546875 0.7910244875 0.3372369109375 0.8033245171875001 0.3609375 0.8045915406249999 0.3609375 0.8116695578125 0.35501041718750004 0.817576471875 0.3390104171875 0.8183049734375001 0.29234375 0.8111575890625 0.26701041718749996 0.80014983125 0.2656770828125 0.7921963734374999 0.2736770828125
1 0.7792279640625 0.1921875 0.7621203796875 0.2140625 0.7481425921875 0.2178806828125 0.7481621953125 0.22125 0.778211284375 0.2296875 0.7827321171875 0.2296875 0.84750025625 0.2220625 0.8594711671875 0.2170625 0.8540447468749999 0.2010625 0.8206648718749999 0.1930625 0.784493115625 0.1921875 0.7792279640625 0.1921875
1 0.7702240046875 0.025 0.7594814765625 0.0487395828125 0.762644375 0.0767395828125 0.758791759375 0.1020729171875 0.7746185859375 0.1359375 0.775590340625 0.1359375 0.7978150312500001 0.1060729171875 0.7996288609375 0.0740729171875 0.7914426906250001 0.042072917187499996 0.7823496046875 0.0260729171875 0.7726871156249999 0.025 0.7702240046875 0.025
1 0.608487234375 0.06584375 0.6005686828125001 0.07984375 0.58175839375 0.08738541562499999 0.5818196921875 0.097921875 0.5953458890625 0.09884375 0.6033624625 0.103125 0.6171624625 0.103125 0.6393633421875 0.10184375000000001 0.671293528125 0.08984375 0.673913653125 0.08184375 0.667217896875 0.07684375 0.6298205671875 0.06584375 0.608487234375 0.06584375
1 0.44413830781249997 0.07390624999999999 0.4201964859375 0.08390625 0.411420184375 0.0829665171875 0.41142670625 0.08408750000000001 0.41760545000000004 0.09690625 0.41155988125 0.106978125 0.4115659265625 0.1080172703125 0.45808177499999997 0.1171875 0.463427146875 0.1171875 0.48300859999999995 0.10890625000000001 0.5163186609375 0.10490625 0.5202313937499999 0.08990625 0.5095065484375 0.07990625 0.47618485 0.08190625 0.44413830781249997 0.07390624999999999
1 0.44172366093750004 0.18884374843750001 0.4417823890625 0.1989381984375 0.45140083437499995 0.2748020828125 0.4623711453125 0.290625 0.4636881984375 0.290625 0.47148616250000003 0.28946875 0.47643186249999997 0.2801354171875 0.4751526078125 0.2321354171875 0.4537957796875 0.1708020828125 0.4438500796875 0.18013541718749998 0.44172366093750004 0.18884374843750001
1 0.5809399421875 0.234375 0.581898275 0.234375 0.5838995109375 0.22981250000000003 0.5945487234375 0.2268125 0.6612270265625 0.2288125 0.67153574375 0.2102578125 0.67153124375 0.209484375 0.6664090953125 0.2028125 0.6543858234375 0.1988125 0.6050466734375 0.1978125 0.577826925 0.21733630937499998 0.57784715 0.22081250312499998 0.5809399421875 0.234375
1 0.6079190296875 0.286881946875 0.6168169125 0.3570625 0.6280124640625 0.371875 0.6296155890625 0.371875 0.6407936421875 0.3530625 0.643560928125 0.3130625 0.6293747562500001 0.2810625 0.6102506421875 0.2597291671875 0.6078141687499999 0.26885763749999997 0.6079190296875 0.286881946875
1 0.4598979609375 0.2828125 0.4581635828125 0.2828125 0.4500518015625 0.2864270828125 0.443175915625 0.3077604171875 0.43956175468750003 0.3543854234375 0.43965397812499996 0.3702372671875 0.4503715 0.39375 0.451137834375 0.39375 0.4705094703125 0.36509375 0.483470684375 0.3584270828125 0.477354328125 0.3384270828125 0.47614488593750004 0.3024270828125 0.46805180156250004 0.2864270828125 0.4598979609375 0.2828125
1 0.478461059375 0.43734375 0.4544436046875 0.43434375000000003 0.42136376875000003 0.44926875 0.42136464218749997 0.44941875 0.453991503125 0.4640625 0.46802275312499997 0.4640625 0.506571596875 0.45634375 0.518536690625 0.45034375000000004 0.521191721875 0.44834375 0.5091044546875 0.43334374999999997 0.48776530312500005 0.43234374999999997 0.478461059375 0.43734375
1 0.648160315625 0.3928125 0.6431137734375 0.3848125 0.6422223734375 0.40347916718750004 0.6306394734375 0.43220138906249994 0.6309436171875 0.4844791671875 0.6358041562500001 0.5034791671875001 0.641835184375 0.5088125 0.6488274281249999 0.5074791671875001 0.6577188281249999 0.4888125 0.658431815625 0.43947916718749996 0.648160315625 0.3928125
1 0.6365583390625 0.5203125 0.6124022171875 0.5221250000000001 0.5781098296875 0.5345344328125 0.578119509375 0.5361982421875 0.5968410140625 0.5484375 0.6125552984375 0.5484375 0.6405476625000001 0.5471250000000001 0.6645185734375 0.542125 0.6657995484375 0.533125 0.6550863375 0.525125 0.6396583390624999 0.5203125 0.6365583390625 0.5203125
1 0.4698859515625 0.48172916718750003 0.46097127968749996 0.4963958328125 0.45612642187499997 0.5230625 0.44687996874999997 0.5379958328125001 0.4469625953125 0.552198303125 0.46325748593749994 0.5796875 0.4680287734375 0.5796875 0.47144446249999994 0.5777291671875 0.4832815640625 0.5497291671875 0.48611866406250004 0.5217291671875001 0.48401006406249997 0.5030625 0.476909221875 0.48572916718750003 0.4698859515625 0.48172916718750003
1 0.45695982187500006 0.6340833328125 0.442680565625 0.5860833328124999 0.43965729531250003 0.5820833328125 0.424680565625 0.5860833328124999 0.4145543046875 0.621675925 0.41461787031249997 0.632601853125 0.42819253437500004 0.6740833328125 0.4412856203125 0.6900833328125 0.450246834375 0.6834166671874999 0.45416150625 0.66875 0.45204515 0.6487499999999999 0.45695982187500006 0.6340833328125
1 0.596000875 0.6554635421875 0.6116046171875 0.6786666671875 0.61467305625 0.6796875 0.620210109375 0.6796875 0.6363486328125 0.6346666671875 0.6231236765625 0.596 0.613030590625 0.58 0.6009995625 0.5746666671875 0.5955803046875 0.5831736109375 0.596000875 0.6554635421875
1 0.6024128875 0.6833111109375001 0.60249640625 0.697666675 0.6092117203125 0.749 0.6112582625 0.757 0.6205495140624999 0.765625 0.6223709421875 0.765625 0.6292815359375 0.761 0.6312194765625 0.7503333328124999 0.6320255515625 0.717 0.62586265 0.689 0.6157462953125 0.669 0.6024128875 0.6833111109375001
1 0.4270956734375 0.6681770828125 0.4196888140625 0.6985104140625 0.419717903125 0.7035104203125 0.4245145578125 0.7401770828124999 0.437708484375 0.7735104171875 0.4427444953125 0.775 0.447894234375 0.775 0.458654184375 0.7641770828125 0.4595998859375 0.75484375 0.4505068 0.73884375 0.4381267015625 0.6735104171875 0.4350956734375 0.6681770828125 0.4270956734375 0.6681770828125
1 0.42195527187500004 0.8195104171875001 0.42475838125000004 0.8340104171875 0.4312735 0.8359375 0.4342389421875 0.8359375 0.444673053125 0.81934375 0.44234725468749997 0.76334375 0.43329295468750006 0.7540104171875 0.4253317390625 0.7606770828125 0.421653375 0.76761875 0.42195527187500004 0.8195104171875001
1 0.6303285203125 0.7583333328124999 0.6223207625 0.757 0.6124293625 0.7756666671875 0.619801703125 0.8396666671874999 0.628138525 0.853125 0.6388487515625 0.853125 0.639879275 0.853 0.6448404890625 0.8463333328125 0.6467551625 0.8316666671874999 0.640685346875 0.8196666671875 0.6384526359375 0.7796666671875 0.6303285203125 0.7583333328124999
1 0.5931222765624999 0.8911875 0.5665137890625 0.9011875 0.5692444515624999 0.9121874999999999 0.574618509375 0.9191874999999999 0.5853026296875 0.9221875 0.6378189921875 0.925 0.6422189921875 0.925 0.66529099375 0.9201874999999999 0.6719227546875 0.9141875 0.671852940625 0.9021874999999999 0.647812215625 0.8951874999999999 0.6224846984375 0.8961874999999999 0.5931222765624999 0.8911875
1 0.40763828437500005 0.8491770828125 0.40871585625 0.8625104171875 0.40375464218749996 0.8691770828125 0.4068166984375 0.87984375 0.40056572656249995 0.902952878125 0.4006108453125 0.910708328125 0.40417352500000003 0.9411770828125 0.42016576875 0.93984375 0.4275818375 0.9484375 0.42847177500000005 0.9484375 0.43970089375 0.9154432890624999 0.4395952703125 0.8972881671874999 0.4387080984375 0.8611770828124999 0.4346150140625 0.8451770828124999 0.4268932671875 0.8375 0.42414847343749995 0.8375 0.416576228125 0.8385104171875 0.40763828437500005 0.8491770828125
1 0.2477923234375 0.028760417187499998 0.24180783749999998 0.0314270828125 0.22894746562499999 0.05542708281249999 0.21130569999999999 0.06328819375 0.21130716875000002 0.06354071875 0.2220172796875 0.06742708281250001 0.22509484999999999 0.0807604171875 0.22027326406249997 0.1114270828125 0.2283818640625 0.13009375 0.2274206484375 0.1367604171875 0.2308871671875 0.1390625 0.2319125578125 0.1390625 0.238405134375 0.13409374999999998 0.24431980625 0.1194270828125 0.2582732640625 0.1114270828125 0.254118121875 0.0847604171875 0.25490092343750004 0.0474270828125 0.2477923234375 0.028760417187499998
1 0.1454277890625 0.2131875 0.1434626953125 0.21918749843750002 0.14347479999999999 0.2212681453125 0.22553250937499997 0.23118750000000002 0.2394290828125 0.240625 0.24075408281250002 0.240625 0.24555578125 0.23518750000000002 0.2761700875 0.22618749999999999 0.265416153125 0.2111875 0.2480479125 0.2051875 0.1840188234375 0.20018750000000002 0.1454277890625 0.2131875
1 0.1970499578125 0.29864375 0.1971660234375 0.31859375 0.20116817187499997 0.3726770828125 0.2073430734375 0.3796875 0.2094459359375 0.3796875 0.218168171875 0.3726770828125 0.2250130296875 0.3460104171875 0.2267260171875 0.2966770828125 0.215570875 0.2700104171875 0.205710503125 0.2940104171875 0.1970499578125 0.29864375
1 0.21546371562500002 0.41989583281250004 0.2150842875 0.44420136406250005 0.2152185109375 0.46727237656250004 0.2236709484375 0.4796875 0.22428032187500002 0.4796875 0.22979727031250002 0.4772291671875 0.2366654 0.45456250000000004 0.235293059375 0.39056250000000003 0.2312310015625 0.3798958328125 0.22032408750000002 0.3958958328125 0.21546371562500002 0.41989583281250004
1 0.21708918281249998 0.49338541718749995 0.20932442031249998 0.5284479171875 0.20956549687499998 0.5698854171875001 0.2106244234375 0.5853854171874999 0.21799998125000003 0.5890625 0.2187605359375 0.5890625 0.2363529234375 0.5387187499999999 0.25029086718750004 0.5280520828124999 0.25025208125 0.5213854171875 0.24423656718750003 0.51871875 0.2338952546875 0.4600520828125 0.21708918281249998 0.49338541718749995
1 0.1976230859375 0.6657268453125 0.197661925 0.672402778125 0.2042090390625 0.6822916671875 0.21125241093749997 0.684375 0.21354928437499998 0.684375 0.22213146875 0.6689583328125 0.2287979125 0.611625 0.21857295625 0.5729583328125 0.2096039859375 0.5782916671875 0.2027436125 0.6022916671874999 0.1976230859375 0.6657268453125
1 0.17306975156249998 0.74250234375 0.18142406093750002 0.746875 0.1992216796875 0.746875 0.23326419999999998 0.74190625 0.25587850625 0.73290625 0.2584579078125 0.71790625 0.1891245734375 0.71790625 0.1730571375 0.7403341359375 0.17306975156249998 0.74250234375
1 0.161010575 0.8182734359375001 0.1730472390625 0.8281562499999999 0.2197080890625 0.82715625 0.230972815625 0.8296875 0.23391552343750002 0.8296875 0.24767899999999998 0.8221562499999999 0.24762663906250001 0.8131562499999999 0.224895975 0.80215625 0.1675510078125 0.80015625 0.160934171875 0.8051406249999999 0.161010575 0.8182734359375001
1 0.18951725156250002 0.8838779734375001 0.1896282984375 0.9029653046874999 0.19229357656249998 0.9618125 0.19738336875 0.971875 0.1995976546875 0.971875 0.2043090921875 0.9644791671874999 0.2100686203125 0.9231458328125 0.21178936718750002 0.8751458328125 0.2077273078125 0.8644791671875 0.1957350671875 0.8658125 0.18951725156250002 0.8838779734375001
1 0.2083981875 1 0.2082485 0.9742708328124999 0.205639546875 0.9693558671875 0.2058178296875 1 0.2083981875 1
1 0.0182485 0.11075140624999999 0.025717721875 0.1140625 0.029076146874999997 0.1140625 0.0412407421875 0.10941807343750001 0.046178685937500005 0.0987514078125 0.0492895671875 0.057418075 0.0097090484375 0.057418075 0.00994273125 0.09758473906250001 0.0182485 0.11075140624999999
1 0.0137936203125 0.2296875 0.0429493828125 0.2168993046875 0.033505509375 0.1978993046875 0.0026640828125 0.1893460640625 0.0028957031250000003 0.2291582328125 0.0053686937499999995 0.2296875 0.0137936203125 0.2296875
1 0.0392743203125 0.3372083328125 0.047165721875 0.3185416671875 0.0470105796875 0.291875 0.0154811671875 0.291875 0.017111421874999998 0.30920833281250004 0.01325105 0.3332083328125 0.0207851046875 0.346875 0.023018059375 0.346875 0.0392743203125 0.3372083328125
1 0.015207767187499999 0.45 0.03825671875 0.44519230781249997 0.0515435109375 0.43719230781249996 0.051467878125 0.42419230781249995 0.043432971875 0.4181923078125 0.0060705484375 0.41319230781250005 0.0024032671875 0.4130865390625 0.0026106578124999997 0.448733975 0.012746226562499999 0.45 0.015207767187499999 0.45
1 0.01868114375 0.525306546875 0.018704375000000002 0.5292996796875 0.031020206249999998 0.5567291671875 0.0365681265625 0.5609375 0.0391295109375 0.5609375 0.046996934375 0.5527291671875 0.059709921875 0.5033958328125 0.05963235 0.49006249999999996 0.02281416875 0.49006249999999996 0.02474870625 0.5100625 0.01868114375 0.525306546875
1 0.0122039796875 0.6026411 0.01133916875 0.6061827625 0.01153045625 0.6390625 0.041741349999999997 0.6390625 0.038359121875 0.6293077640625 0.03522725 0.6066410984374999 0.0241574359375 0.5946411 0.01616519375 0.5959744328125 0.0122039796875 0.6026411
1 0.036058409375 0.735181215625 0.0493510171875 0.728181215625 0.0519711421875 0.720181215625 0.0479129640625 0.710181215625 0.038550542187499995 0.7051812156249999 0.0059610328125 0.7015625 0.004081571875 0.7015625 0.004281559375 0.7359375 0.021945490625 0.7359375 0.036058409375 0.735181215625
1 0.011312503125 0.8361513484374999 0.0459675328125 0.8341513484374999 0.0526051109375 0.829151346875 0.0525120265625 0.8131513484375 0.020459665625 0.8041513468750001 0.008137528125 0.803125 0.004672445312500001 0.803125 0.0048815234375 0.8390625 0.0062535859375 0.8390625 0.011312503125 0.8361513484374999
1 0.038852621875 0.8985518421875 0.03855139375 0.8958851749999999 0.0114621078125 0.8958851749999999 0.0115301765625 0.9075851734375 0.011930192187499999 0.9118851749999999 0.017031034375 0.9292185078124999 0.0250698203125 0.9358851749999999 0.03205430625 0.93321850625 0.0369844921875 0.9212185078124999 0.038852621875 0.8985518421875
1 0.43650681875 1 0.43615632968750007 0.9397559515625 0.42515023437500005 0.9387083328125 0.4202278046875 0.9520416671874999 0.41982972500000004 0.9913016484374999 0.4198803296875 1 0.43650681875 1
1 0.6275544375 1 0.62727529375 0.9520193453125 0.6252642125000001 0.9501145828125 0.6133185125 0.9594479171874999 0.6110884328124999 1 0.6275544375 1
1 0.802640746875 1 0.802396378125 0.9579965265625001 0.794323978125 0.9455520828124999 0.7863394921875 0.94821875 0.7823937921875 0.9575520828125 0.782193978125 0.9679687703125 0.7823803296875 1 0.802640746875 1
1 1 0.9917988734375 0.989654665625 0.9868750000000001 0.9576430296874999 0.9848750000000001 0.9482864265625001 0.9808749999999999 0.8949938171875 0.9878750000000001 0.8977070250000001 0.9958750000000001 0.9035790765625 0.9984375 1 0.9984375 1 0.9917988734375