1 0.037560959375 0.130253546875 0.048631993750000005 0.1393030328125 0.049828775 0.1393099953125 0.0570597609375 0.1317289703125 0.064548609375 0.0990849609375 0.0712776734375 0.090952215625 0.069826778125 0.082771878125 0.06391764531250001 0.06639371250000001 0.0281660375 0.066185715625 0.0230062125 0.0865854328125 0.01232996875 0.0974191796875 0.0118307125 0.106522696875 0.011852587500000001 0.10694010000000001 0.023934415625 0.10429660468749999 0.037560959375 0.130253546875
1 0.087126290625 0.2318197390625 0.0839949890625 0.172070953125 0.0800541125 0.1611481375 0.0572069375 0.1610152171875 0.05673929062500001 0.1855281796875 0.051389725 0.2004788640625 0.056242215625 0.23455665468750003 0.0633053890625 0.25230351875 0.0645920234375 0.2768539609375 0.0663455578125 0.2768641640625 0.07153385625 0.272781128125 0.087126290625 0.2318197390625
1 0.0896573734375 0.280115671875 0.0661555765625 0.27997894218749997 0.0548276640625 0.3275824234375 0.07078480000000001 0.3590008546875 0.093543915625 0.391050121875 0.0949706796875 0.391058421875 0.0923224875 0.33096908593749996 0.0896573734375 0.280115671875
1 0.0942989765625 0.4333990984375 0.0898263796875 0.387065675 0.08157501874999999 0.3856556875 0.0737520625 0.3924200859375 0.06319573125 0.42504625 0.06077084687499999 0.437289984375 0.065457646875 0.48771060000000005 0.06939595468750001 0.49556521406250004 0.08465636875 0.4956539953125 0.089926121875 0.486490971875 0.0942989765625 0.4333990984375
1 0.0845903875 0.5585356 0.08710658437499999 0.5294955859375 0.0854854765625 0.49856300156250005 0.07979985 0.4931325734375 0.071619890625 0.493084984375 0.06896463750000001 0.49443151875 0.060144803125 0.5406876078125 0.054152632812500004 0.543376709375 0.07109180781249999 0.5783623296875 0.072106453125 0.5783682328124999 0.08121440937499999 0.5721357828125 0.0845903875 0.5585356
1 0.095924553125 0.6409435765625 0.09570221875 0.6338996859375 0.0931749046875 0.5856756562500001 0.0914823390625 0.576904559375 0.0765056765625 0.576817428125 0.068719975 0.6094597109375 0.06881699218750001 0.6503197484375 0.074900759375 0.6736679296875 0.07665671562500001 0.6736781453125 0.08501121874999999 0.6667577515625001 0.095924553125 0.6409435765625
1 0.086959590625 0.73465700625 0.102024725 0.7347446515625 0.1270018515625 0.7244440937500001 0.1269728328125 0.723890390625 0.10913924531250001 0.7118683781249999 0.054161053125000004 0.702348875 0.037919453125 0.7042987515625 0.0369501140625 0.705050165625 0.0378886484375 0.7229584874999999 0.055607893750000005 0.7299562374999999 0.086959590625 0.73465700625
1 0.0979306765625 0.795641946875 0.097423253125 0.7859597359375 0.09282049375 0.7742410109375 0.084354934375 0.7687438328125 0.0686376171875 0.78091023125 0.0726589234375 0.838136890625 0.07995274999999999 0.853330034375 0.09045518125 0.8533911359375 0.0908267390625 0.8532243921875 0.0979306765625 0.795641946875
1 0.10893179687500001 0.9073692765624999 0.0476763171875 0.908012865625 0.0489879203125 0.9330397406250001 0.0764794515625 0.9378459687499999 0.1056256734375 0.9482373671875 0.1430761875 0.9351668671875 0.1479899109375 0.9249736234375 0.1637542171875 0.9190328593749999 0.1637427890625 0.91881478125 0.147293284375 0.911681190625 0.10893179687500001 0.9073692765624999
1 0.22111620156249998 0.91418379375 0.20776015781249998 0.9192170078125 0.206933625 0.9294340296874999 0.2140135484375 0.9345861359375001 0.24561663125000002 0.9398809109374999 0.2783141796875 0.940071140625 0.297012640625 0.9330246421874999 0.3122602921875 0.9212049171875 0.3122274703125 0.9205786390625 0.3014976734375 0.914651440625 0.22111620156249998 0.91418379375
1 0.2677933421875 0.7880494312499999 0.2583805953125 0.7730518156249999 0.2503434375 0.7757290203125 0.24513667031250003 0.7934045000000001 0.24252320625 0.841058678125 0.249277884375 0.872423571875 0.2548068203125 0.8793396828125 0.2563405515625 0.87934860625 0.2706482578125 0.8425244703124999 0.2677933421875 0.7880494312499999
1 0.25759909687500004 0.746094734375 0.25726658593749996 0.7362128875 0.2548700671875 0.6904845749999999 0.252483896875 0.6874997296875 0.2434242421875 0.6901709890625 0.231559815625 0.7173416125000001 0.23398742343749998 0.7636631375 0.2402326609375 0.7714752640625 0.2468319765625 0.7715136578124999 0.2496818484375 0.77056435625 0.25759909687500004 0.746094734375
1 0.23832091093750002 0.5956963421875 0.2251483859375 0.617411425 0.2289325984375 0.689618509375 0.23345098125 0.6978166921875 0.24367592968750001 0.697876178125 0.2483600015625 0.689731534375 0.255094021875 0.635147540625 0.2542945375 0.6198924609375001 0.245335575 0.5930131859375 0.23832091093750002 0.5956963421875
1 0.29225998125 0.539576275 0.2921849609375 0.53814478125 0.28814859375 0.5299949421875 0.26728393125 0.5216960937499999 0.192244878125 0.5192151609375 0.18559364843749998 0.5222430140625 0.1860223421875 0.530422975 0.1959342328125 0.537635921875 0.24883974531250003 0.5528420359374999 0.2592748671875 0.5529027453124999 0.2835563875 0.5463231562499999 0.29225998125 0.539576275
1 0.24248708593749999 0.42439805 0.22333369374999998 0.3890323140625 0.21627324531249997 0.429850709375 0.21817816250000002 0.485703071875 0.2240046375 0.49935679374999997 0.2261064453125 0.499600975 0.2365783609375 0.4996619 0.24443232343750002 0.46151539531249997 0.24248708593749999 0.42439805
1 0.262619109375 0.335636415625 0.26720710312499996 0.32978555468750004 0.2670349734375 0.326501125 0.24242021875000003 0.31405305625 0.1784946953125 0.3157255140625 0.1707490015625 0.323857915625 0.172700853125 0.3351132859375 0.196235803125 0.341662809375 0.2335679125 0.3418800015625 0.24659185625000002 0.34167626875 0.262619109375 0.335636415625
1 0.21879732500000001 0.1660110875 0.2154927484375 0.1809736703125 0.1939260640625 0.1985539703125 0.1971619671875 0.24079425156249998 0.2071269328125 0.2749017859375 0.2237724515625 0.28044655625 0.2282423234375 0.2682147203125 0.23160540937500002 0.216763275 0.23026779687499999 0.19124013281250002 0.22186480937500003 0.166028934375 0.21879732500000001 0.1660110875
1 0.2486573515625 0.085956171875 0.2502254296875 0.0573636640625 0.2376927828125 0.0327750671875 0.22549424375 0.0340660796875 0.21714859375 0.050361315625 0.2106822390625 0.0830112734375 0.2144408359375 0.1157207203125 0.2391743125 0.1466596703125 0.239817715625 0.14666341249999998 0.2541039359375 0.111865525 0.2486573515625 0.085956171875
1 0.4361161171875 0.10892255625 0.43558025 0.09869760625 0.4147155890625 0.0903987546875 0.4057909875 0.07603626875 0.3839926234375 0.0759094484375 0.3464349375 0.086934959375 0.3398908828125 0.092007803125 0.343044371875 0.10020361562499999 0.37638496093749996 0.1126637828125 0.4109984890625 0.11485681875 0.412010059375 0.11486270312499999 0.42118332656249996 0.10985786093750001 0.4361161171875 0.10892255625
1 0.56775718125 0.12524390000000002 0.5755942890625 0.10410053281250001 0.5754951484374999 0.10220880624999999 0.5628863203125001 0.0516975078125 0.5628327 0.051697196875 0.5519886296875 0.058415021874999994 0.537379175 0.05154911250000001 0.5373213296875 0.051548775000000005 0.538838996875 0.061062484375000003 0.5298992515625 0.0855261578125 0.5397928171874999 0.118271296875 0.539532834375 0.15231934375 0.549585959375 0.1625238046875 0.5531045234375 0.162544275 0.5654522078124999 0.15928005 0.56775718125 0.12524390000000002
1 0.62862566875 0.25164913125 0.6285404359375 0.25002280468750004 0.5659149796875 0.22858635 0.516815071875 0.2272785109375 0.5075462203125001 0.232335503125 0.5066661046875 0.24153003125 0.5236043312499999 0.2528725890625 0.6023530609375001 0.2628003046875 0.61157734375 0.2628539703125 0.6207096828124999 0.2605928140625 0.62862566875 0.25164913125
1 0.416895090625 0.23528910625 0.41433124687499995 0.2000149328125 0.409598665625 0.18772955625 0.40215560000000006 0.18223832499999998 0.3832993984375 0.1930244828125 0.3889144 0.26115626875000003 0.38641811875 0.2720376078125 0.38042595 0.2747267109375 0.391374709375 0.27719310468749997 0.40016032343749997 0.2772442171875 0.4177109921875 0.2508574265625 0.416895090625 0.23528910625
1 0.415092140625 0.274207040625 0.39707941406249997 0.2955694734375 0.384478090625 0.328183740625 0.38968758281250004 0.3690735203125 0.403028525 0.389580871875 0.4144416609375 0.37330348281250003 0.41993611406250003 0.29331528281249997 0.41960141718750005 0.2869288890625 0.415470009375 0.2742092390625 0.415092140625 0.274207040625
1 0.62887945625 0.3459072609375 0.6287982109375 0.3443569875 0.6023083031249999 0.3325528609375 0.54126833125 0.33730865625 0.519845075 0.344339303125 0.5162401609375 0.3535179796875 0.5208096359375001 0.362744209375 0.537587103125 0.37101928281249996 0.5744254296875 0.3722557875 0.5893502796875 0.376752378125 0.595976003125 0.3767909265625 0.6012982796874999 0.36525684531249997 0.62887945625 0.3459072609375
1 0.578060553125 0.5037799765625001 0.5836321671875 0.466108678125 0.5827506015624999 0.4492873890625 0.566333475 0.41654487656250005 0.55278105625 0.45051559062499996 0.5571337484375001 0.475056596875 0.5525210734375 0.4845636375 0.554685975 0.506367953125 0.5687196875 0.5172144765625 0.5717085578125001 0.517231865625 0.5725681875 0.5160058656250001 0.578060553125 0.5037799765625001
1 0.3923722 0.4033402296875 0.3851433359375 0.40193619218750004 0.3792939671875 0.40735009062499994 0.375252496875 0.42775631406250003 0.37796570625000003 0.47952743125 0.39180645 0.50957156875 0.393828546875 0.5286510875 0.3985126203125 0.52050644375 0.405995103125 0.4743827359375 0.40508387343749996 0.4569954328125 0.40257425781249995 0.4224673390625 0.3923722 0.4033402296875
1 0.4077075875 0.5457260328125 0.407090603125 0.572962090625 0.41305988125 0.589340609375 0.4218110421875 0.6002873796875 0.43094209531249994 0.598978521875 0.4347693671875 0.5744851046874999 0.4345975984375 0.5432679015625 0.43390295156249997 0.5300132546875 0.41907221562499997 0.5090186250000001 0.4077075875 0.5457260328125
1 0.6255354093750001 0.5583045734375001 0.62875255 0.552122046875 0.6286857609375 0.55084763125 0.5969477859375 0.5325836765624999 0.5846862046875 0.5325123406250001 0.568873296875 0.5426421765625 0.541893275 0.5475961265625 0.527389178125 0.5567113921875 0.5318514796875 0.5638926359374999 0.5499377578125 0.5711531390625 0.5557818890624999 0.5718100328125 0.5823060765625 0.5719643453125001 0.59756809375 0.5704080609375 0.6255354093750001 0.5583045734375001
1 0.598539453125 0.692698640625 0.603414834375 0.7077088109375 0.61257081875 0.71428456875 0.6131929859375 0.7142881875 0.6254099203125 0.6983028984375 0.6382483359375 0.6507082046875 0.623764990625 0.6084024890624999 0.6082133640625 0.6042260640625 0.60536008125 0.6082954125 0.5936437453125001 0.657140953125 0.593655190625 0.6573593453125001 0.5995134390625 0.6722745703124999 0.598539453125 0.692698640625
1 0.4412353171875 0.682643759375 0.452351134375 0.64358405625 0.452313521875 0.6428663593749999 0.43285061875 0.5960872171875 0.4306309796875 0.596074303125 0.4245385625 0.598103709375 0.40946384843750006 0.622531690625 0.41324806093750005 0.694738775 0.41952106093749997 0.7037892953125 0.42102640312500006 0.703798053125 0.4318671703125 0.6989330453125 0.4412353171875 0.682643759375
1 0.4856614625 0.7426896296875001 0.464951775 0.7324750859375 0.4360199015625 0.726173665625 0.40201354375 0.7269980078125 0.39122153437499996 0.7289795875 0.386200634375 0.737127840625 0.3962732859375 0.7474082734375 0.404554846875 0.7495008203125 0.463397721875 0.757153365625 0.47125789687499997 0.7571990937499999 0.48568072031250004 0.7430570875 0.4856614625 0.7426896296875001
1 0.6000061078125001 0.7635988859375 0.6299610703125 0.76749454375 0.6466291640625 0.767591515625 0.6725114703124999 0.7611830859375 0.6720437734375 0.7522588906250001 0.6673757859375 0.7496802671875 0.5999752515625 0.7370219453125 0.583144196875 0.727724375 0.573661 0.7286913875 0.5621029734375 0.7408264546875001 0.5621176265625001 0.74110605 0.565249534375 0.7501082968749999 0.6000061078125001 0.7635988859375
1 0.6693312062500001 0.8197207703125 0.6677677578125001 0.815226846875 0.6457550453125 0.8110100484375 0.602158315625 0.8107564093749999 0.5928894625 0.8158134015625 0.5865061671875 0.8239537296874999 0.5965252328124999 0.8332116656249999 0.6317281218749999 0.8346718390625 0.6550545546875 0.8348075484375 0.6696248515625001 0.825323846875 0.6693312062500001 0.8197207703125
1 0.42809686874999997 0.881909878125 0.43139495781250004 0.881375090625 0.43843251250000004 0.8596243171875001 0.4383354953125 0.8187642796875 0.443721371875 0.8067754328125 0.44366322968749994 0.805666003125 0.44099747031250003 0.7915401171875 0.43552799374999995 0.7846983843750001 0.42420915 0.7832705515625 0.4157921 0.7982033890625 0.41220301875 0.8610835046875 0.41235920468750004 0.8640637124999999 0.422810753125 0.881879125 0.42809686874999997 0.881909878125
1 0.4628852046875 0.9638068453124999 0.461847553125 0.9440072515625 0.457450971875 0.9025232875 0.4538122828125 0.8916062578125 0.44636921875 0.886115028125 0.43497897500000005 0.8833247953125 0.42618203125000004 0.9105132640625 0.43286531093749997 0.9405157609374999 0.4331994203125 0.9663953703124999 0.44123163906249996 0.989765921875 0.45492327968749996 0.989845578125 0.4596899953125 0.9842552578125 0.4628852046875 0.9638068453124999
1 0.6687524671875 0.9577036812499999 0.66552335625 0.8960885796875001 0.653271140625 0.8653037734375 0.6455909828124999 0.8747929671874999 0.6291596671875 0.8733353906250001 0.62699749375 0.9100963359375 0.6355115609374999 0.9360235375 0.6330152796874999 0.9469048734375001 0.638484753125 0.95374660625 0.6381762625 0.9673646359375001 0.64794991875 0.9783173578125 0.6491219015625 0.9784792031249999 0.6593911390625 0.9785389484374999 0.6659978234375 0.9716124453124999 0.6687524671875 0.9577036812499999
1 0.8398492671875 0.1005384828125 0.8437859578125 0.095010453125 0.8436057296874999 0.091571515625 0.841984609375 0.0893068921875 0.83522620625 0.09028975624999999 0.8157239437499999 0.0819988296875 0.784656728125 0.0869290015625 0.7708719890625 0.08378225624999999 0.7661953421875001 0.072511034375 0.7589855156249999 0.090868384375 0.73515898125 0.1040181453125 0.7327557062500001 0.11013726406249999 0.75220438125 0.11740569375000001 0.7902979343750001 0.1166051328125 0.8143596328125 0.1203275515625 0.818022903125 0.1203488640625 0.8251844109375 0.106586265625 0.8398492671875 0.1005384828125
1 0.8448892140625001 0.265087778125 0.8442497796874999 0.25288664375000003 0.8370029640625001 0.19736683906250002 0.8299397921875 0.1796199765625 0.8140311671875 0.1686315625 0.80647091875 0.19991317343749998 0.80062155 0.205327071875 0.8116319015625001 0.22037293593750001 0.8259804734375 0.3031519203125 0.8314394437500001 0.3031836796875 0.834320825 0.30222388125 0.8448892140625001 0.265087778125
1 0.841315365625 0.3459206015625 0.8391489562500001 0.32261436718750003 0.8305634875000001 0.29532477031250004 0.8199101375 0.2870908953125 0.8131810749999999 0.29522364218749997 0.8119956125 0.3701257765625 0.8225061640625 0.3756348546875 0.8339349203124999 0.4000436609375 0.8340788140625 0.4000444984375 0.8428756578125001 0.375692759375 0.841315365625 0.3459206015625
1 0.853744890625 0.45546380937500003 0.8683817703125 0.44510579375 0.8683168875 0.4438677484375 0.8583906828125001 0.44015809062500005 0.7929420015625 0.4387551390625 0.77015634375 0.445777859375 0.76775306875 0.45189697500000003 0.781063403125 0.4606549828125 0.8060465734375001 0.46080033125000003 0.8294896640625 0.46043361406249994 0.853744890625 0.45546380937500003
1 0.79929474375 0.568540678125 0.811540996875 0.568611925 0.8533543921875 0.5592338890625 0.8859729796875 0.5423245796875 0.8859535328125 0.5419535093750001 0.8260219921875 0.5314759312499999 0.822975675 0.525325109375 0.8161636874999999 0.5252854796875 0.8060147171875001 0.5395369953125 0.755559128125 0.5575156515625 0.755603303125 0.5583585375 0.759724046875 0.565844446875 0.79929474375 0.568540678125
1 0.8951164671875 0.6574259546875 0.899400771875 0.6495161859375 0.8993242953125 0.6480569265625 0.860038375 0.637800396875 0.8018303734375 0.6446170375 0.7859638796875 0.6537243734375 0.78917095625 0.66294268125 0.8003118671875 0.6700781296875 0.8014186078125001 0.67008456875 0.8709684109375001 0.66444075 0.8951164671875 0.6574259546875
1 0.8916301921875001 0.7694913703124999 0.87276765625 0.7450232031249999 0.8019229703124999 0.7446110406249999 0.8054515656250001 0.7599643171875 0.8290946078125 0.7693015171875001 0.8677712890624999 0.7751261781250001 0.8813964828125 0.775205446875 0.8916427703125 0.7697313734375 0.8916301921875001 0.7694913703124999
1 0.8960621890624999 0.858119546875 0.9082250296875 0.8476982359375 0.9077555765625 0.838740540625 0.9070912765625 0.8346735000000001 0.9000113515624999 0.8295213953125 0.84153541875 0.8312255578125001 0.8189641109375 0.84233825625 0.819446390625 0.8515407109375 0.8338739296875 0.8592782421875 0.8371614296875001 0.8592973687500001 0.8483246781249999 0.856819634375 0.8960621890624999 0.858119546875
1 0.8483672265625 0.9608940953125 0.8784189343750001 0.9598135624999999 0.9203317468750001 0.95392430625 0.9291088734375 0.9481338671874999 0.9290816984375001 0.947615315625 0.9169639093749999 0.941638515625 0.8391464750000001 0.9381192374999999 0.8190856140625 0.9451578078124999 0.818538228125 0.9544884328125001 0.818698359375 0.9575439359375 0.8273352234375 0.9607717359375 0.8483672265625 0.9608940953125
1 1 0.0890660125 0.9855687015625 0.08359726875 0.9765804484375 0.0876309234375 0.9672123015625 0.1039202109375 0.968569121875 0.11810066875 1 0.11828352812500001 1 0.0890660125
1 1 0.21753065 0.9864062921875 0.21745156406250002 0.9895570078124999 0.22700376875 1 0.2320608203125 1 0.21753065
1 1 0.3218672703125 0.9826769484375 0.32176648750000003 0.9828911484375 0.3258536828125 0.9920707109375 0.344974840625 1 0.34957387500000003 1 0.3218672703125
1 1 0.5378786046874999 0.9869985265624999 0.541278346875 0.9779440234375001 0.55042531875 0.9837687203125001 0.5576144875 1 0.5647415828125 1 0.5378786046874999