1 1 0.9168362515625 0.9754876171875001 0.9159802609375 0.9720276453125001 0.9284318546874999 0.9603329515624999 0.9397074890624999 0.9595366343749999 0.9499032 0.972580659375 0.9474377015625001 0.9865180140625001 0.9756739578125 0.9988507999999999 0.9863281484374999 1 0.9851831703125 1 0.9168362515625
1 1 0.8117970921875 0.989516715625 0.807206303125 0.9866136890625 0.8071049265625 0.952532796875 0.8089802640625001 0.9337179593749999 0.8148811171875 0.907160028125 0.81395369375 0.9072065125 0.8155512390625 0.9120109796874999 0.821773953125 0.9608614546875 0.8442464734374999 1 0.845613221875 1 0.8117970921875
1 0.9839061109375 0.7578101078125 0.981585034375 0.64615535 0.9532716875 0.645166625 0.9438735250000001 0.6809427046875001 0.9441289906250001 0.6897224984375 0.9587726015625 0.72041985625 0.9839061109375 0.7578101078125
1 1 0.577726175 0.9678993078125 0.5723145515625 0.9240207281249999 0.570782278125 0.9073822609375 0.5709338875000001 0.90651450625 0.577188215625 0.9066004609375 0.5801422734374999 0.91373956875 0.5886435734375 0.94920930625 0.6029979671875 0.96246270625 0.606739728125 1 0.6065318609375 1 0.577726175
1 1 0.48378206874999996 0.97020731875 0.4755861375 0.9679984375 0.47085871093750004 0.962725078125 0.4706745609375 0.9303295953124999 0.4836934390625 0.930373434375 0.4852000515625 0.9371864499999999 0.4951996453125 0.9519336734375001 0.50008655 0.9915665296875 0.5069354625 1 0.506858615625 1 0.48378206874999996
1 0.95367131875 0.438712365625 0.964357 0.4303225015625 0.9766778531250001 0.4030032015625 0.9762405218750001 0.3504098296875 0.97500964375 0.343108734375 0.9551932046875 0.342416728125 0.948347146875 0.3684223078125 0.9478966718749999 0.3900486828125 0.9486974937499999 0.4175711421875 0.95367131875 0.438712365625
1 1 0.2827054765625 0.996837521875 0.28135763593749996 0.9540390390625 0.27369628125 0.9503772171874999 0.27356840625 0.9198681921875 0.28509355 0.9198787109375001 0.2854550609375 0.9389310171874999 0.299009140625 0.9976970625 0.3108981171875 1 0.310690546875 1 0.2827054765625
1 0.9623594875 0.23451943437499997 0.9794821031250001 0.2219728453125 0.9766013499999999 0.1605311296875 0.9730360875 0.1526085078125 0.9563251640624999 0.15202495 0.9487203453124999 0.203776159375 0.9490891953125 0.2164527109375 0.95343659375 0.22836582968750002 0.9623594875 0.23451943437499997
1 1 0.0629298140625 0.980314996875 0.058914214062500005 0.950138246875 0.0472277703125 0.9484474453124999 0.0471687265625 0.908773075 0.05969485625 0.9032434703125001 0.0704315609375 0.8872463093749999 0.0759184734375 0.8872786421875001 0.0770296609375 0.903657321875 0.0846547546875 0.9447203343749999 0.090460628125 1 0.091492196875 1 0.0629298140625
1 0.737963440625 0.075719446875 0.825385771875 0.07877230156250001 0.839155078125 0.074049528125 0.8402987171875 0.063159659375 0.832829603125 0.0574339328125 0.8023070484374999 0.051430865625 0.7625606171875 0.0500428890625 0.743711984375 0.056507837500000005 0.7278059984375 0.06810837656249999 0.7278549187500001 0.06978968906250001 0.737963440625 0.075719446875
1 0.769522775 0.18547741874999998 0.823648175 0.188460496875 0.842335675 0.1781832765625 0.839157021875 0.1693284359375 0.8199601624999999 0.1621001859375 0.7832280078125 0.15690664999999998 0.7591143515625001 0.1560645828125 0.735164840625 0.15913906875 0.72749564375 0.164732359375 0.7275278359375 0.1658387140625 0.769522775 0.18547741874999998
1 0.7815668140625001 0.28867059375 0.8312744171875 0.290406421875 0.841285490625 0.28310515468749997 0.838106834375 0.27425031093749996 0.812996290625 0.264088221875 0.7508412328125 0.2619177203125 0.749091528125 0.2631938140625 0.74913913125 0.2648298234375 0.7519131953125 0.2734263234375 0.7815668140625001 0.28867059375
1 0.7905254968750001 0.42168466562500007 0.7980990640625001 0.41902813437499997 0.8127357171874999 0.3961712140625 0.8104811234374999 0.318685834375 0.8063278171875 0.310682725 0.7943700312499999 0.31026515 0.7896933765624999 0.3179599109375 0.7805850015625 0.3799429 0.7808850374999999 0.3902544296875 0.7905254968750001 0.42168466562500007
1 0.7870276656249999 0.5276741296874999 0.7949840859374999 0.5381754937500001 0.8047032937499999 0.5341333875000001 0.8128179375 0.5125092140625 0.8126664484375 0.43217627031249994 0.809907478125 0.42631524374999996 0.7993115109375 0.425945225 0.793057871875 0.4344125296875 0.779062140625 0.4885407625 0.77946316875 0.5023232515625 0.7870276656249999 0.5276741296874999
1 0.787520496875 0.5646553234375 0.7880121499999999 0.5815523515625001 0.789218771875 0.60159154375 0.8089243625 0.6402527515624999 0.8174950031250001 0.5967369625 0.817128465625 0.5629587234375 0.8163307140624999 0.5355417765625 0.8109491203125 0.52202273125 0.8068415390625001 0.5214238328125 0.7975479421875 0.5210992937500001 0.787520496875 0.5646553234375
1 0.8076881109375 0.6525700343749999 0.795483471875 0.67738980625 0.7963018749999999 0.7055164875 0.79887568125 0.7477970859374999 0.807883653125 0.7568746671875 0.8198761234375 0.7558329500000001 0.8266336515624999 0.72869555625 0.8264814109374999 0.7234633500000001 0.8241435421875 0.6771148234375 0.817068515625 0.6593417234375 0.80915695 0.6526213265624999 0.8076881109375 0.6525700343749999
1 0.804847721875 0.8782683703125 0.8081299968750001 0.8783829890625 0.8120384296875001 0.8624539453125 0.8355554375 0.8442886406250001 0.833142621875 0.7989287984375 0.8233263984375 0.7620734375 0.810085815625 0.7572348921875001 0.805083415625 0.757060203125 0.800563165625 0.76858104375 0.7940355796875 0.8422092624999999 0.7940615828124999 0.8431029515624999 0.804847721875 0.8782683703125
1 0.7680106609374999 0.980536975 0.7710397171875 0.9806427515625 0.796443559375 0.9775131703125 0.827240815625 0.9818675765625 0.8532064234375 0.97075153125 0.8513624171874999 0.9575713765625 0.83353204375 0.9471119031249999 0.8012268812500001 0.9379913640625 0.78615014375 0.9374648734375001 0.763165596875 0.938096771875 0.7304016734375 0.9619921250000001 0.730406334375 0.962152290625 0.7680106609374999 0.980536975
1 0.622742296875 1 0.631385865625 0.9973889515625001 0.6434940203124999 0.9627597109374999 0.6445761765625 0.9248244296875001 0.6388079390625 0.9143994781250001 0.6373632171875 0.8994899593750001 0.625858115625 0.8990881921874999 0.6181903515625 0.9195215078125001 0.6045105937499999 0.92700260625 0.6053537734375001 0.9559808249999999 0.6170350515624999 0.992506303125 0.6227126968750001 1 0.622742296875 1
1 0.4254078234375 0.9408236390625 0.43644451562500003 0.9899871031249999 0.44826682812499996 0.9830974328125001 0.46379681406250006 0.990942265625 0.4624049453125 0.9806701406249999 0.4725801515625 0.9547364171874999 0.4628064671875 0.919343046875 0.4639311640625 0.8828697515625 0.45303138593750003 0.8712001765625 0.45118163750000007 0.8711355828125 0.43636617031249997 0.8746046453125 0.4330532890625 0.911001528125 0.42512047812500003 0.9309481999999999 0.4254078234375 0.9408236390625
1 0.42489111562500004 0.734678603125 0.417169253125 0.8186175734375001 0.4174433796875 0.8280386734375 0.4202527765625 0.8382123265624999 0.431235228125 0.848586265625 0.43156439999999996 0.8485977609375001 0.45251058437499997 0.7823791859375 0.4520839953125 0.731077553125 0.45204491874999997 0.7297346046875 0.44630501718750004 0.7193608625000001 0.43706240625000004 0.7176731171874999 0.4363528453125 0.7176483390625 0.42489111562500004 0.734678603125
1 0.6111606546874999 0.855531109375 0.6316080859375 0.8445611281250001 0.627292925 0.7713853 0.6302348859375 0.7598040125 0.6367143578125 0.757109275 0.6169553875 0.752051540625 0.6168836609375 0.7520490359374999 0.5959045765625001 0.7819732171875 0.5985726296875 0.8361049906250001 0.6033318546875 0.8494157109374999 0.6111606546874999 0.855531109375
1 0.59938245 0.75705733125 0.6194895625 0.734391440625 0.6337859015625 0.6998386140624999 0.6292274390625 0.6558643453124999 0.6163745109375001 0.6349628296875001 0.614412753125 0.6348943234375 0.6028416156249999 0.650561421875 0.5956270671875 0.728985740625 0.59612635625 0.7461451953125 0.59938245 0.75705733125
1 0.401672475 0.688052234375 0.46730277343750004 0.6848791953125 0.49047174375 0.6780374109375 0.49457119531249993 0.6683437453125001 0.489898715625 0.6583437562500001 0.472100178125 0.6489783765625 0.432594659375 0.6465058328125 0.41413183125 0.6403876578125 0.4099475015625 0.6402415375 0.4035777359375 0.6531434015625 0.3723686484375 0.6736926999999999 0.3723793078125 0.6740590359375 0.401672475 0.688052234375
1 0.42382144843749997 0.564432996875 0.44082296093749995 0.6005502328125 0.456170853125 0.5645736234375 0.452122865625 0.5381432140625 0.4572955484375 0.5281003281250001 0.45552082499999996 0.504670309375 0.43931383437499993 0.491419446875 0.43839566718749995 0.49138738281250005 0.436623484375 0.49378687968749996 0.4304417890625 0.5067155359375 0.42334496875000005 0.5480574546875 0.42382144843749997 0.564432996875
1 0.571068146875 0.5552001640625 0.6225560859375 0.5679279640625 0.6766178171874999 0.5687228609375 0.696799140625 0.5595907875 0.698038284375 0.551983196875 0.691999321875 0.545214428125 0.674266 0.540207878125 0.6117435343750001 0.5380245453125 0.58257304375 0.5490440421875 0.562305821875 0.5494202484375 0.5623091515625 0.54953470625 0.571068146875 0.5552001640625
1 0.5917741484375 0.4936295125 0.6008671999999999 0.5056310703125 0.6106714875 0.5045129421875 0.6153762359375 0.4783881859375 0.61620315625 0.431680971875 0.6004185765625001 0.40807334375000004 0.6001019125 0.40806228593749994 0.5871306093750001 0.4467312671875 0.5863491921875 0.4637709375 0.5867877640625 0.47884369531250004 0.5917741484375 0.4936295125
1 0.4111026296875 0.44918600625 0.414391225 0.47345615468749996 0.42841365781249996 0.5046163859374999 0.43619991875 0.509269796875 0.45491516406250004 0.476331784375 0.4545323078125 0.4631738890625 0.44308091562499996 0.44524796406249995 0.436759665625 0.41581716562500004 0.427116290625 0.4004605828125 0.42464753125000004 0.4003743703125 0.41891387812499997 0.4035099546875 0.41180825 0.42224835625 0.41072309531249995 0.43614224999999995 0.4111026296875 0.44918600625
1 0.3829160609375 0.2826155328125 0.3701930203125 0.330695821875 0.370412096875 0.338224990625 0.3750685921875 0.350985125 0.3735185 0.3728385359375 0.37836280312500004 0.3890732328125 0.388422328125 0.396727034375 0.4021350484375 0.37967985937500004 0.41698102343750004 0.32934282187499997 0.416964934375 0.3287899203125 0.402609715625 0.28330325156249997 0.38793090625 0.278901946875 0.38571590625 0.278824596875 0.3829160609375 0.2826155328125
1 0.5775594 0.41233464062499997 0.5905183453125 0.406945165625 0.6009487906250001 0.389783371875 0.6139383390625001 0.3478823953125 0.59422554375 0.2970323 0.591013434375 0.29692013125 0.5851822375 0.29868161875 0.5697478828125 0.322381609375 0.5721241125 0.4040473265625 0.5775594 0.41233464062499997
1 0.5773237078125 0.30295421718750004 0.5862466015625001 0.30910782187499997 0.59688974375 0.2992559671875 0.598822690625 0.290560453125 0.6055335296875 0.220690665625 0.5891985328125 0.20320201249999997 0.5883258312499999 0.2031715359375 0.57830885 0.22412146718749998 0.5726376296875 0.25459398437499997 0.5747952093750001 0.291181896875 0.5773237078125 0.30295421718750004
1 0.3667966859375 0.221971078125 0.33600482187499997 0.228625221875 0.3362798703125 0.2380780046875 0.3413457390625 0.2410496953125 0.4133651828125 0.25668043125 0.43119555624999995 0.2671399015625 0.44139763906249996 0.2664031859375 0.4538141953125 0.2540898984375 0.4537671890625 0.2524744109375 0.45096302499999996 0.243784634375 0.413999465625 0.22828509375 0.376418396875 0.2223070765625 0.3667966859375 0.221971078125
1 0.3845810578125 0.20801471875000002 0.39434280625 0.20543459999999997 0.3980385421875 0.1821956140625 0.3966772765625 0.1354119875 0.390909040625 0.1249870375 0.38261572187500004 0.1179423640625 0.381432275 0.11790103593750001 0.37239455781249997 0.127261503125 0.37233645625 0.1361355609375 0.373950584375 0.19160953593750002 0.3845810578125 0.20801471875000002
1 0.6029097625000001 0.21304629218749999 0.6119547875 0.19786851875 0.617571534375 0.127960525 0.6060350624999999 0.10711062499999999 0.597324865625 0.108266959375 0.5892527656250001 0.13135312187499998 0.5883407671875001 0.17513635624999999 0.582960909375 0.1863880109375 0.5831926609375 0.19435278125 0.5848151890625 0.20422329687500002 0.5904983453125 0.211724271875 0.5978466250000001 0.212869484375 0.6029097625000001 0.21304629218749999
1 0.527514709375 0.05111328281250001 0.52758753125 0.0536160171875 0.5565821953125 0.065349984375 0.5885867640625 0.061002709375 0.6163963765625 0.063066821875 0.6424893218750001 0.05632714531250001 0.6421073046875 0.0431980453125 0.6346063531249999 0.036378225 0.618663453125 0.032530590625 0.56748290625 0.0307433265625 0.546823384375 0.0311268140625 0.5352229828125 0.034000659375 0.5295978734375 0.0414550890625 0.527514709375 0.05111328281250001
1 0.3056993578125 0.0454152125 0.30572457656249996 0.0462819203125 0.3154733515625 0.0547494421875 0.3145207203125 0.072203859375 0.35412174375 0.077958678125 0.381676678125 0.0712700546875 0.3934680890625 0.0749607625 0.4006188546875 0.0697455703125 0.415270575 0.0713502015625 0.4266799671875 0.0619118046875 0.42765920937499996 0.0525873453125 0.4276073453125 0.0508048984375 0.4187969984375 0.041962879687499996 0.4029343359375 0.037484462499999996 0.3381949 0.0352237109375 0.3056993578125 0.0454152125
1 0.13495740625 0.9366748375 0.137093328125 0.939809771875 0.144371434375 0.9389709484375001 0.1650939484375 0.9484384359375 0.19856050625 0.9441422125000001 0.21327589374999997 0.9479350265625 0.21801204218749998 0.9601231984374999 0.2262109453125 0.9407358671875 0.25211288125000003 0.9274316390624999 0.2548458484375 0.9209691953125001 0.23415516875 0.9125958000000001 0.1932513328125 0.9122603859374999 0.171053925 0.908180678125 0.16330343281249998 0.907910025 0.15555798437499999 0.9218739093749999 0.13966712187500002 0.92787686875 0.134885778125 0.9342131328125 0.13495740625 0.9366748375
1 0.1444163328125 0.7445313859375 0.1388737859375 0.7494015890625 0.13893385625000002 0.751466071875 0.1494307953125 0.7666140375 0.1630091640625 0.8576393781249999 0.17167681875000002 0.855021053125 0.1844533453125 0.8138072359375 0.18434604999999998 0.8101197234375 0.1771540125 0.7427536046875 0.170036446875 0.7235185171875 0.153284753125 0.7112495140624999 0.1444163328125 0.7445313859375
1 0.1294756265625 0.6850791765625 0.134534746875 0.6852558453125 0.183963665625 0.6849821281249999 0.2129805875 0.6783445593749999 0.22143416875000002 0.6677099640625 0.21243939531249997 0.6597449984375 0.14539128125 0.6528558046875 0.1314068953125 0.652367459375 0.1263412578125 0.6622032859375 0.10072294687500001 0.672079084375 0.1007321859375 0.6723965984375 0.1294756265625 0.6850791765625
1 0.179437384375 0.611351678125 0.1834734359375 0.5998085984375 0.18252563125000001 0.5296713671875 0.174143815625 0.5045501203125 0.1693660296875 0.502284521875 0.16696376562499998 0.5022006328125 0.1600808625 0.5126301 0.1618010421875 0.5717488859375 0.1668919 0.5933875468750001 0.179437384375 0.611351678125
1 0.165578521875 0.46926721718750003 0.16869350624999999 0.4759338765625 0.176003446875 0.4761891453125 0.187253665625 0.4612802875 0.24223619531249999 0.4435266765625 0.23759555156249998 0.4346207796875 0.20936459843750002 0.43187933437500003 0.17818860625 0.4307906453125 0.136941203125 0.43875671406250005 0.1022244921875 0.45545846250000005 0.102250396875 0.4563487359375 0.165578521875 0.46926721718750003
1 0.13973795 0.366629640625 0.148162303125 0.393212875 0.157268759375 0.3988418609375 0.15830099687500002 0.39887790624999997 0.1678865625 0.357389090625 0.15839871875 0.29425614843750003 0.148277828125 0.27677672656249996 0.14670451874999998 0.276721784375 0.1382796703125 0.2789485484375 0.13172642031249998 0.28918225 0.13203179375000001 0.2996772515625 0.13973795 0.366629640625
1 0.19646414843749999 0.241373246875 0.19306265 0.224859759375 0.16792233437499998 0.21414501874999997 0.1200938 0.20555146249999998 0.113698909375 0.20532814687499998 0.1013682296875 0.21145030937499998 0.10140749062500001 0.21279964687500003 0.12044075624999999 0.2387184515625 0.19646414843749999 0.241373246875
1 0.0850297390625 0.13273850781250002 0.08648189375000001 0.143117875 0.0939510078125 0.148843603125 0.1567528375 0.14885073124999998 0.181256453125 0.1376836328125 0.180969940625 0.12783680625 0.1668254265625 0.11977227500000001 0.1594363828125 0.11951424375 0.1501090109375 0.12129421874999999 0.0989075859375 0.1184132453125 0.08494111875 0.129692821875 0.0850297390625 0.13273850781250002
1 0.0661912625 0.021752834375 0.0782748 0.0281110515625 0.16170363906250002 0.0343033890625 0.18341061875 0.027410554687499998 0.184490590625 0.014332503125000002 0.17581713593749998 0.01082240625 0.1446584625 0.009734321875 0.120099434375 0.009897953125000001 0.07496880624999999 0.0148798390625 0.0661498765625 0.020330515625 0.0661912625 0.021752834375