1 0.9519831249999999 0.10876783906250001 0.9534805765625001 0.06588644375 0.943941290625 0.062443378125000004 0.9333188343750001 0.050502243749999995 0.9237130359375 0.0489638765625 0.92603495625 0.061504946875 0.89943125625 0.0725300859375 0.889392553125 0.0833884125 0.897368415625 0.09208599843750001 0.9301015890625 0.10311600781250001 0.9374864031250001 0.110180603125 0.9426615296874999 0.1104518203125 0.9464140640625001 0.1101806 0.9519831249999999 0.10876783906250001
1 0.7865829640625 0.0675316015625 0.7861031140625 0.0812727 0.7873794140625 0.1045540609375 0.7929524578125 0.12278523906250001 0.7920735015625 0.14795526406249998 0.7933870187500001 0.1480241015625 0.799462359375 0.1438253796875 0.8206777671875001 0.0993994984375 0.822457475 0.0484353109375 0.8209996546875 0.04302676875 0.7936551484375001 0.041593703125 0.7922101953125 0.0551297046875 0.7865829640625 0.0675316015625
1 0.7354879875 0.10898647187499999 0.73641216875 0.0825214078125 0.6995984156249999 0.06979568750000001 0.667412921875 0.0825981953125 0.633513896875 0.10273096562499999 0.633483559375 0.10359975156250001 0.6383805796875001 0.1038972890625 0.7354879875 0.10898647187499999
1 0.56825171875 0.0939648640625 0.5805401875 0.0977137203125 0.628817803125 0.0982858328125 0.6296939828125 0.07319534375 0.5775984359375 0.063406253125 0.53069433125 0.06301800937499999 0.5298821499999999 0.067011746875 0.529704659375 0.0720943875 0.53562676875 0.07983568125 0.56825171875 0.0939648640625
1 0.44702540781250005 0.06393864375 0.4824791421875 0.0744888359375 0.48476190937499997 0.0801928796875 0.486481759375 0.0802830140625 0.5213713109375 0.06721255000000001 0.5148450109375 0.0565210375 0.50121520625 0.051666935937500005 0.46509990312499994 0.044724528125 0.4613717046875 0.044529140625000005 0.447707153125 0.044416034375 0.44702540781250005 0.06393864375
1 0.34875555625 0.053978915625 0.3558853609375 0.0636886671875 0.3816232609375 0.0774569171875 0.40371462812500003 0.079076090625 0.43526496249999996 0.08072957343750001 0.435326484375 0.0807241734375 0.43602071249999996 0.0608440578125 0.4142055796875 0.05329077343750001 0.3775101046875 0.0495262984375 0.3718524109375 0.049229790625 0.34879676718749997 0.052798790625 0.34875555625 0.053978915625
1 0.3061076609375 0.0723953671875 0.3071120296875 0.07244800312500001 0.3375265828125 0.0617524390625 0.3375286515625 0.061693178125000005 0.32010772187500003 0.048398125 0.2653359796875 0.0362131203125 0.258568015625 0.0367022875 0.257716834375 0.061076928125 0.26436194999999996 0.064105684375 0.3061076609375 0.0723953671875
1 0.20084814374999999 0.0856632640625 0.20406783750000002 0.08583200156250001 0.21947483281250002 0.0753585078125 0.22046198437500003 0.0174531296875 0.21829310937500002 0.0118197375 0.2013999453125 0.0109344046875 0.19033889375 0.063009290625 0.190204628125 0.0668541453125 0.19444094375 0.0809461953125 0.20084814374999999 0.0856632640625
1 0.0672430203125 0.0467573046875 0.067087003125 0.0512250140625 0.0784612375 0.08819291875 0.088599415625 0.0942439625 0.0937857984375 0.109794196875 0.09482450625 0.10984863281249999 0.10202916875000001 0.0949477859375 0.10750820624999999 0.056596854687499996 0.10845521250000001 0.005683896875 0.0810941625 0.004249965624999999 0.0777189765625 0.020537384375000002 0.0672430203125 0.0467573046875
1 0.12427623437499999 0.2209673015625 0.13526538906250002 0.217468109375 0.1370035515625 0.20720971718749998 0.1302968765625 0.20168349375 0.09879681093750001 0.194857903125 0.06573895937499999 0.1931254140625 0.0462026859375 0.1993462 0.030228090625 0.21020554218749998 0.030183996875 0.21146821249999997 0.038130692187499995 0.2164526046875 0.12427623437499999 0.2209673015625
1 0.1712651671875 0.228125965625 0.22237141249999998 0.23080433125000002 0.2388688765625 0.2223220484375 0.23640265624999998 0.21391321093750001 0.21871277031249997 0.20677643125 0.17068378125 0.199084596875 0.1388229640625 0.202589584375 0.13047898125 0.20826172656250003 0.1304734375 0.208420471875 0.16967367656250001 0.22801021718749998 0.1712651671875 0.228125965625
1 0.271472234375 0.1963803421875 0.2685151671875 0.25142262187500003 0.2711668578125 0.255276625 0.2729157875 0.2553682828125 0.28086375937499997 0.253449715625 0.29525551562499996 0.2266053296875 0.2968909234375 0.1797733734375 0.29029325 0.17018422187499999 0.2887355875 0.1701025875 0.2816355578125 0.1720742171875 0.271472234375 0.1963803421875
1 0.42100422968749995 0.22634925 0.4189593875 0.2203218546875 0.3974258703125 0.204704053125 0.32442311562500004 0.20087814062499998 0.31601435312500004 0.20457725 0.3156536015625 0.214907828125 0.3237376875 0.22050623906250003 0.385422634375 0.2346534046875 0.38976373125 0.2348809109375 0.42095311874999997 0.22781288281249998 0.42100422968749995 0.22634925
1 0.47355575156249996 0.2815369734375 0.47380755937499996 0.28155017031249996 0.483057590625 0.2779792390625 0.492043559375 0.25775120625 0.4967551875 0.18210190937499998 0.49389651562500003 0.1750524375 0.4856320515625 0.174619315625 0.478063946875 0.1838822046875 0.46139870624999996 0.2350796640625 0.46097858125 0.24711048125 0.4667210671875 0.271603353125 0.47355575156249996 0.2815369734375
1 0.5871170390625 0.2436584 0.6126593984375 0.24499701875 0.6254103046874999 0.24093684531249998 0.62722061875 0.22861233749999998 0.5835403109375 0.2149387171875 0.550446384375 0.21423928750000001 0.514812871875 0.229583178125 0.514793409375 0.2301405328125 0.555018071875 0.2413875375 0.5871170390625 0.2436584
1 0.679689771875 0.2726522609375 0.6862017171875 0.278593040625 0.6884250187500001 0.278709559375 0.7017677578125 0.25501969999999996 0.7020829296875 0.245994334375 0.7022519843749999 0.1896588890625 0.6942761234375 0.180961303125 0.6828643875 0.1817431703125 0.6753154296874999 0.20564665781250002 0.6743857203125 0.23227003750000003 0.6740686265625 0.2557984953125 0.679689771875 0.2726522609375
1 0.8194467515625 0.257089159375 0.85282928125 0.24952412812500002 0.85293750625 0.2464249546875 0.8379302921875 0.2414986671875 0.8208176078125 0.2178329625 0.7780818109375 0.2166282203125 0.7433579453125 0.22308801093750003 0.7384266515625 0.23624509218749998 0.7383018531250001 0.2398188234375 0.749487421875 0.24514315937500003 0.8194467515625 0.257089159375
1 0.9307896687499999 0.3258492625 0.9314623984375 0.32588451875 0.9489662609374999 0.2914799265625 0.945747934375 0.2650925671875 0.9498572125000001 0.23632936718750003 0.9393593796875 0.2109404375 0.926914584375 0.21166816718749998 0.9170398625 0.22770982812499999 0.9082906156250001 0.2580151453125 0.9078802609375 0.2697661765625 0.9085327031249999 0.293500690625 0.9307896687499999 0.3258492625
1 0.9051399625000001 0.441965203125 0.9311635062500001 0.44483618125 0.9419486562499999 0.44540140624999996 0.950702734375 0.44124819843749996 0.9658903249999999 0.44100919843749997 0.9662510765625001 0.43067862031250004 0.945878521875 0.4213313546875 0.9381191109374999 0.4064354203125 0.91608054375 0.4052804265625 0.8771162234375 0.4146228265625 0.8713783546875 0.41852336562500003 0.8712086890625 0.4233819625 0.8725150140625001 0.42783602031249995 0.9051399625000001 0.441965203125
1 0.8463849968750001 0.5963270921875 0.8462349203124999 0.6006247015625 0.8537482953125 0.6002149890624999 0.876465553125 0.611028415625 0.8811074328125 0.6112716859375 0.91152738125 0.605312959375 0.9458904921875 0.6091837515625 0.9572705296875 0.5994306671875 0.953679425 0.583718240625 0.9193884625000001 0.5777813328125 0.8976745734374999 0.567328821875 0.8471435953125 0.5746036828125 0.847004475 0.5785875453125 0.85146245 0.5866408640625 0.8463849968750001 0.5963270921875
1 0.7542719109375 0.6531506640625 0.75516345625 0.6531973875 0.7788323515625 0.5915927328125 0.7815970171875 0.5420600953125 0.7767684296875 0.532147521875 0.7675190093750001 0.5302828468749999 0.755578171875 0.5462162296875 0.743754746875 0.6215807765625 0.743259675 0.635757784375 0.7449316484375 0.643633390625 0.7542719109375 0.6531506640625
1 0.7352026234375 0.41822120468749996 0.7617400953125 0.4390877953125 0.7631595984375 0.4391621875 0.812778553125 0.440755690625 0.8253195468750001 0.437273140625 0.831081715625 0.43033048437500004 0.820747859375 0.41012488906250005 0.7518051859375 0.408581653125 0.7408941265625 0.404904984375 0.7384236234375 0.3987318421875 0.73831314375 0.3987260515625 0.7355067296875 0.40951277187499996 0.7352026234375 0.41822120468749996
1 0.737783825 0.43395734218750004 0.7166371265625 0.4133751796875 0.6840843296875 0.3971798828125 0.6426537890625 0.39811344531250004 0.6215597296875 0.40942733281250004 0.637655753125 0.4226902734375 0.7189562859375 0.43684559062500006 0.7243754 0.43712959375000005 0.73777516875 0.43420521562500003 0.737783825 0.43395734218750004
1 0.70451254375 0.5980063140625 0.708885884375 0.5890956234375 0.708898059375 0.5887469640624999 0.705161896875 0.5794112734375 0.6889215734375 0.570280565625 0.6517675656249999 0.567298459375 0.6313228578125 0.56001730625 0.6239668296875001 0.573086125 0.5929422953125 0.592159165625 0.6187865703125001 0.6053508296875 0.6270510375 0.6057839515625 0.68222145 0.6040827281250001 0.70451254375 0.5980063140625
1 0.50138321875 0.5750125296874999 0.535909240625 0.5837884578125 0.5577720484375 0.5849342390625 0.589790015625 0.57240109375 0.5558958828125 0.5551005499999999 0.5309942671875 0.55690035625 0.5215327703125 0.5512297578124999 0.49945812656250005 0.5511078234375 0.4874502109375 0.564886940625 0.48738798125000005 0.5666689640625 0.489202975 0.5681644984374999 0.50138321875 0.5750125296874999
1 0.5321139453125 0.40200784531249995 0.5894078453125 0.40501049218749996 0.6085442140625 0.3969230875 0.61017415 0.38976387031250004 0.604880959375 0.383276775 0.5844001796875 0.37702868125 0.53205858125 0.3742855734375 0.501322646875 0.385094153125 0.4827704453125 0.3851157015625 0.48275228906249995 0.3856356125 0.49008691562499995 0.3907150046875 0.5321139453125 0.40200784531249995
1 0.45873675 0.4232080625 0.47556757968749996 0.42409012968750004 0.48898375156249996 0.4206383546875 0.5002916374999999 0.41295138593749997 0.499238903125 0.40358167968750003 0.47462589062499994 0.3971170234375 0.43062090625 0.3927409234375 0.4084757609375 0.40581351562499995 0.408461921875 0.4062098265625 0.4447983921875 0.42142754375 0.45873675 0.4232080625
1 0.47244706406250003 0.5775646921875001 0.4626936875 0.5604943625 0.4584904015625 0.5326754515625 0.4497219859375 0.5170366750000001 0.44234627812499994 0.520789925 0.43448957187500004 0.538317278125 0.4317500515625 0.55749274375 0.4338391203125 0.5865807843749999 0.445225709375 0.6161560875000001 0.4513531015625 0.62005640625 0.45266080000000003 0.620124940625 0.47201416093750004 0.5899613859375 0.47244706406250003 0.5775646921875001
1 0.343136078125 0.6519536234375 0.34536360625 0.6520703625000001 0.348218540625 0.6485761015625 0.36441295625 0.599747290625 0.359776771875 0.584325071875 0.362564390625 0.5637721953125 0.3589612625 0.5484041203125 0.3499042421875 0.54102980625 0.3358972890625 0.5568549078125 0.3202998453125 0.5998876734375 0.3199731890625 0.6092418671875001 0.3296234984375 0.6476015765625001 0.343136078125 0.6519536234375
1 0.32713455156250004 0.4288339609375 0.4053785203125 0.43293455312500007 0.4125086890625 0.42881698437500004 0.40743195 0.4161315421875 0.3912637765625 0.40493472031250005 0.35178785 0.38941154375 0.30365177499999996 0.40423554531250006 0.303572128125 0.406516346875 0.3054314265625 0.41285581875000005 0.32713455156250004 0.4288339609375
1 0.2538948640625 0.4187341921875 0.30386903125 0.421353228125 0.3092067859375 0.42063682968749994 0.3150050296875 0.4126611140625 0.3057239078125 0.401825228125 0.2975315953125 0.39932598750000003 0.23170449375 0.3875965484375 0.2161058453125 0.40096513125 0.2160343234375 0.4030132234375 0.23493484687500002 0.41363955625 0.2538948640625 0.4187341921875
1 0.27028215312500004 0.6006141265625 0.2848734796875 0.6097662203125 0.29515622812500003 0.610305115625 0.296164353125 0.6102501421875 0.308993946875 0.5985031328125 0.3065638046875 0.5890612375 0.27259751875 0.5738268093750001 0.23145558125000001 0.566495909375 0.1991468625 0.572824609375 0.198829071875 0.5819249328125 0.20322194374999997 0.58468026875 0.27028215312500004 0.6006141265625
1 0.13599877968750002 0.5881077921875 0.13587645937499998 0.5916105984375 0.143629696875 0.5997679515625001 0.2014087875 0.604865921875 0.21971195 0.5944407171874999 0.21728180625000001 0.584998821875 0.1970752234375 0.58011915625 0.1507046984375 0.5776889796875 0.1414881546875 0.58206159375 0.13599877968750002 0.5881077921875
1 0.146612359375 0.3960545109375 0.18786252187500002 0.40028623750000003 0.1988374296875 0.406456596875 0.20456229218750002 0.406756625 0.21526643124999997 0.40586220937500006 0.222333859375 0.4010578546875 0.2241080953125 0.38976640625000003 0.2092812578125 0.37967482812500003 0.1434180828125 0.36897844687500003 0.12455410156249999 0.3779281046875 0.1243792328125 0.382935665625 0.12486239375 0.38663505625 0.146612359375 0.3960545109375
1 0.038946490625 0.3780551265625 0.014774573437499999 0.3837801625 0.014305667187500001 0.39720787031250004 0.020138275 0.40294314218749994 0.044423114062500005 0.409321603125 0.046039271874999996 0.4094063015625 0.102710753125 0.40934047968750004 0.1138382609375 0.406818803125 0.1196004296875 0.39987614531250004 0.1227520765625 0.3886568828125 0.0973544625 0.37765770781249997 0.09155096874999999 0.37735355937500004 0.0650812140625 0.3804597390625 0.038946490625 0.3780551265625
1 0.04083694375 0.61732648125 0.10149752187500001 0.6205055671874999 0.1336277140625 0.611180175 0.12427444218749999 0.602410403125 0.12622905625 0.5859536656250001 0.08918327499999999 0.5798723828125001 0.06275995 0.5857322359375 0.051848890625 0.5820555656249999 0.0447814625 0.5868599203125 0.031043434375 0.5851049921875 0.019969778125 0.593617234375 0.0195440203125 0.6058093343750001 0.025937171874999998 0.6127809921875 0.04083694375 0.61732648125
1 0.9046828546875 0.8504009078125 0.9256782484375 0.854672915625 0.932672703125 0.8550394796875 0.9408562796875 0.8419471921874999 0.9562242453125 0.836542903125 0.9619864140625 0.829600246875 0.9593758937500001 0.8253236390625001 0.9524527656249999 0.8259957625000001 0.9334576203125 0.81672068125 0.9015968031250001 0.82022566875 0.887930925 0.816404625 0.8841955203125 0.804824428125 0.8752817046875 0.822986346875 0.8500193375 0.8351167328125 0.848926003125 0.8373444046875 0.8487663984375 0.8419148796875 0.8660792875000001 0.8494127296875 0.9046828546875 0.8504009078125
1 0.7301546906249999 0.8679063546875 0.7328872265624999 0.8680495593750001 0.746657590625 0.8595839109375 0.8324177921875 0.853728928125 0.8299515734374999 0.8453200921875 0.7904756484375 0.8297969140625 0.7241795671875 0.831497228125 0.7060567796874999 0.8367571437500001 0.6950450390625 0.8509674765625 0.695013996875 0.8518564078124999 0.725852134375 0.8626333359375 0.7301546906249999 0.8679063546875
1 0.6686902953125 0.8584237031249999 0.6814158546875 0.859090621875 0.6868105015625 0.8498625984375 0.71196464375 0.8408313859375 0.6848132609375 0.8280240093750001 0.6337769234375 0.8274192046875 0.6059761875 0.8332068687499999 0.5983055859374999 0.8420089046875001 0.598237709375 0.8439526125000001 0.6053629093749999 0.8507688531250001 0.6686902953125 0.8584237031249999
1 0.559522265625 0.8339181343750001 0.583174503125 0.8302567828124999 0.60010025625 0.8197593921875 0.589225271875 0.8150496640625 0.5231456453125001 0.8105516296875 0.499477140625 0.8165558546874999 0.49729047031249995 0.8210112 0.4972161671875 0.8231389765625 0.508065528125 0.8312214015625001 0.559522265625 0.8339181343750001
1 0.429680709375 0.7847560062500001 0.4289631734375 0.805303525 0.436853975 0.8468148687499999 0.45292818593749995 0.8815540000000001 0.4533367734375 0.8815754140625 0.46566044218749997 0.82210585625 0.4719549890625 0.8196758765625001 0.472195490625 0.8127888249999999 0.45811748281250003 0.8010115765625001 0.44141298906250004 0.7478949515625 0.4409517078125 0.7478707765625 0.43294148593750004 0.7513945625 0.429680709375 0.7847560062500001
1 0.2843467734375 0.8225803515625 0.2841863796875 0.8271734234375 0.285587509375 0.8326172656249999 0.29635426875 0.8404261671875 0.3681960609375 0.8379815453124999 0.39324197656250004 0.83204950625 0.3990762953125 0.823040734375 0.360621940625 0.810971334375 0.3570668734375 0.8107850203125 0.30001096718750003 0.8147440953125 0.2843467734375 0.8225803515625
1 0.2144972046875 0.826446515625 0.2595000265625 0.8354135906250001 0.265062959375 0.8357051312499999 0.2778580859375 0.8297671187500001 0.2608175546875 0.8040352984375 0.191200215625 0.8003868078125 0.190805784375 0.8116818390624999 0.191405903125 0.8159218156250001 0.2144972046875 0.826446515625
1 0.11141341406250001 0.8401755765625 0.1241975390625 0.8408455640625 0.171267515625 0.8416694171874999 0.19480454687499998 0.831650346875 0.195138984375 0.8220733125 0.1805420828125 0.81317691875 0.166659753125 0.815554221875 0.11848646249999999 0.81199461875 0.104328815625 0.8226264078125001 0.1043243859375 0.8227532734375 0.1052600390625 0.8351052671874999 0.11141341406250001 0.8401755765625
1 0.03645289375 0.873086915625 0.0416446375 0.8819145765625 0.042903984374999996 0.8819805765625001 0.0489457890625 0.8709817781250001 0.05478667499999999 0.7926318015625 0.0482767734375 0.7715916640625 0.0359281796875 0.76956456875 0.032307495312500004 0.7782236265625 0.031543903125 0.8000900421875 0.031745653125 0.8300623500000001 0.03645289375 0.873086915625
1 0.4667462015625 1 0.46743176562500005 0.980368009375 0.4257292 0.9890913859375001 0.41598349375000004 0.997688775 0.4159665078125 0.9981752109375 0.41724216406250003 1 0.4667462015625 1
1 0.2551472578125 1 0.25565407812499996 0.9854865515625001 0.252806725 0.9853373281250001 0.24322033125 0.9858979031249999 0.23339808281250002 0.9905578828125 0.22966095000000003 0.998970428125 0.22962499687500001 1 0.2551472578125 1
1 0.1503361671875 1 0.1507568265625 0.9879539093749999 0.14405015000000002 0.982427684375 0.125431275 0.9803736078125 0.12474590625 1 0.1503361671875 1
1 0.0477694765625 1 0.0483420234375 0.983604403125 0.0455787140625 0.9837031015625 0.03300164375 0.988218709375 0.031077390625 0.9927533499999999 0.030944867187500003 0.9965483125000001 0.0335854171875 1 0.0477694765625 1
1 0 0.208192821875 0.022492809375 0.2093716203125 0.0238780171875 0.2094095515625 0.033664190625 0.2057826296875 0.034805475 0.20273759687499998 0 0.20091351875000002 0 0.208192821875