1 0.0686914328125 0.0845276890625 0.06870185625 0.0844111328125 0.068543946875 0.0753645265625 0.05750804375 0.0782117234375 0.04499104375 0.053164134375000005 0.03376085625 0.044167203125 0.025852956249999996 0.05249115 0.0173601890625 0.084978915625 0.0104583234375 0.0932677328125 0.0116047484375 0.101275496875 0.018218109375 0.1213130984375 0.05083393125 0.12017412812499999 0.057812220312499996 0.09563799687499999 0.0686914328125 0.0845276890625
1 0.098961621875 0.20416877812499998 0.12393439375 0.203296709375 0.1239230125 0.2026447515625 0.1189459375 0.1964243640625 0.0743763640625 0.17885442812500002 0.024778509375 0.1805864234375 0.0034464796875 0.18796339687500002 0.0037921484375 0.20776670937500002 0.0051454015625000005 0.2084515609375 0.0333306578125 0.209480609375 0.0458995828125 0.21415358437499998 0.058463125000000005 0.21371485625000003 0.0816407109375 0.21081353281249998 0.098961621875 0.20416877812499998
1 0.0449604296875 0.305699246875 0.05958309375 0.33603850468749996 0.08146164375 0.3675682765625 0.0794476078125 0.252184240625 0.059207034375 0.2528910578125 0.0449604296875 0.305699246875
1 0.0675475984375 0.42915405156249997 0.0956768140625 0.4281717578125 0.12000873281249999 0.42624639843749995 0.11983928749999999 0.41653890625 0.1144056 0.410333915625 0.0820232921875 0.3993849375 0.06990626875 0.39678812343750003 0.020343532812500002 0.400532190625 0.007104334375 0.40700704375 0.0072605921875000005 0.41595903593749994 0.0221054671875 0.42463025 0.0675475984375 0.42915405156249997
1 0.066948996875 0.5316590921875 0.0712041078125 0.4964754390625 0.07111871875 0.4915834859375 0.06994361875 0.47253733281250004 0.061754940625 0.464775490625 0.0537768453125 0.4690779890625 0.043505985937500005 0.5150408453125 0.037516565625 0.5179326 0.0522170921875 0.550075240625 0.05650367187500001 0.54992555 0.0631588328125 0.5452044453125 0.066948996875 0.5316590921875
1 0.0746181328125 0.613944775 0.074650634375 0.604356671875 0.07387552343750001 0.5599506109375 0.0716013828125 0.5456438375 0.059178053125 0.5460776703125 0.0489290671875 0.5839919640625 0.0476189421875 0.6242767031249999 0.052788 0.646989353125 0.054611371875 0.6469256796875 0.0629902640625 0.639835521875 0.0746181328125 0.613944775
1 0.0345959078125 0.673265884375 0.0185452375 0.6758396859375 0.011930628124999999 0.68110391875 0.0121237921875 0.6921703171875 0.0350700390625 0.7004288625 0.0767303640625 0.7050139484375 0.10588548281250001 0.6919675109375001 0.10588306562500001 0.6918290078125 0.0883732546875 0.680447784375 0.0345959078125 0.673265884375
1 0.072559471875 0.7532644484375 0.0647206234375 0.7359639515625 0.0557364921875 0.74030158125 0.0457698109375 0.8036907109375001 0.051057370312499996 0.8182603609375001 0.056969843750000006 0.8219499906250001 0.061132546875000006 0.8218046265625001 0.0735831109375 0.8119087171875 0.072559471875 0.7532644484375
1 0.09543046250000001 0.8991309734374999 0.095399690625 0.8973680281249999 0.093369009375 0.8372701921875001 0.08898723124999999 0.8333993078124999 0.0738487828125 0.833927953125 0.0692007421875 0.8367728671875 0.0646853234375 0.8664391406249999 0.055116321875 0.894940590625 0.0688499421875 0.9320173921875 0.0790038984375 0.9370280062499999 0.08508028906250001 0.9522983546875 0.0855784265625 0.9522809593750001 0.09208236875 0.936571296875 0.09543046250000001 0.8991309734374999
1 0.2795686046875 0.8791228625 0.27954089843749996 0.877535603125 0.269932078125 0.872511921875 0.19084360625000002 0.8752737515625 0.177526584375 0.8807720421875 0.17636170625 0.8908792125 0.1831519203125 0.8956753390625 0.21221569687500003 0.8993916640625 0.24704142187499997 0.8981755234375 0.2648862375 0.8908078171874999 0.2795686046875 0.8791228625
1 0.2391270359375 0.8207455625 0.24202463125 0.788343 0.2416013 0.7640903984375 0.237769940625 0.7429975734375 0.231593334375 0.7351654671875 0.215169265625 0.7746366984375 0.2150289640625 0.824269684375 0.2243091046875 0.8395581609375 0.2308350609375 0.8393302703125001 0.2333949953125 0.838382625 0.2391270359375 0.8207455625
1 0.262298034375 0.6958236921875 0.26083860625 0.6912173312500001 0.23380066875 0.6790750734375 0.1882242609375 0.6806666375 0.17896380625 0.688036565625 0.18178525625 0.695991234375 0.20599608906250003 0.70417730625 0.261068978125 0.70225411875 0.2623919 0.701201271875 0.262298034375 0.6958236921875
1 0.2347192953125 0.6385310109375 0.23340883437499998 0.5634547375000001 0.2304288453125 0.557800090625 0.220368484375 0.55815140625 0.21547869375 0.566369959375 0.2055120109375 0.6297590890625 0.21467004687500002 0.6600977375 0.2191248328125 0.659942171875 0.22212335 0.6586875984375 0.2347192953125 0.6385310109375
1 0.27302855312499996 0.5044435359375 0.272965225 0.5008155171875 0.2700417578125 0.4945804359375 0.2497940359375 0.48723430468749995 0.1760323734375 0.48779682031249993 0.16938264218750002 0.49104898124999996 0.1695231265625 0.499097271875 0.179029428125 0.5058118515625 0.2310907921875 0.5188135953125 0.24029980625 0.518492009375 0.2649607953125 0.51086425625 0.27302855312499996 0.5044435359375
1 0.2697634765625 0.4069575671875 0.269747040625 0.40601595625 0.23069503593750001 0.39861616875 0.175717690625 0.3995293703125 0.1624006671875 0.40502765781249994 0.161270909375 0.417146903125 0.20134209687500002 0.42604529687500003 0.22912812656249998 0.42507498750000006 0.2365135390625 0.4245858671875 0.2697634765625 0.4069575671875
1 0.2243188828125 0.3114021515625 0.2216507515625 0.2574421578125 0.2134620703125 0.24968031562499998 0.20241906875 0.25140724375 0.19582138437500002 0.277122334375 0.19764635625 0.32400409375 0.20396335156249998 0.3398790953125 0.2116807046875 0.3459481921875 0.212311021875 0.34592618124999996 0.2244854234375 0.3209432375 0.2243188828125 0.3114021515625
1 0.264562196875 0.198546596875 0.25061369375 0.195242740625 0.23280109062499998 0.1737184828125 0.1912636921875 0.17617565156249998 0.15789210781250002 0.1853942046875 0.1528111453125 0.20167802968749998 0.16496329062499998 0.20628691406250002 0.2231123421875 0.21109208281249997 0.23777020625 0.21058021875000002 0.264623228125 0.202043071875 0.264562196875 0.198546596875
1 0.24985393125000002 0.0724716765625 0.249499559375 0.0521697078125 0.24822520625000002 0.036274490625 0.224548215625 0.0062514187499999995 0.209059990625 0.0416660703125 0.2135286984375 0.0669947125 0.2110019546875 0.09525024062500001 0.2216874109375 0.1173346984375 0.23472633593749997 0.11687936875 0.24331210468750003 0.10082844375 0.24985393125000002 0.0724716765625
1 0.43049244218749994 0.07277344531249999 0.43031683750000005 0.06271308125 0.4100691171875 0.055366950000000005 0.40178037343749995 0.041563309375 0.3803326546875 0.04231228125 0.34299230625 0.054689378125 0.33637769687499997 0.059953612499999996 0.33919914218749997 0.06790828125000001 0.3715814515625 0.078857259375 0.4057877171875 0.07963672499999999 0.4065417421875 0.07961039375 0.415764696875 0.07429439843749999 0.43049244218749994 0.07277344531249999
1 0.52997121875 0.11083486718749999 0.5393353890625 0.12031325781249999 0.5436716015624999 0.12016183437500001 0.555239115625 0.116658990625 0.55867830625 0.08300640000000001 0.5670521625 0.062009996874999994 0.567010740625 0.0596369421875 0.556408765625 0.010655471875 0.5454593578125 0.0177443328125 0.5312578609374999 0.0115337609375 0.532427684375 0.0208820078125 0.522976565625 0.044884365625 0.5229984796875 0.046139803125000003 0.5313983375 0.0772525390625 0.52997121875 0.11083486718749999
1 0.6148962515624999 0.20546230781250002 0.6148567859375 0.20320135781249998 0.5544334828124999 0.184719628125 0.50615855 0.185398775 0.496862975 0.19075663125 0.4956805359375 0.19985776875 0.511959490625 0.2103624390625 0.58976639375 0.2170496703125 0.5978788203125001 0.216766378125 0.6072566765625 0.2140811328125 0.6148962515624999 0.20546230781250002
1 0.43644627343750003 0.1930646125 0.40834573281250003 0.1741960359375 0.3587654375 0.17693406875 0.3467713359375 0.181379509375 0.341532328125 0.18860900625000002 0.35258983593750004 0.20734920781250002 0.4195788453125 0.2029966015625 0.43035538593749995 0.205640225 0.433138084375 0.211575084375 0.4331433203125 0.2115749015625 0.436482328125 0.1951301359375 0.43644627343750003 0.1930646125
1 0.40860584375000003 0.299919915625 0.4082397140625 0.2789443796875 0.4061760546875 0.2566943140625 0.3937526484375 0.23700865468750001 0.3819609921875 0.25351602500000003 0.37335131875 0.336977259375 0.37749214375 0.35110209531250003 0.378056240625 0.351082396875 0.39637316093749997 0.3294668203125 0.40860584375000003 0.299919915625
1 0.567109609375 0.3648053890625 0.5679907171874999 0.3647746203125 0.579258446875 0.338333590625 0.5731753453125 0.27818753281249997 0.565758721875 0.2569857328125 0.5566342015625 0.25328046875 0.5476500703125 0.2576181 0.539882559375 0.27398494375000004 0.539508275 0.31021310468749996 0.5341932625 0.32920799375 0.5342196343750001 0.33071885624999997 0.54701849375 0.33677683593749996 0.567109609375 0.3648053890625
1 0.5570165125 0.455738925 0.5638833015625 0.4178868546875 0.56360653125 0.40203068125 0.548476771875 0.370193959375 0.533971184375 0.4042329984375 0.5374104609375 0.428256290625 0.5325440671874999 0.43781532656250005 0.533924475 0.4592279140625 0.5484852921875001 0.4702070765625 0.5496534843750001 0.47016628281250006 0.551190878125 0.46801405625000003 0.5570165125 0.455738925
1 0.43579163593750003 0.4242708109375 0.4357885078125 0.4240916125 0.42792459687499995 0.41949813125 0.38083210312500004 0.41107614375 0.3312518078125 0.413814175 0.3126430953125 0.42352385000000004 0.3114255359375 0.430612915625 0.3168928296875 0.43646189062499996 0.334184825 0.44016775625 0.38977995781249997 0.43822633125 0.4173060984375 0.42590883437500004 0.43579163593750003 0.4242708109375
1 0.3993136046875 0.557844434375 0.408344534375 0.55618776875 0.412953546875 0.5318834234375001 0.413747128125 0.5048937859375 0.41344883593750004 0.48780456406250006 0.39975799843750004 0.467961840625 0.3873112796875 0.5046115796875 0.3859988515625 0.52745838125 0.3860859171875 0.53244636875 0.39107813125 0.547401628125 0.3993136046875 0.557844434375
1 0.559299678125 0.45749870625 0.5521872296875 0.453723178125 0.5346167375 0.4851866453125 0.534827321875 0.4972509890625 0.5451684609375 0.5129854640625 0.55066660625 0.5396194578125 0.5599783125 0.5540485828125 0.566950371875 0.5497812140625 0.5736884484375 0.53210901875 0.575001478125 0.517425975 0.574857003125 0.5091490125 0.571863475 0.4852272609375 0.559299678125 0.45749870625
1 0.6437099796875 0.6022179078125001 0.6436951640624999 0.6013690671874999 0.6398120078125 0.59862628125 0.5913087906250001 0.586226959375 0.576651284375 0.5917720578125001 0.5565089249999999 0.590462146875 0.54183385625 0.5950012078125 0.5352894874999999 0.6042895875000001 0.5516035640625 0.6168063296875 0.596370784375 0.6295704765625 0.60142709375 0.62939390625 0.6401280953125 0.6167349343749999 0.6437099796875 0.6022179078125001
1 0.4156261109375 0.638368803125 0.426423325 0.6041216515625 0.426254678125 0.594459890625 0.41010448125 0.55271844375 0.4021029875 0.5556804625 0.3864275765625 0.580371253125 0.38766768125 0.6514168296875 0.392508015625 0.65857785625 0.3984648984375 0.6583698359375 0.405846528125 0.654805909375 0.4156261109375 0.638368803125
1 0.42343261718749997 0.701494490625 0.422808496875 0.6657386734374999 0.422706553125 0.6635936124999999 0.4205072953125 0.652940015625 0.4123654109375 0.6478591359375 0.40246883593750005 0.6575938296875 0.400597153125 0.6657069890625 0.393671978125 0.7303312046875 0.408722175 0.7455649796875 0.4092055734375 0.7455480999999999 0.41875268906249996 0.72543146875 0.42343261718749997 0.701494490625
1 0.601952309375 0.7126365171875 0.6059068859375001 0.675733284375 0.6058159859375001 0.6705256828125 0.5977010234375 0.6404681906249999 0.589560596875 0.6407524609374999 0.5866978921875 0.64610423125 0.57577196875 0.71220945625 0.5669984218749999 0.7286114328125 0.5681682453125 0.7379596796875 0.5797861609375 0.7489720078125 0.5826461000000001 0.7488721375 0.58945879375 0.74660529375 0.601952309375 0.7126365171875
1 0.63560565 0.7649120140625 0.63402423125 0.75992061875 0.61250626875 0.7566454421875 0.5696108265625 0.7581433843750001 0.56031525 0.763501240625 0.5537533203125 0.7717835843749999 0.5632947421875001 0.780510234375 0.5718771234375 0.780517246875 0.6222860859375 0.7787569265625 0.635688821875 0.7696769578125 0.63560565 0.7649120140625
1 0.4077285296875 0.8126582390625 0.40903865625 0.7723734984374999 0.413559378125 0.7628479312499999 0.41333925312500003 0.7502369703125 0.4125948359375 0.7454233203125 0.4074476640625 0.738896565625 0.3963578671875 0.73794253125 0.387560921875 0.753004021875 0.3816417828125 0.8175931078125 0.3916182171875 0.8352790499999999 0.39648021718750004 0.835109265625 0.40005461093749994 0.8343870125 0.4077285296875 0.8126582390625
1 0.39802858125 0.9184437390625 0.40511574218749996 0.9411224703125001 0.418638728125 0.9406502375000001 0.42348366249999997 0.9349917234375 0.4271691015625 0.9155575984375 0.4267565015625 0.891919728125 0.42409184218749996 0.8544925062500001 0.4208865484375 0.8438740390625 0.41375070156250005 0.83875803125 0.40263750781249996 0.8364635125 0.3934119734375 0.86258570625 0.3934692453125 0.8658667875000001 0.39859005000000003 0.8929394390625 0.39802858125 0.9184437390625
1 0.6301182828125 0.8983916750000001 0.629125603125 0.841521053125 0.61755448125 0.8101030640625 0.6096699796875 0.8197674953125 0.5935500031250001 0.8189891171875001 0.5901576078125 0.8553226734375 0.5976444296875 0.880545921875 0.59481350625 0.8913751765625 0.599960678125 0.8979019312500001 0.599188625 0.9113418890625 0.608228078125 0.9215220125 0.620062409375 0.9211087484375 0.6264217953125 0.914414784375 0.6301182828125 0.8983916750000001
1 0.8279046375 0.049107409375 0.83250309375 0.0427618328125 0.8324708890625001 0.0409167796875 0.8303924374999999 0.0379473921875 0.8237075859375 0.0391874796875 0.8048003453125 0.0317945390625 0.7740570499999999 0.037901365625 0.7605995421875 0.035351365625 0.7563849296875 0.0244254 0.7486581218749999 0.0428149140625 0.7247577203125 0.056735978124999996 0.7221821187499999 0.06286581718749999 0.7410717984375 0.0692527203125 0.7785877484375 0.06693598437500001 0.7973406749999999 0.06909030000000001 0.8061411812499999 0.0687829796875 0.8132646906250001 0.05565854375 0.8279046375 0.049107409375
1 0.8260924624999999 0.2129177625 0.8255777203125 0.18342819375 0.8217128265625 0.143124478125 0.8153724312499999 0.12590899375 0.800094703125 0.11571210624999999 0.7915785375 0.146859390625 0.7856359125 0.152432109375 0.7959536546875 0.1668261015625 0.8073192359375 0.24853886875 0.8105993187499999 0.248424325 0.8154662 0.24662268906249998 0.8260924624999999 0.2129177625
1 0.86169705625 0.282160696875 0.8616901703125001 0.2817662046875 0.83516623125 0.271815671875 0.7856034968750001 0.27555973906250003 0.75891676875 0.28353820625 0.7510494765625 0.2938794328125 0.7592152953125 0.30064082187499996 0.799328778125 0.3019752828125 0.83421358125 0.3007570796875 0.838215965625 0.292848809375 0.86169705625 0.282160696875
1 0.8048549203125 0.4034067125 0.8051480312500001 0.4033901859375 0.8291889140625001 0.3975174125 0.84475044375 0.38613153906250003 0.844744225 0.385775234375 0.8342874374999999 0.3822396265625 0.769926715625 0.38348050312500004 0.7472614328125 0.3913185375 0.7448790015625 0.39698863906250004 0.7448892734375 0.39757716875 0.7567511328125 0.405086534375 0.8048549203125 0.4034067125
1 0.8573715906249999 0.4822056609375 0.8573582234374999 0.48143980781250006 0.7993294828125 0.4735916875 0.7966120890624999 0.4677961078125 0.7897296484375 0.4680364484375 0.779362728125 0.48234213593749997 0.728740478125 0.50222959375 0.7329024078125 0.5101374515625 0.7664426796875 0.5110628625 0.78525361875 0.51040596875 0.825272784375 0.4998652609375 0.8573715906249999 0.4822056609375
1 0.8634954968749999 0.5948306703124999 0.8685611546875001 0.5858345796875 0.8685563140625 0.5855572171875 0.829649784375 0.57688625 0.77213195625 0.5859413625000001 0.756204209375 0.5955574171875 0.75904321875 0.6045181203125 0.767202515625 0.6095338296875 0.7900086828124999 0.6087374203125 0.8394897328125 0.602715515625 0.8634954968749999 0.5948306703124999
1 0.85501550625 0.7055061484375 0.8377555578125 0.6827449359375 0.7680504640625 0.6851790906249999 0.7709948359375 0.7001760125 0.7939410828125 0.7084345578125 0.8384336749999999 0.713361146875 0.8433886734374999 0.7131881140624999 0.8550346484375 0.706602803125 0.85501550625 0.7055061484375
1 0.8411119515625 0.8046733156249999 0.8390665296875 0.7963085609375 0.839253628125 0.7493565375 0.827953246875 0.7363381609374999 0.8159042109374999 0.7381002203125 0.8109910203125 0.7449782921875 0.8140092171875001 0.8025487796874999 0.8246211234375 0.8232851609375 0.8354228156250001 0.8229079578125 0.84123458125 0.81169878125 0.8411119515625 0.8046733156249999
1 0.8778701859375 0.8860981703125 0.8862100453125 0.8803777703125 0.8861911046875001 0.8792926874999999 0.8749784953124999 0.8741193578124999 0.7985183078125 0.87376945625 0.7785339921875 0.881513871875 0.777404234375 0.8936331171875 0.7860352984375 0.89655141875 0.8075249171875001 0.895800984375 0.8364205890624999 0.8935855187499999 0.8778701859375 0.8860981703125
1 0.8206899265625 0.9268423296874999 0.8214768125 0.9719229421875 0.828392565625 0.9716814390625 0.8279273703125 0.945030475 0.8206899265625 0.9268423296874999
1 0.9914188046874999 0.024124875 0.9772407046874999 0.0192547828125 0.9682565734375 0.023592415624999998 0.9584769890624999 0.0400295234375 0.959994728125 0.064973746875 0.9985932328124999 0.06362585781249999 0.9983990953124999 0.052503679687500006 0.9966361718750001 0.034673075 0.9914188046874999 0.024124875
1 1 0.1602540890625 0.9828325937500001 0.152492634375 0.9706743515625 0.1818597375 1 0.1808356640625 1 0.1602540890625
1 0.9991874515625 0.276808903125 0.9960261359375 0.2597495421875 0.9964059703125001 0.2543710796875 0.9657514546874999 0.255441559375 0.9660088359375001 0.27018686718749996 0.9743847015625 0.28867257031250004 0.9893091140625 0.2969044765625 0.9937246500000001 0.29675028281250004 0.9993462750000001 0.2859078296875 0.9991874515625 0.276808903125
1 1 0.37015316875000004 0.969585234375 0.371215275 0.9740522796875 0.40056787656250004 0.9800958828124999 0.40823132968750003 0.9934083171875001 0.40776645 1 0.3962218625 1 0.37015316875000004
1 0.993307 0.4532500953125 0.9573640687499999 0.45450524999999997 0.9573874671875 0.45584573281249996 0.9713316734375 0.5049868765625 0.9805497859375001 0.5140540703124999 0.987498446875 0.5084462203125 0.9996002765625001 0.4795998484375 0.9995605843750001 0.4773259171875 0.9927157265625001 0.46131854062500005 0.993307 0.4532500953125
1 1 0.5570937453125 0.980038790625 0.55779080625 0.9795541765625 0.571220725 0.9827828671875001 0.5831796734375 0.9866843 0.5893617375 0.9965509875 0.5890171859375 1 0.58506143125 1 0.5570937453125
1 1 0.660085625 0.9771828906250001 0.6608824156249999 0.9801143796874999 0.683582140625 0.9853083484375 0.6927898609375001 0.9926967171875001 0.69546654375 0.9986877296875001 0.6952573328125 1 0.694771553125 1 0.660085625
1 1 0.760900596875 0.9861297609375 0.7613849562499999 0.9812165703125 0.7682630265625 0.9800400703125 0.7975329296875 1 0.7968359140625 1 0.760900596875
1 1 0.86536503125 0.9902943921875 0.869782825 0.9877363484374999 0.8769187 0.9945792453125 0.8847329359374999 1 0.8861014718750001 1 0.86536503125
1 0.6178644453125 0.9255666453125 0.612600284375 0.912337478125 0.5985391734375 0.914169803125 0.596616440625 0.919358271875 0.59767038125 0.979738434375 0.619017565625 0.978992975 0.6183258203124999 0.9393629718750001 0.6178644453125 0.9255666453125
1 0.380950675 0.9680511375 0.37177802031249996 0.980451246875 0.37721391249999997 0.9858734921875 0.45492779062500005 0.9831596640625 0.454794221875 0.975507475 0.4304958484375 0.9633010328125 0.380950675 0.9680511375
1 0.2418596875 0.9347283578125 0.22913219062499998 0.9552923078125 0.22538882343750002 0.9715186234375001 0.22628953593749998 0.9927073390625001 0.251830065625 0.9918154453125 0.251068815625 0.9482035421875 0.2418596875 0.9347283578125
1 0.087860775 0.9786985015624999 0.0852871453125 0.9465971812499999 0.0779875140625 0.9320977953125 0.0689097890625 0.9310734953124999 0.06703225625 0.9388515343750001 0.06806875625 0.99823253125 0.090892565625 0.9974355062500001 0.0906738796875 0.9849070796875001 0.087860775 0.9786985015624999