1 0.9044390625000001 0.08498756406249999 0.9116762218750001 0.0915510421875 0.917873834375 0.09169529374999999 0.9205410468749999 0.09142458906249999 0.9435343749999999 0.0848871421875 0.9462532984375001 0.08292967812499999 0.9465831328125001 0.054583717187500005 0.9170385859374999 0.0448658375 0.9063862031250001 0.033503781249999996 0.89696399375 0.032274101562500004 0.8995183703125 0.04445805 0.8737708578125 0.055983265625 0.8650930140625 0.0658664140625 0.8650708874999999 0.0677679765625 0.87219983125 0.075143815625 0.9044390625000001 0.08498756406249999
1 0.7525468453124999 0.07139195468750001 0.7274982624999999 0.0708089421875 0.7274897484375 0.071540675 0.7322489359375 0.0779921390625 0.77549294375 0.09775888125 0.82778558125 0.0989760046875 0.8493585687499999 0.09284239062500001 0.852085328125 0.090211525 0.8522548656250001 0.07564158125 0.846898221875 0.072577634375 0.8186198421875 0.06989869531250001 0.8051844625 0.0640656484375 0.797835615625 0.0638946015625 0.7701375828125 0.065739134375 0.7525468453124999 0.07139195468750001
1 0.6790950640625 0.058030101562500006 0.647933209375 0.0714500453125 0.6147162765624999 0.09242435624999999 0.6147159328125 0.09245383125 0.7352809578125 0.0952600125 0.735508109375 0.075738753125 0.6790950640625 0.058030101562500006
1 0.557141771875 0.13018685624999998 0.5652023734375 0.13037446875 0.572005121875 0.1249130203125 0.5845027015625 0.0928501328125 0.5876741437499999 0.08079128437500001 0.5862341765625 0.030879034374999996 0.580330390625 0.0172608828125 0.5722652640625 0.015725090625 0.5619760687500001 0.0316624953125 0.5555198453125 0.0756962625 0.5551244 0.10968073593750001 0.555780778125 0.129927690625 0.557141771875 0.13018685624999998
1 0.476011390625 0.104854678125 0.48448576093750007 0.0994405640625 0.48868298593750004 0.086057515625 0.4941569046875 0.0497869265625 0.493413396875 0.026852367187499997 0.48542668125 0.0185780296875 0.4772988265625 0.022433075 0.46565452812499997 0.0679965625 0.46024473125 0.0702648828125 0.46022295625 0.0721362296875 0.47383142031250003 0.1048039390625 0.476011390625 0.104854678125
1 0.40994692187500004 0.0767473171875 0.4189312328125 0.07695642968750001 0.4414601484375 0.0728005 0.4414609171875 0.0727343484375 0.4335369328125 0.0625028859375 0.40807150625000005 0.049785678124999996 0.3595657390625 0.04764631875 0.3379671359375 0.050174729687499996 0.3353243671875 0.060511482812499996 0.3353154546875 0.0612775140625 0.3767803609375 0.0743167328125 0.40994692187500004 0.0767473171875
1 0.3079549921875 0.0728105046875 0.335151790625 0.0734435171875 0.33570140625 0.0733877359375 0.34385818125 0.067515340625 0.3426280078125 0.057382960937500005 0.3198227390625 0.047758792187499996 0.278114284375 0.0407257703125 0.24946590781250003 0.051718575 0.2494513484375 0.0529698625 0.2657028171875 0.06468588125 0.3079549921875 0.0728105046875
1 0.2013444125 0.098461734375 0.20454025625 0.09853611718750001 0.21932595 0.0878766046875 0.2189744921875 0.031249320312500002 0.2111132328125 0.012193312500000001 0.20197527656249997 0.016024846875000002 0.1913977609375 0.07234317500000001 0.19127801718749998 0.082634015625 0.1950051140625 0.0940509015625 0.2013444125 0.098461734375
1 0.09296571406250001 0.110285646875 0.0985376328125 0.12576442031249999 0.0992095875 0.125780059375 0.10609702812499999 0.11059128124999999 0.11057652656250001 0.0729494734375 0.1102877984375 0.0109313546875 0.1017238828125 0.002643584375 0.0979239796875 0.0025551406249999997 0.08606105625 0.009019396875 0.08066554687500001 0.038551440625 0.07114786875 0.064162378125 0.0710894984375 0.06917870937500001 0.08292743281250001 0.1046597078125 0.09296571406250001 0.110285646875
1 0.06896000468749999 0.23135476875 0.11038270624999999 0.2323188921875 0.126570096875 0.2266541765625 0.142850884375 0.214932971875 0.1428513796875 0.21489037031249997 0.1321724984375 0.20859783125 0.0526576734375 0.20674710312500003 0.039121815625 0.21148392500000002 0.038092884375000004 0.21855508124999998 0.038054384375 0.221863690625 0.0443363484375 0.22676091406249999 0.06896000468749999 0.23135476875
1 0.193274196875 0.2389369828125 0.22545564375 0.23968601406249998 0.2419937453125 0.23059712812500002 0.23939235625 0.222453584375 0.2219426625 0.21598519062500002 0.17483161875 0.2098367953125 0.143775546875 0.21416582968750003 0.1365475671875 0.2193695484375 0.1365348296875 0.2204642046875 0.1745025171875 0.23811962343749998 0.193274196875 0.2389369828125
1 0.327159296875 0.22494678124999998 0.32512704531250003 0.21858489531249997 0.300974065625 0.20892935625 0.24707746406250003 0.2066645265625 0.2429990765625 0.209600725 0.24558871249999997 0.21875437031249997 0.2701207578125 0.23134806718749998 0.31970861093749997 0.23250223750000001 0.3271335828125 0.227156696875 0.327159296875 0.22494678124999998
1 0.368255471875 0.272909575 0.38264779843749996 0.25167537812499996 0.38347894375 0.18024680625 0.37953263125 0.1720665125 0.369431621875 0.1718314078125 0.364287025 0.179800109375 0.3535916984375 0.236745709375 0.3534752234375 0.24675555781249997 0.36115339999999996 0.2754404203125 0.368255471875 0.272909575
1 0.48372955468749995 0.24569740625 0.4942915890625 0.245943240625 0.51861424375 0.2398995390625 0.5281304828125 0.2330484109375 0.5241931375 0.22386339687499998 0.504071534375 0.2153120640625 0.4299710515625 0.21156660624999998 0.42418767968750004 0.21401992500000003 0.424079903125 0.2232822703125 0.43245490468750003 0.22981116250000003 0.48372955468749995 0.24569740625
1 0.5650411796875 0.2413382625 0.5856974953125 0.24117402656250003 0.6209377375 0.2248178859375 0.580612253125 0.21478593125 0.525367940625 0.212489728125 0.511832084375 0.21722655 0.511657575 0.21864370625000001 0.5115294984375 0.22965060781250002 0.551927253125 0.24103303281250002 0.5650411796875 0.2413382625
1 0.6536091093749999 0.23871093437500002 0.7074122390625 0.2399632171875 0.7223875359374999 0.23472266875 0.7292201078125 0.2267987015625 0.7037664359375 0.213071390625 0.640400609375 0.213617284375 0.6335471265625 0.22022974374999998 0.63340605625 0.23235339375000003 0.6334387484375 0.23265236250000002 0.6536091093749999 0.23871093437500002
1 0.7772995765624999 0.28509684062499996 0.7815124828125 0.2703660859375 0.803938571875 0.2533630984375 0.8034146109375 0.21156061093749998 0.7957258546875 0.17767980625 0.779626965625 0.1719128046875 0.7744353234375 0.1839246328125 0.76606640625 0.248520340625 0.7660010500000001 0.2541370953125 0.7742692734375 0.285026309375 0.7772995765624999 0.28509684062499996
1 0.8993953546875 0.2756901375 0.9206892171875 0.27283108125 0.9489558406249999 0.27652011875000004 0.9733438921875001 0.2659736359375 0.972137225 0.2538210546875 0.9560705015625001 0.24435372812499997 0.9238195171875001 0.23552008125 0.8914509953125 0.23678744687500003 0.861288565625 0.2585026140625 0.8612731296874999 0.2598291453125 0.8935550031249999 0.2755542015625 0.8993953546875 0.2756901375
1 0.8972194640625 0.4553756578125 0.9076919078125 0.45561940625 0.9156813671874999 0.4363783546875 0.9299168734375 0.428621246875 0.9301677859374999 0.4070579046875 0.9194957718750001 0.3690634421875 0.9145236765625 0.3622073453125 0.906411503125 0.3647146796875 0.893913925 0.3967775671875 0.892216265625 0.42124560000000005 0.8920804203125 0.432920146875 0.8964267203125 0.44132249375 0.8972194640625 0.4553756578125
1 0.880386696875 0.58485413125 0.9018442562500001 0.5944469328124999 0.9531747312500001 0.585537915625 0.9465654765625 0.5742699640625 0.9534685703125 0.5602853921875 0.9440228546875 0.5610759140625 0.91988163125 0.5504102750000001 0.887442590625 0.55773824375 0.8537733718749999 0.5549338359375 0.8436666859375 0.56406766875 0.8436239531249999 0.5677400671874999 0.846740990625 0.58002951875 0.880386696875 0.58485413125
1 0.7554501296875 0.6365008750000001 0.7570329421875 0.6365377140625 0.77857008125 0.5761481859375001 0.7801447359375 0.5276541734375 0.7752040046875 0.518102659375 0.766128778125 0.5165433593750001 0.7548294828125 0.5324572515625 0.7446818453125 0.60881483125 0.7445612406250001 0.6191795531250001 0.7466453515625 0.627980009375 0.7554501296875 0.6365008750000001
1 0.7757671421875 0.45723759218750004 0.79601281875 0.42979315468749996 0.7955829515625 0.379904415625 0.7916836843749999 0.36768099374999996 0.78467570625 0.3621255859375 0.7653583312500001 0.372460559375 0.7665944328125 0.4398930265625 0.7634386734375 0.450604165625 0.7574339578125 0.4531219359375 0.757433284375 0.4531798453125 0.7737152218750001 0.457189834375 0.7757671421875 0.45723759218750004
1 0.712833859375 0.4260772640625 0.721887471875 0.42628798906250004 0.7339686265625 0.42328605937499997 0.712628603125 0.40359224843749997 0.6804481390625 0.3886979953125 0.6399816109375001 0.39078725 0.62049225625 0.401941546875 0.6204787359374999 0.40310353593750003 0.6356563984375 0.41493556875 0.712833859375 0.4260772640625
1 0.637860946875 0.5366899968750001 0.6364274296875 0.5730546265625 0.630795609375 0.59101195625 0.6307669828125 0.59347209375 0.6431844984375 0.6001733781249999 0.662618425 0.6296514234374999 0.66333295625 0.629668053125 0.675476365625 0.6036211265625 0.6711315515625 0.542856675 0.6643117578125 0.5211287609374999 0.655437465625 0.516953815625 0.655096559375 0.5169458812500001 0.6461299390625 0.5207055734375 0.637860946875 0.5366899968750001
1 0.549205253125 0.571936415625 0.55569831875 0.575586365625 0.580596171875 0.57616586875 0.5924612265625 0.5618290890625001 0.5897893171875 0.5597461499999999 0.5777304578125 0.5534032296875 0.5373932203125 0.5443813734375 0.525263840625 0.5440990593749999 0.49207751875000005 0.5581767609375 0.49207041093750004 0.5587875859375 0.5249112328125001 0.5744020890625 0.549205253125 0.571936415625
1 0.502521890625 0.39773835156250004 0.562443746875 0.3991330484375 0.5889152875 0.388975525 0.6077949671875 0.38840457968750003 0.59976748125 0.383165865625 0.5527152046875 0.37196696406249996 0.5028382234375 0.371816440625 0.483864515625 0.38046819374999996 0.48316480312500004 0.38391264999999997 0.48311378281249995 0.3882973171875 0.48775484531249996 0.3936936109375 0.502521890625 0.39773835156250004
1 0.4691904046875 0.41671604687499997 0.47152424687499994 0.389808890625 0.4666619265625 0.3735188296875 0.4587065734375 0.3625490765625 0.4495999828125 0.3636851921875 0.4442672015625 0.38782640156250003 0.4439913546875 0.3925382359375 0.44351249375 0.43369149374999993 0.455635678125 0.4527985515625 0.4691904046875 0.41671604687499997
1 0.42266977656250004 0.5575860875 0.40915736249999995 0.5655012296875 0.40911865937499997 0.56882726875 0.41170004687499995 0.5734967578125 0.4291379875 0.5809752515625 0.44798240468749995 0.5834346109374999 0.476319553125 0.5810630406249999 0.5047624828124999 0.5696005625 0.508887884375 0.5626239578125001 0.478718446875 0.5440990984375 0.4653857640625 0.5437887765625 0.449682721875 0.553162946875 0.42266977656250004 0.5575860875
1 0.373966996875 0.5961063156249999 0.3690889921875 0.581163965625 0.3713444265625 0.5609953546875001 0.36747652343750004 0.5460765125 0.358464025 0.5391263765625001 0.34514452812499996 0.554993246875 0.3294441421875 0.6018104046875 0.3410792125 0.6438715046875 0.353414525 0.64746139375 0.3567478625 0.6475389765624999 0.35926103125000003 0.6442946921875 0.373966996875 0.5961063156249999
1 0.33201369999999997 0.4297169625 0.40888863750000004 0.4315062453125 0.4155996984375 0.4273819296875 0.41034990625 0.4151352453125 0.3942949359375 0.404657815625 0.35536417343750004 0.390616821875 0.30942091562499996 0.40620664531250006 0.3093653515625 0.41098188437500005 0.310595940625 0.4148341953125 0.33201369999999997 0.4297169625
1 0.2709359140625 0.45642797812499997 0.28054108125 0.4378606546875 0.286931009375 0.4096998296875 0.2863129578125 0.375983596875 0.2844182125 0.3651549046875 0.2764001328125 0.3595759859375 0.26618934843750003 0.36877484374999997 0.26407505468750003 0.3768140765625 0.2559316296875 0.43627681249999994 0.25586498125 0.44200456875 0.26888191093749997 0.4563801703125 0.2709359140625 0.45642797812499997
1 0.2603819203125 0.6421701890625 0.263206728125 0.6373112546875 0.276096359375 0.5715556421875 0.285375453125 0.55559473125 0.284475125 0.5461372578125 0.27249504999999996 0.5337257531249999 0.26337277812500004 0.536209578125 0.2498494140625 0.569596665625 0.24455273906250002 0.6082726375 0.2445240703125 0.610736415625 0.251921534375 0.641973271875 0.2603819203125 0.6421701890625
1 0.191852209375 0.63432345 0.19783870625 0.6326934390625001 0.2021300234375 0.6112241375 0.20263184843749998 0.568097453125 0.19769111718750002 0.5585459390625 0.18968871874999998 0.5516193109375 0.1804880359375 0.5608416796875 0.17912768437499998 0.5895619062499999 0.1787852640625 0.6189894375 0.1881396078125 0.6342370374999999 0.191852209375 0.63432345
1 0.1970946421875 0.4109474546875 0.21598599843750002 0.41138715625 0.2317484734375 0.40336550468750004 0.23049479375 0.3952533296875 0.20902547968750002 0.3866706296875 0.1686177203125 0.383709378125 0.1565588609375 0.37736645625 0.14171055625 0.37904160937500003 0.13491324375 0.383935271875 0.1346058390625 0.386241284375 0.1344958421875 0.39569429375 0.1481552609375 0.40445097499999993 0.1970946421875 0.4109474546875
1 0.05561815 0.4185950140625 0.0830265625 0.41457218124999995 0.108621278125 0.41617827968750004 0.132769671875 0.40972369375 0.1329133765625 0.39737385000000003 0.126435334375 0.39133354374999996 0.10223534062499999 0.385718409375 0.04559630625 0.38743124375 0.034779375 0.3902106015625 0.029306264062499997 0.397155834375 0.026509865625 0.40809348749999996 0.026508453124999998 0.40821496249999994 0.0522793828125 0.4185173046875 0.05561815 0.4185950140625
1 0.11596218750000001 0.622006625 0.1227595 0.617112959375 0.136224834375 0.61843674375 0.1471122890625 0.6095967812499999 0.1485775328125 0.599527140625 0.1405853078125 0.5912581234375 0.12445981718750002 0.5868412984375 0.0705632140625 0.584576465625 0.0353817390625 0.595882103125 0.0447216734375 0.6041824890624999 0.04318590625 0.6203127390625001 0.0677866453125 0.623621175 0.08426933125 0.6240048140625001 0.1052157765625 0.618725375 0.11596218750000001 0.622006625
1 0.8600648906249999 0.8118702859375 0.878838784375 0.82039025 0.9098948578125 0.816061215625 0.9233366859375 0.8194052015625 0.9268993796875 0.8296051046875 0.9277054734375 0.8296238656250001 0.935548340625 0.8126168093749999 0.9599598984375 0.800050125 0.9627258375000001 0.7940522546875 0.9439401890625 0.7865423921875 0.906192584375 0.78667418125 0.8792854218749999 0.7820064125 0.8710346171875001 0.7959596171875 0.8561393 0.8016751718749999 0.851777934375 0.807209628125 0.8517421234375 0.8102873390625 0.853314590625 0.8127235468749999 0.8600648906249999 0.8118702859375
1 0.7676011078125 0.8962289390624999 0.7706091109375001 0.89629895 0.775818646875 0.8946887703125 0.7894047375000001 0.8559108484375001 0.78510696875 0.7911032703124999 0.779250228125 0.7734419921875 0.7642241703125 0.7623076640625001 0.754772575 0.7930933765625 0.75030764375 0.7969213374999999 0.7502626234374999 0.800790384375 0.7585777484375 0.8134030515624999 0.7676011078125 0.8962289390624999
1 0.666606425 0.879811953125 0.6675102734375 0.879832990625 0.6784726796875 0.8542177609375001 0.6770327125 0.8043055109375 0.6702756453125 0.7771867625 0.6602687281249999 0.7688654046875001 0.653103928125 0.7767870859375 0.64824416875 0.8376111156249999 0.648084946875 0.8512945843749999 0.6572291953125 0.8564194625000001 0.666606425 0.879811953125
1 0.5680528328125 0.8196899343749999 0.591436540625 0.8153763234375001 0.6077383359375 0.804641628125 0.597003678125 0.8003502812500001 0.5323254046875 0.7978345015625 0.509332078125 0.80437195 0.5079325421875 0.807406809375 0.5078872515625 0.8112990109375 0.5181664828125 0.8185288171874999 0.5680528328125 0.8196899343749999
1 0.39846906249999997 0.8124650250000001 0.3984195921875 0.81671653125 0.4006043734375 0.821239184375 0.4384794484375 0.824488696875 0.45201344375 0.8248037046875 0.4936785625 0.8163328890624999 0.52757109375 0.799945378125 0.46838944062500004 0.7884641640625001 0.466017415625 0.782930725 0.4585740625 0.782757478125 0.44807977499999996 0.7960744484375 0.39846906249999997 0.8124650250000001
1 0.352639153125 0.869443734375 0.360380115625 0.8742473796875 0.3618749234375 0.8742821718749999 0.3722231234375 0.8361977078124999 0.36582674375 0.7780816546875 0.3569240171875 0.761697553125 0.34780174375 0.764181378125 0.34267769062500003 0.7717413203125 0.34236762187499997 0.798388646875 0.3458507234375 0.8450204015624999 0.352639153125 0.869443734375
1 0.23255309687499998 0.8214450125000001 0.2809883421875 0.829644978125 0.29454770625000004 0.822887953125 0.27774944218750003 0.7988667406250001 0.20796956406249997 0.7972425953125 0.2079278328125 0.800828934375 0.20974782812499998 0.8118208421875 0.23255309687499998 0.8214450125000001
1 0.1429600671875 0.8379284078125 0.1515799 0.836195415625 0.19873795625 0.83830340625 0.212344334375 0.827505978125 0.21113766875 0.8153533968750001 0.2044578921875 0.8101460515625 0.146482903125 0.8108174171875 0.12486117187500001 0.82074398125 0.1247384828125 0.8312879359374999 0.13606741875 0.8377679796875 0.1429600671875 0.8379284078125
1 0.060144814062499996 0.8720534125 0.06500643125 0.879875865625 0.0669785328125 0.8799217671875 0.072297390625 0.8696401187499999 0.07622156875 0.79289124375 0.069386090625 0.7725110374999999 0.0572805625 0.7708812046875 0.0534320234375 0.78075473125 0.053336460937499997 0.7889673828125 0.054570350000000004 0.830133375 0.060144814062499996 0.8720534125
1 0.919525028125 1 0.9197225859374999 0.9830219437500001 0.8994878937499999 0.9841894203124999 0.8886474546875001 0.9889889796875 0.884283103125 1 0.919525028125 1
1 0.6787245171875 1 0.6751715593750001 0.9913874890625 0.657115196875 0.9801826312499999 0.6495550359375 0.9935900921874999 0.649493134375 0.9989098515625001 0.649661365625 1 0.6787245171875 1
1 0.567544384375 1 0.5677459640625 0.982676225 0.5474988484375001 0.984911328125 0.5401901734375001 0.9901731406250001 0.540075828125 1 0.567544384375 1
1 0.4741348171875 1 0.4665081015625 0.9695134671875 0.45752696718749997 0.9598679109375 0.45039353125000003 0.9650941734374999 0.436989446875 0.9942808546874999 0.43698556718750003 0.9946141718750001 0.43907683437499995 1 0.4741348171875 1
1 0.37957982968750004 1 0.38028025468750004 0.9960894234375001 0.3682801640625 0.9846959984374999 0.3574115953125 0.98300290625 0.357213815625 1 0.37957982968750004 1
1 0.278079178125 1 0.2773901796875 0.9930505296875 0.27244945 0.9834990140625001 0.262395484375 0.979220784375 0.2542833125 0.9817281203125001 0.247055784375 0.9950406359375 0.24673217187500002 1 0.278079178125 1
1 0.17436742656249998 1 0.1682186421875 0.97702879375 0.1520570265625 0.976652628125 0.1469281109375 0.983273621875 0.146310184375 0.9921796828125 0.14621918750000001 1 0.17436742656249998 1
1 0.0739699046875 1 0.074201265625 0.9801169609375 0.0740537625 0.980113528125 0.070154140625 0.98036635625 0.0579659921875 0.9851345468750001 0.055675371875000004 0.9909136593750001 0.05565435 0.9927203109375 0.0615261734375 1 0.0739699046875 1
1 0 0.4027851046875 0.030103878125 0.40165716875 0.034093465625 0.3966981546875 0 0.39590462187500003 0 0.4027851046875
1 0 0.25830633281250004 0.0049740984374999995 0.250897215625 0.009202687499999999 0.23481875 0.008663045312500001 0.1943639734375 0.0047324171875 0.18483596875 0 0.18314070625 0 0.25830633281250004
1 0 0.07502031249999999 0.055579314062499996 0.0763139359375 0.056539165625 0.0735549078125 0.0063391078125 0.0657903171875 0.001595375 0.06567990625 0 0.066322840625 0 0.07502031249999999