1 0.0626138171875 0.0382009109375 0.072203178125 0.049635617187499995 0.09781581406249999 0.0628155359375 0.095741378125 0.073134696875 0.10528072968749999 0.073579 0.11514914843749999 0.06362285 0.14334360625 0.056293550000000005 0.14266743125 0.0272422796875 0.140908078125 0.02586486875 0.1180784859375 0.017809150000000003 0.1100552109375 0.016436545312500002 0.1022181375 0.023063940625 0.070427615625 0.030573515625 0.0626138171875 0.0382009109375
1 0.22319120625000002 0.0106762421875 0.2087669640625 0.0100044234375 0.20616236406250002 0.012546887500000001 0.1996899359375 0.0348875234375 0.20083818281250002 0.08422085781250001 0.22086229375 0.12910579687499998 0.22685936718750002 0.13386983125000002 0.22796678906249998 0.133921409375 0.2273967890625 0.10943182656249999 0.23299335000000002 0.092377946875 0.2352175078125 0.0591843421875 0.2288761375 0.0442382203125 0.22622443125 0.016145068749999998 0.22319120625000002 0.0106762421875
1 0.3157860734375 0.133329240625 0.3165170625 0.1333632859375 0.3370448015625 0.10211474843749999 0.34976755000000004 0.0733730828125 0.3496895859375 0.0700234671875 0.33284925468750004 0.015502703125 0.3125 0.014554921874999998 0.313805596875 0.070648671875 0.3157860734375 0.133329240625
1 0.3914001796875 0.0921807515625 0.41531856093749997 0.09426246875 0.4448810609375 0.0956393640625 0.4527102390625 0.0940373984375 0.4844309359375 0.08352782187499999 0.49031398125000003 0.0765472015625 0.4902109890625 0.07212220312499999 0.4893918640625 0.067776225 0.44401198124999997 0.0636647921875 0.3921749078125 0.068242853125 0.376407659375 0.077497640625 0.37792719531249996 0.0855597421875 0.3914001796875 0.0921807515625
1 0.5151443515625 0.09724706875 0.5194546890625 0.11076670625 0.5296098578125 0.1178991296875 0.5435664296875 0.084497234375 0.5435503953125 0.0838083453125 0.5377409140625 0.080984978125 0.5256857687500001 0.0351393125 0.51759266875 0.030766706249999998 0.5097788703125 0.0383941 0.5093064421875 0.061014190625 0.5151443515625 0.09724706875
1 0.5818378531249999 0.0926533921875 0.606121184375 0.09378440625 0.6265140953125 0.09371449375 0.6668542328125 0.0838148171875 0.66678036875 0.08064130625 0.6646454312500001 0.0725154234375 0.6432422718749999 0.06852180625 0.595265546875 0.0672861703125 0.5702115171875 0.07810625156249999 0.5624442703125 0.087733646875 0.5818378531249999 0.0926533921875
1 0.6952704953125 0.0979366015625 0.7302422140625 0.09447720781249999 0.752699403125 0.08653292500000001 0.7527509921875 0.0860670859375 0.7525069656250001 0.07558271093749999 0.7456603312500001 0.0702224203125 0.72961378125 0.0674772078125 0.6764899265625 0.07399316875 0.659435896875 0.08518585468749999 0.6868121609375 0.0975426484375 0.6952704953125 0.0979366015625
1 0.7993598578125 0.1304629375 0.8072357234374999 0.1255022109375 0.811137325 0.11341391249999999 0.8109741156249999 0.10640179218750001 0.79943576875 0.0478894234375 0.7903426687499999 0.0434702421875 0.782777140625 0.0617643015625 0.783061590625 0.11422063593750001 0.7831441453125 0.1177675109375 0.7993598578125 0.1304629375
1 0.884484775 0.0928478203125 0.85526781875 0.09648159687499999 0.8488726953124999 0.1078377578125 0.8489602546875 0.1115996609375 0.8571597578124999 0.120543696875 0.8903946171875001 0.122632715625 0.922783471875 0.1241412515625 0.9557565984374999 0.1221391734375 0.9715936718749999 0.11588438281249999 0.9554540203125 0.109139171875 0.9498879328125 0.09889076718749999 0.9122520218749999 0.084151940625 0.884484775 0.0928478203125
1 0.89571591875 0.2695963375 0.92826591875 0.271112378125 0.9584343296875 0.267585346875 0.9644626437499999 0.26326954687500004 0.9643606328125 0.2588867328125 0.9634185343749999 0.2528337515625 0.949968825 0.24721274062499998 0.871302159375 0.24354878281249998 0.86077514375 0.24905197499999998 0.877054446875 0.2617971859375 0.89571591875 0.2695963375
1 0.8252393625 0.3008492765625 0.8289362312499999 0.274600134375 0.8286887374999999 0.2639668 0.8234394078125 0.2235159421875 0.8170359703125 0.20590315625 0.8097612156249999 0.2031606875 0.8088297234375 0.2031173015625 0.7995572765625 0.2194151921875 0.7997801375 0.2289901921875 0.8015255874999999 0.2691113671875 0.81924714375 0.3081765125 0.81970565625 0.30819786875 0.8252393625 0.3008492765625
1 0.679711490625 0.24369878906250003 0.677254303125 0.2525745875 0.680193621875 0.25487580625 0.7257491484374999 0.2569975890625 0.7346341859375001 0.2572449296875 0.7584247093750001 0.2493627484375 0.7609051734375 0.24148695 0.7514089125 0.23405224375000003 0.7060755796875 0.231940809375 0.679711490625 0.24369878906250003
1 0.6370552296875001 0.29088784218749997 0.643841434375 0.2937636359375 0.6441441703125 0.2937777359375 0.6508533046875 0.26811146875 0.6504966234375 0.2527869734375 0.63991390625 0.1991207203125 0.6347277046875 0.1908878421875 0.6247277046875 0.190422084375 0.62091390625 0.19823578125000002 0.622558690625 0.2689024484375 0.6370552296875001 0.29088784218749997
1 0.48794435625 0.238055190625 0.47877395 0.24462048281249998 0.4789601515625 0.2526204828125 0.48401252031249997 0.2551033625 0.5131791875 0.256461821875 0.5589834265625 0.25734654375 0.578797225 0.2502780578125 0.582587746875 0.2414643609375 0.5730914874999999 0.23402965468749998 0.5435719515625 0.22466343281249998 0.48794435625 0.238055190625
1 0.38620035625 0.23044450625000001 0.3873090453125 0.23873719843750002 0.3982369328125 0.24330426875 0.4519869328125 0.24580771562499998 0.4554021453125 0.24590435 0.49519266875 0.2387673796875 0.460130321875 0.220152753125 0.428107046875 0.2176623296875 0.3861105734375 0.2265870828125 0.38620035625 0.23044450625000001
1 0.287305146875 0.23301809375000002 0.350018365625 0.23793684062499998 0.37504912031250004 0.22611675937500003 0.36819625 0.2178062546875 0.35205659843750003 0.21106104218750002 0.3053666578125 0.20788750781249998 0.28019625000000004 0.21370758906249998 0.2791189453125 0.2246454875 0.287305146875 0.23301809375000002
1 0.2280576625 0.25987229218749996 0.2323620328125 0.274598675 0.2354312796875 0.274741628125 0.2429662921875 0.2459159078125 0.24275584375 0.236874240625 0.23407150625 0.17491156562500002 0.22879220312499998 0.1626786875 0.2129163375 0.1672668078125 0.20569217968750003 0.2002275359375 0.2056542234375 0.24151429375000003 0.2280576625 0.25987229218749996
1 0.0690152765625 0.25288099062499997 0.0950531 0.255716959375 0.1025531 0.256066278125 0.132875625 0.2498618375 0.14866614843749998 0.24160705 0.1491025828125 0.2366640171875 0.14893059375 0.229274690625 0.12546415 0.2175513328125 0.0975339765625 0.2192472125 0.0721075421875 0.21406729375000003 0.038091507812499995 0.228335959375 0.038099439062500004 0.2286767046875 0.0690152765625 0.25288099062499997
1 0.0930292109375 0.34758539375 0.082898153125 0.38440639375 0.0833946921875 0.40573972812500003 0.0975808953125 0.41439178906249996 0.1057906703125 0.434148971875 0.11607353125 0.434627903125 0.1167050296875 0.42061006093750003 0.12148779375 0.41150960625 0.1186809171875 0.3767497875 0.105936109375 0.344190878125 0.0978740421875 0.34115160625 0.0930292109375 0.34758539375
1 0.1025387390625 0.538883684375 0.0952835484375 0.5705110796875 0.1058421546875 0.5949768359375 0.10506113749999998 0.6042428640625 0.105102653125 0.604244796875 0.11890422187500001 0.5982489875 0.13002453125 0.6054055515625001 0.1300630171875 0.6054073453125 0.138880109375 0.5552270765625 0.129383571875 0.5334745640625 0.1246077296875 0.4999549265625 0.10951462812499999 0.49525628906249997 0.0997628984375 0.5054572 0.1025387390625 0.538883684375
1 0.21072208906249998 0.579508784375 0.2197943046875 0.5799313296874999 0.29613155 0.5742364156249999 0.311250271875 0.5643888828125 0.31114027499999997 0.5596629703125 0.310332709375 0.5549195265625 0.300883 0.5494848203125 0.2529062765625 0.548249184375 0.1920617234375 0.5663925375 0.201627809375 0.5768272453125001 0.21072208906249998 0.579508784375
1 0.21531314687499997 0.3668078453125 0.21542433125 0.403772915625 0.21571953906250002 0.41645624843749995 0.23486846562500002 0.443282478125 0.2436675734375 0.443692303125 0.2537712921875 0.4419083953125 0.2537674125 0.44174172812499995 0.24795793124999999 0.43891836093750003 0.24470966249999998 0.42811196718750005 0.245157978125 0.361538453125 0.225909709375 0.3499868453125 0.21903384374999998 0.3549941484375 0.21531314687499997 0.3668078453125
1 0.34732620625 0.45788511875 0.3492408921875 0.45797429687499996 0.352203134375 0.44625013906250005 0.3521163375 0.44252097343749996 0.3405648765625 0.36198643750000004 0.3281924734375 0.3454275296875 0.31665797812499996 0.3648686203125 0.3145889890625 0.4047288921875 0.329333796875 0.437380953125 0.34732620625 0.45788511875
1 0.3415506015625 0.537113175 0.33794711718750003 0.596880296875 0.35027199375 0.6234677734375 0.3509793796875 0.6235007203125 0.3698850484375 0.5957040546875 0.3820814640625 0.589948846875 0.382022715625 0.5874248078125001 0.376264375 0.56936341875 0.374426465625 0.5333168421875001 0.3660540625 0.5169442359375 0.3569609609375 0.5125250546875 0.34805406250000004 0.5161058734374999 0.3415506015625 0.537113175
1 0.457190140625 0.5551937312499999 0.454748746875 0.5790540046875 0.469962575 0.611873584375 0.47103132499999995 0.6119233625 0.4833855984375 0.5835787671875 0.48286465312500004 0.5611968234375 0.4755384328125 0.5280786703125 0.46925912968750005 0.515799215625 0.46719706250000004 0.513039396875 0.45247636562500004 0.5243407609374999 0.45197290468749995 0.54562751875 0.457190140625 0.5551937312499999
1 0.4611482359375 0.4436035515625 0.465753690625 0.45091451875 0.466361578125 0.45094283125 0.46689996718750004 0.4332163390625 0.47768672968750003 0.4057907171875 0.47642307656250005 0.35149905000000004 0.471572440625 0.33354236875 0.46544830625 0.3279295828125 0.458479340625 0.328936884375 0.4499138109375 0.3471843703125 0.45006205781249997 0.3964711265625 0.4611482359375 0.4436035515625
1 0.5417090375 0.43104010312499996 0.56028766875 0.430511096875 0.5950657984375 0.419479425 0.595043846875 0.418536246875 0.5747449078125 0.4044842625 0.5685544124999999 0.40419593593750003 0.5317057859375 0.40420697656250004 0.5078221625 0.4080891578125 0.5066983078125 0.41702705625 0.5175511765625 0.42552386562500005 0.5317201593750001 0.43057486406249995 0.5417090375 0.43104010312499996
1 0.531858178125 0.579294903125 0.53213748125 0.591294903125 0.550291878125 0.62185820625 0.552434084375 0.62195798125 0.5577581546875 0.6191259625 0.569106446875 0.5916848703124999 0.5705741296875 0.5742722 0.57008535 0.5532722 0.56902026875 0.54506478125 0.5616168312500001 0.527405415625 0.5545237296875001 0.5230793859375 0.5458651 0.5373268718750001 0.5414857734375 0.563760659375 0.531858178125 0.579294903125
1 0.6357906234375 0.610742175 0.6509078359375 0.6593942359375 0.6532679375 0.6625529343750001 0.657533559375 0.662751609375 0.6689078359375 0.6602325984374999 0.6793708984375 0.62158184375 0.679275534375 0.617484621875 0.6638596140625 0.572092871875 0.650487209375 0.5554873875 0.641642378125 0.5617348718749999 0.6379837484374999 0.5762152375 0.640449253125 0.5963083874999999 0.6357906234375 0.610742175
1 0.6964892203125 0.41823436718749996 0.6964148734375 0.41504017031249996 0.68868753125 0.4097912265625 0.6168113749999999 0.40644354062500004 0.593768315625 0.4209575421875 0.59128785 0.42883334062499995 0.638350196875 0.448006875 0.676714284375 0.43680780468749997 0.69248153125 0.42755301562500003 0.6964892203125 0.41823436718749996
1 0.6912720234374999 0.441752046875 0.7019852390625 0.4442488546875 0.71866354375 0.4455251171875 0.73766354375 0.44641005624999996 0.763202196875 0.4421055 0.782681171875 0.433169265625 0.7826714124999999 0.43274999375 0.766620315625 0.417291803125 0.7028065171875 0.4223109546875 0.69485306875 0.42393834999999996 0.685914996875 0.4333328328125 0.6859249734375 0.4337614046875 0.6912720234374999 0.441752046875
1 0.690125525 0.6191519015625 0.7209706375 0.628246890625 0.7249706312499999 0.6284331937500001 0.7621953515625 0.6255053546875 0.79522610625 0.6140578796875 0.796176346875 0.6106254421874999 0.7960098140625 0.60347049375 0.7854039921875 0.5926231734375 0.7760473828125 0.5911884656249999 0.7602568609375 0.599443253125 0.69520283125 0.6084003046875 0.6899393234375 0.6111519015625 0.690125525 0.6191519015625
1 0.7780756140625 0.6103767953125 0.7760503515625 0.61769239375 0.7760940984375 0.6195719015625001 0.7915920953125 0.6299753328125 0.8214759484374999 0.6313671953125 0.8491612343750001 0.6316681484375 0.8582850921875 0.6231028546874999 0.8514322218749999 0.61479235 0.8419825140625001 0.60935764375 0.799315846875 0.6073704109375 0.7780756140625 0.6103767953125
1 0.7744165546875 0.4285805625 0.793315975 0.43944997656250007 0.8571530468749999 0.4354308234375 0.8699673750000001 0.4280590359375 0.8696817234375 0.4157863078125 0.8632378328125 0.410741328125 0.8485246156249999 0.4080582171875 0.8366642671875001 0.413499309375 0.7967108171875 0.413636278125 0.7755636875 0.4206426625 0.7744165546875 0.4285805625
1 0.8787361546874999 0.42480286562499997 0.8722091390625 0.4304923578125 0.8724884421875 0.442492359375 0.8966513687500001 0.450610178125 0.9219614265624999 0.45079009687499993 0.9467482703125001 0.4561483328125 0.95350381875 0.456462978125 0.97784505 0.44839833906250004 0.9749223578124999 0.43727413750000005 0.9694260953124999 0.4300257328125 0.9586896046875 0.42652892343750004 0.9026197781249999 0.42092068281249995 0.8787361546874999 0.42480286562499997
1 0.903374846875 0.6067021875 0.898530015625 0.6131359765625 0.9017782859375 0.6239423703125 0.8953965421875001 0.6488380328125001 0.895405721875 0.649232378125 0.9002058343750001 0.6851359765625 0.9161748 0.6845478546875 0.9227137390625 0.6922714421875 0.9250075234375 0.6923782765625 0.9347398468750001 0.6627218828125 0.933553940625 0.61177049375 0.9333438140625001 0.6067661265625001 0.928971409375 0.5905798234375 0.9207852078125001 0.58220721875 0.9108162406250001 0.58307479375 0.9020645109375 0.5933222781249999 0.903374846875 0.6067021875
1 0.0970282328125 0.8077516296875 0.10546270312499999 0.8267909015624999 0.104617871875 0.8334109921874999 0.1073788078125 0.8353501218750001 0.109781153125 0.8354620125000001 0.1155558046875 0.8312566609375001 0.12121443437499999 0.816869446875 0.1343498765625 0.80988234375 0.1342340546875 0.804906153125 0.13040755937499998 0.7826685390625 0.130538615625 0.74538178125 0.1232783890625 0.726834225 0.1221299484375 0.7267807359375 0.11716621093749999 0.728776296875 0.1047248171875 0.7521708125 0.0869110203125 0.759332446875 0.0980041203125 0.7638447796875 0.1013144578125 0.7773178421875 0.0970282328125 0.8077516296875
1 0.24155440625 0.8773002890624999 0.24687663437500001 0.8793066843749999 0.2497050078125 0.8794384187500001 0.2576923859375 0.798138653125 0.26644551875 0.785269078125 0.26639411874999996 0.7830607453125 0.26122688125 0.7783249578125 0.25151310625 0.7472391078125 0.236761375 0.7572071375 0.2311648140625 0.7742610156249999 0.2276544296875 0.8380281374999999 0.24155440625 0.8773002890624999
1 0.3254898765625 0.828339940625 0.3560482078125 0.8297632171875 0.3998258484375 0.82881585 0.4062444921875 0.823387946875 0.40617287968750004 0.8203111218749999 0.39943016875000004 0.81181585 0.372600575 0.8035738312499999 0.3232206921875 0.7992760953125 0.29681005312500003 0.8090340749999999 0.3210428046875 0.8201518921875 0.3254898765625 0.828339940625
1 0.4528017125 0.8561208703125001 0.462612865625 0.8418230093749999 0.4669987421875 0.818352978125 0.46586894375 0.7698122390625 0.45765774531250003 0.7576832828125 0.45171981250000004 0.7600704953124999 0.445247384375 0.7824111328125001 0.44773700156249996 0.8464577078125 0.4514957234375 0.8560600421875 0.4528017125 0.8561208703125001
1 0.48536995312500003 0.7962460515625 0.536455575 0.8166058906250001 0.54726815625 0.8308653984375001 0.554211278125 0.8311887796875 0.5566417765625 0.8255374046874999 0.6150756890625 0.8182698484375001 0.581346678125 0.799717321875 0.537113925 0.7876679890625 0.48918375000000003 0.7884323546875 0.48536995312500003 0.7962460515625
1 0.693980903125 0.8486242984375 0.699566875 0.84888446875 0.7094297640625 0.8427780484375 0.7109271140625 0.8373693609374999 0.7108316484375 0.833267796875 0.6956774765625 0.8241570375 0.638181215625 0.8144866953125 0.5997473015625 0.8226857656250001 0.6052901125 0.8319341703124999 0.6294530390624999 0.8400519890625 0.693980903125 0.8486242984375
1 0.80279813125 0.82806570625 0.8027726671875 0.8269716546874999 0.7910814328125 0.8203698984375001 0.7855139671875 0.8201105890625 0.7420192515624999 0.8244424734375 0.7195620625 0.83238675625 0.7173803171875 0.846390928125 0.717385015625 0.8465927499999999 0.787051103125 0.8498374999999999 0.80279813125 0.82806570625
1 0.8379243187500001 0.8927879171875001 0.8459071343750001 0.8931597234374999 0.855945396875 0.8811200031249999 0.85385921875 0.8344067609374999 0.8557924140625 0.8249238562500001 0.8556691265625 0.8196269812500001 0.8482075109375 0.80617388125 0.8392075109375 0.8057546999999999 0.8287350828125 0.827909034375 0.82806953125 0.885149215625 0.8332247 0.8920487609375 0.8379243187500001 0.8927879171875001
1 0.9446629984375001 0.9133674125000001 0.9499939843749999 0.90502086875 0.9550319406250001 0.8639669890624999 0.9537905921875 0.8106336546874999 0.9516664578125 0.8052071703125 0.9396974921875 0.8059815968749999 0.933162996875 0.8256555656250001 0.9379319171875 0.90179529375 0.9438296656249999 0.9133286 0.9446629984375001 0.9133674125000001
1 0.1227401953125 1 0.136943571875 0.9916631468749999 0.139977484375 0.9846087140625001 0.1398868890625 0.9807164 0.13507490625000002 0.9686010453125 0.1242918640625 0.9631042359374999 0.09829150625000001 0.959791365625 0.093576221875 0.9595717484374999 0.0944828015625 0.99852206875 0.1109491640625 1 0.1227401953125 1
1 0.25627266875 1 0.24728239218749998 0.9800912281249999 0.22849962812500002 0.9885396234374999 0.22554470312500002 1 0.25627266875 1
1 0.37210821875 1 0.362545715625 0.9840445734375001 0.343692846875 0.9751751593750001 0.327692846875 0.9744299484375001 0.3282879953125 1 0.37210821875 1
1 0.4767177328125 1 0.475792903125 0.99596818125 0.467482565625 0.982262240625 0.45448256562499995 0.9816567562499999 0.44866876875 0.9893773015624999 0.447485953125 1 0.4767177328125 1
1 0.5851985796875 1 0.5866812171875 0.99806395 0.5866387125 0.996237778125 0.5779159875000001 0.9876138671874999 0.5282800765625 0.9723161296875 0.525613409375 0.9721919281250001 0.52626065 1 0.5851985796875 1
1 1 0.623686684375 0.978970425 0.6223721265625 0.9645364437499999 0.6302263140625 1 0.6318780562499999 1 0.623686684375
1 1 0.43743842656250004 0.9691802203125001 0.436002971875 0.9739865375000001 0.442220328125 1 0.44500987500000005 1 0.43743842656250004
1 1 0.2608266640625 0.987578684375 0.259938115625 0.971671784375 0.2631929046875 0.9589602453125 0.2709811828125 1 0.27289264062499996 1 0.2608266640625
1 1 0.1111274546875 0.9967217093749999 0.10958516874999999 0.943551303125 0.11410112812499999 0.9446948921875 0.11735776093750001 1 0.1199336375 1 0.1111274546875