1 0 0.9413844109375 0.002367265625 0.9438499281249999 0.013580840625000002 0.9346784640625 0.0263373515625 0.9096816234375 0.03691236875 0.9121104359375 0.0372332671875 0.9029211234375 0.026936256250000002 0.8925312265625 0.0189200328125 0.8627853015625 0 0.8626752281250001 0 0.9413844109375
1 0.043352140625 0.8477892953125 0.0491199671875 0.83104998125 0.051163428125 0.7725329203125 0.0354790109375 0.732944446875 0.029771771875000002 0.7284461359375001 0.028704210937500002 0.728439925 0.027857273437500003 0.7526930453125 0.0213177734375 0.769808878125 0.0171957375 0.802773128125 0.0226295640625 0.8173195625 0.023642301562500002 0.84503556875 0.027012314062499997 0.851652821875 0.039253539062499995 0.8517240390625 0.043352140625 0.8477892953125
1 0.03304898125 0.650141975 0.0181279921875 0.6804043390625 0.032596142187499996 0.7372282703125 0.05239227187499999 0.737343440625 0.054064812500000003 0.689448134375 0.055973559375 0.6176385343749999 0.055738587500000006 0.6176371671875 0.03304898125 0.650141975
1 0.056737526562499994 0.56815839375 0.054544495312499996 0.557955 0.0437689796875 0.5262236078125 0.037298821875 0.5206352062499999 0.029757796875 0.5205913343749999 0.0281116734375 0.5208543999999999 0.024565109374999998 0.5656977609375 0.0296990859375 0.6171892703124999 0.039047240625 0.63307800625 0.0470141015625 0.631804828125 0.0534153921875 0.618646778125 0.056315882812499996 0.580232696875 0.056737526562499994 0.56815839375
1 0.0469625296875 0.46043762812500005 0.043462832812500005 0.447221975 0.034295021875 0.44091404062499995 0.033631709375 0.44091018281250005 0.01774289375 0.4747824546875 0.02359135 0.47745553906250005 0.032916071875 0.5223737828125 0.0406986546875 0.5263776484375 0.0488958640625 0.5185081625 0.0492514546875 0.5140120015625 0.050076478125000004 0.4903864234375 0.0469625296875 0.46043762812500005
1 0.0519436265625 0.384729996875 0.041566603125000004 0.3440616640625 0.0402526890625 0.3440540203125 0.030507365624999998 0.3463389390625 0.0267999546875 0.3674298359375 0.026131549999999996 0.41492900156249996 0.0371374140625 0.44006408593749996 0.0467619859375 0.44803725625 0.050532906249999995 0.432562828125 0.052022032812499994 0.3899198046875 0.0519436265625 0.384729996875
1 0.048564626562500005 0.2760904234375 0.037791209375 0.25964755781250004 0.0369386765625 0.25964259843750004 0.0243876234375 0.287825528125 0.028900059375 0.3287571890625 0.037027765625 0.3512364703125 0.041605040625 0.351875975 0.047437590625 0.3519099078125 0.05309970000000001 0.3447323265625 0.055632732812499995 0.3289127140625 0.048564626562500005 0.2760904234375
1 0.06683806249999999 0.20234045625000002 0.0044524609375000005 0.21287080781249998 0.0001835015625 0.22175867187499998 0.018376559375 0.22978691874999999 0.07375095312499999 0.231099378125 0.08617750468749999 0.21532687031250003 0.0811770609375 0.20737537968750003 0.06683806249999999 0.20234045625000002
1 0 0.11775728593749998 0.004572531249999999 0.1228779796875 0.0652239703125 0.124221140625 0.102301584375 0.12047565 0.11792478125000001 0.11382850468750001 0.1179373640625 0.11346817812500001 0.1027510609375 0.1076043640625 0.09781976718749999 0.09767267187499999 0.066220090625 0.0863402171875 0.056443053124999996 0.08628333593750001 0.0332796921875 0.0943262890625 0.0040830703125 0.0991079296875 0 0.10582359062499999 0 0.11775728593749998
1 0.20711202499999998 0.071630159375 0.20006634375000001 0.0887701953125 0.1988117703125 0.1246964671875 0.20232157968750003 0.15209357343750002 0.20704172656250003 0.15871868125 0.2169887875 0.157457021875 0.22149261718750002 0.14650055 0.224339475 0.064977190625 0.21960291875000001 0.05597622343749999 0.219461440625 0.055975399999999995 0.20711202499999998 0.071630159375
1 0.25429796875 0.1947195171875 0.2290776265625 0.1904336453125 0.2165240265625 0.1903606109375 0.17778081875 0.19427435312500002 0.16042297187500001 0.2001151703125 0.15750785 0.2080206125 0.17431249375 0.2180213796875 0.2231597359375 0.2173152640625 0.26020609375000003 0.201475765625 0.26027978906250004 0.1993654046875 0.25429796875 0.1947195171875
1 0.24156551093749998 0.287739846875 0.2390985140625 0.28582380937499996 0.2086730515625 0.2856467984375 0.185570853125 0.28594565156249996 0.16151297656250002 0.2947183875 0.1585978546875 0.3026238296875 0.1675906578125 0.3096082484375 0.21244553906250002 0.30986920625000003 0.2392802375 0.29715142499999997 0.2414671609375 0.2905562171875 0.24156551093749998 0.287739846875
1 0.2004041921875 0.3293575796875 0.18974213281250002 0.32929555 0.1858671828125 0.336513984375 0.18342549218749998 0.406434828125 0.1965497640625 0.42762365156250004 0.2033883171875 0.4303024953125 0.212596846875 0.40124207187499994 0.21282895468750002 0.3945953828125 0.20467906406249997 0.33662342968750003 0.2004041921875 0.3293575796875
1 0.2143212890625 0.45738879062500004 0.20709154062500001 0.437553790625 0.19944919218749999 0.43406079374999995 0.1979183375 0.4340518875 0.191065678125 0.4427386734375 0.18213135625000001 0.4717163359375 0.19603801406250002 0.527217471875 0.20264622187499998 0.536492621875 0.2105670140625 0.536538703125 0.2127148078125 0.532123846875 0.2140408328125 0.4941514359375 0.2143212890625 0.45738879062500004
1 0.177660146875 0.560522240625 0.137241696875 0.5706233515625 0.1381460578125 0.5825122140625 0.15116579531250002 0.5875394625 0.2052900796875 0.5868640484375 0.24517909218749998 0.5781834140625 0.2114660765625 0.5611521749999999 0.1976289390625 0.5606384156249999 0.177660146875 0.560522240625
1 0.1711976375 0.661119875 0.1698965296875 0.684201225 0.16902768125 0.7090817859375 0.174650471875 0.732394540625 0.1854954921875 0.7337771656250001 0.1936927015625 0.72590768125 0.19644568125 0.6847380281250001 0.19721824375000002 0.6626146984375 0.1858422078125 0.6387730796875 0.1776910671875 0.6453233015625 0.1711976375 0.661119875
1 0.177726684375 0.7473244265625001 0.174555190625 0.7339769125 0.1709277109375 0.733955809375 0.16128619375 0.7643826578125 0.1668574359375 0.8317110609375 0.1713933046875 0.8436132140625 0.1874191671875 0.8384283328125001 0.1964917 0.805492884375 0.19753094375 0.7879198749999999 0.1983608765625 0.7641537140625 0.177726684375 0.7473244265625001
1 0.2157956265625 0.92133480625 0.2183365921875 0.9081758140625 0.2188940734375 0.892211653125 0.206163378125 0.862311834375 0.20566413906249997 0.8623089296875 0.18215569375000001 0.8921094515625001 0.179069825 0.9237602 0.1858849453125 0.95546855 0.19424300156250002 0.9713515265625 0.2060781203125 0.9727399109375 0.216841475 0.9509903578125 0.21719883437499998 0.940756959375 0.2157956265625 0.92133480625
1 0.395738865625 0.9107789515625001 0.396084615625 0.9008779625000001 0.38160731718749996 0.899803434375 0.3749241296875 0.896112821875 0.34999007187500003 0.895967759375 0.338175421875 0.8965798546875 0.306098253125 0.9082768375000001 0.30318313125 0.9161822781250001 0.3096065625 0.9211711499999999 0.34616555 0.9322771453125 0.3672737296875 0.9323999484375 0.3756733484375 0.9185846140624999 0.395738865625 0.9107789515625001
1 0.5234576828125 0.851655259375 0.5214077546875 0.8516433328125 0.5095120578125 0.857143603125 0.5005126703125 0.85152176875 0.49861239687500003 0.8515107125 0.48744384687500003 0.8995089125 0.48738999843749997 0.9010509515624999 0.49537345625 0.9217182812500001 0.49818211406249996 0.9547228515624999 0.512895390625 0.9587670390625 0.5231649359375 0.9482705515625 0.522336478125 0.9152775015625 0.531362940625 0.8836613140624999 0.522291203125 0.8598570109375 0.5234576828125 0.851655259375
1 0.5206633171874999 0.71254825 0.5188310203125 0.7125375890625001 0.51004133125 0.7204277578125 0.5066564078125 0.7322838265625 0.51370108125 0.8141356249999999 0.524039334375 0.830030121875 0.532996296875 0.828762703125 0.5370457703125 0.8216927828125 0.5387952671875 0.7715937359375 0.5206633171874999 0.71254825
1 0.376193446875 0.7735640921875 0.3765292078125 0.7639491734375 0.3580180359375 0.7366070859375 0.35692075624999997 0.7366007015625 0.3399150765625 0.7402500125 0.34576353125 0.742923096875 0.34836527031250003 0.753494465625 0.3440815921875 0.81944600625 0.3625249171875 0.8301095421875001 0.3696398875 0.8248728171874999 0.3740149109375 0.8130225078125 0.376193446875 0.7735640921875
1 0.34814868125 0.6287152640625 0.34372691875 0.6430568531249999 0.3507715921875 0.7249086499999999 0.3620999453125 0.7408089078125 0.37467217812500003 0.7210891109374999 0.3790245625 0.68152855625 0.36626884843749996 0.64978564375 0.3483203640625 0.6287162625 0.34814868125 0.6287152640625
1 0.540803309375 0.6640087796875 0.5410570906250001 0.6283829671875 0.5336891328125 0.61250575 0.52697946875 0.60943904375 0.5227884281249999 0.6094146625 0.515867353125 0.612402065625 0.50819954375 0.6334699234375 0.5011759171875 0.692807878125 0.5121357140625 0.719262225 0.5329512249999999 0.6903536828125 0.5449667203125 0.6843728921875 0.5451099421875 0.6802715906250001 0.540803309375 0.6640087796875
1 0.52731276875 0.5207867453125 0.5217868 0.508878834375 0.5199152765624999 0.5062519953125 0.5198690359375 0.5062517265625 0.50463263125 0.5180157390625 0.5029054187499999 0.5391181578124999 0.5075334265625 0.5483817875 0.503733875 0.5721112078124999 0.5174336203125 0.60517914375 0.5332385421875 0.5726916328125 0.5336995515625 0.55949004375 0.52731276875 0.5207867453125
1 0.407258815625 0.5552668749999999 0.3893895421875 0.5542030078125 0.3624197421875 0.5428433312500001 0.30790402656250004 0.54252616875 0.290686978125 0.546696671875 0.2852024828125 0.552606565625 0.28627971875 0.5595449328125001 0.30443819843750003 0.568563278125 0.3532162890625 0.5698373609375 0.39973618125 0.560205003125 0.4072453734375 0.555651790625 0.407258815625 0.5552668749999999
1 0.41656812343749994 0.46769613281250005 0.3986345109375 0.45553624531250003 0.3756652125 0.4554026140625 0.35485283125 0.4562563578125 0.330933253125 0.4610686984375 0.329302815625 0.46997191406249994 0.33958030625 0.4779541078125 0.355238565625 0.48299670624999996 0.3816929390625 0.48117001249999997 0.4165246671875 0.46894055156250003 0.41656812343749994 0.46769613281250005
1 0.546362621875 0.4653865796875 0.5464886328125 0.4617780984375 0.5452838437499999 0.44510228749999997 0.5389520546875 0.4279115703125 0.5341212718749999 0.42506813593750004 0.5314177890625 0.42505240781250003 0.5227419140625 0.4383734953125 0.5168700265624999 0.4647299203125 0.5064162015625 0.48050345156249996 0.506001575 0.49237680156249997 0.5227637546875 0.52282349375 0.5298326578125 0.5189060328124999 0.5426813078125 0.49127066875000003 0.546362621875 0.4653865796875
1 0.5713081640625 0.32071432031249997 0.5689728296875 0.31743649375 0.565846846875 0.31741830625 0.5534863828125001 0.3206106359375 0.5406682843749999 0.35993164843750003 0.540567959375 0.3628045984375 0.553416084375 0.4076991578125 0.5657345359375 0.42360517656249996 0.574875775 0.4170607125 0.5793429375 0.4025718796875 0.578053784375 0.382771440625 0.5824766703125001 0.3710335046875 0.5826849921874999 0.365067928125 0.5713081640625 0.32071432031249997
1 0.382133515625 0.32923329687499997 0.3743618296875 0.325681184375 0.36923560625 0.32565136093749997 0.364173525 0.3330873953125 0.3617318359375 0.403008240625 0.3767441671875 0.42684710625 0.3845728203125 0.42953170937499996 0.40225216093749994 0.3853660234375 0.4023914640625 0.38137693906250003 0.39148167031250003 0.3451220328125 0.382133515625 0.32923329687499997
1 0.3980708671875 0.3205397765625 0.3984900359375 0.314086253125 0.3995460625 0.2838456125 0.395239575 0.259824959375 0.3860296296875 0.23997844062499998 0.3706253078125 0.25572317187500004 0.376334759375 0.319093790625 0.37803854062500003 0.327020878125 0.3876170421875 0.33631330937500004 0.3957221125 0.33108234687500004 0.3980708671875 0.3205397765625
1 0.5762871171875 0.2670523703125 0.564567571875 0.23399595781250002 0.5560796609375 0.2314065234375 0.5556463109374999 0.2314040015625 0.5434530046875 0.243109821875 0.5421404187500001 0.2523388890625 0.5504984734375 0.268221865625 0.56012225 0.33293478906249996 0.56263839375 0.3377162671875 0.5709747890625 0.33776476718750004 0.5798555234375 0.3066590078125 0.5762871171875 0.2670523703125
1 0.5814841046875 0.1793886609375 0.5747695546875 0.1721281953125 0.570405871875 0.1721028078125 0.5647445624999999 0.1766522140625 0.5594715796874999 0.1858582421875 0.5579973515625001 0.2280746015625 0.5612206328125 0.249205821875 0.570039384375 0.2518961859375 0.5809525015625 0.23566704062500002 0.5815168765625 0.21950544375 0.5814841046875 0.1793886609375
1 0.385737046875 0.17414039375 0.37855336875 0.15298613125 0.3740578125 0.15220667968749998 0.3703554 0.1521851390625 0.36013268125 0.17003284531250001 0.3648520328125 0.233397703125 0.3732561578125 0.24796141875000002 0.38419331562500003 0.2467055203125 0.38937415937500003 0.240138015625 0.391861121875 0.2256376625 0.3863351546875 0.2137297515625 0.385737046875 0.17414039375
1 0.42458039999999997 0.085810084375 0.3859819375 0.08351208437499999 0.3649397359375 0.08338966406250001 0.345355578125 0.08732976875000001 0.339015328125 0.0928298984375 0.338581715625 0.1052469421875 0.3616415984375 0.112182021875 0.3867421359375 0.1113377515625 0.4155930078125 0.1164571015625 0.44166823906249997 0.106948734375 0.44177001875000005 0.1040341296875 0.4400657859375 0.09580317656250001 0.435030765625 0.088841784375 0.42458039999999997 0.085810084375
1 0.59295865 0.170396578125 0.6046136703125 0.1398918859375 0.606629228125 0.0821738609375 0.603482771875 0.06753452343750001 0.5974970640625 0.06130038125 0.585541190625 0.061230825 0.576611890625 0.07133678125000001 0.5771412953125 0.084535153125 0.5719604515625 0.0911026578125 0.574562190625 0.101674028125 0.5667561734375 0.1266996703125 0.5694726921875 0.16234276406249998 0.5853603453125 0.161115665625 0.59295865 0.170396578125
1 0.7337821640625 0.9261146828125 0.7639522953125 0.9312417078124999 0.7826985515625 0.92342836875 0.789260284375 0.92445684375 0.7914296765625 0.9213747765625 0.7914863999999999 0.919750396875 0.7870020875 0.9135504046875 0.7726976640625 0.9075253828125 0.7653076171875 0.8936955546875 0.7647481078125 0.8936922984375 0.738742621875 0.8974248359375 0.7018378828125 0.89621983125 0.6831262015624999 0.9030430718750001 0.6855572734375001 0.908999015625 0.7088544999999999 0.9220084578125001 0.716147715625 0.9398762906250001 0.720485825 0.9290082265624999 0.7337821640625 0.9261146828125
1 0.7696221249999999 0.717122284375 0.7570117859375001 0.797917240625 0.74679823125 0.8121018046874999 0.7467830453125 0.8125366953125001 0.75236034375 0.8176831171875 0.7602116359375 0.8480779671875001 0.775431678125 0.8376102812499999 0.7819711765624999 0.820494446875 0.7891330140624999 0.757198709375 0.7775977468749999 0.7188652515625 0.7725649546875 0.7171394046875 0.7696221249999999 0.717122284375
1 0.8009743953124999 0.6734374843750001 0.7963590109375 0.6641420421875 0.7867242937500001 0.6640859890625 0.723310859375 0.66803415 0.7151532671874999 0.6749187921875001 0.722723084375 0.684865834375 0.748866284375 0.69195003125 0.7976097984375 0.6942142125 0.8231625328125001 0.6839631765624999 0.823197175 0.6829711859375001 0.8009743953124999 0.6734374843750001
1 0.772013384375 0.5375666515625 0.7649087296875 0.526431134375 0.7614666359375 0.526411109375 0.758122734375 0.527854465625 0.75040885625 0.5502415843749999 0.7491876140625 0.613571884375 0.7527794531249999 0.6241490140625 0.764223378125 0.6083812421875 0.7700031265625 0.5846633421874999 0.7709639484374999 0.5676185859375 0.772013384375 0.5375666515625
1 0.782456353125 0.46228535312499996 0.7813141234375001 0.42091589999999995 0.7769422796875001 0.418666740625 0.77285435625 0.4186429578125 0.7539591140625 0.4669402765625 0.739729171875 0.4774137234375 0.7394988234375 0.48401002968749995 0.745347278125 0.4866831125 0.7532212046875 0.5447882093749999 0.771204628125 0.5119046015625 0.7821830203125 0.4701125765625 0.782456353125 0.46228535312499996
1 0.7920960499999999 0.324834203125 0.7873804609375 0.323395603125 0.7825434234374999 0.3233674625 0.773813571875 0.33792313125 0.7649018859375001 0.3946110421875 0.7734668578125 0.43292722031249997 0.782562028125 0.4277020171875 0.7903219734375 0.4039956359375 0.7974906609375 0.3450317609375 0.7978704234375 0.3341567875 0.7920960499999999 0.324834203125
1 0.7687564359375 0.244611015625 0.7740286234375 0.2921447421875 0.7821563312500001 0.3146240234375 0.7953418765625 0.3170583890625 0.7977675859375 0.247595178125 0.7778061968750001 0.23269649062500003 0.7754598921875 0.23268284062500003 0.7687564359375 0.244611015625
1 0.8132589937500001 0.162005215625 0.807962625 0.151605428125 0.7977728953125001 0.151546146875 0.7867440171875 0.172673859375 0.782782828125 0.22939057031250001 0.7875029734375001 0.23601567499999998 0.7993380921875 0.23740406093750002 0.810689878125 0.22427481249999998 0.8113122140625 0.17809490781249998 0.8129116046875 0.171953103125 0.8132589937500001 0.162005215625
1 0.8101425359375 0.0375324375 0.809705765625 0.037529896875 0.803701703125 0.0463496734375 0.7963329515625001 0.0872122078125 0.7926942453125 0.1346940921875 0.7962860859374999 0.145271221875 0.80821334375 0.144021084375 0.8158350796875 0.1242724875 0.815490753125 0.0490573171875 0.8101425359375 0.0375324375
1 0.8421734484375 0.0053020859375 0.8421875 0.004899703125 0.7604701640625 0.0044242859374999995 0.7604436921875 0.0051823296875 0.781275271875 0.013225925 0.826130153125 0.013486884375 0.8421734484375 0.0053020859375
1 0.9314036453125001 0.896224690625 0.9167740875 0.905095353125 0.91250513125 0.91398321875 0.9172981234375 0.9278753046875 0.9276793375000001 0.9328872015625 0.9659466796875 0.9362240953125 0.9673172203125 0.896976940625 0.9547904703125001 0.89636075 0.9314036453125001 0.896224690625
1 0.9459230921874999 0.8134798375000001 0.9648201343749999 0.8044676359375 0.9730247734375 0.7782872421875 0.9731546578125 0.7745678296875 0.9348038437499999 0.7743447109375 0.9329300515625001 0.7818501078125 0.9456396203124999 0.8134781875 0.9459230921874999 0.8134798375000001
1 0.9362914375000001 0.658704875 0.9370690953124999 0.673282665625 0.9322794453125001 0.6970063265625 0.939693471875 0.71156428125 0.9578838125000001 0.7011138765625 0.965340034375 0.6850767515625 0.9662548718749999 0.658879196875 0.9362914375000001 0.658704875
1 0.9746527046875 0.55265646875 0.9400382468749999 0.5524550875 0.93858356875 0.5615400234375 0.9427048109375 0.5853155265625001 0.9501649046875 0.5985542203125 0.9630361921875 0.5986291031250001 0.9692532046875 0.590748096875 0.9743818125000001 0.560413790625 0.9746527046875 0.55265646875
1 0.9571465640625 0.45141905312499997 0.950581778125 0.4462448421875 0.9502581031249999 0.44624295937499997 0.9411667703125 0.45528467343749995 0.9265909078125001 0.5040224546875 0.9261762812500001 0.51589580625 0.962509915625 0.5161071890625 0.961474721875 0.4976277578125 0.9676907015625 0.4835027171875 0.9678903984374999 0.4777841484375 0.9571465640625 0.45141905312499997
1 0.9750361546875 0.381020071875 0.9651461171875001 0.3697515203125 0.9605461562500001 0.36972475781249997 0.9565928296875 0.3703565359375 0.9524020875 0.3769298015625 0.9490171625 0.3887858734375 0.9494608953125001 0.41253997968749995 0.9795395687499999 0.4127149734375 0.9795919328125 0.41121548125 0.9772232671875001 0.4034647921875 0.9750361546875 0.381020071875
1 0.9442943421875001 0.288533090625 0.947906375 0.29845710468750003 0.95696833125 0.3034613265625 0.9894727359375001 0.307279240625 0.99066960625 0.2730053296875 0.978265640625 0.272933165625 0.9606441015625 0.27377370624999997 0.9472094640625001 0.2806276484375 0.9442943421875001 0.288533090625
1 0.9881299390624999 0.16671896875 0.9536335125000001 0.1665182734375 0.9558709828125 0.17068338593750002 0.956653371875 0.20499569687500002 0.96137351875 0.21162080468750002 0.977215103125 0.21171296874999998 0.9872316640625 0.1801025421875 0.987842903125 0.1749386 0.9881299390624999 0.16671896875
1 0.9860890734375 0.0818108375 0.9793899906249999 0.076024709375 0.9761353734375 0.076005775 0.9713757953125001 0.07776665 0.966010675 0.08961120156249999 0.96324729375 0.11202712031249999 0.963342665625 0.1133472046875 0.9899883078125 0.113502225 0.9904733015625 0.0996138515625 0.9904406625 0.09899003437500001 0.9860890734375 0.0818108375
1 0.5952751375 0.056724034374999996 0.5979849625 0.003478975 0.575352490625 0.003347303125 0.5733421859375001 0.0609148921875 0.576048628125 0.0684879421875 0.5898639453125 0.069887846875 0.5952751375 0.056724034374999996
1 0.43542108281249997 0.012103528125 0.435670246875 0.01018935625 0.4359375 0.0025362109375 0.3611830921875 0.0021013015625 0.3536960375 0.0096474640625 0.362515965625 0.0215823796875 0.4112249046875 0.024836659375 0.43542108281249997 0.012103528125
1 0.26528498749999996 0.0112820578125 0.25300304375 0.003034746875 0.20230981250000002 0.0027398218750000003 0.19733470625 0.003213765625 0.1784501484375 0.0149875 0.1808120703125 0.022923642187500003 0.1899086 0.0269377640625 0.22945186093749997 0.028158121874999997 0.24542129531249998 0.0242898265625 0.2652675703125 0.011780820312499999 0.26528498749999996 0.0112820578125
1 0.058080193749999995 0.021010417187499998 0.06717672031250001 0.0250245390625 0.119692203125 0.018462953125 0.119746334375 0.01691283125 0.11782727343749999 0.0104647140625 0.09583549218750001 0.0005575546875 0.0222130609375 0.00012923125 0.011209140624999999 0.002912325 0.0122172265625 0.0118308921875 0.026487075 0.018846012500000002 0.058080193749999995 0.021010417187499998