1 0 0.079650675 0.0060332359375 0.0786375359375 0.0170975328125 0.10516613593749999 0.0267079796875 0.1141743109375 0.029003534375 0.11429461562500001 0.03646148125 0.10754668125 0.04718685 0.0753314125 0.053166856250000005 0.06914428593750001 0.0534993734375 0.0620050046875 0.0073369890625 0.0595857375 0.006858146875 0.060926365625 0 0.0669412640625 0 0.079650675
1 0 0.21785933124999998 0.0071494421875000005 0.22122495468749998 0.0229699390625 0.222054071875 0.044150740625000004 0.2212598703125 0.062147653125 0.2160531046875 0.086987996875 0.21735493125 0.087051934375 0.21598215 0.082916984375 0.2099666421875 0.038862701562500004 0.18818303281249998 0 0.186146325 0 0.21785933124999998
1 0.0148322171875 0.30289728125000004 0.027687687500000002 0.33498264375 0.047887556250000005 0.36902714531249997 0.0485957421875 0.3690642609375 0.052920350000000005 0.2762132046875 0.024460918749999998 0.27472170937499996 0.0148322171875 0.30289728125000004
1 0.0390166359375 0.43337781406250003 0.0426552125 0.4212769953125 0.0428925703125 0.38168345625 0.016625859375 0.3803068765625 0.00872251875 0.42359582656250006 0.0086100484375 0.4700245265625 0.010517121875 0.470445365625 0.01802669375 0.47083892499999996 0.025223784375000002 0.465432321875 0.0390166359375 0.43337781406250003
1 0 0.5391521921875 0.005302778125 0.5531867328125 0.007292190625 0.55329099375 0.0162424796875 0.5479625984375 0.02096700625 0.53455296875 0.026637871875000003 0.5042146390625 0.027371934375 0.48845404062500003 0.006554035937499999 0.4873630203125 0 0.509722721875 0 0.5391521921875
1 0 0.649806028125 0.0000346046875 0.6500221046875 0.000308053125 0.6500364359375 0.0106706171875 0.6425730109375001 0.024146196875 0.61733049375 0.0252942484375 0.60032155625 0.0265951828125 0.57238996875 0.0046358734375 0.57123913125 0.0000432796875 0.5846556765625001 0 0.5851024859375 0 0.649806028125
1 0 0.7359244359375 0.009667025 0.7233242109375 0.020271203125 0.6745389578125 0.020453439062500002 0.6706262921875 0 0.669554371875 0 0.7359244359375
1 0 0.8301463968749999 0.0020369968749999997 0.8302531515625 0.0099663375 0.79490040625 0.0106847375 0.779476071875 0.0078145375 0.7695580328125 0 0.7637625156250001 0 0.8301463968749999
1 0 0.93157703125 0.0320887203125 0.9222290750000001 0.038014545312499995 0.9122897265625 0.053280178125 0.907445909375 0.0533311265625 0.9063520531249999 0.038633651562499996 0.8989972937499999 0.00067700625 0.8929081062499999 0 0.892883690625 0 0.93157703125
1 0.2016435640625 0.9168164484375 0.20172872968750002 0.9149879390625 0.1924931 0.9091523468749999 0.1120548625 0.90493675625 0.09822742031250001 0.90932423125 0.096388790625 0.91947778125 0.1029626625 0.9249472578125 0.13071675625 0.930975809375 0.1682474203125 0.9329427078125001 0.1861641765625 0.9272576828125001 0.2016435640625 0.9168164484375
1 0.1652995875 0.8537938781250001 0.169955909375 0.8236871859375 0.17129943593750002 0.794841121875 0.16897995937500002 0.7747748046875 0.16322571875 0.7662788984375 0.14400311875 0.804877459375 0.1406328015625 0.8552325937499999 0.1494973328125 0.8724401265624999 0.1531088296875 0.872629396875 0.1583397078125 0.8711835296875 0.1652995875 0.8537938781250001
1 0.1962646453125 0.729639503125 0.194953309375 0.724302484375 0.1683244578125 0.709582046875 0.12200293124999999 0.7071544390625 0.11213278281250001 0.7138121 0.1144765890625 0.7221348609375 0.13816119843750002 0.7324440828125 0.1946453578125 0.7354042921875 0.19603995937500002 0.7344636 0.1962646453125 0.729639503125
1 0.1746666109375 0.6216583671875 0.17492128906249998 0.6161903109375 0.1677473125 0.5851948 0.16759811093750002 0.5851869796875 0.1604508890625 0.587492428125 0.145120684375 0.6085405796875001 0.141757584375 0.6807476640625 0.1453915890625 0.6889662203125 0.1558032234375 0.689511871875 0.16118498750000002 0.6817658125 0.1746666109375 0.6216583671875
1 0.1858123921875 0.5168715125000001 0.1858129453125 0.5168596296875 0.1790303640625 0.48646435156249995 0.1723170828125 0.476552459375 0.162924265625 0.48015737343750003 0.15379248750000002 0.5001646484375 0.1482574875 0.574989353125 0.15069467812499998 0.58116848125 0.159805659375 0.5816459671875001 0.1667893078125 0.57322911875 0.1858123921875 0.5168715125000001
1 0.1822971578125 0.42419806718749997 0.18239506562500002 0.41779020468750006 0.1666891671875 0.38151853125 0.1666461453125 0.3815162765625 0.1555563796875 0.4218465421875 0.15193224375 0.47765126875 0.15641017031249999 0.49154317968749994 0.1621745015625 0.49249021718749997 0.1688356421875 0.49283931406250003 0.180923728125 0.45368614375 0.1822971578125 0.42419806718749997
1 0.1834365234375 0.2988472609375 0.1837034375 0.28058373125 0.1759042078125 0.27198065 0.164593309375 0.2727535953125 0.156230203125 0.298264046875 0.1550317859375 0.34600155625 0.1604053 0.36267185 0.16729874218750002 0.369019965625 0.1687382984375 0.36909540937499996 0.18117070156249998 0.347495371875 0.1834365234375 0.2988472609375
1 0.23072766093750002 0.225110475 0.21677035 0.2205114125 0.20010689531249998 0.1970883203125 0.15782494062500002 0.1958974078125 0.1233840078125 0.20229236093749997 0.11717244062500001 0.21836667968749998 0.1291959046875 0.2241217546875 0.1982837140625 0.23594081875 0.1983029515625 0.2359418265625 0.23056285937499998 0.22864881406249998 0.23072766093750002 0.225110475
1 0.21545321093749997 0.1233064890625 0.224310753125 0.09384895 0.22497414531249998 0.07960563281250001 0.2246340046875 0.058232914062499995 0.20257608125 0.0256652703125 0.1845663390625 0.0602302265625 0.1874506796875 0.08633013125 0.183050646875 0.11477972656249999 0.1926084796875 0.1385319265625 0.2051822578125 0.139190890625 0.20548929999999999 0.13917298281249998 0.21545321093749997 0.1233064890625
1 0.378302625 0.11689117812500001 0.379508325 0.09100431875000001 0.3709063828125 0.055821121875000004 0.3661111828125 0.048741196875 0.3578043140625 0.051037301562500005 0.3440114609375 0.0830918078125 0.34031665 0.118406978125 0.34498494062499996 0.128211696875 0.3452788515625 0.14183410000000002 0.35616556093749996 0.1424046484375 0.3646661625 0.12378025156250001 0.378302625 0.11689117812500001
1 0.5328752140625 0.1704613765625 0.5354865921874999 0.1705982328125 0.5349876859375 0.1623246953125 0.5447407 0.14174356875 0.545173203125 0.1324575375 0.5396977749999999 0.1052111609375 0.5433291312499999 0.07125838906250001 0.5336118203125 0.0598233390625 0.5180840328125 0.0631067328125 0.5124076859375 0.09695233125 0.50218995625 0.11826841562499998 0.5098059921875 0.1692523703125 0.5122267265625 0.16937923593749998 0.52156834375 0.1643528640625 0.5328752140625 0.1704613765625
1 0.54583416875 0.21915452812499997 0.5465583859375001 0.203605278125 0.5421750140625 0.1943989703125 0.5330360140625 0.1925542921875 0.521027115625 0.20831361093749998 0.506867975 0.292246409375 0.5093643671875 0.3046687484375 0.51822568125 0.3137945109375 0.5194940578125 0.313860984375 0.543536440625 0.253196421875 0.54583416875 0.21915452812499997
1 0.368897534375 0.20079874531250003 0.3724726578125 0.19006032343749998 0.3781284453125 0.18788966093749998 0.3781468703125 0.18749405937500002 0.3605199921875 0.1826052953125 0.3387375453125 0.21014391406250002 0.3374122171875 0.260606221875 0.3409311046875 0.2730821484375 0.34698870312499996 0.27819302343749996 0.349056278125 0.27830138125000004 0.3677697890625 0.2690258109375 0.368897534375 0.20079874531250003
1 0.37117991875 0.33707731875 0.3712027703125 0.336586678125 0.370050853125 0.29597446875 0.35873273437500003 0.2748954640625 0.345701340625 0.290601196875 0.3315422 0.37453399374999996 0.3347162609375 0.38875814375 0.335837103125 0.388816884375 0.35537685625000004 0.36895449999999996 0.37117991875 0.33707731875
1 0.533877890625 0.4012965984375 0.5366136640625 0.36456544062499996 0.543044275 0.346313428125 0.5431459640625 0.344130115625 0.53072529375 0.336942378125 0.5116714015625 0.3058978921875 0.49813236875 0.332502809375 0.5003893781250001 0.39407864375 0.5065315703125 0.41625211562500003 0.5140956906249999 0.420087415625 0.517052796875 0.4202423921875 0.5249364765625 0.41721667656249994 0.533877890625 0.4012965984375
1 0.515735696875 0.46866788125000003 0.5204850546875 0.460745659375 0.5212871109375 0.4435252046875 0.521285134375 0.437547078125 0.506518803125 0.42448169843750005 0.50434690625 0.42709932031250003 0.4976408421875 0.4390393796875 0.48755724218749996 0.4794826203125 0.48698615 0.49174420156250004 0.5004507421875 0.5258816640624999 0.5010897640625 0.5259151531249999 0.5176609984375 0.49335180312500004 0.515735696875 0.46866788125000003
1 0.3394276953125 0.480740053125 0.34215206875000004 0.422246665625 0.334282765625 0.4037370109375 0.3271887578125 0.40199950624999997 0.32079996718750003 0.407127578125 0.31473567343750003 0.42729561250000003 0.3123243953125 0.4790667296875 0.323198328125 0.5096825203125 0.32332371718749997 0.527563028125 0.3241678640625 0.5276072671875001 0.3288256609375 0.5209032234375 0.3394276953125 0.480740053125
1 0.3606230953125 0.56373653125 0.3621041765625 0.5319371546875 0.35939115781250003 0.5215760375 0.3517188375 0.5102481609375 0.34245292968749996 0.5111282796875 0.33619826875 0.5353835078125 0.332122728125 0.5788730640625 0.34502675 0.6007508765625 0.34568690625 0.600785475 0.36042809062500003 0.565333528125 0.3606230953125 0.56373653125
1 0.55279625 0.56802305625 0.55648235 0.5622333890625 0.5565563140625 0.5606453499999999 0.5267388796875 0.5410326796875 0.5144773 0.540390078125 0.49765229218749996 0.5497582234375 0.47016621875000003 0.5534426953125 0.45475123125000005 0.5618597453125 0.4585050609375 0.5692314078125 0.47588286875 0.5773170750000001 0.480805375 0.57810676875 0.509058109375 0.57958743125 0.523614415625 0.5787935921875 0.55279625 0.56802305625
1 0.531237971875 0.6141029828125 0.5279801234375 0.6180294156249999 0.511380828125 0.666325525 0.515795296875 0.681579834375 0.5127984890625 0.701908628125 0.5161904671875 0.71710935 0.525075646875 0.72440361875 0.5391295375 0.708751471875 0.5565196609374999 0.6623204765625 0.5565644953125 0.661357875 0.5463850328125 0.6189939765625 0.531237971875 0.6141029828125
1 0.401961940625 0.651427225 0.401194709375 0.64870281875 0.377433525 0.6310576984375 0.305226440625 0.6272734843750001 0.2954039140625 0.6329086515625 0.3002820234375 0.6454641921875 0.3161545640625 0.6565459437500001 0.3546102828125 0.6717372562499999 0.3554595078125 0.6717817625 0.4016745484375 0.657597659375 0.401961940625 0.651427225
1 0.3928734125 0.7456734015625 0.3740572078125 0.7350246140625 0.34573259375 0.7273902390625 0.311625025 0.726627728125 0.3006305953125 0.7281015156249999 0.294800015625 0.7359958734375 0.303860565625 0.746720625 0.31193970625 0.7491940171875 0.3631129234375 0.7583301296875 0.3788911890625 0.7591570328125 0.3927949703125 0.7473575890624999 0.3928734125 0.7456734015625
1 0.5784546546875 0.7630669796875 0.574930659375 0.7608403218750001 0.5087446484375 0.7450717703125 0.492824484375 0.7350125140625 0.48324007656249995 0.7355352078124999 0.4704070171875 0.74716254375 0.47270320000000005 0.7565077984374999 0.506144040625 0.7715852375 0.5349940546874999 0.7767359218750001 0.5527733390625 0.77766769375 0.578004340625 0.7727354140625 0.5784546546875 0.7630669796875
1 0.57046119375 0.8338016359375 0.568796459375 0.8270263265625 0.5471885890625 0.8217939421875 0.5035918578125 0.8195091343750001 0.4938169546875 0.8241218078125 0.4866239796875 0.8319447656250001 0.49573215312499996 0.841647021875 0.5063985390625 0.8425887937500001 0.5555540156250001 0.8451649234374999 0.5703211625 0.8368081640625 0.57046119375 0.8338016359375
1 0.31526970468750004 0.8807191328125 0.31861703124999996 0.8813033140625001 0.32708435625 0.88174706875 0.33635415 0.8681668874999999 0.3462478703125 0.8051196078125 0.34635914843750004 0.8027304328125 0.33722085625 0.7835374640625 0.32897744218749997 0.7844711656250001 0.3197822078125 0.8058408375000001 0.3158335765625 0.8466056 0.3093162578125 0.85820960625 0.3092412484375 0.8598200828125 0.31047450468750004 0.8736392078125 0.31526970468750004 0.8807191328125
1 0.3491732703125 0.9087356984375001 0.34323588437499997 0.8841598484375 0.33058726250000003 0.8834969609375 0.324435809375 0.8896848609375001 0.31818114999999997 0.9139400875 0.3185835375 0.97132155625 0.3211433828125 0.9823815 0.328047028125 0.988206196875 0.3391675625 0.991520446875 0.34966676093750004 0.967120371875 0.3500182625 0.9595735031249999 0.3469451359375 0.9345676718749999 0.3491732703125 0.9087356984375001
1 0.55267158125 0.98310965 0.5569234390625 0.956315709375 0.557565628125 0.9425276390624999 0.5525230125 0.920278590625 0.556098134375 0.9095401687500001 0.55130293125 0.902460246875 0.5529599734375 0.8888898546874999 0.544265159375 0.877508390625 0.5341036640625 0.875610125 0.5255429765625 0.8833558203124999 0.5206915390625 0.899490246875 0.5171308578125 0.9539325734374999 0.5275646640625 0.9893652609375 0.5283129203125 0.9894044750000001 0.5363751156250001 0.9808898656249999 0.55267158125 0.98310965
1 0.8124859109375 0.122925440625 0.8182688671875 0.11605357812499999 0.8157345656249999 0.1118207984375 0.808874953125 0.11248629218749999 0.7901823703125 0.10330672968750002 0.758609103125 0.106776996875 0.7451279953125 0.10299551093749999 0.741564659375 0.091533865625 0.7325330515624999 0.10951037187499998 0.7073907859374999 0.1215176015625 0.7043802484375 0.1275097703125 0.7231204531250001 0.1356668375 0.761315215625 0.13664355 0.7844091890625 0.1413532375 0.7887427015624999 0.141580346875 0.7972137953125 0.1282750078125 0.8124859109375 0.122925440625
1 0.849305709375 0.2612296375 0.8493704265625001 0.25984014843750003 0.8474093171874999 0.2528763375 0.8085188859375 0.2375132953125 0.7428856734375 0.23919855937499998 0.7248887609375 0.244405325 0.7132752265625 0.259171546875 0.7441817640624999 0.27001620625 0.7487983015624999 0.2757562640625 0.750328940625 0.27583648125 0.764808225 0.26699723125 0.849305709375 0.2612296375
1 0.8304813703124999 0.3627312453125 0.8305271109374999 0.36174918749999996 0.8049638421875001 0.349624328125 0.754459875 0.349027509375 0.7268785546875 0.35475696874999996 0.7182279312500001 0.364553515625 0.7260689546875 0.37213938125 0.7878080109375001 0.3796110828125 0.801276596875 0.3803169421875 0.8066885421875 0.371239521875 0.8304813703124999 0.3627312453125
1 0.7673209953125 0.4408930546875 0.7624611125 0.42207638437500006 0.756453053125 0.41903006875 0.746616053125 0.43217176718749994 0.7454176328125001 0.4799092765625 0.749387925 0.504700371875 0.75926165 0.5206496015625001 0.7602765812500001 0.5207027921875 0.7640076546875 0.5120317984375 0.7673209953125 0.4408930546875
1 0.769063021875 0.571637996875 0.7694860390625 0.562555659375 0.7574952453125 0.552438865625 0.741501615625 0.4997031890625 0.7331312921875 0.5033616875 0.7277794390625 0.55224725 0.7359103828125 0.59774224375 0.7511275578125 0.631431603125 0.751977465625 0.6314761437499999 0.764723384375 0.5733035265625 0.769063021875 0.571637996875
1 0.7570136875 0.7304178609374999 0.7599119187500001 0.73056975 0.7667228234375 0.7289326 0.774387925 0.718408528125 0.7715525999999999 0.6472423203125001 0.765537321875 0.6223440499999999 0.7565886859375001 0.6164121796875001 0.7448493375 0.654333471875 0.74469439375 0.65766014375 0.7489524624999999 0.7143440640625001 0.7570136875 0.7304178609374999
1 0.79646 0.790519215625 0.7808655734375 0.766547996875 0.7100208859375 0.762835184375 0.7120313281249999 0.7783154078125001 0.73476348125 0.7887316671875 0.777572175 0.797280471875 0.785168140625 0.797678559375 0.7963673531250001 0.7925084 0.79646 0.790519215625
1 0.775490240625 0.904454471875 0.77707011875 0.8705338734374999 0.7773754765625001 0.84431590625 0.7672067625000001 0.8205656906250001 0.758004309375 0.820083409375 0.7491263484374999 0.8346410921875 0.7515592859375 0.8484258296875 0.7483158765625 0.89605616875 0.75800280625 0.9090294890624999 0.76968955625 0.9096419656249999 0.7712621671875 0.9095502421875 0.775490240625 0.904454471875
1 0.8077729843749999 0.9771555609375 0.8161857156250001 0.9723291906249999 0.816258625 0.9707638015625 0.8056196703125 0.9647428218749999 0.7281058640625 0.957605525 0.7073365328125 0.963691984375 0.7054026546875 0.9758905234374999 0.715847809375 0.9804369953125001 0.718530021875 0.9805775640625001 0.7652529109375 0.9810771218750001 0.8077729843749999 0.9771555609375
1 0.9591350484375001 0.11082283125 0.9479977484375001 0.11536410625 0.9418814296875 0.129393434375 0.9455400125000001 0.13881008749999998 0.9601294749999999 0.1489960328125 0.9805404203125001 0.15006572499999998 0.995445196875 0.1502012203125 0.9973073390625 0.11022027968749999 0.9912606187499999 0.109903384375 0.9591350484375001 0.11082283125
1 0.966507990625 0.23704389843749998 0.96598626875 0.23701655625 0.9502505375 0.2687579234375 0.9510920421875 0.2738275171875 0.98959323125 0.2758452796875 0.9899279453125001 0.2686588453125 0.9850715984375 0.24736552031249998 0.966507990625 0.23704389843749998
1 0.983015471875 0.38344300468750003 0.9844937953124999 0.3517028078125 0.9628912749999999 0.3505706671875 0.9434367171875 0.3577510234375 0.9316803124999999 0.3755847296875 0.9439123281249999 0.383093221875 0.9543176328125 0.38363854062499997 0.9709993562499999 0.381745315625 0.983015471875 0.38344300468750003
1 0.9657689046875 0.4597075109375 0.9524764687499999 0.4590108828125 0.9436619625 0.47220616875 0.9374073062500001 0.49646139375000004 0.9379474734375 0.503386790625 0.9742078640624999 0.5052871171875 0.9743947859375 0.5012738125 0.97152314375 0.4682034171875 0.9657689046875 0.4597075109375
1 0.9612674203125 0.581347315625 0.9615003296875001 0.5763466578124999 0.9561032734375001 0.5609322359375 0.95835199375 0.5446614078125 0.9210774078125 0.542707928125 0.9206332250000001 0.5522447125000001 0.9315778359375001 0.6033500625 0.938704028125 0.6115021031250001 0.9427529765625 0.6117143 0.9477473890624999 0.6082946390624999 0.9612674203125 0.581347315625
1 0.9642922203125 0.6580164390625 0.9656933765625 0.6544671890625 0.96584233125 0.6512690609375 0.9361257078125 0.649711678125 0.9339418671875 0.6714488015625 0.9364382593749999 0.6838711421875 0.940210965625 0.690897478125 0.9435724078125001 0.69163925625 0.9490967921875001 0.6919287765625 0.9601460062499999 0.6810164421875 0.9642922203125 0.6580164390625
1 0.95385518125 0.7584951640625001 0.943820596875 0.753872103125 0.935513728125 0.7561682046875 0.9277217171875 0.7694170765624999 0.9249333156249999 0.797171771875 0.9589637375000001 0.79895523125 0.9596063671874999 0.7851577203125 0.9585234734375 0.7682998828125001 0.95385518125 0.7584951640625001
1 0.9478144515625001 0.85782934375 0.931454534375 0.8569719578124999 0.9260247859374999 0.8635160109375001 0.922329975 0.8988311812499999 0.9213514359375001 0.900360775 0.9557231140625 0.9021621171875 0.9558236640625 0.90000325625 0.95549399375 0.8910091734375 0.9478144515625001 0.85782934375
1 0.9518693656250001 0.97210683125 0.9527812593749999 0.965324915625 0.9530350265624999 0.9598764109375001 0.9249533890625001 0.958404715625 0.9258628109375 0.98030395 0.9304041921874999 0.9928334624999999 0.9355020796875 0.9950812156250001 0.9383690890624999 0.9952314687499999 0.9459319796875001 0.9895500703125 0.9518693656250001 0.97210683125