1 1 0.1016218796875 0.9982987203125001 0.099960675 0.946652284375 0.098758590625 0.946675596875 0.10009418750000001 0.9528593000000001 0.107164165625 0.9627338468750001 0.1404384203125 0.971142565625 0.1488952390625 0.9823379031249999 0.13951785781249998 0.9942777843749999 0.1136355953125 1 0.11503495625 1 0.1016218796875
1 1 0.22463324375 0.9608594640625 0.2237222375 0.915747528125 0.2422923703125 0.9117646421875 0.2475476015625 0.9117974796875 0.2494288984375 0.9365349109375 0.25000466875 0.9545494390625 0.25661979218750003 0.9705726109375 0.2584319734375 0.993066021875 0.2589555140625 1 0.2562610359375 1 0.22463324375
1 0.9441547437500001 0.40307055468749997 0.9443873984375 0.4030759703125 0.96575070625 0.37033875312500003 0.979660534375 0.3389949359375 0.97246649375 0.3154210296875 0.9426126859374999 0.314726175 0.9441547437500001 0.40307055468749997
1 0.9478342296875001 0.43490982031250003 0.9486414671875 0.48115637343750006 0.9526978578125 0.507914365625 0.9802846531249999 0.50855645625 0.9810685765624999 0.47463102656249995 0.97775301875 0.46216219687500004 0.9647792953125001 0.42881580937499997 0.9563946187499999 0.4217364 0.9481542 0.422921453125 0.9478342296875001 0.43490982031250003
1 0.9837510640625 0.5306968703125 0.96199228125 0.5301904296875 0.9622510421875001 0.545014796875 0.9663938359375001 0.571598403125 0.97076649375 0.5854686859375 0.981217284375 0.592596184375 0.9960880390625 0.5571441828125 0.9898416093750001 0.55424509375 0.9837510640625 0.5306968703125
1 0.9645939734375 0.6893676156249999 0.9890090703125001 0.6899358828125 0.9875017828124999 0.650550115625 0.9746482765625 0.6240907796874999 0.964173440625 0.6155858703125 0.959440921875 0.6402590359375 0.9622283218750001 0.6816294390625 0.9645939734375 0.6893676156249999
1 0.9693747765625 0.7800670703125 0.9970984843749999 0.780712346875 0.9881721515624999 0.7325858734375 0.9756187109375001 0.7146140625 0.9753769265625 0.714608434375 0.96414526875 0.7430141953125 0.9642388859375 0.74837749375 0.9693747765625 0.7800670703125
1 0.9692925640625001 0.858944190625 0.9850632453125 0.87098168125 0.9932315375 0.8656643984375 0.99813235625 0.8506331062499999 0.9901576875 0.8091419671875 0.9684144296874999 0.8086358875 0.9692925640625001 0.858944190625
1 0.962560003125 1 0.9673555078125 0.9867047484375 0.9775899156250001 0.981435553125 0.99034646875 0.9431806421875001 0.9795109921874999 0.914014575 0.978993334375 0.9112488234375 0.94907753125 0.9105525265625 0.9491203265625 0.9477284953125 0.95392575625 0.9863921687499999 0.9600543015625 1 0.962560003125 1
1 0.826237528125 1 0.8336991546875 0.9899919171875 0.840593959375 0.9708764828125 0.8400169328124999 0.9378186312500001 0.834298659375 0.9060179671874999 0.8290131546874999 0.8990106921875001 0.8187066203125 0.9001476546875 0.8140505734374999 0.9130562609374999 0.8154909703125 0.9955765421875 0.8180232249999999 1 0.826237528125 1
1 0.8091735343750001 0.8126091875 0.8100349015624999 0.86195690625 0.810159071875 0.865249915625 0.8280779031250001 0.904851296875 0.8289637953125 0.904871915625 0.8344723859375 0.897483384375 0.8390846906249999 0.8659231671875001 0.8330779046875 0.8175935765625001 0.8265670015625 0.7995429749999999 0.818254453125 0.7965957953125 0.8091735343750001 0.8126091875
1 0.8166416125 0.7660674625 0.8305522203125 0.793928253125 0.836152284375 0.795708665625 0.8407066140625 0.7958146687500001 0.842924871875 0.7928393781249999 0.8409301031249999 0.7377189140625 0.8311998125000001 0.712709125 0.8228872624999999 0.7097619453124999 0.8158241578125001 0.71923550625 0.8166416125 0.7660674625
1 0.8110947656249999 0.6542389187500001 0.8224005703125 0.713061515625 0.8271293843749999 0.720529125 0.8384768796875001 0.720793240625 0.8420286703125001 0.7135183640625 0.8407544015624999 0.640515609375 0.82590690625 0.618140415625 0.8186274156250001 0.6152172828125 0.8109202765625 0.6442424328125 0.8110947656249999 0.6542389187500001
1 0.7705739125 0.5499375734374999 0.7672387484375001 0.5576676593750001 0.7672733468749999 0.5596498390625 0.77637206875 0.5665947375 0.804012496875 0.5747376109375 0.8094726359375001 0.574864696875 0.8643820828125 0.5603820890625 0.8738977296874999 0.5533751 0.8737534734375 0.5451106375 0.866812325 0.5418511671874999 0.7910908125 0.5421540046875 0.7705739125 0.5499375734374999
1 0.8090267843750001 0.44628518437500003 0.8102422765625 0.4803015609375 0.8199239921875 0.5204426718749999 0.820918609375 0.520465821875 0.837197953125 0.4864363640625 0.837653984375 0.4534025578125 0.825520978125 0.40906093125 0.813148325 0.41014980625 0.8086154015625 0.4227170625 0.8090267843750001 0.44628518437500003
1 0.7776235640625 0.3473005609375 0.7827410375 0.3534322046875 0.79937815625 0.3600152671875 0.8292188656249999 0.3613487625 0.8490240531250001 0.3618097328125 0.873650128125 0.35554813749999997 0.8748291859374999 0.34421656093749997 0.866420465625 0.3357597421875 0.8016461093749999 0.332186825 0.7775675078125001 0.3440891265625 0.7776235640625 0.3473005609375
1 0.8059016640625 0.2672471421875 0.8267313265625 0.283913996875 0.831057459375 0.2989169484375 0.8342913609375 0.29899221875 0.8429476984375001 0.2663923765625 0.8334570546875 0.1959520859375 0.8280753765625001 0.1834351671875 0.811642625 0.1885600953125 0.8050429250000001 0.2180500125 0.8059016640625 0.2672471421875
1 0.7761520765625 0.07282508125 0.7797561484375 0.10182283437499999 0.7768253859375001 0.1226146328125 0.7769496015625 0.1297308875 0.792304903125 0.1621327 0.79465685 0.1621874421875 0.8164421171875 0.1329674296875 0.8179312031249999 0.09995766874999999 0.8090897140625 0.066707459375 0.7995036796874999 0.04996213125 0.78708294375 0.048296184375 0.7761520765625 0.07282508125
1 0.624542959375 0.05849236249999999 0.623774371875 0.0736198328125 0.6199121187500001 0.08097927187500001 0.62030521875 0.103499971875 0.6214686109375 0.11900224374999999 0.6344423328125 0.1523486328125 0.6387414812500001 0.15387287656249998 0.6437292125 0.1539889671875 0.64779995625 0.14852898125 0.658490396875 0.1102259796875 0.6581057109375 0.08818741249999999 0.64349864375 0.0795863234375 0.6348735390625 0.05873280937499999 0.624542959375 0.05849236249999999
1 0.45762230937500004 0.10291964843750001 0.4505774953125 0.1330377890625 0.4506546734375 0.1374592796875 0.460698221875 0.160818975 0.459871490625 0.170013878125 0.460716428125 0.17003354375 0.47417606093750003 0.163886378125 0.48495293906250003 0.17059765625 0.4857361921875 0.1706158859375 0.49507686250000005 0.11893677031250001 0.485394659375 0.096681803125 0.48066135781249997 0.0621503625 0.46509335937499996 0.057657459375 0.454955125 0.0684362984375 0.45762230937500004 0.10291964843750001
1 0.4486428390625 0.20115978750000002 0.44909243906249996 0.2269173625 0.45004173906249995 0.2517227734375 0.47227269375 0.31399411875 0.474509171875 0.314046171875 0.4830042 0.3061871671875 0.4858869890625 0.29386260625 0.474065759375 0.20822271093750003 0.462413609375 0.19142929375 0.4531401328125 0.1925903015625 0.4486428390625 0.20115978750000002
1 0.618825971875 0.19771238124999999 0.6188301046875 0.19794912343749999 0.6247186671875 0.2006821203125 0.6280101828125 0.2117735359375 0.6271462078125001 0.2805959703125 0.6459523984375 0.29148485 0.6476968953125 0.291525453125 0.6541018828125 0.286730775 0.6580177296875 0.274430259375 0.6581612031249999 0.22349011875000002 0.6372565734375 0.194446809375 0.6353936796874999 0.19440345 0.618825971875 0.19771238124999999
1 0.6214758078125 0.3495213640625 0.6358979359375 0.38154427812499997 0.6559107203125001 0.40403969531249995 0.6596576140625 0.389454834375 0.659630715625 0.38791386875 0.6479572484375 0.3033444625 0.6352902109375 0.2865510890625 0.6352582499999999 0.2865503453125 0.623235990625 0.30689962187500003 0.6213138625 0.34024350625 0.6214758078125 0.3495213640625
1 0.5018515609375 0.347204221875 0.4397779296875 0.3405962515625 0.41378707343750004 0.3517749984375 0.41381377500000005 0.3533047453125 0.443109778125 0.37371822187500003 0.449180146875 0.3853024328125 0.45680391406250004 0.385479878125 0.4707842125 0.38159081875 0.5079562625 0.38142336875 0.52434093125 0.373543621875 0.5283108734375 0.364342278125 0.5240163531250001 0.3549485796875 0.5018515609375 0.347204221875
1 0.46703163906249995 0.4388643734375 0.46691682187500005 0.4427627828125 0.467261084375 0.4624855734375 0.47171685312499995 0.4706409921875 0.46905045 0.4953622484375 0.48426406718750004 0.528248753125 0.4859647390625 0.5282883359375 0.5000421859374999 0.4960835890625 0.4998258015625 0.48368689375 0.490840053125 0.44217222187500005 0.484425321875 0.42963125937499996 0.4823111203125 0.42682834999999997 0.46703163906249995 0.4388643734375
1 0.6063177140625 0.4759854296875 0.5987735140625 0.48057503125 0.598781059375 0.48100731718749995 0.617445190625 0.48244025312499994 0.6455802765625 0.4945186640625 0.704163265625 0.4958821984375 0.7208772 0.4920761265625 0.72627865 0.48600601875000005 0.7247750140625 0.478742553125 0.7053289796875 0.46899619843749996 0.654346759375 0.4667769375 0.6063177140625 0.4759854296875
1 0.6234389703125001 0.5514700625 0.6234973546875 0.554814884375 0.6257949328125 0.5797090359375 0.63949498125 0.6162025140625 0.64051313125 0.6162262109375 0.6539519687500001 0.5955097578124999 0.6511164828125 0.5513845328125 0.6455184218750001 0.526470921875 0.6361968578125 0.524877109375 0.6281247390625 0.5357040359374999 0.6234389703125001 0.5514700625
1 0.4709832703125 0.543112965625 0.4585865765625 0.5428244296875 0.4283554359375 0.5600415515625 0.428401790625 0.5626971859375 0.4314891703125 0.5680096828125001 0.46063117499999995 0.5810796296875 0.487256290625 0.5845455453125 0.49195670312499995 0.5846549484375 0.5088585734375 0.5832347734375001 0.526638684375 0.5764201421874999 0.530644690625 0.569284915625 0.5153308875 0.5596347390624999 0.48769251875 0.553828259375 0.4709832703125 0.543112965625
1 0.4707441125 0.6697927359375 0.455415759375 0.6198693359375 0.45224445781249994 0.6156649703125 0.43682071875000006 0.6194365312500001 0.42543029375 0.6608978890625 0.4254620625 0.6627179265625001 0.4415067171875 0.7104177546875 0.45522498125000005 0.7272592625 0.46440228906250003 0.7205886109375 0.4682700515625 0.705533275 0.46584329375 0.684824028125 0.4707441125 0.6697927359375
1 0.5814879000000001 0.6610306718750001 0.5788773359375 0.6692310140625 0.6269830046875 0.6877570937499999 0.627832353125 0.6877768625 0.667103734375 0.675415059375 0.6834523390625 0.665469196875 0.6887455953125 0.6532007390625 0.6790259984375 0.6467980468750001 0.6059640578125001 0.6450975109375 0.5814879000000001 0.6610306718750001
1 0.620761525 0.7259231625 0.6205419296875 0.7434155765625 0.6208788296875001 0.7627164890625 0.6270327828125 0.789404265625 0.6374789953125 0.8098268765625001 0.6381596296875001 0.8098427171875 0.6526694515625 0.79441606875 0.6526272171875 0.7919964296875001 0.6435128390625 0.7278295546875 0.6413024671875001 0.719517003125 0.6308879546874999 0.7097140953125 0.630688721875 0.7097094578124999 0.6226352984375 0.7149519671875 0.620761525 0.7259231625
1 0.432665421875 0.7174813265625 0.43283822968749996 0.72738145 0.441505603125 0.7425220203125 0.45508039375 0.8103036687499999 0.4577777125 0.8150154734375 0.4667398921875 0.8152240703125001 0.47422763593750006 0.783212309375 0.46834106249999996 0.741769771875 0.4543102421875 0.707021928125 0.44496463437499995 0.70405070625 0.432784328125 0.7161588625 0.432665421875 0.7174813265625
1 0.4073170078125 0.8272136515625 0.40504651718750007 0.8353000937499999 0.40507046718749995 0.836672184375 0.4208746828125 0.8469557156249999 0.45715692968750005 0.84780019375 0.48064434218749996 0.8475078515625001 0.49012392499999996 0.8384347468750001 0.4830926171875 0.8300099875000001 0.47336058281250004 0.82462028125 0.4292834484375 0.8235943750000001 0.4073170078125 0.8272136515625
1 0.6503977703125 0.8024344093750001 0.642109265625 0.800864640625 0.6327877984375 0.8186264812499999 0.6329213890625 0.8262799046874999 0.6405007453125 0.88619195625 0.6495248734375 0.9006954281249999 0.6570791140625001 0.9008712546875 0.6614023296875 0.9004469546875 0.6664474046875 0.893680125 0.66824905 0.8785767 0.66183431875 0.8660357375000001 0.65904691875 0.8246653343749999 0.6503977703125 0.8024344093750001
1 0.6135898375 0.9384538828125001 0.586628190625 0.9479994421875 0.586660309375 0.9498395703125 0.589175121875 0.9595710234375 0.5948109890625 0.9669306671875001 0.60588436875 0.97028631875 0.6290464921875001 0.9720645875 0.6726828703125001 0.9730802359374999 0.6884929328125 0.970143778125 0.69527179375 0.964105728125 0.6950554078125 0.9517090343750001 0.67013579375 0.94390055625 0.643983028125 0.9443244828124999 0.6135898375 0.9384538828125001
1 0.4230816421875 0.9044733953125 0.41803656718750004 0.911240225 0.4213280828125 0.9223316421875 0.4148115703125 0.9473435546875001 0.4148722484375 0.950819884375 0.41933487812500003 0.9856203906250001 0.435839759375 0.98462769375 0.444144525 0.9943126546875 0.44432062656250004 0.9943167546874999 0.45564354218750003 0.9601465953125 0.4552295734375 0.9364303046875 0.4540493328125 0.9038173265625 0.4496285890625 0.8871922203124999 0.44121986875 0.8787354 0.430913334375 0.8798723640624999 0.42180815625 0.8906752453125 0.4230816421875 0.9044733953125
1 0.2481576859375 0.0690013578125 0.2395566234375 0.049525253125 0.2404694671875 0.0426622453125 0.23636426406250002 0.039862473437500004 0.23622504531250002 0.0398592328125 0.22915391718749997 0.045152575 0.223220040625 0.0601598203125 0.21046331718750003 0.0672229125 0.2106626296875 0.0786414828125 0.2135145734375 0.095732046875 0.2131547140625 0.1342754953125 0.22063909843750001 0.1535126265625 0.221198403125 0.15352564375 0.22687298125000002 0.151117003125 0.23986996249999998 0.12663619375 0.2583207453125 0.1188045359375 0.24688498124999997 0.1144078140625 0.2435453796875 0.100561575 0.2481576859375 0.0690013578125
1 0.192453421875 0.1958315546875 0.1887747859375 0.2563549015625 0.18889271093749999 0.2631108875 0.2025691796875 0.3020845171875 0.21014139062499998 0.3047692140625 0.210907125 0.3047870359375 0.219721653125 0.21987269375000001 0.2297877609375 0.2049616265625 0.22349324375 0.1993077171875 0.21364273906250003 0.1674108734375 0.1983392125 0.1780694859375 0.192453421875 0.1958315546875
1 0.198685771875 0.3232686296875 0.19815388125 0.34628694375 0.1986892015625 0.3769554625 0.20917698749999997 0.401582409375 0.209517834375 0.40159034218749995 0.2192515390625 0.3774444859375 0.22948594687499999 0.372175290625 0.22299830312500002 0.2962974921875 0.2156226421875 0.2878647171875 0.20543632031249998 0.2958887328125 0.198685771875 0.3232686296875
1 0.1938455546875 0.4577495984375 0.21499656875 0.46263060468750006 0.26960324375 0.4639015890625 0.2805683171875 0.456670178125 0.27770530312499997 0.4504077125 0.25416310000000003 0.44263129218749997 0.18806543125 0.44212549218749997 0.177118275 0.446001246875 0.1938455546875 0.4577495984375
1 0.22104350468749998 0.5189296531250001 0.2115063375 0.5641437515625001 0.21547105156250002 0.6138026640625001 0.22246162812499998 0.6174290109375 0.2240330234375 0.6174655859375 0.24148905781250002 0.566218459375 0.255759525 0.5555358 0.25563931093750003 0.5486487484375 0.24939287812500002 0.545749659375 0.23800441718749998 0.48490315156249997 0.22104350468749998 0.5189296531250001
1 0.16130249531250002 0.6510108390625 0.161332325 0.6527197234375001 0.166100290625 0.6606432515625 0.19101990468750002 0.6684517296875 0.2608853765625 0.6761123453125 0.26299659062499997 0.676161484375 0.2736465 0.669342246875 0.27623903125 0.660108846875 0.25954781875 0.650426609375 0.2008818828125 0.6419165796875 0.19986985625 0.641893025 0.16130249531250002 0.6510108390625
1 0.22306623750000001 0.8088404125 0.235902140625 0.8114131265625 0.2386018140625 0.8114759625 0.237359965625 0.740330559375 0.21225402187500003 0.7218471515625 0.2064677390625 0.7331083734375 0.206658321875 0.7440268125 0.21335999062500002 0.7852080328125 0.22306623750000001 0.8088404125
1 0.1965884046875 0.8829552265625 0.2032805078125 0.894994571875 0.21379813749999999 0.895239371875 0.22419925937500002 0.8732582265625 0.2251465875 0.8189477140625 0.2250575546875 0.8138470109375 0.21994603281249997 0.807070390625 0.20752529531250002 0.80540444375 0.1964020859375 0.8189140578125 0.198276640625 0.8671474671875 0.19646411875 0.8758348921874999 0.1965884046875 0.8829552265625
1 0.21295021093750002 1 0.217850765625 0.9617559953124999 0.219051340625 0.9122173078125 0.2147267671875 0.9011018453125 0.2023541171875 0.90219071875 0.19570828906249998 0.9220126687500001 0.1958247828125 0.9286865437499999 0.199880840625 1 0.21295021093750002 1
1 0.0470683234375 0.10534314062500001 0.051038265625 0.09614179687499999 0.0452761734375 0.08155075 0.034166728125000004 0.0761289828125 0.001268996875 0.072700746875 0.0019636953125 0.1125 0.0340756015625 0.1132474125 0.0470683234375 0.10534314062500001
1 0.0175467125 0.23781191562499998 0.033731839062500005 0.23017253593749998 0.0398275484375 0.20690795 0.003596871875 0.20606467187500002 0.0037710109375000004 0.2160410578125 0.013533864062500001 0.2377185140625 0.0175467125 0.23781191562499998
1 0.0136410359375 0.33409842031250003 0.0138605640625 0.3466751796875 0.0202322265625 0.358138040625 0.022217009375 0.3581842375 0.039135271875 0.34845170625 0.0470631359375 0.32936031718750003 0.0467505796875 0.31145398125 0.015029628125 0.31071566875 0.0159031015625 0.31899710312499996 0.0136410359375 0.33409842031250003
1 0.014248515625 0.437674178125 0.011216354687500001 0.463626096875 0.011334335937499999 0.47038523593750003 0.047567609375 0.4712285734375 0.04783530625 0.46874663906249997 0.0422372484375 0.4438330265625 0.033998893749999995 0.4303042640625 0.0199863875 0.42997811874999997 0.014248515625 0.437674178125
1 0.033123498437499996 0.52501338125 0.0224141140625 0.5682701765625 0.022591209374999997 0.578415940625 0.057659609375 0.5792321671875 0.0566201390625 0.5696194984375 0.0635389890625 0.551881475 0.049580296875 0.5212658640625001 0.0422527203125 0.515587909375 0.033123498437499996 0.52501338125
1 0.017847828125 0.6301979515625 0.01583588125 0.638799465625 0.016169659375 0.6579216031249999 0.0452691 0.6585989 0.0451881875 0.658371321875 0.0416802875 0.634883209375 0.030100265625 0.622222025 0.0218598453125 0.623407078125 0.017847828125 0.6301979515625
1 0.050003549999999994 0.727663234375 0.0158112484375 0.7268673999999999 0.01612460625 0.7448196406250001 0.016512674999999997 0.750290190625 0.0239845078125 0.7642326078125 0.03229705625 0.7671797859375 0.04255550625 0.7632880015625 0.0475524953125 0.7537663515624999 0.050003549999999994 0.727663234375
1 0.0478303015625 0.8665559875 0.05462719218749999 0.8615509953125 0.0543386796875 0.84502206875 0.0211185390625 0.83495511875 0.01597825 0.834407915625 0.0145640703125 0.834375 0.0151368140625 0.8671875 0.023708784375 0.8673870140625001 0.0478303015625 0.8665559875
1 0.0204320265625 0.949686684375 0.0198450328125 0.9579628124999999 0.019980046874999997 0.9656977359375001 0.0470951796875 0.966328846875 0.0464267703125 0.959929675 0.040948925000000004 0.9419031140625 0.0325642484375 0.9348237046874999 0.025380929687499998 0.9374102125 0.0204320265625 0.949686684375