1 0.047132287499999995 0.1453125 0.0516237640625 0.1453125 0.06556648125 0.1432614546875 0.0721215 0.13382749375 0.07541304843749999 0.10956873281249999 0.08428782812499999 0.0911061765625 0.08435763125 0.08977425156249999 0.0808447875 0.06374663124999999 0.071167559375 0.0556603765625 0.0638849609375 0.059703503125 0.0489878875 0.09339622656249999 0.044919403125 0.13247978437500002 0.047132287499999995 0.1453125
1 0.16856430625000002 0.146875 0.1715626546875 0.146875 0.18652341249999999 0.139999578125 0.1960804625 0.104603503125 0.1979379453125 0.0691606296875 0.1910437609375 0.053746209375 0.18317484374999998 0.0497030828125 0.1764785640625 0.0618324625 0.163764228125 0.11169769062499998 0.162047821875 0.1251747796875 0.16856430625000002 0.146875
1 0.268209175 0.103125 0.3245476734375 0.103125 0.3323178015625 0.098882234375 0.332730865625 0.09100050781249999 0.31979363906249997 0.0789832921875 0.3090649046875 0.077973190625 0.2712761203125 0.0789832921875 0.2507428640625 0.08504389999999999 0.24881284531249998 0.0961550109375 0.268209175 0.103125
1 0.411792603125 0.0984375 0.4240864203125 0.0984375 0.44449046406250003 0.0944542703125 0.44683461874999997 0.090213334375 0.4471616328125 0.08397354375 0.445178646875 0.081322959375 0.40926694062499996 0.07223205 0.3796702828125 0.0712219484375 0.346954709375 0.07829265468749999 0.3798533734375 0.09344417031249999 0.411792603125 0.0984375
1 0.44673394687499995 0.09620716562500001 0.48808942499999997 0.1042879734375 0.4965974734375 0.1046875 0.510718025 0.1046875 0.5206991249999999 0.0992374671875 0.5246354578125 0.09639871093749999 0.524971328125 0.0899899296875 0.5229467640625 0.0820657515625 0.5190624500000001 0.0790354484375 0.46261748750000004 0.0760051453125 0.44089533437500006 0.0790354484375 0.4377234828125 0.0881263578125 0.44673394687499995 0.09620716562500001
1 0.5716524062499999 0.14375 0.5840142968750001 0.1261397203125 0.5850366984375001 0.1066311546875 0.5840996921875 0.051480373437500004 0.5721197421875 0.04878495625 0.56356579375 0.0770868421875 0.556255115625 0.120213528125 0.5707020359375 0.14375 0.5716524062499999 0.14375
1 0.6174073421874999 0.10611978124999999 0.645549625 0.1078125 0.653924271875 0.1078125 0.678107178125 0.1051096796875 0.6931966625 0.10005917499999999 0.6983411265624999 0.09128172812499999 0.6984382390625 0.0894287390625 0.6926430109374999 0.084907659375 0.6738809609375 0.0828874578125 0.630489590625 0.0879379625 0.61540010625 0.0929884671875 0.6122811921875 0.101069275 0.6174073421874999 0.10611978124999999
1 0.7461571890625 0.1109375 0.768443734375 0.1109375 0.7790289953125 0.1089733875 0.7900686359375 0.1000588875 0.7900872734375 0.099703271875 0.77226616875 0.0837208625 0.7455766765625 0.07867035781250001 0.7031624546875 0.0907915703125 0.7038219828125001 0.10392288281249999 0.7156866765625 0.1089733875 0.7461571890625 0.1109375
1 0.8652929984375 0.1140625 0.8662139281250001 0.1140625 0.883762534375 0.1081001640625 0.886775140625 0.10327398125000001 0.8869575875000001 0.0997926765625 0.8792186921875 0.091938546875 0.83112466875 0.083857740625 0.8039058046875001 0.0889082453125 0.7980914734375 0.09698905468749999 0.8204731515624999 0.10709006406249999 0.8652929984375 0.1140625
1 0.8653026374999999 0.0061510296875 0.8655608812500001 0.0012234515624999999 0.8655655687499999 0.00038114999999999997 0.8395554671875001 0.00038114999999999997 0.8490925593749999 0.0140625 0.853377603125 0.0140625 0.8622227468749999 0.0111628203125 0.8653026374999999 0.0061510296875
1 0.9546787812499999 0.00016635781249999999 0.9314781999999999 0.00016635781249999999 0.9310240375 0.0069049015625 0.9458986578124999 0.0171875 0.9468545718750001 0.0171875 0.9546592484374999 0.000539084375 0.9546787812499999 0.00016635781249999999
1 0.9387933671875001 0.146875 0.9406604640625 0.146875 0.9540568984375 0.1312897078125 0.954603715625 0.120855803125 0.952917496875 0.072321428125 0.9443210000000001 0.0628874671875 0.93278610625 0.0709737203125 0.9228349609375 0.1307542390625 0.9227081343749999 0.13317422968749998 0.9387933671875001 0.146875
1 0.91705589375 0.228125 0.9162138265624999 0.228125 0.9026027437499999 0.23214245312499998 0.9114014609375 0.244263665625 0.93232955625 0.256384878125 0.9430582890625001 0.2573949796875 0.9855783859375 0.24325356406249998 0.9873611609375 0.241163428125 0.987665246875 0.23536110625 0.9835711500000001 0.23012225156250002 0.91705589375 0.228125
1 0.8647928359374999 0.2546875 0.8679550546874999 0.2546875 0.884179959375 0.2500799984375 0.8872988765625 0.241999190625 0.87963611875 0.2339183828125 0.8483723390625 0.225 0.8453798640624999 0.225 0.805829753125 0.2278577765625 0.79872065 0.2349284828125 0.7995919234375 0.24401939218750002 0.8221324125 0.2510901 0.8517820109375001 0.2510901 0.8647928359374999 0.2546875
1 0.73920181875 0.24649321406250002 0.7784971265625 0.24245280781249998 0.790938884375 0.23252495 0.7909607921874999 0.23210691562500002 0.7823042250000001 0.22124068593750001 0.7080743609375 0.2232608890625 0.6982450921875001 0.2421855703125 0.6981430046875 0.2441335140625 0.7001182609375001 0.24649321406250002 0.73920181875 0.24649321406250002
1 0.649475915625 0.2733595859375 0.6561520984375 0.275 0.6618848140625 0.275 0.6677989921874999 0.27066416718749997 0.6725819468750001 0.2548391203125 0.6755772578125 0.197685203125 0.6721074484375 0.188453925 0.6651073734375 0.18710621562500002 0.6574009921874999 0.199235596875 0.642878346875 0.2450576984375 0.6402224703125 0.25718707812499997 0.649475915625 0.2733595859375
1 0.5581768390625 0.2625 0.5866689296875001 0.2625 0.5967486656250001 0.2618724953125 0.61765248125 0.24874118125 0.6201519671875 0.241577353125 0.620265909375 0.23940320937499998 0.586577959375 0.22449875625 0.5690048062499999 0.22550885781250002 0.525242878125 0.2376300703125 0.5206174406249999 0.24874118125 0.5509795015625001 0.2608623921875 0.5581768390625 0.2625
1 0.46591618125 0.2697058609375 0.48854749531249997 0.2703125 0.5038418953125 0.2703125 0.5132120234374999 0.2547422625 0.513283934375 0.2533701390625 0.49133955937499996 0.2474836390625 0.48227615625000003 0.24041293125 0.44427562187499997 0.2454634375 0.4372194546875 0.25152404375000004 0.4395443125 0.25859475 0.46591618125 0.2697058609375
1 0.3782999046875 0.3078125 0.3880359890625 0.293185646875 0.39421658125 0.27162230468750004 0.39617285 0.25191204218749996 0.39756440937500004 0.225359490625 0.39248570625 0.20827998593750002 0.38224343437499997 0.2109754046875 0.3713867671875 0.2446681265625 0.368681534375 0.277013140625 0.37810756562500003 0.3078125 0.3782999046875 0.3078125
1 0.31232016875 0.2854745453125 0.32609275000000004 0.27729185156249997 0.32623488125 0.2745798140625 0.31752791406249997 0.263252321875 0.266844346875 0.2531513125 0.2554274296875 0.265272525 0.2417385921875 0.269312928125 0.25442162343749997 0.2844644421875 0.31232016875 0.2854745453125
1 0.17779155 0.321875 0.1885783171875 0.30738151406249997 0.1912245671875 0.2568880546875 0.1889047703125 0.24513771874999998 0.1812477453125 0.237051465625 0.17036980156249998 0.25187626406249997 0.160848303125 0.3179139984375 0.1725157171875 0.321875 0.17779155 0.321875
1 0.026586078125000003 0.296520715625 0.05205996875 0.2984375 0.07484058125000001 0.2984375 0.0885806875 0.296520715625 0.0943509734375 0.2866754984375 0.09436732812500001 0.2863634328125 0.0681290234375 0.27530859531249996 0.0183167328125 0.27429849375000004 0.01007166875 0.277328796875 0.006846878125 0.2874298078125 0.01057238125 0.2934904140625 0.026586078125000003 0.296520715625
1 0 0.47743215625 0.019670384375 0.48461807968750004 0.0682245796875 0.4875 0.0710622515625 0.4875 0.0845192234375 0.4815877765625 0.08887997343750001 0.47552717031249997 0.08681980156249999 0.463405959375 0.0696701453125 0.4563352515625 0.036136234375 0.45330494843749997 0.0090761828125 0.45532515 0 0.459474871875 0 0.47743215625
1 0.1271577671875 0.46442848281250004 0.16610260937500002 0.4703125 0.2030562078125 0.4703125 0.21621120624999998 0.4658429421875 0.2162750328125 0.46462505624999995 0.19922158437499998 0.45230727187499997 0.1833137640625 0.447256765625 0.1403458921875 0.4442264625 0.1252034703125 0.45028706874999996 0.12203161874999999 0.45937797812500003 0.1271577671875 0.46442848281250004
1 0.2676948859375 0.4620767359375 0.2745043453125 0.48633549531250003 0.2798764734375 0.496875 0.2891016875 0.496875 0.29808292187499996 0.48379418437500005 0.2988008890625 0.47009454375 0.2972703375 0.4566859 0.3014800828125 0.4149069234375 0.29288358593749997 0.40547296250000003 0.284802778125 0.40547296250000003 0.2685424515625 0.445904228125 0.2676948859375 0.4620767359375
1 0.3911228875 0.45625 0.404039571875 0.45625 0.42366082968749996 0.4429527578125 0.4238969640625 0.4384470453125 0.39809390312500004 0.4235023328125 0.3803090015625 0.4285528390625 0.3534606984375 0.4265326359375 0.3368117578125 0.43562354531249997 0.3548856234375 0.45077506093749997 0.3911228875 0.45625
1 0.4392051421875 0.4239586734375 0.4348372203125 0.43839444531250005 0.43472210625 0.44059097343750003 0.448265228125 0.45625 0.44846052031249994 0.45625 0.5013828421875 0.4461808953125 0.5124821374999999 0.4401202890625 0.50902131875 0.429009178125 0.474404384375 0.4209283703125 0.44750314375 0.41991826874999993 0.4392051421875 0.4239586734375
1 0.5141855609375 0.417019759375 0.5095601265624999 0.4281308703125 0.5489855875 0.447322790625 0.57522376875 0.453125 0.5842422109375 0.453125 0.6063887953125 0.4445657625 0.6065210328124999 0.4420425203125 0.6037409375 0.4311611734375 0.5865912828125001 0.4240904671875 0.5789285265624999 0.41600965937499995 0.5510501359375 0.40792884999999995 0.53897369375 0.40691875 0.5141855609375 0.417019759375
1 0.618319071875 0.434375 0.691149871875 0.434375 0.6976196734375 0.433004921875 0.69816409375 0.4226167703125 0.6933512015625001 0.4147872140625 0.6288199828125001 0.41175690937500004 0.6137834390625 0.41579731249999996 0.6093697515625001 0.422868021875 0.611641671875 0.43094882968750003 0.618319071875 0.434375
1 0.760870578125 0.4390625 0.7665267671875 0.4390625 0.7958831421875 0.43632563125 0.795919575 0.43563047343749994 0.793935734375 0.425199071875 0.74216914375 0.41004755625 0.7256260765625 0.4171182640625 0.718464034375 0.425199071875 0.7246732078125 0.43530008125 0.760870578125 0.4390625
1 0.8898891578124999 0.43144058437500005 0.8905002312500001 0.4197805921875 0.8858290515625 0.4153715390625 0.8366520046874999 0.402240225 0.8015586359375 0.40325032812500006 0.81495413125 0.4305230546875 0.8751775343749999 0.4386038640625 0.8898891578124999 0.43144058437500005
1 0.949173946875 0.45966349375000004 0.9604585203125 0.42653933750000006 0.9606777984375 0.42235527812500007 0.9508052515625 0.37071470624999997 0.9356537375 0.37071470624999997 0.9256659062500001 0.407102846875 0.9224662625000001 0.44888182343749994 0.9298620421875 0.48122683593750004 0.949173946875 0.45966349375000004
1 0 0.7061350187500001 0.0037124203125 0.713218075 0.0108021859375 0.715625 0.012051484375000001 0.715625 0.028449254687499998 0.7037841140625 0.0373437984375 0.6588945796875 0.037629 0.6534526015625 0.0322632984375 0.6310078328125 0.0154447328125 0.6242692890625 0.0079502453125 0.6323555421875 0.0053156421875 0.663352846875 0 0.6792933156250001 0 0.7061350187500001
1 0.0963229640625 0.66644755625 0.0961172671875 0.6703724796875 0.1137262953125 0.686164690625 0.16565169375 0.6982859046875001 0.170093546875 0.6984375 0.19712605625 0.6984375 0.2057915796875 0.694475534375 0.205827746875 0.693785425 0.1909162625 0.6790939859375 0.1604483296875 0.668992975 0.15402740625 0.6629323687500001 0.11401963749999999 0.6548515593750001 0.0976353828125 0.6588919640625 0.0963229640625 0.66644755625
1 0.2327481015625 0.6607575078125 0.23496708593750001 0.6698484171875 0.25890822343750003 0.6759090234375 0.2728242078125 0.6765625 0.30503987499999996 0.6765625 0.3226211015625 0.668838315625 0.3165707390625 0.6557070031250001 0.308749171875 0.650656496875 0.2604434 0.64661609375 0.23856243593749998 0.6526767 0.2327481015625 0.6607575078125
1 0.32521026875 0.6535866578125 0.3320546875 0.65156645625 0.3584794953125 0.661667465625 0.409290771875 0.6703125 0.42031848906249997 0.6703125 0.4245539046875 0.66442608125 0.42478299374999995 0.660054796875 0.4186786171875 0.64449575 0.38939958125 0.6374250406249999 0.3716676171875 0.6414654468750001 0.3461140859375 0.64045534375 0.33895204375 0.6485361515625 0.32521026875 0.6535866578125
1 0.4828784671875 0.6671875 0.49845967187499995 0.6668634640625 0.5176981546875 0.65979275625 0.5186300546875 0.65820275625 0.5188770468749999 0.653489878125 0.493912834375 0.6359375 0.49137891875 0.6359375 0.4674910234375 0.6406008375 0.43104994531249996 0.6416109390625 0.41720229687500004 0.6486816453124999 0.41936834375 0.65878265625 0.44758589375 0.6671875 0.4828784671875 0.6671875
1 0.557682840625 0.686546075 0.5643476265625 0.690625 0.5672154953125 0.690625 0.57318750625 0.6798075296875 0.5780581734375 0.6571891875 0.5794837328125 0.6299879140625 0.5790217531249999 0.60703125 0.5715059890624999 0.596249578125 0.5643646484375 0.5975972875 0.555365646875 0.615117503125 0.5514596984375 0.6703735671875 0.557682840625 0.686546075
1 0.6253860078125 0.657405465625 0.6593669156249999 0.6609375 0.6710672734375 0.6609375 0.6913178703125 0.6594256656249999 0.7023642265625 0.6543751609374999 0.7035361578125 0.648068725 0.7037476781249999 0.644032678125 0.6897870687500001 0.63720344375 0.6322061453125001 0.6301327359375 0.615874828125 0.6331630406250001 0.61343515 0.638070353125 0.61333844375 0.6399156234375 0.6253860078125 0.657405465625
1 0.71284629375 0.6615696859375 0.7221214453125 0.6645999890625001 0.7572148140625 0.6635898874999999 0.772386434375 0.6671875 0.781358890625 0.6671875 0.7923611203125 0.6615696859375 0.7938398109375 0.6542003875 0.7939460765625 0.6521727109375 0.7878702140625 0.64439796875 0.7612336609375 0.6383373625 0.72074945625 0.6393474609375 0.7115547875 0.644135525 0.7109009578125 0.6566113437500001 0.71284629375 0.6615696859375
1 0.839772334375 0.6922106640625 0.8459797734375 0.6984375 0.846701365625 0.6984375 0.8604527671875 0.665163340625 0.86295305625 0.6174549734375 0.8630608171875 0.6140435484375 0.8546762125 0.600566459375 0.8370807125 0.6086527125 0.8397085093750001 0.635606890625 0.8357106546875 0.6733427390625 0.839772334375 0.6922106640625
1 0.90003511875 0.639062009375 0.8979462890625 0.653203425 0.9043142718749999 0.66027413125 0.919502328125 0.665625 0.965116071875 0.665625 0.966409471875 0.640945446875 0.9405722578125 0.6370418078125 0.90003511875 0.639062009375
1 0.8906470359374999 0.8641935390625 0.8906467015624999 0.8641999296874999 0.9061263593750001 0.8773272875 0.9450776125000001 0.8875 0.9507231796875001 0.8875 0.9535559734374999 0.8862048187499999 0.95497409375 0.8591454687500001 0.9010145390625001 0.8591454687500001 0.8906470359374999 0.8641935390625
1 0.8915301812499999 0.8596180375 0.899168659375 0.850662640625 0.899268725 0.8487532890624999 0.8885457953125 0.8394160171875 0.8292995421875 0.8384059171875 0.8134159999999999 0.8586079375000001 0.8224106421874999 0.865625 0.8421254499999999 0.865625 0.8915301812499999 0.8596180375
1 0.7316313046875 0.889519159375 0.73255551875 0.8975999671875 0.7418836062499999 0.8996201703125 0.809085959375 0.8773979484375 0.8139 0.8677147046875 0.8140533218750001 0.8647891421875 0.801952575 0.8592161296875 0.7682069140625 0.8602262312500001 0.7426323578125 0.8546875 0.7388026953125 0.8546875 0.7319775859375001 0.8571959281250001 0.72465673125 0.8683070390625 0.708325415625 0.8713373421874999 0.7067659578125001 0.8753777453125 0.7104914609375 0.8814383515624999 0.7316313046875 0.889519159375
1 0.6360552671875 0.9046790765624999 0.6572803984375 0.928125 0.658501909375 0.928125 0.674650459375 0.9010979109375 0.6750113468750001 0.8942117640625 0.6705680421875 0.8629001000000001 0.6716981296875 0.8413367578125 0.664111734375 0.8319027953125 0.6540107234375 0.8319027953125 0.6440016203125001 0.8494230109375 0.6360552671875 0.9046790765624999
1 0.5392150796874999 0.9213311781250001 0.545497521875 0.9328125 0.54685831875 0.9328125 0.579830759375 0.891694740625 0.57999785 0.8885064421875001 0.5669433125000001 0.8435246796874999 0.5589331343749999 0.842176971875 0.5546102078125 0.84756780625 0.5478645734375001 0.8799128203125001 0.540609103125 0.8947316015625001 0.5392150796874999 0.9213311781250001
1 0.43038289531249996 0.8858434828125 0.46106257656249994 0.8919040890625001 0.4681919609375 0.8984375 0.48936209843749995 0.8984375 0.5141329578125 0.8930838578125 0.5142599859375 0.8906600375 0.505777375 0.861601059375 0.4604317078125 0.85251015 0.41849392031250005 0.8555404531249999 0.40879527343750005 0.8605909578125001 0.41074957031250003 0.874732371875 0.43038289531249996 0.8858434828125
1 0.3812377359375 0.9017393859375 0.3929845234375 0.8896100062500001 0.3964672078125 0.8723951328125 0.3966581703125 0.868751353125 0.3839923234375 0.8491787390625 0.3789205453125 0.830310815625 0.3672575859375 0.825 0.3670305375 0.825 0.3549819171875 0.8437879046875001 0.34974079687500004 0.8666989546874999 0.34717682499999997 0.8963485515625 0.36932778125 0.928125 0.36996698437500003 0.928125 0.3812377359375 0.9017393859375
1 0.2298015140625 0.879980525 0.2539014640625 0.883010828125 0.2738205625 0.890625 0.283782165625 0.890625 0.29396216875 0.890081534375 0.31071698593749997 0.8789704234375 0.3137175375 0.8711962812499999 0.31373812968750003 0.870803365625 0.3035306640625 0.8617987062499999 0.272480421875 0.8628088078125 0.2406118421875 0.8537178984375 0.21630014531250003 0.854728 0.21064462343749998 0.8597785046875 0.2298015140625 0.879980525
1 0.119024090625 0.9137424203125001 0.12590418125 0.9366534703125 0.1420675390625 0.9484375 0.14491358906250001 0.9484375 0.1589165671875 0.9031757125000001 0.15894120312499999 0.9027056265625 0.1490301265625 0.8423138484375 0.1332922953125 0.8342275953125 0.1220611984375 0.8557909374999999 0.122576884375 0.8652249 0.11616312656250001 0.87196344375 0.119024090625 0.9137424203125001
1 0 0.906052965625 0.004384396875 0.9104510609375 0.009456178125 0.9293189859375 0.016770115625000002 0.934375 0.017465925 0.934375 0.03598005 0.9050602265625001 0.037582340625 0.8928571328125001 0.0384662734375 0.875990684375 0.030138140624999997 0.8430656171875001 0.022410484375 0.836327071875 0.006693926562499999 0.84710874375 0.001007746875 0.8592381234375001 0 0.8726533312500001 0 0.906052965625