1 0.052276740625 0.0268592171875 0.0471536828125 0.023813073437500002 0.0428058578125 0.023686565625 0.033874371874999996 0.03066938125 0.028945534374999998 0.059496753125 0.0379953484375 0.0800396265625 0.040624609374999995 0.1061898359375 0.0473234296875 0.116524528125 0.0607326796875 0.118895121875 0.067129584375 0.119081253125 0.0690698359375 0.109793871875 0.06867509375 0.0871791421875 0.0670396078125 0.06350225625 0.052276740625 0.0268592171875
1 0.058688089062500004 0.1516880484375 0.0556883484375 0.14580660781250002 0.041920234375 0.145405996875 0.034926828124999997 0.15968790156249998 0.0343711125 0.1900910578125 0.0449379359375 0.2353032390625 0.06223379531249999 0.2438753140625 0.0637768984375 0.2439202140625 0.071037153125 0.22250145468750002 0.0708007171875 0.20895600781249998 0.07049364999999999 0.2056275109375 0.058688089062500004 0.1516880484375
1 0.037874646875 0.2715149015625 0.033779792187500005 0.2858811453125 0.0334011578125 0.3264292296875 0.0346904921875 0.338055059375 0.04906849375 0.35437339843750004 0.055639446875 0.35456459375 0.06068958906250001 0.345450690625 0.05962440625 0.28442639375 0.055074132812499996 0.27201535625 0.037874646875 0.2715149015625
1 0.0916921046875 0.421651734375 0.0916814 0.42103840937500003 0.057686601562499995 0.41264494999999995 0.025821517187499997 0.41280417343750003 0.007277340625000001 0.4169185921875 0.007684109375 0.4402223078125 0.0097314453125 0.44068436718750004 0.02107051875 0.44101429999999997 0.05665473125 0.436515825 0.0916921046875 0.421651734375
1 0.088728584375 0.5280619984375 0.0918044671875 0.51755905 0.091728575 0.5132112296875 0.08695676875 0.50954156875 0.075248728125 0.502682471875 0.052079296875 0.503094715625 0.0089059 0.51021870625 0.0092556046875 0.53025326875 0.016360865625000002 0.5314562359375 0.0426289875 0.532220559375 0.084437675 0.5311963609375 0.088728584375 0.5280619984375
1 0.0423104046875 0.594362678125 0.048554696875 0.6408976265625 0.05420541250000001 0.6621790328125 0.0700206921875 0.6626392109375 0.0730272703125 0.6049254421875 0.0727563703125 0.589405659375 0.0592463578125 0.568781759375 0.0423104046875 0.594362678125
1 0.099919390625 0.7140524453125 0.0998929328125 0.7125366515625 0.094502446875 0.70259791875 0.07846555468750001 0.6966992703125 0.049423128125 0.692595009375 0.013229189062499999 0.69371468125 0.012126607812499999 0.69473293125 0.012365490625 0.7084185078125 0.0266141796875 0.713659425 0.07308585625 0.720443634375 0.093337765625 0.7188600968750001 0.099919390625 0.7140524453125
1 0.0398116875 0.7980700265625 0.0457524140625 0.827213671875 0.06349787812499999 0.8480095609375 0.073078109375 0.836700003125 0.07528581875 0.8237877421875 0.07498444843749999 0.8065222546875 0.0718891421875 0.7685840625 0.06811417187499999 0.7597829843749999 0.0504891125 0.7592701484375 0.0398116875 0.7980700265625
1 0.0693749984375 0.8709158468749999 0.0595931609375 0.860672515625 0.05910144375 0.8606582078124999 0.05188250625 0.864612709375 0.0456896296875 0.8832635249999999 0.05415843125000001 0.9327602781250001 0.0640040546875 0.9545032453125 0.07015814687500001 0.9546823109375 0.0740525125 0.9521701484375 0.07862195625 0.925444778125 0.0785435609375 0.9209535203125 0.0693749984375 0.8709158468749999
1 0.2247890515625 0.9656660890625 0.2289801609375 0.9503309140624999 0.22885891875 0.9433849640625 0.22526887499999998 0.9309151046874999 0.22471233750000003 0.8990310484374999 0.216673590625 0.874171975 0.2068656828125 0.87243805625 0.19938347343750001 0.8794630421875 0.19719920156249998 0.9190029671875 0.1973156734375 0.9256756546875 0.20729655781249998 0.95936295 0.214542703125 0.9666920046874999 0.22083799375000002 0.966875178125 0.2247890515625 0.9656660890625
1 0.205884525 0.763712475 0.195242634375 0.7764396828125 0.191628428125 0.8183421578125 0.192362046875 0.8603711437499999 0.195337190625 0.86306055625 0.1962991921875 0.8630885484374999 0.2172355609375 0.8538521937500001 0.21748418906250003 0.82854770625 0.2165129171875 0.7729036375 0.205884525 0.763712475
1 0.2162755921875 0.7346705874999999 0.20237200937500002 0.6850157 0.1945356390625 0.6717508296875 0.186952240625 0.672978715625 0.18278149531250001 0.682997134375 0.1838439765625 0.7438667 0.18849537031250002 0.7613845125 0.194684359375 0.7662157640625 0.20090251406249998 0.76639669375 0.20811118125 0.764852353125 0.21766460625 0.7494136796875 0.21752642031249997 0.7414970109375 0.2162755921875 0.7346705874999999
1 0.23256302187500003 0.6187722234375 0.2297690296875 0.6071730328125 0.21614371562499998 0.5734601734375 0.2042630859375 0.5774600984375 0.1920291171875 0.6234573828125 0.19127102499999998 0.6422663375 0.2076622609375 0.679137821875 0.21249085937499998 0.6792783203125 0.2179651140625 0.6778079984375001 0.23171609218749997 0.6564800203125001 0.23280141250000003 0.6324296578124999 0.23256302187500003 0.6187722234375
1 0.182096165625 0.5289793609375 0.1894563796875 0.535711946875 0.23013095312499998 0.5423274796875 0.24014307031249998 0.535013971875 0.2637991109375 0.5294145265625 0.263767365625 0.52759576875 0.254199446875 0.5104356671875 0.21363871093750003 0.5103418750000001 0.1848619046875 0.5214550046875 0.182096165625 0.5289793609375
1 0.23170570625 0.388771553125 0.221644828125 0.3725448796875 0.2102701421875 0.4055303125 0.2119642328125 0.44034455 0.2223792703125 0.4768610765625 0.22707152343749998 0.47824244531250004 0.233849153125 0.47843965468749994 0.239205459375 0.46249667499999997 0.23861741250000001 0.42880748437499994 0.2375452453125 0.4121180953125 0.23170570625 0.388771553125
1 0.24081124687500002 0.28737846093749997 0.22647843124999997 0.275373103125 0.21697409531249998 0.2910304890625 0.21914883125 0.35338095625 0.23486535000000003 0.3675880671875 0.23591409218749998 0.3676185828125 0.23980100312500002 0.3539818734375 0.251193021875 0.3440327390625 0.251040009375 0.33526664375 0.24081124687500002 0.28737846093749997
1 0.20653400312499998 0.21677199218749998 0.22400119843750002 0.221625853125 0.271827284375 0.22301745 0.289478225 0.211167965625 0.28941546875 0.20757265 0.284339521875 0.1929621953125 0.2134388671875 0.1974176234375 0.1976865671875 0.207823321875 0.20653400312499998 0.21677199218749998
1 0.2948409421875 0.071047253125 0.292476478125 0.0626606703125 0.28372390468750003 0.0591467828125 0.23011969062499998 0.0586734640625 0.20134288437499998 0.06978659375 0.2073297171875 0.0808248375 0.21967878437500002 0.0829156140625 0.2509288125 0.083824896875 0.2739963828125 0.0827646390625 0.29133076875 0.08000980468749999 0.294903196875 0.0746138265625 0.2948409421875 0.071047253125
1 0.4606867890625 0.0405420953125 0.4527492296875 0.021480125 0.43965515625 0.018202046875 0.433209309375 0.0223601109375 0.4269405421875 0.0366631 0.43116270625 0.091830446875 0.4437010625 0.12551167968750002 0.44793752343750004 0.12703821875000001 0.4531218 0.1271890671875 0.4629121203125 0.10579111249999999 0.463832978125 0.0898236140625 0.46341750625 0.0660212890625 0.4606867890625 0.0405420953125
1 0.4193662765625 0.1810476734375 0.42343665625 0.227519365625 0.42917500625000005 0.24506880625 0.44365960156249995 0.2657698171875 0.44793870625 0.2528826203125 0.4471219046875 0.206088134375 0.4408777328125 0.1686367390625 0.4353417609375 0.1626815015625 0.42560974687500003 0.16529540625 0.4193662765625 0.1810476734375
1 0.4476951734375 0.3284007625 0.433133434375 0.2883685625 0.4244377828125 0.2881155453125 0.41483225468749996 0.297975828125 0.41779038125 0.34296661875 0.4138979046875 0.368927065625 0.42559264687500004 0.38719302187500004 0.43160226249999994 0.387367884375 0.43485364375 0.3869192875 0.44117300625 0.3755148484375 0.44813649062499994 0.353683825 0.4476951734375 0.3284007625
1 0.41362129531249997 0.3930915171875 0.4132500796875 0.393080715625 0.403919146875 0.40992008437500005 0.406599003125 0.43896884687500004 0.40149308437500003 0.457651290625 0.41819831093750004 0.4869270796875 0.42277541875 0.4870602609375 0.4376012359375 0.465880246875 0.437463753125 0.4580038421875 0.43005669687500003 0.41357768906250003 0.41362129531249997 0.3930915171875
1 0.4291358203125 0.5028058109375 0.41710340625000003 0.4981100859375 0.41078404375 0.5095145249999999 0.40090106875 0.5657199921875 0.4168764734375 0.580591003125 0.424658096875 0.5808174265625 0.43588605625000004 0.578326265625 0.43792944218749996 0.5741532703125001 0.4372591328125 0.5357512546875001 0.4291358203125 0.5028058109375
1 0.40883169218750004 0.577901196875 0.3969510625 0.581901125 0.3865368453125 0.607671809375 0.387851478125 0.6207469140625 0.397078371875 0.6514347140625001 0.40592580624999997 0.660383384375 0.41386336718749994 0.6794453546875 0.422261378125 0.68225860625 0.428740359375 0.682447125 0.43784176874999997 0.6586005625 0.43776173281249997 0.6540152828125 0.43024278125000004 0.6219803749999999 0.40883169218750004 0.577901196875
1 0.45404043749999995 0.7230407453125001 0.44385756406250004 0.7205716437499999 0.36994452031249997 0.71842099375 0.3613247609375 0.7225158031250001 0.35857799218749997 0.731127115625 0.36305862968749997 0.738862321875 0.3783257140625 0.743448465625 0.38342079375 0.7435967171875 0.4485848484375 0.742437284375 0.454759415625 0.7331109062500001 0.45464083437499997 0.726317428125 0.45404043749999995 0.7230407453125001
1 0.399722734375 0.878785209375 0.41071878437500003 0.8863478578124999 0.419287953125 0.8793545 0.4258103875 0.864024221875 0.42572853281249995 0.8593347734375 0.40930214062500003 0.8051884375 0.39729502656250004 0.8019419890625 0.394641290625 0.8366297171875001 0.399722734375 0.878785209375
1 0.387525234375 0.8899167640625001 0.38709600312500003 0.92756629375 0.4021624375 0.9816006375 0.40782381562500003 0.987932975 0.4191123125 0.9882614359374999 0.426165815625 0.9738567937499999 0.4260250015625 0.9657895421875 0.4171513296875 0.9067127265625 0.387525234375 0.8899167640625001
1 0.6745620203125 0.032800403125 0.6569430406250001 0.019250890625 0.6482979828125 0.021896421875 0.6377572812500001 0.04042073125 0.6481470234375 0.0754879859375 0.649815815625 0.10885294375000001 0.6573539890625 0.11751455156249999 0.658207134375 0.11753937656249999 0.67592806875 0.11106127343750001 0.6824320796875 0.08754361875 0.6823080781249999 0.08043959687499999 0.6745620203125 0.032800403125
1 0.6577038749999999 0.1534439796875 0.6501536515625 0.15414094375 0.6461093906250001 0.171405740625 0.655563959375 0.21513701875 0.662212184375 0.2225731578125 0.6736635843750001 0.256222765625 0.6902714999999999 0.2740884765625 0.6948825578125 0.264010440625 0.69452808125 0.2437024875 0.6938604109375001 0.2307367234375 0.6798303406249999 0.1738354578125 0.6625503 0.153584996875 0.6577038749999999 0.1534439796875
1 0.66934414375 0.3167207140625 0.6637575765625 0.307866925 0.6495006562500001 0.30020939375 0.6400975046874999 0.3216638796875 0.6430809281250001 0.3681039453125 0.6500580171875 0.394380665625 0.65843160625 0.39709135624999997 0.660529090625 0.3971523875 0.6684856828125 0.392019778125 0.673370775 0.37365280156249997 0.67301415625 0.353222059375 0.66934414375 0.3167207140625
1 0.6668662640624999 0.44836006875 0.666574828125 0.431663746875 0.66051165625 0.40782354062500004 0.64079465625 0.398558596875 0.6322001937499999 0.40410268125000004 0.6323519765625 0.412798334375 0.643146471875 0.47105399375 0.65452198125 0.5003557734374999 0.6528424515625 0.506248178125 0.6529401078125 0.5062510203125 0.6576563640625 0.493204278125 0.6662255312500001 0.4862109171875 0.664657928125 0.45864305937500005 0.6668662640624999 0.44836006875
1 0.6763579890625 0.5709623734375 0.70460151875 0.5523990515625 0.7045858734375 0.5515027609375001 0.7019549421875 0.5466519671875 0.6815322765625 0.5384528953125 0.629339390625 0.5358478328125 0.5961768140625 0.5446605421874999 0.5937536875 0.5543082593750001 0.5937764999999999 0.5556151609375 0.60809355625 0.5634761593750001 0.6472429625 0.5657016953125 0.669693228125 0.57076845 0.6763579890625 0.5709623734375
1 0.687760275 0.6521294296875 0.6702361625 0.6440146984374999 0.61083484375 0.6433727 0.5921460484375001 0.65152015 0.5908295828125001 0.6590866734375 0.6025755687500001 0.6681196828125 0.6330337984375001 0.6712126859375 0.6539999765625 0.6718227390625 0.6807984921875 0.668222928125 0.6924710843749999 0.662677875 0.6924226640625 0.659903871875 0.687760275 0.6521294296875
1 0.6545724578125001 0.7236812609375 0.6466910968749999 0.7075293203124999 0.6466007671875 0.7075266921875001 0.635841225 0.7086508453125 0.6306088203125 0.7200869109375 0.6289408515625 0.7490091640625 0.634022296875 0.7911646578125 0.6537011406250001 0.806120796875 0.6540679859375 0.8061314703125 0.66031163125 0.8035179140625001 0.6619648453125 0.7938487328125 0.6616254046875001 0.7744021328125 0.6545724578125001 0.7236812609375
1 0.666196325 0.821671396875 0.6573741875 0.8141720031249999 0.647616875 0.8153366328124999 0.6402611515625 0.8296079984375 0.6461006890625 0.8529545390625 0.6456714609375 0.8906040703125001 0.6491094093750001 0.9008438796875 0.6535765453125 0.90294296875 0.6681194390625 0.903366125 0.6728959671875 0.8942933015625 0.6729540578125001 0.8865996515625 0.672260140625 0.8468451984375 0.666196325 0.821671396875
1 0.6646542046875 1 0.667843628125 0.9873620609374999 0.66496139375 0.946719096875 0.6688032749999999 0.9178600984375 0.6501732328125 0.9086267843750001 0.6406435953125 0.9228348921875 0.6404673390625 0.9749771781250001 0.6498416328125 1 0.6646542046875 1
1 0.913746359375 1 0.920041115625 0.9954018953125001 0.9200394453125 0.9953061703125 0.9037643265625 0.9731662515625 0.8400151828125001 0.9723977453125 0.827161434375 0.982887784375 0.8360468140625 0.9940103656250001 0.875654828125 1 0.913746359375 1
1 0.9540991140624999 0.8887709390625 0.9539959484375 0.8828606156250001 0.9538529625000001 0.8824490515625 0.936404740625 0.8786821453125 0.9289496609375 0.866514775 0.9201970906250001 0.8630008890624999 0.8898761453124999 0.8686370671875 0.8536252890625 0.8664958703125001 0.8392463734375 0.8725959140624999 0.8452711484375 0.8858080703125 0.9131517421875 0.9104958359375 0.9222303015625 0.9107599953125 0.9268100265625 0.9099086968749999 0.9281075187500001 0.9012552156250001 0.9511441421875 0.893234278125 0.9540991140624999 0.8887709390625
1 0.9189836140625 0.7558774125000001 0.90125778125 0.723887975 0.87671313125 0.7492475046875 0.8831850984375 0.8088259328125 0.8928651296875 0.8271351156250001 0.9048411562500001 0.8274835828124999 0.9126847078125 0.8183755187499999 0.9122799531249999 0.7951871125000001 0.9190098093750001 0.757378165625 0.9189836140625 0.7558774125000001
1 0.9135586468750001 0.6292081359374999 0.90910963125 0.623284525 0.9004392765624999 0.6244807828125001 0.8839333734375 0.6746993875 0.9192387406250001 0.7217064734374999 0.91974315625 0.72172115 0.92752845 0.7085901875 0.92704185625 0.6807132 0.9196005625 0.6641488812499999 0.9135586468750001 0.6292081359374999
1 0.9132284625 0.5402717953125 0.89875468125 0.54093705625 0.8901918390624999 0.548292734375 0.8569723437500001 0.5538445734375 0.8354419140625 0.5651685515625 0.832808984375 0.5803016015625 0.8430487765624999 0.586031571875 0.874444190625 0.5892197453125 0.8929777874999999 0.5897590171875 0.9371378375000001 0.5822508578125001 0.946682140625 0.553322959375 0.946598146875 0.5485109125000001 0.9132284625 0.5402717953125
1 0.9436527984374999 0.46924217187500006 0.91003220625 0.443386946875 0.878167121875 0.443546171875 0.8536053328125 0.447177115625 0.8335241796874999 0.4585432625 0.83954895625 0.47175541875000004 0.8599526484375 0.47886753281249994 0.881171515625 0.4941513984375 0.8855710999999999 0.4942794140625 0.9036396109375 0.49208914375 0.9164743874999999 0.4805121484375 0.9436841484375 0.47103819687500004 0.9436527984374999 0.46924217187500006
1 0.9027901296874999 0.364973965625 0.8939267125000001 0.34214299375 0.8902104921875 0.31596115625 0.86837990625 0.2938807796875 0.867831475 0.293864821875 0.8627583109374999 0.299228446875 0.8621267046875 0.32528377656249996 0.87251644375 0.3603510296875 0.8720113234375001 0.3936527359375 0.881674528125 0.40514876875 0.8831107156250001 0.4051905578125 0.8906413671875001 0.40288605000000005 0.9022943234374999 0.3858426453125 0.902874453125 0.3698048671875 0.9027901296874999 0.364973965625
1 0.9248672671874999 0.1995473484375 0.8798448656250001 0.192805309375 0.8727123265625 0.19911620000000002 0.862548428125 0.1977340546875 0.83954975 0.2079289078125 0.84854896875 0.22557322812499997 0.9091346859374999 0.240406896875 0.9180895796874999 0.2406674578125 0.9644648828125 0.23004408125000003 0.964463553125 0.2299678953125 0.9496567312499999 0.20895988281250003 0.9248672671874999 0.1995473484375
1 0.939949025 0.08329955312500001 0.9195453328125 0.076187440625 0.9121661453125001 0.068367896875 0.86435903125 0.06806325625000001 0.8514104171874999 0.0731185125 0.8401008078125001 0.0890855015625 0.8474989671875001 0.097992003125 0.8837088546875 0.1100454484375 0.8988686078124999 0.11048655156250001 0.914336390625 0.1097144125 0.9448891953125 0.0927248015625 0.94485220625 0.0906057 0.939949025 0.08329955312500001