1 0.8896885515624999 0 0.8861208296875001 0.0020802125000000003 0.8713739031250001 0.03579180625 0.869067090625 0.057977928125 0.8680026796875 0.0782881109375 0.8695210531249999 0.08702796874999999 0.8746796453125001 0.08687786875 0.8877884515625001 0.0845722984375 0.8942775921875 0.07506438125 0.8975353796875 0.0510061875 0.9065136562499999 0.032106745312500004 0.902911196875 0.0055855625 0.8959694921875 0 0.8896885515624999 0
1 0.8663346125 0.169654365625 0.8655491328125 0.184642203125 0.871421534375 0.20398147031249997 0.8726605046874999 0.20394542031250001 0.8889910640625001 0.1959816859375 0.8998341562500001 0.1555900484375 0.900278975 0.1471023765625 0.9006246703125 0.1264155765625 0.89346319375 0.11064835312500002 0.885672825 0.1068811296875 0.87904393125 0.1190557109375 0.8664584812499999 0.1686800140625 0.8663346125 0.169654365625
1 0.877622215625 0.305208675 0.889290046875 0.304869175 0.897803078125 0.2836517625 0.9004609218749999 0.23293706093750002 0.8950293859375 0.22246319374999998 0.8890293859374999 0.2226377765625 0.8752607375 0.237682703125 0.873701721875 0.2483784671875 0.8727451640625 0.285682703125 0.877622215625 0.305208675
1 0.8358343890625 0.3646387296875 0.8358128499999999 0.3650497328125 0.867759975 0.3788211515625 0.8977226484375 0.382629678125 0.9128309828125 0.38219007031249996 0.9317075671874999 0.3779589421875 0.9361268296875 0.369842553125 0.93238886875 0.3649589421875 0.8968605406249999 0.357006434375 0.8675796140625 0.356859946875 0.8358343890625 0.3646387296875
1 0.860811459375 0.48342407343750005 0.8654778578125001 0.4924224921875 0.8679048984375 0.495825734375 0.8753215671874999 0.49560993125 0.8824079812500001 0.4932611765625 0.8856176124999999 0.4891738859375 0.891511234375 0.4334760796875 0.8915393796875 0.43293905625000006 0.8896704812499999 0.4118405515625 0.8808102343750001 0.409435759375 0.8723210953124999 0.41900186718750004 0.8621549078124999 0.46056797656250004 0.861846028125 0.4636833203125 0.860811459375 0.48342407343750005
1 0.8501468015625001 0.5678426187500001 0.8637468765625 0.589553759375 0.86531041875 0.5895082656249999 0.8785244656250001 0.5703399625000001 0.8772978265625 0.4984854484375 0.8654375796875 0.49616794531249997 0.8569701609375 0.524371625 0.850382328125 0.5633485171875 0.8501468015625001 0.5678426187500001
1 0.8395741359375 0.6169663234375 0.8246454312499999 0.6223930796875 0.81878801875 0.6325482640625 0.8251926468749999 0.6373542828125001 0.840854209375 0.6385835046875 0.8464375437499999 0.638421046875 0.886683203125 0.6325696656249999 0.9016119093749999 0.6271429093750001 0.9046978390625 0.6190653171875 0.89962654375 0.6142205015625 0.8663980265625 0.6131904031250001 0.8395741359375 0.6169663234375
1 0.9516600625 0.6158386015625 0.9503896781250001 0.6198361828125 0.9500642812500001 0.6260451125000001 0.9656892812500001 0.625590471875 0.965973625 0.6201648765625001 0.9617299390625 0.6142142984375 0.9516600625 0.6158386015625
1 0.9362084171875 0.711817896875 0.9542174921875001 0.722433125 0.9610369578125001 0.7143621062500001 0.9616718984375 0.702246721875 0.9366718984375 0.702974146875 0.9362084171875 0.711817896875
1 0.8427181515625 0.709589709375 0.841019021875 0.7420110265625001 0.842062234375 0.7496911140625 0.8504207859375 0.7599942984375 0.8505979625 0.7599891421875 0.8674814953125001 0.7409636875000001 0.8738790375000001 0.7141515359375 0.8640452249999999 0.6731673671875 0.8509753484375 0.6748789609375 0.8453464546875 0.687024446875 0.8427181515625 0.709589709375
1 0.8332196171874999 0.831294909375 0.8328566281249999 0.8382211625 0.8373206156249999 0.8532648593750001 0.8411932468750001 0.8554299484375001 0.845858425 0.85529420625 0.8536001234375 0.8474659750000001 0.864115696875 0.7992331984375001 0.8605132390625 0.772712015625 0.8527927468750001 0.7676114593750001 0.8416048375 0.7905690953125 0.8332196171874999 0.831294909375
1 0.9270809953124999 0.7966730390625 0.93365411875 0.7998516343750001 0.946624975 0.8180396171875 0.9518984125 0.8178861765625 0.955682125 0.8165383890625 0.95680125 0.795184221875 0.92711375 0.7960480390625 0.9270809953124999 0.7966730390625
1 0.945639521875 0.9163556828124999 0.9504061890625 0.9162169875 0.9517103562499999 0.8913319874999999 0.9440497156250001 0.8914400640625001 0.9356330500000001 0.8916849640625 0.924386275 0.9076289843750001 0.9243705796875 0.907928465625 0.945639521875 0.9163556828124999
1 0.7962255593750001 0.9120385343749999 0.8102200921874999 0.9234162203125 0.825306996875 0.9229772359374999 0.8692234687499999 0.9178927109374999 0.879028471875 0.9086211390625 0.8716049578125 0.8978539156249999 0.810638478125 0.8926385328125 0.7963588703125 0.9094948281249999 0.7962255593750001 0.9120385343749999
1 0.666296134375 0.9275727781249999 0.6870005734375 0.938952040625 0.6926394 0.9393184078125 0.699023328125 0.9391326546875 0.739681875 0.9244389953125 0.7439439140624999 0.9193226078125001 0.7376965109375 0.9115165875000001 0.671134659375 0.9114563890625 0.6575916953125 0.9158443500000001 0.666296134375 0.9275727781249999
1 0.6955718703125 0.8605407640625 0.700933928125 0.8657515468750001 0.711008925 0.8654583953125 0.7112923624999999 0.8654085437499999 0.719480271875 0.8425382000000001 0.7210175671875 0.8132048656249999 0.7257241234375 0.7986142968750001 0.7257435937500001 0.7982427734375 0.7216946156249999 0.7812339625 0.7138343703125 0.778800071875 0.7054151078124999 0.7870328484375 0.6950470015625 0.8183612171875 0.6948104390625 0.822875115625 0.6955718703125 0.8605407640625
1 0.726911175 0.737066065625 0.7536386296875001 0.7335425703125 0.76553215625 0.72371445625 0.7655958593750001 0.72249893125 0.7574058609375001 0.712464978125 0.6839677125 0.716598759375 0.6744436234375 0.735196115625 0.674311609375 0.7377150921875 0.6750500640625 0.7385750703125 0.726911175 0.737066065625
1 0.7166349796875 0.6009276125 0.7137369062500001 0.61058065625 0.710269621875 0.6767403812499999 0.71237248125 0.6822609453124999 0.715620978125 0.6827904703125001 0.7197529203124999 0.68267024375 0.726931496875 0.6711869203124999 0.7413073156250001 0.6255044234375 0.7439362093749999 0.613446228125 0.734774734375 0.5977371984375 0.7239144875 0.5953905984375 0.7166349796875 0.6009276125
1 0.7017703203125001 0.5412285828125001 0.699951090625 0.57594155625 0.6999998703125 0.580766090625 0.7119517140625 0.6003878296875 0.716554890625 0.6016371953124999 0.7214334953125 0.6014952421875 0.737628765625 0.5676895015625 0.7375371671875001 0.550385265625 0.72777323125 0.5080677625 0.7169828609375 0.5043878296875 0.7033756890625 0.5354036609375 0.7017703203125001 0.5412285828125001
1 0.6991476609375 0.45254924374999994 0.697576990625 0.4723980359375 0.6966463671875001 0.4901553890625 0.7099931515625 0.49730026250000003 0.7131875453125 0.49720731406249996 0.719889875 0.47590910937500003 0.7273790140624999 0.466372096875 0.7243355703125001 0.42918424999999993 0.71868495625 0.4226921640625 0.7115452015625 0.42556251093749997 0.6991476609375 0.45254924374999994
1 0.702249540625 0.35664698281249996 0.7018033671875 0.361985140625 0.7002840703125 0.3909750640625 0.70857926875 0.4177754171875 0.7098048125 0.41773975781250006 0.71873396875 0.4040941390625 0.724852 0.382615321875 0.729088065625 0.3398904609375 0.723136221875 0.3200941390625 0.7129964671875 0.3230517765625 0.702249540625 0.35664698281249996
1 0.6923723749999999 0.30378869375 0.69883105 0.31509131875 0.69976633125 0.3150641046875 0.712676528125 0.30454769375 0.72533185625 0.25359005625000003 0.713890871875 0.2432725546875 0.7105896421875 0.230055609375 0.6955449875 0.24325165625 0.6923723749999999 0.30378869375
1 0.6882886203125 0.203098509375 0.6881905984375 0.20496888593749998 0.701014671875 0.208939803125 0.7044377468749999 0.2088402015625 0.7166557359375 0.19210346250000002 0.718961678125 0.1481034625 0.7158002031249999 0.1322198515625 0.708219465625 0.1244526265625 0.6974508187499999 0.13941026406249998 0.6882886203125 0.203098509375
1 0.704914721875 0 0.69287919375 0.0261987109375 0.6901428734375 0.078410834375 0.6918275203124999 0.0835760734375 0.7006478203125 0.085701209375 0.7021243828125 0.0856582453125 0.7078973984375 0.0817771890625 0.711735921875 0.065689896875 0.716832234375 0.02560260625 0.714950265625 0.0043565640625 0.706551834375 0 0.704914721875 0
1 0.51633893125 0 0.5096163140625001 0.014907515625000001 0.5067648625000001 0.03498309375 0.5052302359375 0.0642655140625 0.505471846875 0.0749366125 0.5136295515625 0.09426311875 0.51966373125 0.0940875421875 0.5224935687500001 0.093079534375 0.535100740625 0.0620927984375 0.54075606875 0.011338840625 0.5361880203125 0 0.51633893125 0
1 0.4811091453125 0.16729758749999998 0.4810960546875 0.167547371875 0.49885058125 0.179844346875 0.5145885421874999 0.1843787953125 0.5415997499999999 0.1854961921875 0.5598289171874999 0.18496577812499998 0.5720791000000001 0.179710565625 0.5752174359375 0.1706329734375 0.5701461421875 0.1657881578125 0.523846328125 0.16014601875 0.4985129953125 0.16088314374999999 0.4811091453125 0.16729758749999998
1 0.5137756078125 0.2584358453125 0.513424071875 0.26514355156249997 0.515559284375 0.2837404234375 0.511393096875 0.3251319515625 0.5186026312500001 0.33281636875 0.5284782265625 0.33252901874999996 0.54400026875 0.2935632765625 0.5448387921875 0.2775632765625 0.5380965796875 0.2537960515625 0.5326555953125001 0.24330396875 0.5247254734375 0.24220341093750003 0.5137756078125 0.2584358453125
1 0.5174517515625 0.3966725296875 0.516957178125 0.4061095578125 0.52921039375 0.4245546359375 0.534278265625 0.4244071765625 0.550156978125 0.3981616140625 0.546065378125 0.38097376562499996 0.5494629203125 0.35424890468750003 0.5413014453125 0.33851077812499997 0.5253231671874999 0.3576139 0.5174517515625 0.3966725296875
1 0.514991771875 0.47338053437500005 0.51344446875 0.5029048359375 0.5160088 0.5085506515625 0.53085339375 0.5118734 0.5320730874999999 0.5118379109375 0.548567815625 0.49695288125000003 0.541293021875 0.4452438515625 0.5361230234375001 0.43527432031249996 0.5343632578124999 0.435325525 0.52464240625 0.43907183281249995 0.514991771875 0.47338053437500005
1 0.5149953625 0.5342388687499999 0.49047128593749995 0.5449371984375 0.4858947984375 0.5560535859375 0.5248990499999999 0.5738897046875 0.5556848796875 0.579796040625 0.557017021875 0.5797572796875 0.58238960625 0.569221475 0.5790709078125 0.5563378640625001 0.5621044296875 0.5498422125 0.5545236921875001 0.5420749875 0.5269429531250001 0.5348897046875 0.5149953625 0.5342388687499999
1 0.53029883125 0.6133491656250001 0.5252905640625001 0.6638624359375 0.524458046875 0.6797478265625 0.5271760859375 0.6919867359375 0.531473115625 0.6943890953125 0.5384496765625 0.6941860984375 0.542106209375 0.6928836140625 0.546525471875 0.684767225 0.5500892000000001 0.616767225 0.5485783390625001 0.6074920875 0.5406482171875 0.6063915296875 0.53029883125 0.6133491656250001
1 0.4930274203125 0.7436412703124999 0.4929260859375 0.7455748609375 0.4946570171875 0.754619984375 0.5430968140625 0.7673763953125 0.547770625 0.7672404015625001 0.5622377562499999 0.7606413859375001 0.5693236828125 0.7524474062500001 0.5631810953125 0.7426413859375 0.5253249515625 0.739811390625 0.5240541171875 0.7398483687499999 0.4930274203125 0.7436412703124999
1 0.485577346875 0.8262595421875 0.49820783124999996 0.851587165625 0.5547629859375001 0.8575237484375 0.5586223609375 0.857411453125 0.5742078312500001 0.8493757921875 0.5746795015624999 0.8403757921875 0.56832728125 0.8345697718749999 0.5196752499999999 0.823005225 0.4856447140625 0.8249740859375001 0.485577346875 0.8262595421875
1 0.538337965625 0.93446821875 0.5281689218750001 0.8816993171874999 0.5130815515625 0.8821383140625001 0.503246365625 0.9181823781249999 0.5012015375 0.9448955921875 0.5003683484375 0.9607937640624999 0.5056677406250001 0.9837616609375001 0.514198990625 0.9835134265625 0.5265211609375 0.96942585625 0.538337965625 0.93446821875
1 0.3233319296875 0 0.3141592921875 0.006876103125 0.30464371875 0.0550797828125 0.31038593125 0.078876103125 0.324643021875 0.0841608921875 0.3279253109375 0.0840653875 0.33445580937499997 0.076844440625 0.33706298125 0.046148678124999995 0.3470727140625 0.015903171875 0.34722862656250003 0.012928171875 0.34033182968750003 0 0.3233319296875 0
1 0.2569331390625 0.1581216875 0.25688016875 0.15913243125 0.2714106140625 0.1730139625 0.301553203125 0.1821216546875 0.3079054234375 0.1879276734375 0.34501236562500004 0.1943365359375 0.349512365625 0.19420559843750002 0.36369579218750003 0.190298240625 0.3656056109375 0.17925944375 0.34777746875000004 0.1638025890625 0.2964063625 0.153315634375 0.26712543593750004 0.153169146875 0.2569331390625 0.1581216875
1 0.30959339375 0.268245403125 0.30334930312499997 0.314356934375 0.30321343125 0.316949534375 0.3079597875 0.3375205421875 0.31454934843750004 0.341873946875 0.3183579421875 0.341763128125 0.3248200328125 0.339692559375 0.3320778203125 0.31551797656249997 0.3363138859375 0.2727931171875 0.32836204062499996 0.25305499062500003 0.31501265625 0.2600999171875 0.30959339375 0.268245403125
1 0.324879096875 0.343923959375 0.3265297109375 0.35053243125 0.31513217031249996 0.37749006875 0.30556231875 0.42097413906250003 0.3045564203125 0.440167815625 0.3094923078125 0.44342871875 0.312461059375 0.44334233593750005 0.32905758125 0.4356620859375 0.337594875 0.40612507343750004 0.3345032765625 0.38890812812500003 0.33683094062499996 0.3635456984375 0.3291803265625 0.3571118078125 0.324879096875 0.343923959375
1 0.2694540765625 0.48481539375000005 0.29436818593749997 0.5015931265625 0.30070415 0.50140876875 0.32134041875 0.4967832125 0.35739282656250004 0.49473571875 0.3707184 0.4875497734375 0.3708000828125 0.48599118125 0.3689504265625 0.47742535 0.3387554296875 0.469317659375 0.290703021875 0.47171431718749995 0.2716695 0.47925746093750005 0.269553053125 0.48292681562500006 0.2694540765625 0.48481539375000005
1 0.2814073578125 0.5764502499999999 0.27674748125000004 0.5837994296875 0.27662686875000003 0.5861008609375 0.2872879078125 0.59125626875 0.312561753125 0.5946707875 0.329361753125 0.5941819578125 0.3591830921875 0.5911612828125 0.3702690203125 0.5828509140625 0.36930254218749997 0.5758897109375 0.352388471875 0.568394059375 0.29777421249999997 0.5689846968750001 0.2814073578125 0.5764502499999999
1 0.27242087187499997 0.6663560703125 0.27228723125 0.6689060703124999 0.28401900625 0.6855824703125 0.302947078125 0.68699746875 0.349315828125 0.6856482749999999 0.3601762296875 0.680371096875 0.362033640625 0.6703323015625 0.3477338296875 0.6637590578125 0.29076735 0.6584272875 0.2746101265625 0.6618928390625001 0.27242087187499997 0.6663560703125
1 0.2768853703125 0.7524382515625 0.2631851828125 0.7598262109375 0.2627198296875 0.762156528125 0.26230752812499997 0.7700237140625 0.2676275828125 0.7766710265625 0.28945051718750003 0.7809972171874999 0.33409218281249997 0.7796982781249999 0.3436275828125 0.774459653125 0.34420406875 0.763459653125 0.34185184999999996 0.7575372453125 0.33267573906250003 0.7548088171875 0.297956665625 0.7568175140625 0.2768853703125 0.7524382515625
1 0.2894790015625 0.8469373515624999 0.28695688124999996 0.8950622984375001 0.28687794218749996 0.8975608328125 0.2940118125 0.90879411875 0.2992618125 0.908641359375 0.312598434375 0.9021376421875 0.309995975 0.8755873640624999 0.3139525328125 0.8381958375 0.309930809375 0.8196746546875 0.3032801953125 0.81321166875 0.2894790015625 0.8469373515624999
1 0.2512663703125 0.9509327593749999 0.251244890625 0.951342615625 0.27142947500000003 0.9664890875 0.2863115578125 0.9683026312499999 0.3329782234375 0.9669447703125 0.337991325 0.966549284375 0.34005836875 0.9525104890625 0.33375855625 0.94570446875 0.3167396703125 0.9402088171875 0.2687396703125 0.941605475 0.2512663703125 0.9509327593749999
1 0.0825437421875 0.9338870343749999 0.072893128125 0.9275113375 0.0634039890625 0.9371065453125 0.05497436875 0.9753057625 0.054616873437500005 0.9821271906250001 0.05621777812499999 0.99683931875 0.0864728359375 0.9959589875000001 0.09586669375 0.9654505796875 0.0825437421875 0.9338870343749999
1 0.10033919531249999 0.9269103546874999 0.10483067343750001 0.926779665625 0.112643003125 0.9168310843749999 0.112694865625 0.9158415109375 0.10817842343749999 0.851588609375 0.09859768437500001 0.8438795796875 0.0879687921875 0.8561705500000001 0.0870350359375 0.8696216015625 0.0846354109375 0.9154091624999999 0.10033919531249999 0.9269103546874999
1 0.05260161249999999 0.774690225 0.0453584625 0.7858842046875 0.029201239062500002 0.78934975625 0.028779334375 0.7904541125 0.028550870312499997 0.79481349375 0.031343826562499996 0.7992721656249999 0.052257898437500006 0.8066514281250001 0.05317196875 0.8146126328125 0.0593723796875 0.8157739203125001 0.06438374375 0.815628103125 0.12888679218750002 0.7924400546875 0.13484901875 0.7802848703125 0.12183013281249999 0.7746728296875001 0.08844439062500001 0.77664273125 0.0607588359375 0.7714574484375001 0.05260161249999999 0.774690225
1 0.0702420234375 0.7083919937500001 0.06912399062499999 0.729725328125 0.0766348515625 0.738825884375 0.0866348515625 0.7385349140625 0.09654325312499999 0.7209397078124999 0.1044082109375 0.6661275546875001 0.0826659984375 0.6427967875 0.06625903749999999 0.670675040625 0.0658820046875 0.6778692375 0.0702420234375 0.7083919937500001
1 0.062148109375 0.6002721531249999 0.060482524999999995 0.632053403125 0.0653937421875 0.6408655750000001 0.0668562421875 0.6408230203125 0.1002230328125 0.5983322249999999 0.08666872812500001 0.552131109375 0.07873860625 0.551030553125 0.07445909687499999 0.5564802734375001 0.06778204843749999 0.588625759375 0.062148109375 0.6002721531249999
1 0.1024547140625 0.44560460781250005 0.0904065578125 0.465924675 0.0827993859375 0.4967659234375 0.0753801234375 0.5049696031249999 0.0746369109375 0.510815665625 0.074109090625 0.5208870937500001 0.0789800453125 0.5499834484375 0.0794357734375 0.5499701890625001 0.1105633203125 0.5385596796875001 0.121939140625 0.492964471875 0.121105328125 0.45171843125000005 0.11672536250000001 0.44279719375 0.1151584 0.44284278906249996 0.1024547140625 0.44560460781250005
1 0.08112936875 0.3962597546875 0.07836031875 0.410000015625 0.07795816093749999 0.41767363125 0.0900330578125 0.4359396875 0.09505477968750001 0.45443177031250004 0.10517285937500001 0.45873451093749995 0.1072431734375 0.458674271875 0.1187535515625 0.44042920625 0.12394145937500001 0.4176461515625 0.1264787546875 0.38828372187500004 0.10415580312499999 0.35698205 0.0927582625 0.38393968749999996 0.08112936875 0.3962597546875
1 0.1026597625 0.2890772703125 0.092439946875 0.3199575625 0.091883359375 0.33057790468750003 0.09172492812500001 0.345310046875 0.095809259375 0.3497987515625 0.0972018375 0.34975823125 0.11749357499999999 0.3299159546875 0.12175135937499999 0.3058286625 0.130097684375 0.28608781250000004 0.1308546875 0.2716433453125 0.13084767343749998 0.265624984375 0.120686196875 0.2499450515625 0.1139620046875 0.247862934375 0.11248055781249999 0.2479060390625 0.10326693437500001 0.2584397 0.1026597625 0.2890772703125
1 0.078295321875 0.16078530156249998 0.0552093921875 0.169444834375 0.041641543749999996 0.187802809375 0.0415790984375 0.18899432656249998 0.084040721875 0.19880979999999998 0.09041892812499999 0.1986242125 0.147599384375 0.1847291125 0.156437909375 0.1684963359375 0.13562865468750002 0.159117071875 0.1262429140625 0.16038864375 0.11989069375000001 0.154582625 0.078295321875 0.16078530156249998
1 0.1120232546875 0.0099910515625 0.0934859609375 0.039819035937500004 0.092810028125 0.044976689062500005 0.0914786921875 0.07038009843750001 0.09927161718750001 0.10089049531250001 0.10551164843750001 0.10613813750000001 0.1087151640625 0.106044925 0.12248124687499999 0.0962212640625 0.12811014062499998 0.084075778125 0.1314160828125 0.04004668125 0.12476546875000001 0.03358369375 0.119743746875 0.0150916109375 0.1120232546875 0.0099910515625