1 0.9390663078125 0.131780125 0.9455290249999999 0.14211481406249998 0.963092 0.145230453125 0.9651453296874999 0.1452901984375 0.968422565625 0.13118478281249998 0.9664931703124999 0.08909254375 0.9525735281250001 0.05244950625 0.944990125 0.0478802890625 0.9340699718750001 0.056259670312499996 0.9293771109375 0.080402596875 0.92933771875 0.087173425 0.9370441640625 0.1056299140625 0.9390663078125 0.131780125
1 0.834309103125 0.1446087828125 0.8347580015625 0.14462184375 0.8435320000000001 0.120416478125 0.8425293593750001 0.10589209687500001 0.8319717640625001 0.051952635937500005 0.8255259109375 0.038719396875 0.8168049640625 0.0428142046875 0.80800813125 0.0599524921875 0.8075341249999999 0.071353653125 0.8074053078125001 0.093495384375 0.8162653390625 0.13556782812499998 0.834309103125 0.1446087828125
1 0.7078841765624999 0.1250647359375 0.714405915625 0.1252544984375 0.7209951078125 0.11385005937499999 0.721315509375 0.0587775953125 0.7127631953125 0.0338868953125 0.7007982421875 0.034988271875 0.6941500281249999 0.0565376390625 0.69340581875 0.079345921875 0.6932730203124999 0.102172028125 0.6938464890625 0.10871155156250001 0.7078841765624999 0.1250647359375
1 0.56632179375 0.08523991875 0.570492484375 0.0853612734375 0.6102223625 0.08035683125000001 0.6465491015625 0.065106725 0.6118107609375001 0.056485959375000006 0.5799203765625001 0.056645184375000004 0.5407330296875 0.0652892109375 0.5403338609375 0.06577303906250001 0.5402591453125 0.07861554531250001 0.5406508203125 0.079419646875 0.56632179375 0.08523991875
1 0.545960778125 0.0835150375 0.5503908125 0.0695111109375 0.5446190046875 0.0649946046875 0.5330627453125001 0.0581355109375 0.5098680140625 0.058547753125000004 0.46488988906250006 0.065936146875 0.45469437187499995 0.0743366125 0.45753600937499994 0.0842035609375 0.4757175796875 0.0872919 0.4938133921875 0.087818434375 0.5415939812499999 0.0866493984375 0.545960778125 0.0835150375
1 0.4032901765625 0.12737911875000002 0.42033071250000004 0.102530984375 0.4151657421875 0.0559960375 0.4077341125 0.025339862499999997 0.3946737703125 0.027858889062499996 0.3901825765625 0.08741220625 0.3900628875 0.10798496875000001 0.402306253125 0.1273504890625 0.4032901765625 0.12737911875000002
1 0.30694689375 0.1183247578125 0.31024598124999997 0.11842075156250001 0.31878547031250004 0.11412814843750001 0.32431299999999996 0.09834425625 0.327742503125 0.06945363125000001 0.32577937968750004 0.033158493750000004 0.32037832499999996 0.027203256250000002 0.311665809375 0.0298487875 0.30613827968749996 0.04563268125 0.3011111046875 0.0863628828125 0.3010440203125 0.0978936890625 0.3024895546875 0.112204465625 0.30694689375 0.1183247578125
1 0.21928276875 0.08608146718750001 0.24376596875 0.08220748125 0.26372460468750003 0.065762821875 0.26372886093750003 0.0650310046875 0.2526197140625 0.0552865859375 0.23524738125 0.0515196796875 0.184503771875 0.0533046140625 0.171428675 0.058359871875000004 0.1699211203125 0.07222801875 0.1699197984375 0.07245536875 0.21182881562500003 0.08586457812500001 0.21928276875 0.08608146718750001
1 0.09301911093750001 0.0855330984375 0.1057229265625 0.0859027421875 0.151215359375 0.0796504265625 0.1614172015625 0.0701630046875 0.157113640625 0.0624278 0.138311003125 0.055357856250000004 0.088991375 0.0615327859375 0.06522128125 0.071302875 0.0652107953125 0.0731051453125 0.0700369671875 0.0805497984375 0.09301911093750001 0.0855330984375
1 0 0.08751481250000001 0.05026841562499999 0.0889774734375 0.057859778125000004 0.08309451875 0.0420315765625 0.0630654359375 0 0.0666371515625 0 0.08751481250000001
1 0 0.22660085312499997 0.0151032078125 0.22704031093750002 0.0441693078125 0.2270140703125 0.0514662734375 0.21852926718750001 0 0.21703175156249999 0 0.22660085312499997
1 0.07528801406249999 0.2366053328125 0.0810224671875 0.2367721890625 0.094037496875 0.23360635625 0.12592155625 0.23453408750000002 0.1506035015625 0.227642275 0.15210969218749998 0.2179018359375 0.1449075828125 0.2100822921875 0.0999990171875 0.205514165625 0.06515949531250001 0.214284703125 0.056527135937499993 0.22261740468750002 0.056524501562499996 0.2230703109375 0.0592612140625 0.2315073296875 0.07528801406249999 0.2366053328125
1 0.1613153265625 0.2083563078125 0.170439275 0.2284232765625 0.2281369359375 0.2316761953125 0.25064943125 0.23233124218749998 0.2603512609375 0.2212551828125 0.2473710203125 0.210006090625 0.205476709375 0.204449853125 0.1633282140625 0.2032234578125 0.161332546875 0.20539629218750002 0.1613153265625 0.2083563078125
1 0.265522178125 0.23432675937499997 0.332773834375 0.2362835828125 0.346153775 0.23333220781250003 0.3518696453125 0.22605203125 0.3518735859375 0.22537480781250002 0.3491661546875 0.213851328125 0.3318380875 0.20247572656249999 0.3187819609375 0.2042701140625 0.26943071406249997 0.21587982499999997 0.2565588265625 0.22298976406249998 0.256551525 0.2242446703125 0.257747978125 0.23075986093749998 0.265522178125 0.23432675937499997
1 0.3938060625 0.25486481875 0.4004765359375 0.25544393906249996 0.4142667875 0.2558451953125 0.4502347203125 0.2413651578125 0.4502387328125 0.240675359375 0.44757469843750003 0.23142509531250002 0.425917775 0.216662115625 0.391147815625 0.21347613124999998 0.3766360890625 0.21631530625 0.34404394531250004 0.2280936046875 0.344029046875 0.23065445 0.3475051375 0.24047191406250001 0.3938060625 0.25486481875
1 0.496058246875 0.2910431375 0.49731011562500005 0.2910795640625 0.5140693671875 0.2823937921875 0.5142190906249999 0.2566585046875 0.5139000125 0.24142924687499998 0.502112125 0.21209584062500003 0.49452029218750004 0.2089759 0.4879563953125 0.2160325140625 0.4829943859375 0.2514013859375 0.48295960468750004 0.257379653125 0.4898352015625 0.2668204046875 0.496058246875 0.2910431375
1 0.584617553125 0.24392855624999998 0.5857183625 0.27077673281250003 0.5910182390625 0.294123275 0.60032270625 0.30970456875 0.600939221875 0.3097225078125 0.6128585484375 0.27736451406249996 0.6119739515625 0.24255027812500002 0.602402134375 0.20603374843750002 0.59290601875 0.2032207796875 0.5914205124999999 0.2031775546875 0.584746625 0.2217430125 0.584617553125 0.24392855624999998
1 0.73478185 0.28861269843750004 0.749207375 0.27290652187500003 0.734739915625 0.26813699999999996 0.723221596875 0.25475616562500003 0.668085896875 0.264023284375 0.657880440625 0.2760787578125 0.6578648703125001 0.2787551390625 0.6702354171875 0.2867345890625 0.73478185 0.28861269843750004
1 0.7937261515625 0.2997043890625 0.8466687343749999 0.30124486093749997 0.8642222921875 0.28964985468750004 0.8585263718749999 0.272089871875 0.7874739374999999 0.2765453 0.7719006312500001 0.2866701640625 0.7718964203125 0.28739377187500004 0.7801137328125 0.2958996703125 0.7937261515625 0.2997043890625
1 0.9407564046875001 0.2733991609375 0.9406756015625 0.287288034375 0.9430568718749999 0.3217834484375 0.9462165625000001 0.3392696359375 0.9521039640625 0.343381825 0.9542439125 0.3434440921875 0.963599434375 0.34122494531249997 0.9669108953125001 0.33262417499999997 0.966135909375 0.278969359375 0.9543664390625001 0.2496817859375 0.9542628359374999 0.24967877187499998 0.943444728125 0.25511678125000004 0.9407564046875001 0.2733991609375
1 0.9639256250000001 0.4765607828125 0.9553457375000001 0.47631113437500006 0.9229968718749999 0.47828024375 0.9041120265625 0.48534073437499997 0.9019625328125 0.494705734375 0.901934471875 0.4995291078125 0.9054474765625 0.5049481234375001 0.9184216703124999 0.5111803375 0.9311883921874999 0.5115518109375 0.974993721875 0.5102331312499999 0.9972434078125 0.5029149375 0.99735548125 0.4836511359375 0.9882205875000001 0.47909092031249995 0.9639256250000001 0.4765607828125
1 0.7813575671875 0.49000176875 0.7883397546875 0.4902049296875 0.8287749671875 0.48853905624999994 0.8461978890624999 0.48361030937500005 0.8665699531250001 0.4700702484375 0.8477673156250001 0.46300030468750003 0.8202310828125 0.4621990828125 0.7694621796875001 0.46833184218749996 0.764566965625 0.4727545453125 0.764543671875 0.47675845 0.766475096875 0.483464890625 0.7813575671875 0.49000176875
1 0.69663748125 0.48154607031249996 0.7138083109375 0.48491075781250004 0.72504500625 0.48523771250000003 0.7416092843750001 0.4752446328125 0.740210596875 0.4665068109375 0.7286543359375 0.4596477140625 0.7026179703125 0.45019300937500006 0.685226665625 0.4496869734375 0.6427263515625 0.46329773750000003 0.642667625 0.47339219843749997 0.651697296875 0.482412725 0.69663748125 0.48154607031249996
1 0.587660928125 0.46437824218749996 0.6027472859375 0.4691770953125 0.6083883828125 0.46934123593750005 0.635550253125 0.45490027499999997 0.6355755484375 0.4505524484375 0.6124819968749999 0.433573384375 0.56171309375 0.439706146875 0.5427616828125 0.45431522968750004 0.5427503437500001 0.4562641078125 0.558662775 0.4657087640625 0.587660928125 0.46437824218749996
1 0.5065599609375 0.46481556562500004 0.5160480015625 0.465091640625 0.5302842609375 0.4500707421875 0.5302953265625 0.448168571875 0.5264136265625 0.4321561921875 0.51774326875 0.4275553484375 0.48875143750000005 0.4277989125 0.4510196875 0.4353981546875 0.44748807968750004 0.444856 0.447471278125 0.447743940625 0.45815856093749996 0.45408726406250005 0.5065599609375 0.46481556562500004
1 0.3999063359375 0.48827925937499994 0.4022432921875 0.4883472578125 0.4122281390625 0.485013984375 0.42324947343749997 0.4592432984375 0.4222384015625 0.44616819375 0.4137198140625 0.4154803953125 0.4050747515625 0.4065317234375 0.39757566718750004 0.3874697546875 0.38347052812500004 0.382710775 0.3726820375 0.40933529999999996 0.372672209375 0.4110246125 0.37984709687499996 0.44493473281249996 0.3999063359375 0.48827925937499994
1 0.34444458125 0.42784665625 0.344460225 0.4251575703125 0.340717025 0.418429553125 0.324800290625 0.41361786250000004 0.255216103125 0.41485459062499996 0.2479064890625 0.42551330781249996 0.24930517343749997 0.4342511296875 0.254899034375 0.435614278125 0.33530362812500003 0.4379538125 0.3420714453125 0.434776071875 0.34444458125 0.42784665625
1 0.195688503125 0.4651467171875 0.1967393734375 0.46517729531249996 0.2001778 0.4307379828125 0.1960744921875 0.3885824875 0.18524708437499998 0.38101983906250003 0.176509275 0.38801319843750004 0.16955662031250002 0.40349677812499996 0.1695316109375 0.40779544218749997 0.1847749125 0.46217925937500004 0.195688503125 0.4651467171875
1 0.067628065625 0.43329077812500005 0.1219330609375 0.4276346125 0.13804583125 0.3987506515625 0.1003709953125 0.3965672859375 0.0466655984375 0.409137446875 0.0397796421875 0.41510320937499995 0.039719500000000005 0.42544062031249996 0.0537523828125 0.4328870375 0.067628065625 0.43329077812500005
1 0.9596616578124999 0.6968997531250001 0.9263220000000001 0.697016809375 0.9179348640624999 0.7040755796875 0.9179278703125 0.7052777375 0.9247209546875 0.7230615953124999 0.9436329078125001 0.729138175 0.9650614750000001 0.7297616828125 0.995944609375 0.7261595562500001 0.9961599953125001 0.689137875 0.9945011796875001 0.6881292140624999 0.9596616578124999 0.6968997531250001
1 0.812334371875 0.704186484375 0.7789378015625 0.7140861468749999 0.7615085625 0.729833034375 0.7615080984375 0.729912646875 0.7718579671875 0.7350793859375 0.7889594390625 0.7355769875 0.80490460625 0.7354973765625 0.8615022296875001 0.7240985125 0.8818932640625 0.70729758125 0.8805135500000001 0.6952988906249999 0.8647756078125 0.690900078125 0.8611071234375001 0.6907933359375 0.819618690625 0.6978755953125 0.812334371875 0.704186484375
1 0.6447442578125 0.6848262265625 0.6382401375 0.6971798609375 0.6382287546875001 0.6991363828125 0.6573161328125 0.7083050921875 0.6762523015624999 0.708856078125 0.7054873453125 0.7083364796875 0.7316122453125 0.70257379375 0.734567709375 0.6928755234375 0.7288211984374999 0.68401119375 0.7059520781249999 0.6769021984375 0.704719178125 0.676866325 0.6534715265625 0.6796444609375001 0.6447442578125 0.6848262265625
1 0.5893816109375 0.7360209249999999 0.591334740625 0.7360777546875 0.5992798390625 0.7310317734375 0.599330428125 0.722336121875 0.589885084375 0.6640804609375001 0.5791841515625 0.6347786828124999 0.581400225 0.6275955609375 0.575881125 0.641930178125 0.5671433140625 0.6489235359375 0.56807006875 0.676491396875 0.5648314625 0.690088340625 0.56477250625 0.700221940625 0.57103583125 0.727310915625 0.5893816109375 0.7360209249999999
1 0.47856791562499995 0.6871819703125001 0.5037804796875001 0.6928983093750001 0.5067425953125 0.6929844968750001 0.5366274625 0.6736513640624999 0.5337605296875 0.6681322421875 0.5135149421875 0.659933171875 0.461347353125 0.6573281109375 0.42795710624999994 0.6661408171875001 0.425839890625 0.673850571875 0.42581933281250006 0.6773840265625 0.4394438046875 0.684956434375 0.47856791562499995 0.6871819703125001
1 0.34797641874999996 0.6772330078125 0.407403034375 0.6778750046875001 0.426294203125 0.669727559375 0.42778774531249997 0.6621610312499999 0.41624413125000004 0.653128021875 0.37133556562500003 0.64855989375 0.3379706125 0.653024778125 0.3259111796875 0.658687128125 0.3258982125 0.6609162421875 0.33062938124999997 0.669118278125 0.34797641874999996 0.6772330078125
1 0.248481503125 0.678992321875 0.3108446109375 0.67319691875 0.3268309046875 0.6660520890625 0.3254448671875 0.655140353125 0.31388228281249997 0.649368215625 0.284909421875 0.646350909375 0.24285514218749998 0.6494758171874999 0.2289674796875 0.6676771171875 0.22895253906250002 0.670245053125 0.23110917031249997 0.6752254171875001 0.248481503125 0.678992321875
1 0.18379511875 0.6850938281250001 0.21281856718749997 0.6794154812500001 0.22011553281250001 0.6709306765624999 0.218723171875 0.6611058984375 0.204274684375 0.6530755078125 0.181054659375 0.6578355765625 0.143379825 0.655652209375 0.13321592499999999 0.6586178921875 0.1305317875 0.6645020781250001 0.1304581890625 0.6771525046875 0.14032317968750002 0.682741784375 0.18379511875 0.6850938281250001
1 0.0901064078125 0.6761733296875 0.125674284375 0.66438905 0.1184721765625 0.6565695078125 0.098213940625 0.6505443484375 0.05762158125 0.6515375140625 0.02866136875 0.64634629375 0.02115346875 0.66188995625 0.0211326265625 0.6654723859375 0.033959890625 0.6745396328125 0.0901064078125 0.6761733296875
1 0.0815294515625 0.8652900562499999 0.0177550125 0.8645215500000001 0.004648296875 0.8750115875000001 0.0132807109375 0.886134171875 0.07980937187500001 0.8962235109375 0.0849724140625 0.8963737406250001 0.09734500625 0.8874930515624999 0.0815294515625 0.8652900562499999
1 0.167924603125 0.933168221875 0.1764843796875 0.9334172859375001 0.181404459375 0.9325072765625 0.182904325 0.92385379375 0.2061433203125 0.9158328546875 0.2105290890625 0.909437625 0.209105109375 0.9050476296875001 0.19173277500000002 0.901280725 0.184555959375 0.8891133546875001 0.17587927812499998 0.8855994687500001 0.1454065546875 0.8912356453125 0.10918099375000001 0.8890944484375 0.0963758171875 0.8944701125 0.096348784375 0.899116853125 0.1003715140625 0.9084066484375001 0.167924603125 0.933168221875
1 0.2450360703125 0.9286286328125 0.279876265625 0.9364256828125 0.28564237187499997 0.9365934593749999 0.316107478125 0.9209123359375001 0.290165965625 0.8951532828125 0.23071405781249998 0.8988591109374999 0.2119414875 0.9080324703124999 0.211877253125 0.919073459375 0.2218476640625 0.9279539187499999 0.2450360703125 0.9286286328125
1 0.380063803125 0.9752844250000001 0.3884253515625 0.9617233000000001 0.3885771203125 0.93563634375 0.3810696046875 0.91802365 0.37583718125 0.8830829046875 0.37152308125 0.8771592953124999 0.362818996875 0.878355553125 0.3462379875 0.9254354921875001 0.3462111109375 0.93005505625 0.3791314 0.9752572953125 0.380063803125 0.9752844250000001
1 0.467170234375 0.940312615625 0.474765640625 0.9339201812500001 0.508136915625 0.9283683421875001 0.52994560625 0.917044365625 0.532932690625 0.9019113125 0.5228193812499999 0.8961813421875 0.47791081718750006 0.8916132156250001 0.42857854062499995 0.8999620578125 0.41810088749999996 0.9296066390625001 0.4180774203125 0.933640265625 0.44201495625 0.939580671875 0.467170234375 0.940312615625
1 0.5601116328125 0.9466067640625001 0.5703234984375001 0.974569359375 0.57181381875 0.9746127234375 0.59710188125 0.9418849874999999 0.5962004203125 0.9099693015625 0.5919959312499999 0.8852051109374999 0.5801574546875 0.8645673578125 0.5670802484374999 0.8699849328125 0.5604404656249999 0.890085025 0.546363840625 0.909622521875 0.54630465 0.919796565625 0.548230996875 0.9332153859375 0.5601116328125 0.9466067640625001
1 0.670857565625 0.88349091875 0.6698785046875 0.899950721875 0.669853209375 0.90429855625 0.6782133124999999 0.9271905703125001 0.6813224140624999 0.9533724078124999 0.7024960609375 0.975289659375 0.703351615625 0.975314553125 0.708403578125 0.9701051187499999 0.709642303125 0.9440497890625 0.7000620546875 0.908982534375 0.7013429390625 0.8756808296875 0.6918080437499999 0.8640223890625001 0.6909811515625 0.8639983296875 0.6829152671875 0.8664475140624999 0.670857565625 0.88349091875
1 0.825676196875 0.9663717187499999 0.8416602187500001 0.9668368062500001 0.8851405281250001 0.9569361140625 0.870767925 0.9358622453125 0.8461808359375 0.926449709375 0.8012849171875001 0.9197076687499999 0.7940005984375 0.9260185609375 0.7838619953125 0.9246364171874999 0.761881925 0.9342737359375001 0.7618637109375 0.9374043999999999 0.7692048234375 0.9524755890625001 0.825676196875 0.9663717187499999
1 0.9305977296875 0.9217036859375 0.899378690625 0.9388304078124999 0.8993693765625 0.94043150625 0.90435268125 0.9481185453125001 0.92460459375 0.9552306578125 0.9304777421875 0.9616073093749999 0.9804018250000001 0.9630599515625 0.9927142109375 0.958299584375 0.9946091171875 0.9557111875000001 0.9947435734375001 0.932600071875 0.9581466093750001 0.92033099375 0.9305977296875 0.9217036859375