1 0.9501689890625 0.0876096109375 0.9146378687500001 0.100122078125 0.9107625578125 0.106512834375 0.9107274921874999 0.10801933281250001 0.9184449562499999 0.11824003125 0.9424705734375 0.12361045625 0.9482752171875 0.123813159375 0.9664060921875001 0.116741046875 0.9918074125 0.115512196875 0.9982135890625001 0.11167224375 0.9987429296875 0.0889296296875 0.991063265625 0.0869217859375 0.9501689890625 0.0876096109375
1 0.8209384171874999 0.06957910625 0.8209138703125 0.06999453125 0.8201238015625 0.1039391609375 0.8276904109375 0.1431138578125 0.8440061234374999 0.1514474015625 0.8457250937499999 0.1515074296875 0.8544780734374999 0.1285437515625 0.8537488109375 0.11442233125000001 0.8443909234375001 0.06194051406249999 0.83861119375 0.0496139578125 0.8372072562499999 0.04956493125 0.8297884625 0.052973010937499995 0.8209384171874999 0.06957910625
1 0.7224023765625 0.13156320625 0.7290160859375 0.13179416093750002 0.73527555 0.121325515625 0.7365455359374999 0.0667617171875 0.728857540625 0.043171321875 0.717196853125 0.0441737171875 0.7103626265625 0.06507899218749999 0.7096868140625 0.078561071875 0.70891049375 0.11191495468749998 0.7091824734375 0.1157832171875 0.7224023765625 0.13156320625
1 0.5976843015625 0.05325838125 0.5976033765625 0.05673525625 0.6027382359375 0.09584474375 0.617530578125 0.13102854218749999 0.6179134953125 0.13104191406250001 0.62596126875 0.0980653046875 0.625625390625 0.067042475 0.6169967640625 0.028682078125 0.6120798578125 0.0245018390625 0.6113641249999999 0.024476845312500002 0.6032546921875 0.0282021953125 0.5976843015625 0.05325838125
1 0.5132659125 0.1224869921875 0.5240316625 0.1261997171875 0.52759931875 0.126324303125 0.5312690953125 0.12170608281249999 0.537873846875 0.1106599609375 0.5373412765625 0.0880878359375 0.5299008609375 0.044130551562499995 0.521673675 0.0339760828125 0.5120943687499999 0.0364607578125 0.5084217078125 0.058745073437499996 0.508409825 0.0592556375 0.5101930109375 0.1181508984375 0.5132659125 0.1224869921875
1 0.41074514375 0.0972233453125 0.4487426421875 0.0941027953125 0.478492334375 0.0877360859375 0.4759706796875 0.074952728125 0.4000373609375 0.0670113703125 0.379713334375 0.0793349921875 0.3796794203125 0.08079204375 0.40230731875 0.09692869062500001 0.41074514375 0.0972233453125
1 0.3157840703125 0.0892988296875 0.3288928921875 0.0912374625 0.37209193281249997 0.09274600625 0.3791397484375 0.09256920156250001 0.3848965703125 0.0874805234375 0.3822765 0.07892549531250001 0.3669065609375 0.0730990578125 0.321959159375 0.066239753125 0.302191640625 0.0676653375 0.2954306921875 0.0724204609375 0.2954063953125 0.073464325 0.30041413125 0.0834723890625 0.3157840703125 0.0892988296875
1 0.2196698546875 0.09055085 0.25065801875 0.0916329796875 0.2769167609375 0.0908618578125 0.2897158359375 0.0860191046875 0.290582728125 0.0791509453125 0.29074689375 0.072097753125 0.2480774109375 0.05811651875 0.219785378125 0.062418245312499995 0.19990015 0.07846006875 0.1998913421875 0.0788384484375 0.21071957812500003 0.0885502015625 0.2196698546875 0.09055085
1 0.14298877968749998 0.0289894390625 0.134400990625 0.034327928125000004 0.1284599375 0.06231237187500001 0.1357364453125 0.1133119109375 0.14502071249999998 0.12350329374999999 0.15251863593749998 0.119536340625 0.15928729531250002 0.101447965625 0.1530023078125 0.0533022421875 0.14298877968749998 0.0289894390625
1 0 0.0782347984375 0.012322248437499999 0.0942565015625 0.0237923109375 0.0946570453125 0.07823121718750001 0.090352021875 0.0869525625 0.0790192203125 0.07731484375 0.06916118906249999 0.016874484375000002 0.0617608578125 0 0.0745696171875 0 0.0782347984375
1 0.040070753125000004 0.1846026640625 0.031778003124999996 0.177265096875 0.0263942453125 0.1813058796875 0.0105788484375 0.224451053125 0.011373673437499999 0.23575557187500001 0.02353415 0.258733753125 0.033543045312500006 0.26701224687499997 0.0366161359375 0.2671195609375 0.040545815624999995 0.2550990265625 0.040070753125000004 0.1846026640625
1 0.136907190625 0.2393340390625 0.17093144531249999 0.2310007171875 0.1795789796875 0.2228391625 0.176958909375 0.2142841359375 0.15877206875 0.20835932812500002 0.1431806953125 0.21204663125 0.11219478125 0.21096457968750001 0.088767540625 0.21734060156249999 0.0884900203125 0.229263984375 0.09331903281250001 0.2346380828125 0.136907190625 0.2393340390625
1 0.263752125 0.23439330468750003 0.275840371875 0.2348154359375 0.285650159375 0.2238882796875 0.28565194374999997 0.223811653125 0.27325924375 0.2128312390625 0.2325125890625 0.20717656718750002 0.19166751875000002 0.20575022656250003 0.1890539234375 0.208528528125 0.18903336875 0.209411603125 0.198143884375 0.23030904375 0.263752125 0.23439330468750003
1 0.3006391140625 0.237245196875 0.303513284375 0.237345565625 0.313960659375 0.23597326562499998 0.3621432296875 0.22496053906250002 0.374921128125 0.21804173124999998 0.37493056406249997 0.21763636718749998 0.3737552890625 0.2105548578125 0.3639945484375 0.2059822390625 0.30483961875 0.203916503125 0.287839796875 0.2075546234375 0.2827559953125 0.2138614828125 0.28266724062500004 0.21767479375 0.2845800265625 0.2264837390625 0.3006391140625 0.237245196875
1 0.3897051828125 0.25476283125 0.409331890625 0.25667853281249997 0.4274092453125 0.2573098078125 0.4376171109375 0.2553780109375 0.470306721875 0.24382425625 0.4663520140625 0.23204879687500002 0.42157683749999997 0.2177899140625 0.4032915828125 0.2160934375 0.3668130125 0.230469809375 0.36676821406250004 0.232394490625 0.368898271875 0.2402829953125 0.3897051828125 0.25476283125
1 0.5140127265625 0.2929529875 0.5322126015624999 0.28372137343750004 0.5320734171875 0.24424783906249997 0.52110115 0.21567276875000002 0.5137671375 0.21259746875 0.5072607328125 0.2194182375 0.5024027640625001 0.2501575109375 0.502168146875 0.2602376015625 0.508227525 0.268787840625 0.5140127265625 0.2929529875
1 0.622638740625 0.2735099921875 0.6274076484375 0.2735273796875 0.6628403546875 0.2652432421875 0.6659032921875 0.2547707859375 0.644948759375 0.2466334453125 0.5998291296875 0.2471737171875 0.577170896875 0.25167218281250003 0.561583615625 0.26057231875000003 0.561580778125 0.26069425625 0.59107159375 0.2724076421875 0.622638740625 0.2735099921875
1 0.6706018046875 0.2797218859375 0.6705751015625 0.2808691546875 0.6840298328125 0.2897277453125 0.7280801671875 0.2912660171875 0.7458178859375 0.291575709375 0.7598069093750001 0.27670512812500003 0.759821934375 0.2760596046875 0.7462853593750001 0.271491140625 0.73554354375 0.2586874734375 0.7339573390624999 0.2586320828125 0.6815458343749999 0.26711450625 0.6706018046875 0.2797218859375
1 0.7830069390625 0.28772624687500004 0.7875236 0.302474 0.856685309375 0.29854153125 0.8724243046875 0.28851173281250003 0.86417043125 0.2797599671875 0.8480074421875001 0.275124959375 0.8006523515625 0.273471284375 0.7830738328125 0.28485223125000003 0.7830069390625 0.28772624687500004
1 0.9502880796875001 0.341599878125 0.954385803125 0.3445181140625 0.9620166140625 0.3447845875 0.9671686171875 0.343598953125 0.9705365578125 0.3352589921875 0.9706924109375 0.28310940156250003 0.9597201453125 0.2545343328125 0.9490181921874999 0.25979899375 0.945840221875 0.27908171406250004 0.9456289484375 0.2881588484375 0.9475102171875 0.324587725 0.9502880796875001 0.341599878125
1 0.9535730750000001 0.5433528187500001 0.9574408468750001 0.54478735625 0.96271180625 0.5449714218749999 0.97305950625 0.5242989640625 0.9758293124999999 0.49620377812500005 0.9734776171874999 0.46088176875000003 0.96650420625 0.4423135109375 0.95388478125 0.4390536390625 0.9474439390624999 0.44305750625 0.9417481171875 0.4548952296875 0.941336240625 0.4725910875 0.9426991546875 0.5105523984375 0.9535730750000001 0.5433528187500001
1 0.8207451296875 0.4884094265625 0.8647605703125001 0.48335716093750003 0.870517390625 0.47826848593750004 0.8679219249999999 0.468656375 0.8525765890624999 0.4617728546875 0.80743235625 0.46337020781250005 0.7904079296875001 0.46806541093750004 0.7722795515625 0.47987481093750006 0.772233915625 0.4818355171875 0.7861964375 0.48720295937499997 0.8207451296875 0.4884094265625
1 0.749280303125 0.4602272671875 0.740218015625 0.45095782343749996 0.6965068359375 0.45154727968749997 0.6712531375 0.44643363437500005 0.6526726390625 0.45742214687500005 0.6538842578125 0.465927990625 0.6650042390625 0.4726639578125 0.6863426406250001 0.48058844843750004 0.7107543671875 0.48144092499999996 0.749065453125 0.46945813281250004 0.749280303125 0.4602272671875
1 0.555634684375 0.44897675000000004 0.577282440625 0.4652307015625 0.6267504421875 0.4595525703125 0.646837809375 0.4443849125 0.6301578359375 0.434280959375 0.6019396140625 0.4354114421875 0.585836978125 0.4301656140625 0.5826626234375001 0.4300547625 0.5557486359375 0.4440809296875 0.555634684375 0.44897675000000004
1 0.5241812515625 0.46241548750000006 0.5299881453124999 0.46261826875 0.5447242578125 0.4474316546875 0.544754109375 0.4461490921875 0.54115071875 0.4301047390625 0.5327984296875 0.4255813046875 0.5046048125 0.42565470312500003 0.46778826249999994 0.43283257343750003 0.4634927203125 0.44380108125 0.4634781859375 0.44442554999999995 0.47441225156250005 0.451048896875 0.5241812515625 0.46241548750000006
1 0.4173595203125 0.4837055109375 0.4195612265625 0.483782396875 0.429394178125 0.48057975624999993 0.44055507968749996 0.4555967859375 0.43979303437499995 0.44288381406250005 0.4320247984375 0.4130110359375 0.42376483125000003 0.40426502031249995 0.4167914203125 0.38569676249999996 0.4031476953125 0.3809915265625 0.392433240625 0.4062530671875 0.39235845625 0.4094661515625 0.39856681875 0.44144416406250003 0.4173595203125 0.4837055109375
1 0.27527676875 0.43183077187499996 0.35492567343750003 0.4346121734375 0.3611021046875 0.43177056093750005 0.3638701359375 0.42409369999999996 0.36389554375 0.42300207187499994 0.3600627109375 0.41586514062499996 0.34466817031249997 0.41109578437499994 0.2769887265625 0.411906190625 0.2701004796875 0.42166437187500005 0.27003295625 0.42456548281249995 0.2709120515625 0.43073693906250005 0.27527676875 0.43183077187499996
1 0.2152858765625 0.4594474734375 0.21900218593749998 0.45957725 0.22285712968750002 0.426762575 0.2195794796875 0.38576984687500004 0.209172565625 0.378358453125 0.20055199531249998 0.38510539375 0.1940010375 0.399095921875 0.193843253125 0.405874971875 0.20733677187500002 0.45723169218750004 0.2152858765625 0.4594474734375
1 0.09735633125000001 0.385818603125 0.103672378125 0.4434251234375 0.1313926640625 0.45964539843749996 0.1318661984375 0.45966193437499997 0.13376241718749998 0.42333195625000003 0.12123328124999999 0.370739396875 0.115238125 0.3636913 0.10543148124999999 0.3633488453125 0.09753442968750001 0.3781667578125 0.09735633125000001 0.385818603125
1 0 0.431600515625 0.012249046874999999 0.4320282625 0.0333010109375 0.4322536046875 0.0715260109375 0.42512491875 0.07189506875 0.4092686796875 0.015876890625 0.3935592421875 0 0.397561021875 0 0.431600515625
1 0.9639375843750001 0.748304325 0.9685659937500001 0.748465953125 0.973859090625 0.7468998109375 0.9837563843750001 0.7307531625 0.98388641875 0.725166309375 0.976129109375 0.694824046875 0.9758260140624999 0.6623927671875001 0.9686231296875001 0.6536836625 0.9504888171875001 0.6600983765625 0.9426543203125 0.68470478125 0.9426199421874999 0.686181765625 0.9487185859375 0.736154715625 0.9639375843750001 0.748304325
1 0.7744902109375 0.7244872078125 0.7902092640625 0.725036128125 0.823886128125 0.71949783125 0.8310760046875 0.71340125625 0.863716409375 0.7039616671875 0.8809868765625 0.6886956421875 0.8698422890625 0.68301675625 0.8388317703125001 0.6829917859375 0.783606946875 0.6937585921875 0.763801940625 0.7097356968749999 0.7637381015625 0.7124784921875 0.7646327828125 0.7216604249999999 0.7744902109375 0.7244872078125
1 0.7357886390624999 0.693652415625 0.7388269765625 0.6842370421874999 0.7333900046874999 0.675583646875 0.711002415625 0.6684542062500001 0.6601997765625 0.6709119046875001 0.651626053125 0.6759022109374999 0.6442639484375 0.6893983625 0.6632524953125001 0.6987099203125 0.6837855796875 0.6994269515625 0.710288903125 0.699109596875 0.7357886390624999 0.693652415625
1 0.55785311875 0.6852081765625 0.5846382859375 0.68508559375 0.597807915625 0.6886056953125 0.6077789250000001 0.688953890625 0.6340078703125 0.6836357937499999 0.6429014453125 0.664903415625 0.6374644734375 0.65625001875 0.6290137687499999 0.6559549140625001 0.5724543078125001 0.6635012890625 0.544039253125 0.6730884265625 0.5379560515625 0.67103540625 0.5379544515625 0.6711041734375 0.5510076953125 0.676505596875 0.55785311875 0.6852081765625
1 0.460099803125 0.680641621875 0.5107794250000001 0.6834693359374999 0.5433952265624999 0.6750868296875 0.546458165625 0.664614375 0.5325458859375 0.6567229546875 0.4945423203125 0.6543378984375 0.46790477812500003 0.6481179874999999 0.43796632031250005 0.6671021671874999 0.4379600859375 0.667370034375 0.4405537203125 0.6725534671875 0.460099803125 0.680641621875
1 0.363180696875 0.667548215625 0.42095178125 0.668507684375 0.4394584703125 0.66069041875 0.44103915000000005 0.653340025 0.4299683734375 0.6444898921875 0.3863802140625 0.6397939359375 0.353862828125 0.6439481109375 0.3414182375 0.6496735390625 0.3413991453125 0.6504938234375001 0.3464515171875 0.6595584265625 0.363180696875 0.667548215625
1 0.342018365625 0.656909353125 0.340855953125 0.6462893453125 0.3297113671875 0.6406104578125 0.3015915609375 0.637512609375 0.260648075 0.6403145984374999 0.2461206984375 0.658850240625 0.2487899765625 0.6652911046875001 0.25803663125 0.6673580015625 0.27734405 0.66803223125 0.32635318125 0.6637679046875 0.342018365625 0.656909353125
1 0.1716295171875 0.6721594484375 0.1894065546875 0.6686300734375 0.22600167031249999 0.6709659453125 0.235934634375 0.6681389859375 0.238899159375 0.6618948609374999 0.23916980156249998 0.6502669531249999 0.22943366874999999 0.6446372499999999 0.18720475 0.64210464375 0.15888811249999998 0.6474634546875 0.1536797828125 0.6533708640625 0.153396196875 0.665554853125 0.1646075515625 0.6719142359375 0.1716295171875 0.6721594484375
1 0.0443196234375 0.6489138140625 0.0505785359375 0.6558792171875 0.0701738265625 0.6618532078125 0.10965965468750001 0.6611162 0.13743928125 0.6662741890625 0.13775188437500002 0.6662851046875 0.14659922187500002 0.6486529171875001 0.13273615 0.6386473328125 0.0999103921875 0.6368157921875001 0.0810173296875 0.63615603125 0.0443402125 0.6480292234375 0.0443196234375 0.6489138140625
1 0 0.6956030359375001 0.000199546875 0.6958846109375 0.0009821937500000002 0.6959119421875 0.0105875890625 0.6785393281250001 0.0117677421875 0.6278351015625 0.0058514140625 0.6093037578125 0 0.6033997906249999 0 0.6956030359375001
1 0 0.8867783875 0.0248438875 0.8812694578125001 0.0327921625 0.8751993656250001 0 0.8740542375 0 0.8867783875
1 0.09170125 0.8773497000000001 0.103943584375 0.8777772109375 0.11509283749999999 0.8699356999999999 0.1000919578125 0.848253025 0.0380955234375 0.8471460046875 0.025400189062500002 0.8570964406250001 0.0253893953125 0.8575601875000001 0.03337809375 0.8681401 0.09170125 0.8773497000000001
1 0.1853482609375 0.9150228640625 0.18974635625 0.91517645 0.196953578125 0.9138890640625 0.1985588609375 0.9054815875 0.22129090312500002 0.897811875 0.225663878125 0.8916169343749999 0.22435384374999998 0.8873394203125 0.20752624531250002 0.8835779609375001 0.20075463437500002 0.8717041343749999 0.19237774218749998 0.8682377828125001 0.1626526546875 0.8735474078125 0.12746599218750002 0.8712607203125 0.1140772953125 0.8767646484375 0.114024803125 0.8790198890625 0.1185724171875 0.8899931000000001 0.1853482609375 0.9150228640625
1 0.292896075 0.8664582984375 0.2838084984375 0.8478162109375 0.2732376734375 0.8474470703125 0.26455154062499997 0.8570109125 0.2640270265625 0.8795461234375 0.2557423359375 0.9173158921875 0.27134219531250003 0.94773746875 0.2730477328125 0.947797028125 0.296837421875 0.9243893468750001 0.292896075 0.8664582984375
1 0.3704307109375 0.9293049359375001 0.38613691562499997 0.9230409296875 0.42006275156250006 0.9189359375 0.4257949703125 0.91490434375 0.42458334999999997 0.9063985015625 0.3756812375 0.8877637359375001 0.3304447953125 0.9195795015625 0.33042559531250004 0.9204044437500001 0.34273793750000003 0.9283378828125001 0.3704307109375 0.9293049359375001
1 0.47058622968749997 0.92498359375 0.4820518671875 0.9253839828125001 0.527076890625 0.9180451359375 0.5391072171875 0.8856690531250001 0.5054766265625 0.87708905625 0.49136751562500003 0.8776542968750001 0.48274458437499995 0.88475876875 0.4502025953125 0.889970028125 0.428805190625 0.9008601703125001 0.42596282187499995 0.914077625 0.42592452031250005 0.9157232562500001 0.43537997187500005 0.9211906593749999 0.47058622968749997 0.92498359375
1 0.5467158984375 0.9140914828125 0.5674982046875 0.9296283984375 0.5886987765625 0.9271949156250001 0.601645475 0.9160096671875 0.630060528125 0.9064225265625 0.596848203125 0.8798721281249999 0.565837684375 0.8798471578125 0.5417956078125 0.8832393546875 0.5234000109375 0.893306690625 0.5232960656250001 0.897772575 0.5271452109375 0.9070604093749999 0.5467158984375 0.9140914828125
1 0.6830029859375 0.9371587359375001 0.702792490625 0.9581127359374999 0.7044992375 0.9581723359375 0.70906944375 0.9535745468749999 0.7107166031250001 0.9282593484375001 0.70198963125 0.894124303125 0.7038006984375 0.8617668515625001 0.6945492140625 0.8501670203125 0.686026990625 0.8526886078125001 0.6740859546875 0.8690738359375001 0.6735540015625 0.8919287515625 0.6804218140625 0.91169588125 0.6830029859375 0.9371587359375001
1 0.825024603125 0.9514347843750001 0.8364924531250001 0.9518352515625 0.8808079718749999 0.9420380109375 0.8671909390625 0.9214616046874999 0.8434441078124999 0.9121688125 0.7999051546875 0.9053586921875001 0.7927152765625001 0.9114552640625 0.7828807265625 0.9100538921875 0.760479328125 0.9196746359375 0.760457721875 0.92060291875 0.7681565171875 0.93704619375 0.825024603125 0.9514347843750001
1 0.9422026359375 0.9774195109375 0.9447672609375 0.9775090703125 0.9514764687499999 0.973338375 0.9582779125 0.9538415499999999 0.9658414015625001 0.9470576953125001 0.9658661265624999 0.9005419078125 0.9608757515624999 0.8876812812500001 0.9452817734375 0.8758599640625 0.9366612015625 0.8826069046875 0.92470095625 0.9185670171875 0.92451051875 0.9267489421875 0.925639484375 0.947063409375 0.9422026359375 0.9774195109375