1 0.148708896875 0.95800463125 0.1386456328125 0.9521548281250001 0.1131004640625 0.9513678625 0.0949620984375 0.9446176562499999 0.08881557343749999 0.9449397812500001 0.0648676984375 0.9507070359375 0.056796701562499996 0.9615261765625001 0.0568096734375 0.9620835015625 0.06103845 0.9689764406249999 0.0967704234375 0.980921065625 0.1378963265625 0.9808914812499999 0.1510266140625 0.9772319765624999 0.15087007187499998 0.97050625625 0.148708896875 0.95800463125
1 0.1064912015625 0.8812442390624999 0.11588710312499999 0.8282799609374999 0.11615186875000001 0.823135859375 0.1158967390625 0.8121744578125 0.1082358703125 0.7921746296875 0.1038238296875 0.7924058546875 0.08971707500000001 0.799870146875 0.08118493593750001 0.8442802078125 0.08293883125 0.8739696171875 0.0918270140625 0.89052170625 0.1004184859375 0.8943259203125 0.1064912015625 0.8812442390624999
1 0.10194135156249999 0.750300190625 0.1005674625 0.6912723109375001 0.09577075625 0.6833194828125 0.0877637484375 0.6837391125 0.0753014578125 0.69885954375 0.07450362968749999 0.710246621875 0.076488296875 0.7498510453125 0.08335224062499999 0.7707636953125 0.0950624921875 0.771568146875 0.10194135156249999 0.750300190625
1 0.094068671875 0.6268166640625 0.09416528125 0.617848265625 0.0935678 0.5921780562500001 0.0865132125 0.5633453921875 0.085600090625 0.563393246875 0.0710833546875 0.5982399468749999 0.0656699921875 0.6396502421875 0.07160423593750001 0.6662842515625 0.08019570781249999 0.6700884640625 0.0854046609375 0.6655610015625 0.094068671875 0.6268166640625
1 0.089938359375 0.563613446875 0.0974089265625 0.5192590218750001 0.0977703671875 0.5038843953125001 0.0975856453125 0.49594798906250004 0.09130984375 0.4855428609375 0.0883785671875 0.48189852499999997 0.08089430625 0.4822907578125 0.0732301671875 0.48507221874999995 0.07014435625 0.4894884140625 0.068344290625 0.549145403125 0.07205648906249999 0.5716413890625 0.0816765640625 0.5739735390625 0.089938359375 0.563613446875
1 0.13665281875 0.42688835 0.11600989843750001 0.414745378125 0.1145283671875 0.41482302187500003 0.039501021875 0.42397636875 0.0369646609375 0.4368636859375 0.0668826609375 0.4427358109375 0.11233198281250001 0.44566824374999997 0.1366763359375 0.4278987953125 0.13665281875 0.42688835
1 0.09660581562500001 0.381240665625 0.0977304625 0.3677434328125 0.0974449453125 0.355476484375 0.0919045859375 0.3162517625 0.0862340828125 0.3009492 0.08027825 0.2992875484375 0.07688856250000001 0.29946519375 0.07249959375000001 0.304505309375 0.0712006453125 0.3400273453125 0.0750447171875 0.36818905156250004 0.080715215625 0.38349161718749997 0.0914628015625 0.3886009921875 0.09660581562500001 0.381240665625
1 0.0946857953125 0.273702125 0.0981712046875 0.2522529875 0.09789968125000001 0.2405872421875 0.08562454375 0.2020141921875 0.083988471875 0.20209993593750003 0.07180598437499999 0.20399328749999998 0.0667948390625 0.21701933437499998 0.064763996875 0.266761309375 0.068344325 0.283591571875 0.0781622078125 0.29442230625 0.0946857953125 0.273702125
1 0.082191259375 0.19437209375 0.08257232656249999 0.1943521234375 0.0925455515625 0.1699174421875 0.09834509218750001 0.1252974046875 0.09821394375 0.11966270781249999 0.09205763593750001 0.10328956874999999 0.084527734375 0.0994297203125 0.07520436875 0.1098454453125 0.06789864062499999 0.1612820234375 0.073865853125 0.1893324609375 0.082191259375 0.19437209375
1 0.10355071406250001 0.012885832812500001 0.08655146875 0.00015724687500000002 0.0847934390625 0.00024938125 0.071037678125 0.018540771875 0.077763146875 0.079169115625 0.0875480625 0.0885834171875 0.0990275390625 0.07947285312499999 0.103855275 0.025971057812499997 0.10355071406250001 0.012885832812500001
1 0.2185000203125 0 0.2181276390625 0.055637599999999995 0.2227036015625 0.06957936718749999 0.23521167968749998 0.058996739062500005 0.24742304843750001 0.0356662328125 0.24786084531250002 0.02941775 0.247708884375 0.022888921875000003 0.2392794015625 0 0.2185000203125 0
1 0.2439887953125 0.1518926078125 0.24326350312499997 0.12073113437500001 0.2451173859375 0.1131873296875 0.24474865625 0.097345178125 0.24141070468749998 0.086792434375 0.23401468749999998 0.08472897812499999 0.2324766453125 0.084809584375 0.22455743906249997 0.0933483109375 0.21579452500000001 0.12784335625 0.22000124062499998 0.1715858015625 0.227597078125 0.17827851249999999 0.23711825000000003 0.17636136875 0.2439887953125 0.1518926078125
1 0.23487247656250002 0.19844030937499998 0.2245530046875 0.18691123125 0.2231603828125 0.186984215625 0.212643221875 0.19665651875 0.2127588125 0.2016227640625 0.21644991875000003 0.2745681875 0.23755272500000002 0.2832231125 0.238094903125 0.2831946984375 0.24103089375 0.2803707453125 0.24007482812499997 0.2392942578125 0.23487247656250002 0.19844030937499998
1 0.24154529375 0.3675375171875 0.24447490312500003 0.35443668125 0.2429404265625 0.28850933125 0.23972349999999998 0.281544940625 0.23104304999999997 0.2819998640625 0.22493600625000001 0.29324557812499996 0.21331805781250002 0.342071834375 0.211491625 0.35493097812499996 0.22250295000000003 0.37137180000000003 0.23424616875 0.37359268125 0.24154529375 0.3675375171875
1 0.2713069546875 0.43402854843750005 0.29223220625 0.41911464374999996 0.294298159375 0.41143594375000003 0.2942458265625 0.40918750312499996 0.25986899218750004 0.39625520000000003 0.2411523421875 0.39723609843749996 0.2392559796875 0.3974450921875 0.1942267015625 0.41255936875000004 0.1902492015625 0.424459346875 0.22312360625 0.43549086406250004 0.23736203749999998 0.43793325781250003 0.2713069546875 0.43402854843750005
1 0.26045814843750004 0.5534356609375 0.2714760734375 0.5244950703125 0.2715311921875 0.5086863296875 0.270967359375 0.4844617859375 0.25439035312499997 0.4763270265625 0.253199221875 0.4763894515625 0.2475280890625 0.5002232796875 0.240327865625 0.510527734375 0.24655881875 0.54990961875 0.2526523734375 0.5562028140625 0.25433494843750004 0.556114634375 0.26045814843750004 0.5534356609375
1 0.31462051562500004 0.612434634375 0.299326965625 0.603978784375 0.27654053125 0.599858640625 0.252966659375 0.599989709375 0.228272440625 0.6012838781250001 0.2100918375 0.6086553984374999 0.21317178124999997 0.6191226453125 0.248804921875 0.6268209875 0.282823965625 0.626100990625 0.31463187812500004 0.6129227796875 0.31462051562500004 0.612434634375
1 0.32004511875 0.7110711640625 0.3068486125 0.69728785625 0.24402696562499998 0.7005802 0.2304924078125 0.709719371875 0.2421450609375 0.7229259406249999 0.2962165078125 0.7307208359375 0.3072514515625 0.717388128125 0.3200861953125 0.7128360265625 0.32004511875 0.7110711640625
1 0.33512216562499997 0.82113653125 0.31879674375 0.810863315625 0.26496039531250004 0.813684759375 0.253243775 0.81724659375 0.2449428578125 0.8261845546875 0.260770678125 0.8359837140625 0.3303240265625 0.8387157734375 0.3351620796875 0.8228513796874999 0.33512216562499997 0.82113653125
1 0.3445699984375 0.9582009078124999 0.34449189687500004 0.95484535 0.34075627656249996 0.9496238312499999 0.323684984375 0.9473299015625001 0.2945310015625 0.946673940625 0.2740001234375 0.9477499187499999 0.2585291765625 0.9507445734375001 0.25311053906250003 0.9616572124999999 0.281710940625 0.9718498562500001 0.3341435828125 0.9701648421875 0.342568040625 0.9665347375 0.3445699984375 0.9582009078124999
1 0.509996190625 0.9409793000000001 0.509328503125 0.91229268125 0.5042070171875 0.9017192250000001 0.501143075 0.8998645234374999 0.487733753125 0.9005672765625 0.4850657703125 0.90130421875 0.47806335312500003 0.9201072578125 0.4757028359375 0.955684928125 0.4777241734375 0.9761833421875 0.5072988515625 0.9746333984375 0.5089741859375 0.9695409906249999 0.509996190625 0.9409793000000001
1 0.48767561875 0.8278774406249999 0.4893318265625 0.7924997984375 0.48905694375 0.7806897234375 0.483073290625 0.7671378296875 0.47483260781250003 0.7651400796875001 0.47308212968749996 0.76523181875 0.4682772296875 0.7707495765625 0.46200010625 0.8207140875000001 0.46262649375000003 0.8476262703125 0.46942450156250004 0.8657060609375 0.48276337812500003 0.8451527828125001 0.48767561875 0.8278774406249999
1 0.47923543437499994 0.7116348359375 0.5045335203125 0.7018060921875 0.5157167125 0.694842809375 0.5166326906250001 0.68840431875 0.5165783890625 0.6860712921875 0.49943650625 0.6762439109375 0.493815540625 0.6765384937500001 0.4728531703125 0.6811462015624999 0.42889440624999997 0.6813242515625 0.419201765625 0.691398015625 0.41939943281250003 0.6998905843750001 0.46223826875 0.7125256203125 0.47923543437499994 0.7116348359375
1 0.47008228750000003 0.5703804406249999 0.4538101 0.548789396875 0.4493379109375 0.5490237734375001 0.434273753125 0.5778046906250001 0.43428698125 0.5783730328125001 0.43990637968749996 0.59613845 0.4384425921875 0.6245783296874999 0.44839234531249994 0.6410747859375 0.46385436406249997 0.6204102390624999 0.4700912609375 0.570765946875 0.47008228750000003 0.5703804406249999
1 0.45227130468750004 0.5379191999999999 0.4674131234375 0.522915478125 0.46729572187499996 0.517871459375 0.456318125 0.46743192968749997 0.4498436 0.45669732031250004 0.4489465078125 0.45674433593749997 0.4381065765625 0.46129556406249994 0.43047117031250004 0.4985678359375 0.43006895624999997 0.5269520828125 0.434513046875 0.535228128125 0.44905631875 0.5380876890625 0.45227130468750004 0.5379191999999999
1 0.45465563593749997 0.428445171875 0.46245588125000003 0.398255053125 0.4628094546875 0.3923363734375 0.46261799375 0.3841104734375 0.45201161093750003 0.3605121375 0.44513045 0.3583867515625 0.439438134375 0.3586850734375 0.4210546078125 0.40042480156250004 0.4144148375 0.4348085765625 0.4256569359375 0.46116441406249997 0.4393584578125 0.45619187187500004 0.446360875 0.43738883125 0.45465563593749997 0.428445171875
1 0.43782580624999995 0.26281530000000003 0.43158026875 0.26210371875 0.428741290625 0.262252503125 0.41884939687499995 0.269482446875 0.4174912671875 0.3272534875 0.41777381875 0.3393930578125 0.42185606875000004 0.352996215625 0.42938596875 0.35685606718749996 0.4378126015625 0.3535781296875 0.44139066875 0.34587035625 0.43963269687500006 0.27034075468749996 0.43782580624999995 0.26281530000000003
1 0.411135578125 0.1865192875 0.409512375 0.18660435625 0.393326584375 0.19461035625 0.3864507046875 0.20346300624999997 0.38645126093750004 0.2034868921875 0.393771334375 0.21371863593749998 0.43494665625 0.2158121953125 0.46797469375 0.2109765359375 0.467886959375 0.207207128125 0.46576221249999994 0.1993170953125 0.411135578125 0.1865192875
1 0.4674940890625 0.12311458281250001 0.46741487812500004 0.11971134218749999 0.45306644843750005 0.09512075156250001 0.3944741484375 0.0903993078125 0.38772506875 0.0907530125 0.3723299046875 0.09935197343749999 0.3725522796875 0.10890611406249999 0.3797826796875 0.11490438124999999 0.43248647343749996 0.125952909375 0.432741821875 0.12593952656250001 0.4674940890625 0.12311458281250001
1 0.40511203125 0 0.40508402187500003 0.031120428125 0.41542938749999997 0.06461405 0.4340101859375 0.0409497375 0.44376873281250007 0.003566196875 0.442804778125 0 0.40511203125 0
1 0.7111669593750001 0.9060161015625001 0.6952236890625 0.90064403125 0.69220465625 0.9008022515624999 0.68572221875 0.9087677640624999 0.68541890625 0.9414013015625 0.6859744421875 0.9652694078125 0.7152279171875 0.9637362984375001 0.7191913765625 0.9311224093750001 0.7111669593750001 0.9060161015625001
1 0.7012810843749999 0.8690279484375001 0.717804671875 0.848307765625 0.7287421796875 0.7949162703125 0.7278777625 0.7577773515625 0.72421261875 0.7505062203125 0.7236691546875 0.750534703125 0.7084945125 0.7679606625 0.6986370578125001 0.8010949125 0.6924324703125 0.8085108734374999 0.684928934375 0.85144886875 0.6895708328125 0.8682234984375 0.7012810843749999 0.8690279484375001
1 0.6983513109375 0.7234109703125 0.7041273171875 0.6975814140625001 0.704352278125 0.6880122234375 0.7034327390625 0.648505115625 0.6952279015625 0.6315659874999999 0.694816809375 0.6315875328125 0.681511246875 0.6392040203125 0.6764011984375 0.647980775 0.6733417546875 0.6991948171875 0.680238665625 0.7215239 0.68886310625 0.7267445453125 0.6983513109375 0.7234109703125
1 0.678835421875 0.6308122843749999 0.676547440625 0.6238414 0.6865037953125 0.5949564421875 0.6946179781249999 0.5386400140625 0.694398571875 0.529213453125 0.6859635984375 0.5241075000000001 0.685848825 0.5241135140625001 0.6670065046875 0.533579284375 0.660300796875 0.5651301984375 0.6649756625000001 0.5833212578125 0.6645404796875 0.6102890734375 0.6731978875 0.6169261500000001 0.678835421875 0.6308122843749999
1 0.7047852953125 0.493171525 0.7244423656250001 0.484701278125 0.7261356906249999 0.4812910796875 0.726072596875 0.47858028125 0.697419225 0.460930896875 0.6953131203125 0.4610412734375 0.67014854375 0.4673522421875 0.631929628125 0.47041807812499997 0.61793828125 0.4785913953125 0.621018225 0.48905864218749995 0.6538185046875 0.49690544687499993 0.7047852953125 0.493171525
1 0.6607803140625 0.4276527375 0.6681783453125 0.42584686562499996 0.675926859375 0.4077259640625 0.674484209375 0.3457438390625 0.6681256125 0.3322511765625 0.6584396015625 0.32708616562500004 0.652366884375 0.34016784843750003 0.6478172890625 0.3730239265625 0.652024003125 0.4167663703125 0.6607803140625 0.4276527375
1 0.7070529796875 0.2912825109375 0.7090832171875 0.28635335624999997 0.7090254 0.2838692765625 0.6951285359375 0.2663986578125 0.6561245687499999 0.264415503125 0.6509706453125 0.26468560937499996 0.6256740203125 0.26791288281250003 0.614466115625 0.2738145953125 0.6132967703125 0.2845045390625 0.6290504640625 0.2911189828125 0.6901299390625 0.2953580046875 0.7070529796875 0.2912825109375
1 0.678254025 0.17415339218749998 0.682528225 0.15364145 0.6824474375 0.15017050468749998 0.6752737203125 0.137437465625 0.670254859375 0.136958084375 0.6648929796874999 0.13723908906249999 0.65735888125 0.1440489734375 0.6516802859374999 0.172553403125 0.65171663125 0.174114925 0.653699415625 0.215148678125 0.6592380453125 0.22478551875 0.670915328125 0.2241735390625 0.6772188203125 0.22100687031250002 0.6801727578125 0.210924953125 0.678254025 0.17415339218749998
1 0.7120733671874999 0.0787560875 0.712019325 0.07643419375 0.6783502890625 0.0661355546875 0.6240077390625001 0.0689835265625 0.610206196875 0.07917630625 0.6191248218750001 0.096777621875 0.6473546 0.09104669843749999 0.6870640734375 0.091091346875 0.7067705609375 0.0847442421875 0.7120733671874999 0.0787560875
1 0.646664315625 0 0.64869675625 0.027677785937499998 0.6581672875 0.028083151562500002 0.6641209546875 0.0277711328125 0.670857878125 0.0208437375 0.6759355593749999 0.004820201562499999 0.6758233671875 0 0.646664315625 0
1 0.88220289375 0.094562240625 0.8905069296875 0.082678084375 0.8903485203124999 0.0758721140625 0.8810926171875 0.0127253203125 0.8702791 0.00478308125 0.8599600984375 0.018087303125000002 0.8603491109375 0.08046588437499999 0.88144750625 0.094601828125 0.88220289375 0.094562240625
1 0.9345612265625001 0.1670509046875 0.9413715874999999 0.1550024625 0.9582946296875001 0.1509269640625 0.9592890046875 0.147666321875 0.9592526359375 0.14610382500000002 0.9552146859375 0.1404597171875 0.932354128125 0.133154859375 0.93074003125 0.1247365234375 0.9240373921874999 0.12365790624999999 0.918726384375 0.12393624375000001 0.8519140843749999 0.1501249359375 0.8465448625 0.1631607171875 0.86085741875 0.168787825 0.896243475 0.1658704546875 0.9261367671875 0.170681009375 0.9345612265625001 0.1670509046875
1 0.9207931874999999 0.2368241609375 0.920265703125 0.21416127187499998 0.9123951937499999 0.20561715781249998 0.9004462578125001 0.20624337499999998 0.8918010890625 0.2241619875 0.8878449125 0.282513815625 0.91285446875 0.30672997031250004 0.927884725 0.2771021296875 0.9276760203125001 0.26813529375 0.9207931874999999 0.2368241609375
1 0.8977691578125 0.39191108125 0.9065914062499999 0.4056303109375 0.9391772546875 0.35899571875 0.939143596875 0.3575496296875 0.9213677015625 0.3098393078125 0.9128421640625 0.308867953125 0.9087277515625001 0.314756215625 0.904211121875 0.3490287203125 0.8971757374999999 0.3664153296875 0.8977691578125 0.39191108125
1 0.9172201203125001 0.48513720468750005 0.9314091343750001 0.4854564578125 0.9638168828125 0.476628946875 0.963713609375 0.47219191406250005 0.9531331046875 0.44392904218749996 0.9080446890625 0.43737723749999996 0.8958023984375 0.438018828125 0.8609168671875 0.4423846953125 0.8511253953125 0.4482121734375 0.8543041734375001 0.46292570624999996 0.875822425 0.4734895078125 0.908548578125 0.4781515984375 0.9172201203125001 0.48513720468750005
1 0.8865061421875 0.578245696875 0.9126775140625 0.6107835015624999 0.9128194531249999 0.6107760625 0.922731434375 0.58201984375 0.9341120046875 0.5686599859375 0.9359033421875 0.55440135 0.9357027046875 0.545781184375 0.9214456906249999 0.5267790484375 0.9146147156250001 0.5072828296874999 0.9017439890625001 0.502284721875 0.8905282546875 0.52272673125 0.8868424234375001 0.5470285890625 0.8865061421875 0.578245696875
1 0.9198126515625 0.6824317375 0.928575565625 0.647936690625 0.9269205749999999 0.622496575 0.9224734890624999 0.6180921453125 0.9204717609375 0.6181970515625 0.9007439421875001 0.6394681765625 0.8981526484375 0.66513083125 0.8905007140625001 0.6873303015625 0.8906666187500001 0.694458284375 0.8917106828125 0.708013190625 0.9037835796874999 0.724398378125 0.9116811312499999 0.726601759375 0.912521453125 0.7265577203125 0.9216324828125 0.7149540062499999 0.9198126515625 0.6824317375
1 0.9560067671875 0.81320716875 0.9509326 0.7782313609375 0.9418795796874999 0.7545971171875 0.92173803125 0.741718759375 0.9213222468750001 0.7417405484375 0.91010761875 0.7903770671875 0.9101756953125 0.7933018828125 0.9250790437499999 0.8547486828125 0.9422619890625 0.8623571109375 0.952350215625 0.8391378765624999 0.9510578687500001 0.8292784984375 0.9562367578125001 0.8230884921875001 0.9560067671875 0.81320716875
1 0.9506530718749999 0.9192568218750001 0.9506431671875 0.9188313125 0.9381044624999999 0.8812856390625001 0.9309184015625 0.875776546875 0.927783665625 0.87594083125 0.9137872296875 0.8868145249999999 0.9087760859375 0.899840575 0.908796275 0.9356761499999999 0.9090566375 0.9468623812500001 0.91625075625 0.9532011375 0.9461022328125 0.9516366875 0.949175121875 0.9459407328125 0.9506530718749999 0.9192568218750001