1 0.8694906078125 0.09190094374999999 0.869520153125 0.096979146875 0.8762486078125 0.1108316921875 0.9138918453124999 0.11748593125 0.9526775734375 0.1159055328125 0.96900223125 0.107052271875 0.9732994671874999 0.098179459375 0.9602180468749999 0.0921892015625 0.9065316187500001 0.08350461406250001 0.8920325437500001 0.0830081921875 0.8694906078125 0.09190094374999999
1 0.9242530921875 0.1733270765625 0.91697419375 0.1945978453125 0.9173273999999999 0.2553088921875 0.922410859375 0.264048625 0.9296215968749999 0.2637548109375 0.94324054375 0.247729728125 0.944260046875 0.23609123593749998 0.9429370046875001 0.195555815625 0.936288790625 0.17408242499999999 0.9260064124999999 0.173255634375 0.9242530921875 0.1733270765625
1 0.9230829593750001 0.32190407187500003 0.922519546875 0.34185929531250003 0.9225999484375 0.35567916093749996 0.929745915625 0.38721650625000004 0.9304803906249999 0.3871865796875 0.9460861125 0.3514087609375 0.952363334375 0.30911403593750003 0.9467683499999999 0.2817992546875 0.9380474 0.27780575 0.9326379156250001 0.282375025 0.9230829593750001 0.32190407187500003
1 0.8896692171874999 0.41650551562500004 0.885464365625 0.41984506250000003 0.885500990625 0.4261403515625 0.8883274437500001 0.4350428328125 0.8926942406249999 0.43812654218749997 0.9332866187500001 0.4386469578125 0.9613059156249999 0.43750525937500007 0.9767522140624999 0.43470144218750006 0.97959385 0.424800725 0.969398334375 0.41651844687499995 0.92442020625 0.40965345312499996 0.9012254765625001 0.4095113515625 0.8896692171874999 0.41650551562500004
1 0.91581299375 0.5712063234375 0.920302490625 0.5720200046875 0.9293378125 0.57165184375 0.936304965625 0.5428285796875 0.9414699375 0.49623031875 0.9239268624999999 0.470852003125 0.91088791875 0.4916291796875 0.9109782109375001 0.5071489609375 0.91581299375 0.5712063234375
1 0.9150869125 0.57293468125 0.914519409375 0.578559965625 0.9146829999999999 0.6066789484374999 0.9187356390625 0.639468478125 0.924263171875 0.6551890578124999 0.9321588875 0.657494765625 0.933228859375 0.6574511671875001 0.938376740625 0.6517147359375 0.9403398624999999 0.6153942703124999 0.9369103624999999 0.586541634375 0.9313828296875 0.5708210546875 0.9204795390625 0.5654668546875 0.9150869125 0.57293468125
1 0.9130205734375 0.6771649390625 0.9106417859375 0.7179568890625 0.9107202171875001 0.7314381828125 0.9134168609375 0.74528088125 0.9231322531249999 0.7563234078125001 0.9234018703125001 0.7563124218749999 0.9405401843750001 0.7354779765624999 0.94580633125 0.7062710203125 0.9325886515624999 0.662165865625 0.92963295 0.6622863015625 0.918379471875 0.663900009375 0.9130205734375 0.6771649390625
1 0.926102640625 0.7650246640625 0.9163790546874999 0.7755682046875 0.9096588062500001 0.8176318265625 0.9097730296875 0.8372649828125001 0.9135903546874999 0.8568604953125 0.9223197328125 0.862303275 0.9330459609374999 0.83722269375 0.94036798125 0.7876373 0.9337366312500001 0.7690624609375 0.926102640625 0.7650246640625
1 0.9351287671874999 0.8876593093749999 0.9154708015624999 0.8725145015625 0.9007114890624999 0.8915262734375 0.9007374328125 0.8959856046875 0.9061603640625 0.9540725328124999 0.915123278125 0.9629486421875001 0.9172421953125 0.9628623031249999 0.9279079265625001 0.95463600625 0.9351287671874999 0.8876593093749999
1 0.7243297296875 0.929787325 0.7336151546874999 0.9412615531249999 0.7568794453125001 0.953360175 0.7612296453125 0.9535906234375 0.7704817171875 0.9532136296875 0.813318978125 0.93692665625 0.817635184375 0.9313147140625 0.8103382171875 0.9229143296875 0.737861803125 0.9236930890625 0.7243211656249999 0.9283150843750001 0.7243297296875 0.929787325
1 0.775755034375 0.77952014375 0.774894528125 0.7795552078125 0.7664633390625 0.7883812875 0.7580695328125 0.819205575 0.7581917046875 0.8402049671875 0.760405340625 0.8683571734375001 0.76792469375 0.8751743 0.768896171875 0.875134715625 0.777830371875 0.8734456343750001 0.7852957296875 0.8484979234375001 0.7851102328125 0.8166138640625 0.7893653109375001 0.800494675 0.7838209171875 0.7818755453125 0.775755034375 0.77952014375
1 0.766878875 0.7215950531249999 0.7682114390625 0.7618205359375 0.7867495984375 0.7696949281250001 0.7917076265625 0.769492903125 0.793253596875 0.7680482421875 0.7930090796875 0.7260192562500001 0.7884167359375 0.6841674296875 0.7774712859374999 0.6715668531250001 0.7666441093749999 0.6812424859374999 0.766878875 0.7215950531249999
1 0.7783724999999999 0.5928769796875 0.7656156968750001 0.642683825 0.7635176687499999 0.65581588125 0.7744884140625 0.6727642859375 0.783141053125 0.6745068703125 0.7875122343750001 0.6743287578125 0.7940367671875 0.6690685140625 0.7982834140625 0.65150005 0.7979292859375 0.590630484375 0.7935224375 0.5806627171875001 0.7859053109375 0.5795234703125 0.7783724999999999 0.5928769796875
1 0.7469444296875001 0.5187703484374999 0.7470052484374999 0.529224234375 0.7476159984375 0.538818190625 0.7609292890625 0.5846635203125 0.769822040625 0.5875288359375 0.7733432078125 0.587385359375 0.78576065625 0.554659340625 0.7889372078125 0.5400337171875 0.7865609359375 0.505339690625 0.7723040265625001 0.4841763296875 0.7625045546875 0.481676390625 0.7469444296875001 0.5187703484374999
1 0.7486959234375 0.47430011875 0.7536848859374999 0.47409683437499994 0.757569765625 0.47245494375 0.7693576546875 0.4429822453125 0.76981854375 0.4209775484375 0.769708746875 0.4021050296875 0.7516712453125 0.3929662484375 0.7452928421875 0.417869671875 0.7385970015625001 0.42714222343749997 0.73864105625 0.4347146796875 0.7434140390625 0.46868289062499996 0.7486959234375 0.47430011875
1 0.7375342078125 0.320381834375 0.7365524046874999 0.3443405640625 0.7367005984375 0.36981285937499997 0.74291003125 0.387015134375 0.748155728125 0.3868013875 0.754217978125 0.384934875 0.763789796875 0.34830437812500004 0.76467439375 0.3134774796875 0.75252394375 0.2806313375 0.742834084375 0.296971978125 0.7375342078125 0.320381834375
1 0.722015921875 0.263442978125 0.7293837328125 0.27503961875 0.731188734375 0.2749660703125 0.7440569109374999 0.26383006875000004 0.7546060734375 0.20831470625 0.7414951421875 0.197251984375 0.737063 0.1829363890625 0.72163144375 0.197356690625 0.722015921875 0.263442978125
1 0.6805238124999999 0.1160548578125 0.680545459375 0.11977559062500001 0.697809765625 0.1309792125 0.7480399906249999 0.1289324875 0.7636422625 0.12438956718750001 0.772287325 0.11533959375 0.7562820593749999 0.10511961875 0.6885602015625001 0.10166156562499999 0.6851295000000001 0.10180135625 0.6805238124999999 0.1160548578125
1 0.5276814453124999 0.0793830453125 0.5211623390625 0.124873775 0.5213684890625 0.1603080484375 0.5267768312500001 0.175457159375 0.5279100734375 0.175410984375 0.5411718 0.155663159375 0.5465054031250001 0.13805040625 0.5494964609374999 0.091540721875 0.542881975 0.075864434375 0.5330825015625 0.07336449218749999 0.5276814453124999 0.0793830453125
1 0.5249598625 0.240343396875 0.525093065625 0.263239040625 0.5329843203125 0.28619067343750004 0.5391874265625 0.2968553578125 0.54961606875 0.29643042343750003 0.56012450625 0.2792863203125 0.555624909375 0.25337652187500004 0.55753744375 0.20836040625000002 0.5476958125 0.198614090625 0.5390001609375 0.1989684109375 0.5249598625 0.240343396875
1 0.5305810265625001 0.3331520609375 0.5084046 0.3497162390625 0.508434896875 0.3549238640625 0.5353190859375 0.3689050203125 0.53977259375 0.368723553125 0.5556426515624999 0.3634902140625 0.58464080625 0.3644830578125 0.601975196875 0.3539918078125 0.5815904859375001 0.33851420781249997 0.531954809375 0.333096084375 0.5305810265625001 0.3331520609375
1 0.5204395468749999 0.4366807671875 0.5168122015625001 0.45168716406250004 0.51683098125 0.4549150953125 0.5318914296874999 0.4706312625 0.5341768734375 0.4705381375 0.5886946109375 0.4578182984375 0.6002508718749999 0.45082413125 0.595833484375 0.4390447703125 0.558101734375 0.43188450781250004 0.529109903125 0.4319786203125 0.5204395468749999 0.4366807671875
1 0.55074175 0.519716471875 0.542223159375 0.5505055734375001 0.5412120875 0.56359334375 0.552233425 0.5892373984375 0.5633415687500001 0.5928165296875 0.5643639859375 0.5927748687500001 0.584614465625 0.5487782609375 0.5920208 0.513685621875 0.580991034375 0.486592290625 0.56688589375 0.4915158875 0.5593868109375 0.5106664984375 0.55074175 0.519716471875
1 0.5645477046875 0.6015783484375 0.5618303953125 0.6678883124999999 0.56185345 0.6718512015625 0.566132128125 0.6870413046875 0.5733685125 0.6908687984374999 0.5744441499999999 0.69082496875 0.5824449078125 0.6878262296875 0.5867421421875 0.678953415625 0.5863121296875 0.605040371875 0.5840791953125 0.5949840265625 0.5753751125 0.5938890703124999 0.5645477046875 0.6015783484375
1 0.5593039140625 0.7708923265625 0.559319828125 0.7736278359375001 0.5665478359375 0.7896415296875 0.5740432390625 0.795553621875 0.5768251703125 0.7954402671875 0.586113053125 0.7888443078125 0.5902163625 0.7466381625 0.5867745546875 0.7122027296875 0.5858669890625 0.712239709375 0.574813475 0.715374165625 0.5593039140625 0.7708923265625
1 0.5966577453124999 0.7993207625000001 0.5677558890625 0.816251703125 0.5599269390625 0.8779813234375 0.5599551 0.8828216765624999 0.5682364921875 0.8988604 0.5780191 0.8984617890625 0.58449868125 0.8909496718750001 0.5983171453125 0.8367507125 0.5970176375 0.7993060984375 0.5966577453124999 0.7993207625000001
1 0.579501996875 0.8944488890625 0.5631976515625 0.895113240625 0.5547296515625 0.9345979953124999 0.55417926875 0.9645791484374999 0.5542553296875 0.9776528843750001 0.5871340218750001 0.9763131796875 0.5939696984375 0.95184413125 0.579501996875 0.8944488890625
1 0.3000711171875 0 0.30029998125 0.039338437500000004 0.30039722343749997 0.039334475 0.3082883625 0.0330672328125 0.3128909390625 0 0.3000711171875 0
1 0.305961253125 0.0663673890625 0.28868799218749996 0.08736588437500001 0.27597334687499997 0.14441910468750002 0.27591700625 0.1464146125 0.27610355625 0.17847984687500001 0.2802570984375 0.1870649390625 0.281196509375 0.1870266609375 0.2967772921875 0.16966455 0.30745292968750004 0.13588831562499998 0.313932509375 0.1283761984375 0.3223752125 0.0845436171875 0.31792620625 0.067329471875 0.305961253125 0.0663673890625
1 0.307186571875 0.216636146875 0.3008166015625 0.24298884531249998 0.30003314375 0.262107415625 0.30020848125 0.2922453015625 0.30817130000000004 0.309394284375 0.3115952140625 0.309254771875 0.32290986093749996 0.3029726078125 0.328294053125 0.29405550625 0.332338340625 0.24170443281249998 0.3256816953125 0.2187817671875 0.316952315625 0.21333898593749998 0.307186571875 0.216636146875
1 0.3141766875 0.32023690312499997 0.30680871875000004 0.352191459375 0.3068115265625 0.35267400000000004 0.311210921875 0.3710944125 0.31028416875 0.3986749328125 0.319021978125 0.40556698906250005 0.32388999687500003 0.41815472500000006 0.32401822343750003 0.4181495 0.3223250078125 0.412680496875 0.333025940625 0.3832520875 0.3424712828125 0.3248824640625 0.34242069218750004 0.3161868109375 0.3336913140625 0.31074402968750003 0.3141766875 0.32023690312499997
1 0.29502662343749997 0.450792078125 0.2747810359375 0.45922752187500004 0.2730675953125 0.46254624062499994 0.2730849203125 0.4655242515625 0.3008608828125 0.48317077656249996 0.307969959375 0.482881103125 0.3299736484375 0.4776356671875 0.3690977609375 0.474954265625 0.38354624843749996 0.4667550359375 0.3805844609375 0.4560035765625 0.3471942125 0.44757919843750005 0.29502662343749997 0.450792078125
1 0.291445878125 0.5652993265624999 0.286221409375 0.574418021875 0.28622803750000003 0.5755573421875 0.2987871109375 0.58130840625 0.32047432656249997 0.583958165625 0.358348734375 0.5824149015625 0.377060628125 0.5802934328125 0.3886042421875 0.5711253546874999 0.3871106984375 0.5635757109374999 0.3682195296875 0.5556477546874999 0.3087929171875 0.5569819890625001 0.291445878125 0.5652993265624999
1 0.32676599375 0.6368054187500001 0.3197570828125 0.69738394375 0.31977668124999997 0.700752640625 0.32288190625 0.7166927234375 0.3264321640625 0.7181222578125 0.331201184375 0.717927934375 0.34890140937499997 0.7040355578125 0.35300471875 0.6618294125 0.3506621734375 0.6329324859375001 0.34515993749999996 0.6215597328125 0.334281940625 0.6205533578125 0.32676599375 0.6368054187500001
1 0.3184417765625 0.7302033453125001 0.315239928125 0.7404811421875 0.3165461078125 0.7781180125 0.3125159921875 0.795919259375 0.3125627421875 0.8039549703125 0.3189392421875 0.8157105890624999 0.326894465625 0.8165642562500001 0.329054790625 0.8164762296875001 0.33738377656249996 0.8091605562499999 0.3437368828125 0.7799093109374999 0.342396978125 0.736475340625 0.3369031734375 0.7265518625 0.3249466515625 0.7270390531250001 0.3184417765625 0.7302033453125001
1 0.3067889703125 0.8627067328125 0.2865307359375 0.8689682640624999 0.2801613671875 0.8759583328125 0.2801682453125 0.8771406484375 0.31684456875 0.888865796875 0.3478855171875 0.887600975 0.37070885468750003 0.8861953375 0.38514469687499997 0.8758221953125 0.376632821875 0.85829794375 0.3722690140625 0.85847575625 0.3473813296875 0.8632271499999999 0.3067889703125 0.8627067328125
1 0.3338470109375 0.9253874359375001 0.31808481875 0.947215271875 0.3183178296875 0.9872666000000001 0.3439858546875 0.986220709375 0.34373922968750004 0.9438294046875001 0.3338470109375 0.9253874359375001
1 0.0928504125 0.9503829921875001 0.082354678125 0.9924711515625001 0.0823803296875 0.9968803171875 0.0985531625 0.9962213249999999 0.09824627968750001 0.943472578125 0.0928504125 0.9503829921875001
1 0.10679405156249999 0.9418079531249999 0.115823084375 0.9486315171875 0.118960353125 0.9485036828125001 0.1285078859375 0.9365743265625 0.12922385 0.872761921875 0.107391971875 0.85770569375 0.09883118125 0.86956086875 0.0988950109375 0.8805323312500001 0.10679405156249999 0.9418079531249999
1 0.055089528124999995 0.7832335546875 0.047912712499999996 0.7954853421875 0.0305403796875 0.7994548531250001 0.029672642187499997 0.8021402953125 0.029687464062500002 0.80468785 0.03350216875 0.8102063125000001 0.0567411625 0.8179571078125001 0.0582410296875 0.8265937078125001 0.062526253125 0.827336434375 0.07212358906250001 0.8269453734375001 0.139273975 0.801547584375 0.144995190625 0.7882678921874999 0.13046449531249998 0.7823366875 0.094238934375 0.7848999796875 0.0637662109375 0.7796183625 0.055089528124999995 0.7832335546875
1 0.057569903125 0.672304590625 0.0337451484375 0.696240884375 0.033763771875 0.6994418859375 0.06130219375 0.713296771875 0.0700698359375 0.7129395171875 0.10269979843749999 0.7052565421875 0.125888203125 0.7043116859375 0.1359825421875 0.6952026609375 0.1359193046875 0.6843330953125 0.11702181250000002 0.67531818125 0.057569903125 0.672304590625
1 0.080260640625 0.635943625 0.0835046421875 0.6314512578125 0.08873706718749999 0.5964472 0.09558544062499999 0.5802999984375 0.0954183109375 0.551572753125 0.08731284375000001 0.538520475 0.053417953124999994 0.58545888125 0.053433350000000004 0.5881055078124999 0.070486459375 0.636330565625 0.07055446562499999 0.6363391203125001 0.080260640625 0.635943625
1 0.06981193125 0.5379085421875 0.0771488921875 0.5376095828125 0.085699184375 0.5356303640625 0.0975292328125 0.51340404375 0.10385704375 0.47980496875 0.11141514687500001 0.47079928750000005 0.11208357499999999 0.4611079171875 0.112045834375 0.4546206921875 0.10460673437500001 0.421789665625 0.0709785359375 0.4347568609375 0.0621860046875 0.4807512734375 0.062265325 0.49438521562500004 0.065004853125 0.5292255 0.06981193125 0.5379085421875
1 0.0763343765625 0.3294752296875 0.0644958984375 0.350252275 0.06029140937500001 0.3750671171875 0.0600566546875 0.38338177500000004 0.06020008125 0.4080345703125 0.08423301093749999 0.4388600921875 0.08638569375 0.4387723765625 0.0963801984375 0.41128670312500004 0.108260834375 0.397756034375 0.1113952296875 0.3758840328125 0.0960513640625 0.3547649640625 0.08941158125000001 0.33474085 0.0763343765625 0.3294752296875
1 0.10833213125 0.22897445 0.0962744296875 0.2120703375 0.0875619140625 0.2095261078125 0.0778467578125 0.221518921875 0.0791276421875 0.2548079640625 0.07043445312499999 0.2867316640625 0.070579665625 0.3116914046875 0.0707861203125 0.31603185 0.07625462968749999 0.3216075015625 0.097867284375 0.29898256875 0.100976384375 0.27276274218749996 0.1095371296875 0.2492200171875 0.10833213125 0.22897445
1 0.0436399953125 0.11557298906249999 0.0190529046875 0.12527254999999998 0.0055336734375 0.145253971875 0.0055420953125 0.1467014671875 0.0480724109375 0.155891109375 0.0642490265625 0.1552319640625 0.12061600624999999 0.140704025 0.1292104796875 0.1229584015625 0.1059588359375 0.11303369062499999 0.09582023125 0.11453402187499999 0.08853591250000001 0.10830755 0.0436399953125 0.11557298906249999
1 0.0601587859375 0 0.059445965625 0.0097787203125 0.059510014062500005 0.0207875890625 0.0709903671875 0.057198598437500005 0.0795643484375 0.063961428125 0.07991845625 0.063947 0.08838785625 0.0575527578125 0.0880530234375 0 0.0601587859375 0