1 1 0.061353935937500007 0.9728757859374999 0.06088048124999999 0.9401529156249999 0.0732870765625 0.9369411828124999 0.0792881984375 0.93704695625 0.0818840796875 0.9452253531249999 0.0917608 0.9742642890625 0.09767508281250001 0.9940844125 0.08936919374999999 1 0.0889774421875 1 0.061353935937500007
1 0.8536326531249999 0.0929696484375 0.90326393125 0.08368425 0.915967640625 0.07741710625 0.9112920875 0.06868364375 0.8936482343750001 0.059723818750000005 0.8633447703125 0.0581133890625 0.8190730671875001 0.0670739546875 0.8121813609374999 0.0830007109375 0.8122925343749999 0.0857291234375 0.831015165625 0.0925748578125 0.8536326531249999 0.0929696484375
1 0.770129321875 0.0790209828125 0.790717796875 0.07200226562499999 0.78879179375 0.06007235 0.7669133703125001 0.053201575 0.72652345 0.051415084374999996 0.715040171875 0.052296125000000006 0.7006027703125 0.0653308171875 0.700918853125 0.0730880578125 0.7095051156250001 0.07796278281249999 0.770129321875 0.0790209828125
1 0.6811875625 0.051581159375 0.65794713125 0.0466218921875 0.616424978125 0.0523860078125 0.5810633984375 0.06799098906249999 0.6094929453125 0.074655675 0.64887816875 0.075343146875 0.6818397546875 0.067587084375 0.6811875625 0.051581159375
1 0.5324340828125 0.10385668125 0.5449804265625 0.10788015625 0.5470457203125 0.10791620625000001 0.5507736375000001 0.10273689999999999 0.556797440625 0.09132286875 0.5547757796874999 0.06824922343749999 0.544297665625 0.0234295078125 0.535228665625 0.013191926562500001 0.5256058328125001 0.015903753125 0.52425988125 0.0293193109375 0.5256787796875 0.0641415640625 0.529011190625 0.09947724062499999 0.5324340828125 0.10385668125
1 0.42759190625 0.08084891250000001 0.46495988906249996 0.0770978578125 0.4946938453125 0.0701012734375 0.49465140625000004 0.0690597375 0.4914995421875 0.057012964062500004 0.4134692515625 0.050243532812500005 0.39293881875 0.0636035671875 0.3929669734375 0.0642945234375 0.41752489062500003 0.08067319218749999 0.42759190625 0.08084891250000001
1 0.3083177546875 0.056091948437500004 0.30840827656249997 0.05831351875 0.3110105421875 0.065319371875 0.327081178125 0.0710072921875 0.369615740625 0.07671415781249999 0.37752462656249997 0.07685220781249999 0.3934958953125 0.0754110109375 0.4004800140625 0.0701255109375 0.3942753421875 0.0592023953125 0.3782047046875 0.0535144734375 0.3497040578125 0.049822990625 0.348415959375 0.04980050625 0.3133191078125 0.0513004109375 0.3083177546875 0.056091948437500004
1 0.2616362171875 0.10761853125000001 0.26382983125 0.10765682031249998 0.272064690625 0.097568290625 0.2746068859375 0.0803338953125 0.269305175 0.029844946875 0.26336550000000003 0.01678219375 0.249237525 0.015095690625 0.2381782140625 0.059109378125 0.23822290625 0.06020619687499999 0.2446561328125 0.0884504875 0.2616362171875 0.10761853125000001
1 0.1334615390625 0.078837625 0.1477074875 0.07908628906250001 0.1917372203125 0.07246089375 0.20142678906249997 0.06289669375 0.1967953359375 0.0552454828125 0.17779875625 0.0484250078125 0.1291160890625 0.05514561875 0.10571079218749999 0.0652599265625 0.1057631734375 0.066545478125 0.1111778734375 0.0742991703125 0.1334615390625 0.078837625
1 0.056596790625000004 0.0853028890625 0.0784558734375 0.0856844421875 0.0945104984375 0.0725457359375 0.077866584375 0.052788550000000004 0.011892851562499999 0.05920734531250001 0.0044128984375 0.0699810484375 0.0044817171874999995 0.0716699859375 0.0142157421875 0.08087751875 0.056596790625000004 0.0853028890625
1 0.082177978125 0.23041361093749999 0.0890298015625 0.22188136093750002 0.08448654375 0.2163946515625 0.0392005796875 0.2004634421875 0.0277173 0.2013444828125 0.008638478125 0.21200344062499998 0.0093590484375 0.2296875 0.064048521875 0.2306421078125 0.082177978125 0.23041361093749999
1 0.156370846875 0.230505065625 0.1905560953125 0.221368440625 0.198848840625 0.2128613375 0.1956142109375 0.204153028125 0.1766617296875 0.19841480312499998 0.1609879796875 0.20246714375 0.129287690625 0.2019138140625 0.1051007015625 0.209061996875 0.10413100625 0.21808533749999998 0.1041636625 0.21888678437500003 0.1115699640625 0.2264786203125 0.156370846875 0.230505065625
1 0.26859029375 0.170139215625 0.256274540625 0.1598449625 0.24598044687499998 0.17262435468749998 0.243354121875 0.21433553437500003 0.24505680000000002 0.256122278125 0.246342021875 0.2572448828125 0.2521701140625 0.2573466125 0.2696550109375 0.2493521546875 0.26859029375 0.170139215625
1 0.3317631046875 0.171651375 0.33436326875 0.2354639609375 0.33879122968750003 0.2507411703125 0.345564490625 0.255854040625 0.3497328515625 0.2559268 0.358389175 0.253963046875 0.3685071296875 0.2368608890625 0.365814209375 0.2238548078125 0.3508309515625 0.1746367640625 0.3430925890625 0.162127571875 0.339672975 0.1620678828125 0.3352097328125 0.162844915625 0.3317631046875 0.171651375
1 0.4440811375 0.27631031875 0.44964433593750003 0.2747425453125 0.4628329046875 0.2533742921875 0.46358829375 0.218829940625 0.459754409375 0.204364046875 0.44541699531249995 0.170996146875 0.4336883734375 0.17511111562499998 0.4227450640625 0.22031286562500002 0.42365611875000003 0.2426717671875 0.43944514687499997 0.2762293984375 0.4440811375 0.27631031875
1 0.55006616875 0.2531780765625 0.5528069203125 0.25322591562499996 0.5621821296875 0.2461308671875 0.5859391578124999 0.240183609375 0.5858983624999999 0.23918241718750002 0.5755770890624999 0.22149060625 0.5352753671875 0.2218686171875 0.50694200625 0.233270353125 0.5047289765625 0.23974258124999998 0.504786990625 0.24116636875 0.5118380499999999 0.24741507031249999 0.55006616875 0.2531780765625
1 0.6948055156249999 0.2473208390625 0.697246375 0.2365486328125 0.6753238546875 0.2285956015625 0.6293025421875 0.229955259375 0.6064682765625 0.2349640953125 0.5910150187500001 0.24442768906249998 0.6221828484375 0.255998265625 0.6524176125000001 0.256526015625 0.6591793453125 0.2564323140625 0.6948055156249999 0.2473208390625
1 0.751404340625 0.30197271875 0.7548579734375 0.2887432 0.76737528125 0.2774425109375 0.7543216734375 0.22249855937500002 0.7397827046875001 0.210725603125 0.7320524515625 0.22405371093749998 0.7346876906250001 0.288727103125 0.7498203640625001 0.3019450703125 0.751404340625 0.30197271875
1 0.838437228125 0.28319383125 0.893897303125 0.28416189062499997 0.910060915625 0.27292010312500004 0.9035916531250001 0.2555034828125 0.83325105625 0.26076456875 0.8182807656250001 0.2710100578125 0.818311746875 0.2717703765625 0.826840215625 0.2801193328125 0.838437228125 0.28319383125
1 1 0.2675523328125 0.9720318906250001 0.26916973125 0.9548731171875 0.27211466875 0.9527425031250001 0.2754842609375 0.9531823671874999 0.28627930468749996 0.9541377687500001 0.2894055328125 0.9554689390625001 0.2899207921875 1 0.2906980859375 1 0.2675523328125
1 1 0.465081421875 0.9861661046875 0.46566164531250004 0.9535099765625 0.4769879265625 0.9518192859375001 0.48274223125000004 0.9519545046875001 0.4860607578125 0.9531139218750001 0.4866146609375 1 0.4874330609375 1 0.465081421875
1 0.8742210781249999 0.472746471875 0.9160652609375 0.4671569671875 0.9213129921875 0.4621293875 0.9212589281250001 0.4608025953125 0.918329728125 0.4520557546875 0.90221499375 0.4452855828125 0.8562377781249999 0.44772749218749996 0.8391672031249999 0.45283693124999996 0.8199909453125 0.4662577703125 0.820009484375 0.4667127375 0.8349033234375 0.472060178125 0.8742210781249999 0.472746471875
1 0.7520674125 0.4651047828125 0.775899696875 0.4694688765625 0.7787599281250001 0.4695188015625 0.7964273125 0.45830871875 0.7946336031250001 0.449625559375 0.7828416375 0.44293084218749995 0.75655225 0.4338201078125 0.739261184375 0.433518290625 0.6974443046875 0.44764719062499997 0.697840259375 0.45736460156250003 0.707487021875 0.46648959375 0.7520674125 0.4651047828125
1 0.6242578546875001 0.45433084843750005 0.671062359375 0.4480787515625 0.6905693546875 0.43220071875 0.6905690984375 0.4321944390625 0.6728858437499999 0.422155028125 0.6441555953125 0.423816503125 0.625203115625 0.418078278125 0.5984803078125001 0.43300778125 0.5987325078125 0.4391972125 0.6202058984375001 0.454260121875 0.6242578546875001 0.45433084843750005
1 0.5649129359375 0.45173359062499996 0.57231330625 0.4518627640625 0.5863982 0.4360156703125 0.5813698609375 0.4186241984375 0.5725479328125 0.4141442859375 0.5437735875 0.414723509375 0.506662396875 0.42272758125000004 0.5032458265625 0.43325884062500003 0.5033099437499999 0.43483237187499996 0.5146166796875 0.44125160625 0.5649129359375 0.45173359062499996
1 0.4510918859375 0.37512865781250004 0.43684648125000003 0.370560309375 0.4271395203125 0.39774892500000003 0.436124390625 0.43246329218749996 0.4584485546875 0.4760498828125 0.470177178125 0.4719349140625 0.479942853125 0.4461872234375 0.47833218437499997 0.43320003281249997 0.4684412015625 0.4027895390625 0.4594309140625 0.39399287968749996 0.4510918859375 0.37512865781250004
1 0.352695790625 0.4605204359375 0.364465271875 0.4607258734375 0.3661228859375 0.45122673593749996 0.3631285203125 0.3777397046875 0.35844723749999996 0.3690186078125 0.349671803125 0.3659856375 0.342272184375 0.37017616875 0.3388825265625 0.3846937078125 0.33923342968750003 0.3933055 0.3446540046875 0.45517168750000003 0.352695790625 0.4605204359375
1 0.248401634375 0.4274722015625 0.27535955625 0.425140134375 0.282123184375 0.4144433796875 0.27456578593750003 0.405659615625 0.2569660296875 0.397782040625 0.20143154062500002 0.4130349015625 0.199834265625 0.42093506875 0.199999753125 0.42499639375 0.2174503546875 0.4269319453125 0.248401634375 0.4274722015625
1 0.12464707500000001 0.376712703125 0.135704396875 0.44030900781250004 0.16372980625 0.45566063437500004 0.16555942968749998 0.4556925703125 0.16512673125 0.41922411718749997 0.14888508281249999 0.3656644171875 0.142221025 0.35847909843750003 0.1322976859375 0.3583058859375 0.124575175 0.3749481453125 0.12464707500000001 0.376712703125
1 0.10195518750000002 0.42285704375 0.10129371250000001 0.406623278125 0.0430835453125 0.39154795781249996 0.016254609375 0.39891667656249996 0.0175084234375 0.4296875 0.0649509390625 0.4305156125 0.10195518750000002 0.42285704375
1 0.839706815625 0.7157206578124999 0.8550699375 0.715988821875 0.8894794046875001 0.709645853125 0.8964194265625001 0.7032781031249999 0.929119653125 0.693034075 0.9456887093749999 0.67716011875 0.945685096875 0.677071478125 0.934001375 0.6714896578125 0.9023451843749999 0.672018578125 0.8466784 0.6840246875 0.8279672546875 0.7003296375 0.8282584578125001 0.7074762796875 0.8291370671875 0.7129184984375 0.839706815625 0.7157206578124999
1 0.7465704125 0.7166237765625 0.7602150984375 0.7237014578125 0.7610809 0.7237165703125 0.7697928046875 0.7026301515625 0.765749484375 0.656482859375 0.7581991421875001 0.6304329156249999 0.7483414578125 0.6273810531249999 0.7399183 0.6329936171874999 0.7354200609375 0.6515737640625 0.7362013734375 0.6707485515625 0.740806878125 0.7078837890624999 0.7465704125 0.7166237765625
1 0.657045628125 0.71877785 0.6591171250000001 0.7188140078125 0.666734159375 0.7137385843749999 0.66638188125 0.7050930515625 0.654293096875 0.6472861484375 0.6422963234375 0.618278796875 0.6441672609375 0.6111119671874999 0.6393431359374999 0.625426734375 0.63097869375 0.6324802203125001 0.63317649375 0.6598766328125001 0.6302152609375 0.6753702171875 0.6304697906250001 0.6816168265625 0.6384782046875 0.71036558125 0.657045628125 0.71877785
1 0.5451174812499999 0.6727148125 0.5710169671875 0.678241496875 0.573192009375 0.6782794625 0.6021369921875 0.65856935625 0.59903465625 0.6531077953125 0.57855305625 0.6451799203124999 0.526635759375 0.6431922171875 0.49389143437499994 0.6523539953124999 0.49218252656250006 0.659895890625 0.4923332796875 0.6635956453125 0.5061684843750001 0.670953475 0.5451174812499999 0.6727148125
1 0.41442383125 0.66446745 0.4734575421875 0.66441640625 0.4918367453125 0.656085365625 0.49296897812499996 0.648534759375 0.4810888125 0.6396755390625 0.43628793125 0.63564909375 0.40336721249999996 0.640481865625 0.3916971765625 0.6462390671875 0.3917913671875 0.6485506546875001 0.396824078125 0.6565898765625 0.41442383125 0.66446745
1 0.314972615625 0.6659652828125 0.3539839109375 0.6666462281250001 0.379267425 0.664459009375 0.3928828765625 0.645230003125 0.38973644375 0.63868619375 0.37231308125 0.635137625 0.310662115625 0.6416318734375 0.2965350859375 0.6482666765625 0.29700419375 0.6597794046875001 0.308750434375 0.6653910953125 0.314972615625 0.6659652828125
1 0.2152856109375 0.673593571875 0.23751261875 0.6687179421875 0.27502069218749997 0.6704541296875 0.284974853125 0.6673834359375 0.2875921078125 0.6609402328125 0.2871070265625 0.649035471875 0.276800078125 0.6434481562500001 0.23352831406250002 0.6416113640625001 0.20497445937499997 0.6476018421874999 0.199956509375 0.6538504578125 0.20045825781249998 0.6661642515625 0.2143987734375 0.6735780921875001 0.2152856109375 0.673593571875
1 0.0891894921875 0.6560980015625 0.1028436703125 0.66531240625 0.1063447 0.665446446875 0.15751071249999998 0.6663395515625 0.1930925859375 0.6539099296875001 0.1855792875 0.6462084156250001 0.1651858859375 0.640445040625 0.12492826093750001 0.6419053031249999 0.096512846875 0.6371698343750001 0.095896296875 0.637159071875 0.08906140625 0.652954528125 0.0891894921875 0.6560980015625
1 0.0668367671875 0.6656912078125 0.0891859484375 0.6487776125 0.07005707343749999 0.6387103859375001 0.0259941140625 0.6379412640625 0.027122140625000003 0.665625 0.0626852953125 0.6662457578125001 0.0668367671875 0.6656912078125
1 0.0900573875 0.8983000484374999 0.0550687296875 0.8815844484375001 0.05436371718750001 0.8815721421875 0.0361023421875 0.8860149328125001 0.0366721890625 0.9 0.0919179484375 0.90096431875 0.0900573875 0.8983000484374999
1 0.1585197453125 0.88495158125 0.1627941 0.8850261906249999 0.174783965625 0.8759524031250001 0.1580518546875 0.854030715625 0.0946953765625 0.85400630625 0.0835840953125 0.8634047109375 0.0837087125 0.866463040625 0.0912545765625 0.875575875 0.1585197453125 0.88495158125
1 0.21947167343750001 0.9264271203125001 0.2290690921875 0.9496330015625001 0.2347660828125 0.9534221796875 0.23760699062500001 0.9534717687500001 0.24000902968750001 0.952703753125 0.242551225 0.935469359375 0.2541624234375 0.928472546875 0.257056896875 0.9198836859374999 0.24933041562499997 0.889510975 0.24894483906249998 0.8535068109375 0.241864203125 0.8389842453125 0.2291120421875 0.8445212453125001 0.20892280312499997 0.9122183046875 0.20918551093749999 0.9186656171875001 0.210754953125 0.924835071875 0.21947167343750001 0.9264271203125001
1 0.321784934375 0.9221519375 0.3758871375 0.9181257578125 0.3942222421875 0.9087124640625 0.3937812578125 0.8978899531250001 0.383342015625 0.8890558859375 0.36028726093749996 0.8886534640624999 0.32107367343750004 0.8803986187499999 0.29104166249999996 0.8966406515625 0.2911020828125 0.8981234484374999 0.316556478125 0.9220606734375 0.321784934375 0.9221519375
1 0.449164934375 0.9337436953125 0.4502927375 0.93376338125 0.4941814421875 0.90054893125 0.49415492343749995 0.8998981046875001 0.47988610156249994 0.891286240625 0.45394950156249997 0.890833515625 0.436967121875 0.89810745625 0.40260548281249997 0.9029150796875 0.3976253296875 0.9066839999999999 0.3977978390625 0.9109176890624999 0.3988118953125 0.9158266375 0.449164934375 0.9337436953125
1 0.5268721859375 0.9241703593749999 0.55826823125 0.9247183796874999 0.598525553125 0.9173576484374999 0.60868588125 0.8840090765624999 0.5737950609375 0.8758296859374999 0.5594299375 0.876660421875 0.5510930921875 0.884085271875 0.518216471875 0.8900002953125 0.49708772031250004 0.9015277875000001 0.4960615578125 0.9083710343750001 0.4964336140625 0.9175019640625001 0.5051302 0.9222163140624999 0.5268721859375 0.9241703593749999
1 0.7039048390625 0.9127538484375 0.70389588125 0.9125339968749999 0.69768743125 0.89962195 0.6772499296875 0.892776321875 0.6550187203125 0.8772475375000001 0.6335371828125 0.8801170203125 0.6210539640625 0.8917954187499999 0.5926765046875 0.9021149015625 0.6266828453125 0.9274739500000001 0.660583740625 0.9280656921875 0.684292471875 0.9242622109375 0.7039048390625 0.9127538484375
1 0.759730625 0.9348426984374999 0.7821507515625 0.9567312593749999 0.782347334375 0.956734690625 0.7874327453125 0.9511651109375 0.7874581609375 0.925247403125 0.7763087875 0.8904952546875 0.7760406375 0.857372934375 0.7658306734375 0.845675540625 0.757290090625 0.8484062578125 0.7460898859375 0.8654895249999999 0.7459955390624999 0.8727953484375 0.7465944125 0.8874927671874999 0.7554270359374999 0.9088494265625 0.759730625 0.9348426984374999
1 0.8923446328125 0.9851983093750001 0.9113277312499999 0.9718461375 0.9189876187499999 0.9475015859375 0.9225787671875001 0.9029274515625 0.9157916953124999 0.8956094953125 0.91646295625 0.88554193125 0.9047010359375 0.86229826875 0.887737296875 0.87064155 0.87779345625 0.9268524234375001 0.8784253984375001 0.9423613843749999 0.89113855 0.9851772562500001 0.8923446328125 0.9851983093750001
1 1 0.90393686875 0.97593969375 0.90351689375 0.9693601140625001 0.9132250140625 0.9694350703125 0.9150645453124999 0.9762531578125 0.9229890296875001 1 0.9305753921875001 1 0.90393686875