1 0.0779817578125 0 0.07755015781249999 0.00205978125 0.08568546875000001 0.021816693749999998 0.087235784375 0.0475295625 0.0934539796875 0.0573329203125 0.0954182703125 0.057555890624999995 0.1048316640625 0.05722716875 0.10616364062500001 0 0.0779817578125 0
1 0.13932897500000002 0.117848603125 0.1393663140625 0.11624437968750001 0.11585284843749999 0.10869863906249999 0.10150117343750001 0.11027420624999999 0.04824230625 0.12287799375 0.035198159374999996 0.129779875 0.0392959359375 0.1382319359375 0.0562876984375 0.14623372968749998 0.0595756203125 0.146236425 0.090765915625 0.1451472359375 0.13098648125 0.13503003281249998 0.13932897500000002 0.117848603125
1 0.1209642765625 0.23610285156250002 0.1101568234375 0.2303209515625 0.0557155625 0.23222208281249998 0.031160043749999998 0.241674740625 0.032317409375 0.25345266718750004 0.052656921875 0.2588865921875 0.10558113281249999 0.2570384375 0.1207968890625 0.243294478125 0.1209642765625 0.23610285156250002
1 0.0397943375 0.37330555468750004 0.050327042187500004 0.3729377453125 0.0861064828125 0.36615684375 0.12145478437499999 0.349182234375 0.12146779062499999 0.3486234453125 0.088089746875 0.3424509015625 0.056546093750000005 0.344626825 0.0176389015625 0.355655046875 0.0134576625 0.3608792515625 0.0134398703125 0.3616437015625 0.0173135484375 0.3696335421875 0.0397943375 0.37330555468750004
1 0.078439790625 0.4103813953125 0.0700710609375 0.40065313593749996 0.060326950000000004 0.4038564078125 0.0565676109375 0.4268916921875 0.05839290312499999 0.48695096250000003 0.061518671875 0.49113631093750004 0.075397128125 0.49494616562499993 0.0798315875 0.4890653078125 0.08564865625 0.4789465203125 0.0861139015625 0.4589577125 0.0860082265625 0.45449360937499994 0.078439790625 0.4103813953125
1 0.124744934375 0.5432080265625 0.10063339062500001 0.5277236953125 0.054662982812500004 0.5347009921875 0.024401834375 0.5432784984375 0.0269668359375 0.5560816640625 0.0991367921875 0.558580871875 0.10475622656250001 0.5583846375 0.12470518593749999 0.5449158 0.124744934375 0.5432080265625
1 0.11624211250000001 0.640216715625 0.1163570796875 0.6352772 0.1126749453125 0.6281871921875 0.09704076874999999 0.623361175 0.0684625546875 0.621135965625 0.0325958828125 0.6245372453125 0.0267400875 0.630113709375 0.0294052 0.6386158 0.0450393765625 0.6434418187500001 0.0829727953125 0.6465742125 0.0993208515625 0.6460033265625 0.110866871875 0.6443662546875 0.11624211250000001 0.640216715625
1 0.114236296875 0.7263947109375 0.11431336406249999 0.7230836109375 0.10498434999999999 0.7153810140625 0.087867453125 0.7127555640625001 0.037649106249999995 0.7177324125 0.0246299875 0.7235590234375 0.02287196875 0.7375875484375001 0.06586420937500001 0.748651609375 0.0687379421875 0.7485512562500001 0.09576268125000001 0.7425629125000001 0.114236296875 0.7263947109375
1 0.08636598749999999 0.8505878890625 0.086548828125 0.8427323453125 0.0797439578125 0.7955914015625 0.07029995781250001 0.785900690625 0.0626730375 0.790461528125 0.055787932812499996 0.809311465625 0.0621810609375 0.8577592234375 0.071458109375 0.8795995874999999 0.07567920781250001 0.8794521828124999 0.0811024078125 0.8757079796875 0.08636598749999999 0.8505878890625
1 0.09226480312499999 0.9325347796875001 0.09285631875 0.9071208421874999 0.0801801875 0.8914286046875001 0.060458546875 0.9078638015625 0.0664515296875 0.9735035390625001 0.0769446890625 0.9808879421875 0.0789084078125 0.9808193671875 0.08799025 0.9713198890625 0.09226480312499999 0.9325347796875001
1 0.23719206874999998 0.944011609375 0.23737786249999998 0.9360291421875001 0.23701038749999997 0.9308368921874999 0.22464069062499997 0.9083648468750001 0.21197088593750002 0.8987867843749999 0.2073363546875 0.9132636281250001 0.207819609375 0.9848217671875 0.21435697656250002 0.99014046875 0.218308765625 0.9900024703125 0.2217314125 0.98719895625 0.23719206874999998 0.944011609375
1 0.2363779796875 0.8448345453125 0.2367859421875 0.8273068312499999 0.22883707343749998 0.7968209109375 0.22043913593750003 0.788529403125 0.22042217968750002 0.7885299953125 0.21176615625 0.7916910390624999 0.2059563171875 0.8105034281249999 0.209890590625 0.8261125437500001 0.20915698593749998 0.8576311671875001 0.2161169921875 0.8817236234375001 0.2203647890625 0.8822058015625001 0.22662204843749997 0.8819872921874999 0.233454675 0.8753921765625 0.2363779796875 0.8448345453125
1 0.265418428125 0.7374441984375 0.2565751515625 0.71780955625 0.17782864375000002 0.71841065625 0.1675246921875 0.730588821875 0.180168403125 0.7408912421875 0.2165156375 0.7433907453125 0.2636452609375 0.7417449421875 0.2653635640625 0.7398013890625 0.265418428125 0.7374441984375
1 0.26427847031249996 0.64121655 0.2616884390625 0.629488653125 0.2447467328125 0.6193363203125 0.2318026953125 0.6219371265625 0.1827917671875 0.6365413640625001 0.1697225953125 0.6445185140625 0.1709800703125 0.651995365625 0.1802105109375 0.6556684374999999 0.24229638593749997 0.6535003500000001 0.25837262031249997 0.64894355 0.26427847031249996 0.64121655
1 0.28391398125 0.546491096875 0.28200404375 0.5395624734375 0.2608394265625 0.526334425 0.2265055265625 0.5253846015625 0.2121037984375 0.5291107046875 0.17885218281249998 0.5431646156250001 0.182874878125 0.5548424828125 0.22841982500000002 0.5661447578125001 0.23553999375 0.5663074078125 0.2485675375 0.5658524765624999 0.2838437015625 0.5495106359374999 0.28391398125 0.546491096875
1 0.28751815000000003 0.44536036875 0.277914959375 0.4274310078125 0.23777531875000002 0.4299071109375 0.20884672499999998 0.44273566249999996 0.20580620624999998 0.450362603125 0.212819365625 0.45656406718750003 0.2453732875 0.45980038125 0.25416404375 0.45949340000000005 0.2630126875 0.45266248750000004 0.28751815000000003 0.44536036875
1 0.2660741484375 0.37388775 0.2650756703125 0.33170820624999997 0.2602328546875 0.3089733171875 0.2509222375 0.29355194687499997 0.23832733281250001 0.3269162765625 0.23860230468750002 0.36126268281249996 0.247446084375 0.3967413578125 0.25527924375 0.3985664859375 0.2584178109375 0.3984568859375 0.265979228125 0.37796594843750003 0.2660741484375 0.37388775
1 0.3113191203125 0.24105310625 0.311332865625 0.240462546875 0.2975175625 0.2367716359375 0.28635657187499997 0.224268646875 0.2316650390625 0.2369224671875 0.21987836718749998 0.2513011984375 0.235223653125 0.260317371875 0.24215319218750003 0.26007538750000003 0.297042046875 0.25720174375 0.3113191203125 0.24105310625
1 0.2943364828125 0.1657747578125 0.2896304265625 0.097420728125 0.2792445390625 0.0820369078125 0.270442315625 0.0909332890625 0.26574109375 0.1082754640625 0.26464068749999997 0.1555534 0.2766142640625 0.173004328125 0.279352415625 0.1729087109375 0.2942974671875 0.16745101406250001 0.2943364828125 0.1657747578125
1 0.2826937625 0 0.2839397984375 0.0240016625 0.28676545781249996 0.041080989062500003 0.29201294375 0.044445734375000004 0.29593812656249996 0.044308664062499996 0.2971722421875 0.0439389984375 0.2981949328125 0 0.2826937625 0
1 0.46202010624999995 0.1531845625 0.4752278125 0.1723135109375 0.47569855937499994 0.172297071875 0.48192931562499997 0.1552386015625 0.48266441875000005 0.1236555984375 0.4766906515625 0.0768027375 0.4714476890625 0.071259825 0.461703578125 0.0744630984375 0.455361175 0.08933178124999999 0.455186578125 0.0968331234375 0.457043909375 0.1361803296875 0.46202010624999995 0.1531845625
1 0.47390332187500006 0.2401296375 0.4772422703125 0.2224595828125 0.47748384687499995 0.2120805046875 0.467425515625 0.1960044234375 0.4672588359375 0.19601024375 0.45877465937500006 0.1977129328125 0.45205628124999997 0.2093995453125 0.442853909375 0.23548790468749997 0.4424537625 0.2526798828125 0.45637922187499996 0.29474765937499997 0.46549597499999995 0.2944292953125 0.47502014531250003 0.2844671484375 0.47390332187500006 0.2401296375
1 0.4614890015625 0.3626698015625 0.45618189375 0.3210456203125 0.4405197 0.3015515515625 0.4304421328125 0.3190814734375 0.4319257578125 0.34765966875 0.42611592031249995 0.3664720578125 0.441070325 0.3936397484375 0.4465630296875 0.3934479390625 0.4612546109375 0.3727401625 0.4614890015625 0.3626698015625
1 0.458387528125 0.42884491718750006 0.45863789062500004 0.41808834531250005 0.443525196875 0.40448263281249996 0.44351329687499996 0.4044830484375 0.42621836249999995 0.40937916875 0.42171721250000005 0.41812535312500004 0.42212556875 0.4467411 0.4298607328125 0.483689990625 0.44082538125 0.487322103125 0.44175261875 0.48728972343750004 0.44830703125 0.47588832812500004 0.458387528125 0.42884491718750006
1 0.45536463437499997 0.5587207656250001 0.45540541875 0.5569685062499999 0.4547180453125 0.5455680359375 0.44681615468749997 0.5157824703125 0.43841407656250003 0.507486875 0.4313206890625 0.4891250796875 0.4174422296875 0.4853152234375 0.406055975 0.512911346875 0.4127825609375 0.54703245625 0.431417209375 0.5875693656250001 0.43709338437499995 0.5873711484374999 0.44414029375 0.584587928125 0.45536463437499997 0.5587207656250001
1 0.420654590625 0.5897413625000001 0.41201909375 0.5914744187500001 0.4096351375 0.6015781703124999 0.407934509375 0.6746440734375 0.41203551093749996 0.6830898671875001 0.42057096875 0.685654803125 0.4281978875 0.6810939640625 0.43256697187500004 0.666202834375 0.4327270578125 0.6593248765624999 0.43124054999999994 0.59652919375 0.420654590625 0.5897413625000001
1 0.4333379828125 0.7672306890625 0.4334594171875 0.7620133171875 0.419465325 0.7098151796875001 0.40770406093749995 0.7073628890625 0.40367795781250004 0.7418594921875 0.4070120109375 0.7832565734375 0.4167197546875 0.789481284375 0.41832543906249997 0.7894252125000001 0.42636684999999996 0.7825806875 0.4333379828125 0.7672306890625
1 0.4236800484375 0.8097949734375 0.3950145921875 0.7950494906250001 0.3930723375 0.832336321875 0.40581704218750003 0.8848567781250001 0.411511578125 0.8911431078125001 0.4221316796875 0.8907722453125 0.43078164531249996 0.87396449375 0.4236800484375 0.8097949734375
1 0.4355158859375 0.9419662703125 0.43549984531249997 0.924836878125 0.42779802812499995 0.8864553234375 0.4116689953125 0.8870185609375 0.3963566765625 0.9448132906250001 0.40624237656249995 0.9816870812499999 0.4089655109375 0.9849058203125001 0.43103819374999996 0.9841350249999999 0.434826603125 0.9715806875 0.4355158859375 0.9419662703125
1 0.710971453125 0.1153640703125 0.7441730140625 0.103460696875 0.761415584375 0.08704062812499999 0.761425996875 0.0865933 0.7504042156249999 0.0817552015625 0.7188605640625 0.083931125 0.6626863125 0.0987855109375 0.6422285703124999 0.11669022968750001 0.6433859375 0.12846815625000002 0.657807203125 0.1315906375 0.6638512515625 0.131379575 0.7036579656249999 0.12206583124999999 0.710971453125 0.1153640703125
1 0.7242929109375 0.247326434375 0.729827509375 0.23681058125 0.7299319984375 0.23232132968750002 0.7105168609375 0.2241708171875 0.6646215343749999 0.22792230781249997 0.6386834046875001 0.23527445624999999 0.63559283125 0.2450519359375 0.6411232734375 0.253453965625 0.6594183453125 0.25799400625 0.6791361421875 0.257305446875 0.7155717875 0.25300295625 0.7242929109375 0.247326434375
1 0.6890223453125001 0.3801234359375 0.6812934281249999 0.32735169375 0.6712076515625001 0.299073890625 0.6735207140624999 0.29184860156250003 0.6735197375 0.2918486359375 0.6678151171875 0.3063498609375 0.6590462390625 0.3138135765625 0.6594879406249999 0.340996659375 0.6547533734375001 0.3597714984375 0.66154665 0.39102727812500004 0.678056690625 0.39785384218750003 0.6825106046875 0.397698309375 0.688712953125 0.3934161765625 0.6890223453125001 0.3801234359375
1 0.6793056890625 0.4466199609375 0.6849514453125 0.4208723265625 0.685001 0.41874323125 0.666008503125 0.390468425 0.6643611625 0.39052595156250003 0.6601427171875 0.3928921359375 0.652148996875 0.41321228750000005 0.6498732828125 0.46482576875000003 0.658783753125 0.4974391140625 0.6683675734375 0.4996721453125 0.6696318953125 0.49962799375 0.6773300875 0.485339459375 0.6793056890625 0.4466199609375
1 0.67100661875 0.5434336109375 0.666397225 0.5106700671875 0.6602457234375 0.4980013796875 0.650434921875 0.50406998125 0.6425078921875 0.5215248015625 0.6422159890625 0.580226509375 0.650384646875 0.5985507578125 0.650944015625 0.5986380796875 0.658904040625 0.598360109375 0.6667470984375 0.5879588640625 0.67100661875 0.5434336109375
1 0.620202884375 0.6628490671875 0.648806125 0.6639990109375 0.6904535109375 0.658247071875 0.7048566015625 0.6388945171875 0.7048870109375 0.6375880703125001 0.7025154828125 0.6320403828125001 0.6853985859375 0.6294149328125 0.6236188109375 0.63909309375 0.607869909375 0.647076221875 0.607835803125 0.6485415875 0.608866703125 0.6578729625 0.620202884375 0.6628490671875
1 0.678775478125 0.7380017703124999 0.672990778125 0.7095737718749999 0.66455535625 0.702710840625 0.654844590625 0.7044814500000001 0.6469842531250001 0.719070940625 0.651827065625 0.74180583125 0.6498848109375001 0.779092665625 0.652877196875 0.7890086703125 0.656430259375 0.7904777890625 0.67180095 0.7899410328124999 0.6766998390625 0.781019265625 0.678775478125 0.7380017703124999
1 0.7078216234375 0.8468891734374999 0.70150828125 0.8403151 0.6815761109375 0.8356391734375 0.64141144375 0.83919054375 0.6128582546875 0.8358900640625 0.6038368078125 0.8544698125 0.61792596875 0.8636389687499999 0.6725131156249999 0.86173274375 0.7077988875 0.8478659515625001 0.7078216234375 0.8468891734374999
1 0.70403226875 0.9426184703124999 0.704033459375 0.942567290625 0.68567386875 0.9335597874999999 0.6340979375 0.935360859375 0.615323134375 0.9424628593750001 0.60798461875 0.950239890625 0.6090669046875 0.9652436234374999 0.6439474281249999 0.9657714609375001 0.6546924265625 0.9653962359375001 0.6807501953124999 0.9605915968750001 0.70403226875 0.9426184703124999
1 0.9067321749999999 0.9537889828124999 0.8977872359375001 0.9160236812500001 0.8842088890625 0.899319840625 0.876331878125 0.91462566875 0.8750749390625 0.9686289203125 0.9055895421875 0.9675633265625001 0.9064530625 0.9657807593750001 0.9067321749999999 0.9537889828124999
1 0.8660136312500001 0.9080573765625 0.8664558890625 0.9080419328125 0.8771383578125 0.89929185 0.8873744421875 0.8287908828124999 0.8779971359375001 0.8162348421875001 0.856473809375 0.83248180625 0.8559999328125001 0.8528415062500001 0.85573301875 0.895744840625 0.8660136312500001 0.9080573765625
1 0.9241367609375001 0.74263141875 0.9242918859374999 0.7359666671875 0.9231533593749999 0.7300555156249999 0.91458455625 0.7289232453125 0.906515934375 0.706301003125 0.9003349937499999 0.7023377171875 0.8998150328125 0.7023558734375001 0.8958299359374999 0.703811165625 0.8922039828124999 0.7211157906250001 0.8802092984375 0.72869215625 0.87678341875 0.7374007921875 0.8825347718750001 0.7672614578125 0.8806258625 0.803115625 0.8865581609375001 0.8167886046874999 0.8877340859375 0.816747540625 0.899780628125 0.8110357265625 0.9241367609375001 0.74263141875
1 0.9185422578125 0.6689078484375 0.926733796875 0.631052178125 0.9267679515625 0.629584775 0.9104987734375 0.5990452187499999 0.88516736875 0.625696815625 0.88917654375 0.684248325 0.8975801578124999 0.7008726875 0.91066479375 0.7004157625 0.9180087265625 0.6918304843749999 0.9185422578125 0.6689078484375
1 0.9377300937499999 0.5550534046875 0.9306033578124999 0.5381242734375 0.926027309375 0.5039280640625 0.9218596171875 0.4983476015625 0.913224121875 0.5000806609375 0.894852721875 0.5508247140625 0.9268634312499999 0.5936864515625 0.92933559375 0.593600121875 0.937129871875 0.5808413703124999 0.9377300937499999 0.5550534046875
1 0.9293956375000001 0.44961186875000003 0.9223176140625 0.44156167812499997 0.91663295 0.40883568437499995 0.905305178125 0.3877587546875 0.89031810625 0.38541911406249996 0.8847083421875 0.39563551406249997 0.8804488218750001 0.44016076875000004 0.8889924875 0.4885334265625 0.916940390625 0.4972367109375 0.9224887359375 0.497042959375 0.9289138843750001 0.47030990937499995 0.9293956375000001 0.44961186875000003
1 0.9337121671874999 0.33123294062499997 0.9304789953125001 0.310275496875 0.9191178765625001 0.2906312296875 0.9060812687500001 0.2968124796875 0.899162815625 0.31709508125 0.88360886875 0.33911074218750004 0.8863344906249999 0.360488065625 0.8978623359375 0.3729690078125 0.9077746687499999 0.40076052500000003 0.908329403125 0.40074115312499997 0.9328512625000001 0.36822093749999996 0.9337121671874999 0.33123294062499997
1 0.925071109375 0.263265815625 0.92629921875 0.2472626 0.9264078546875 0.24259517812500003 0.9185445984375 0.22054871718750002 0.9159190125000001 0.1948734 0.8949138218750001 0.17413441406250002 0.88940409375 0.18005281875 0.887728603125 0.205878334375 0.8966057265625 0.2399243421875 0.8947635078125 0.2729131828125 0.903974846875 0.283800965625 0.9049085859374999 0.283768359375 0.9128430046875 0.280870834375 0.925071109375 0.263265815625
1 0.94303655625 0.034201328125 0.9226548812500001 0.0489647921875 0.9134858515625 0.07362048593750001 0.9070757953124999 0.1182208390625 0.913360678125 0.1251588671875 0.9120519890625 0.1352250703125 0.9222711484375001 0.157772215625 0.9396755234375 0.14857543906249998 0.9550805531250001 0.083928 0.9550937749999999 0.0833599625 0.943480115625 0.0341858390625 0.94303655625 0.034201328125
1 0.9151872203125 0 0.91449975625 0.0295362375 0.9176722093749999 0.0317158546875 0.9264410875 0.0242521359375 0.9343369390625 0 0.9151872203125 0