1 0.84560018125 0.0609375 0.8352915968750001 0.0632403796875 0.8350669749999999 0.0696727234375 0.836411365625 0.081556528125 0.8455839546874999 0.0875927453125 0.8696423796874999 0.08960481718749999 0.8863408890625 0.096875 0.892302371875 0.096875 0.915113390625 0.092622925 0.9235076015624999 0.0825625640625 0.9197320765624999 0.07552030937500001 0.886676721875 0.062441839062500004 0.8576648499999999 0.0609375 0.84560018125 0.0609375
1 0.8706188890625001 0.1564004078125 0.8588265328125001 0.2059982625 0.8582475203125 0.2112633921875 0.8579028734374999 0.22113277656250002 0.8641064125 0.240625 0.8679901953125 0.240625 0.8819883765625001 0.234148396875 0.8924938328125 0.1925934375 0.892470821875 0.164443303125 0.8849842609374999 0.1483575125 0.8770764015625 0.1443360640625 0.8706188890625001 0.1564004078125
1 0.8396813125 0.29548855625 0.83940223125 0.3034804 0.8523837484375001 0.3153624875 0.8551728375 0.315625 0.8908380515625 0.315625 0.9006411203125 0.3153624875 0.9209591484375 0.30932627031250004 0.922686078125 0.29825987187499997 0.900178925 0.2902115828125 0.8492405875 0.2902115828125 0.8396813125 0.29548855625
1 0.890705503125 0.3574202078125 0.8744446921875 0.390932271875 0.8679725375 0.4249609171875 0.86767030625 0.4336157125 0.8711917437500001 0.455275434375 0.8790996015625 0.4592968828125 0.8842702140625001 0.455275434375 0.8945884296875001 0.41908240625 0.8966243 0.38959178906249997 0.890705503125 0.3574202078125
1 0.8675905359374999 0.45225491250000005 0.86443199375 0.45627636093749996 0.8607319671875 0.4980712984375 0.8600324625000001 0.51810246875 0.861716975 0.5340243499999999 0.86811138125 0.5359375 0.871363059375 0.5359375 0.8790536437500001 0.5273219359375 0.8885530656249999 0.4857669765625 0.8903080718749999 0.46431925625000003 0.884646340625 0.45359539531250004 0.8808094375 0.4482334640625 0.8675905359374999 0.45225491250000005
1 0.8186685453125 0.5840064671875 0.818621228125 0.5853614406250001 0.8359204640625 0.596875 0.850191753125 0.596875 0.9098284296875001 0.5927408187500001 0.9129309734375 0.580668384375 0.8850267609375001 0.57362613125 0.8436152765625 0.56875 0.842070678125 0.56875 0.8186685453125 0.5840064671875
1 0.8738489953125 0.6430510218750001 0.86933373125 0.6283057125 0.8603697109375 0.6234375 0.8590728343749999 0.6234375 0.8541963765625 0.6296461953125 0.852626596875 0.6406904499999999 0.8521103609375 0.6554735218750001 0.8550611953124999 0.69130839375 0.8595764578124999 0.7060537015625 0.8675311265625 0.7087346671875 0.8727485500000001 0.7033727375 0.8759308906250001 0.6698606734375 0.8738489953125 0.6430510218750001
1 0.9566408125000001 0.6599707625 0.9563751312500001 0.6675789171875001 0.9566842453125 0.6707227734375001 0.9724924906249999 0.675 0.9764284812499999 0.675 0.977305603125 0.649882475 0.970826834375 0.6495960140625 0.9566408125000001 0.6599707625
1 0.9441252375 0.7499050859375 0.943798128125 0.759272265625 0.9618253250000001 0.7703125 0.96274468125 0.7703125 0.973544865625 0.75757591875 0.9741169890625001 0.74119246875 0.9455192968749999 0.74119246875 0.9441252375 0.7499050859375
1 0.84777584375 0.7268709234374999 0.8457952343749999 0.7468267796875 0.844530934375 0.7830315953125 0.8455757421874999 0.7898736046875 0.8537719984375001 0.8 0.8547889046874999 0.8 0.8710075125 0.7818307078125 0.8769739078125 0.7550210578125001 0.8665050421875 0.7140625 0.8605129625 0.7140625 0.8532273218749999 0.71480658125 0.84777584375 0.7268709234374999
1 0.8373909125000001 0.865748571875 0.8414848781250001 0.8925582234375 0.84781364375 0.896875 0.84984383125 0.896875 0.860202071875 0.8751319499999999 0.8688358875000001 0.8295555421874999 0.863408209375 0.81212926875 0.8565063875 0.8081078203125 0.8471243875000001 0.8174911984375001 0.8373909125000001 0.865748571875
1 0.9372218718750001 0.8581033093749999 0.9398823984375 0.8670255906250001 0.94288574375 0.86875 0.9679586234374999 0.86875 0.9693230515625 0.8684563984375 0.970637753125 0.8308082875 0.9612192421874999 0.8318143234375001 0.9569167437500001 0.8398626140625 0.9373593796874999 0.85416561875 0.9372218718750001 0.8581033093749999
1 0.962449921875 0.9410611203125001 0.9469193203125 0.9304678734375 0.936016365625 0.9545965593749999 0.9362846796875001 0.965625 0.9614214390625 0.965625 0.9619892468750001 0.9542531328124999 0.962449921875 0.9410611203125001
1 0.8011185718749999 0.9523395171875 0.8152136359375 0.9640625 0.83337508125 0.9640625 0.874749946875 0.9604627765625 0.884449509375 0.95140845 0.8767930609375 0.9403420515625 0.8153767828125 0.9332997984375 0.8012004890625001 0.9499937125000001 0.8011185718749999 0.9523395171875
1 0.6636057281250001 0.9527073125 0.6716593453125 0.9635563390625 0.6915903734375 0.975 0.70825465 0.975 0.74542101875 0.9625503015625 0.7496181234375 0.9575201203124999 0.7431967625 0.94947183125 0.676242896875 0.9474597593749999 0.66365841875 0.951198440625 0.6636057281250001 0.9527073125
1 0.7161394796875 0.8162664453125 0.7078103265625 0.824309340625 0.698288425 0.85440770625 0.6979354843750001 0.864514628125 0.699199521875 0.89803588125 0.7059561249999999 0.9046875 0.7063525937499999 0.9046875 0.715108859375 0.9033978125000001 0.72294689375 0.8806096078125 0.7239767296874999 0.8511189921875 0.7285157921875001 0.8363736828125001 0.72409415 0.818947409375 0.7161394796875 0.8162664453125
1 0.6761440453125 0.77263345625 0.6768301937500001 0.7734375 0.72396176875 0.7734375 0.755386746875 0.7701961765625 0.7678024046874999 0.7601358140625 0.7588054750000001 0.749069415625 0.6850086703125 0.7510814890625 0.676289225 0.768476034375 0.6761440453125 0.77263345625
1 0.7014710156249999 0.659375 0.685640028125 0.6690643859375001 0.682572615625 0.680130784375 0.6876886265625 0.6871730375 0.7013666749999999 0.690625 0.7612883390625 0.690625 0.7694580640625001 0.6871730375 0.771044465625 0.680130784375 0.7592260453125 0.67308853125 0.714071215625 0.661016096875 0.704288546875 0.659375 0.7014710156249999 0.659375
1 0.6989505406250001 0.5746135437500001 0.6993480375 0.5920398171875 0.709922528125 0.6349352609375 0.71689073125 0.6375 0.7214697640625001 0.6375 0.733997575 0.608125609375 0.7374837921874999 0.5947207828125001 0.7365951734375 0.5625492015625 0.7242188656249999 0.5424419625 0.715258159375 0.539760996875 0.6989505406250001 0.5746135437500001
1 0.7101575984374999 0.5328125 0.711186809375 0.5328125 0.7178709984375 0.510517321875 0.7246617671875 0.5018713265625 0.7248317171875 0.4970046015625 0.7215214421875 0.46360043125 0.7157192796875 0.45689801875 0.7085834046875 0.45957898437500005 0.6965807921875 0.4863886359375 0.69426405625 0.5239221484375001 0.7101575984374999 0.5328125
1 0.6610013968749999 0.40086756250000005 0.674358584375 0.40924924531249995 0.6956306484375 0.41427942656249994 0.72426999375 0.415625 0.7403821046875 0.415625 0.7588089874999999 0.40924924531249995 0.7564793375 0.3991888828125 0.72328345625 0.39013455625 0.6911470078125 0.3891285203125 0.661038615625 0.39980173125 0.6610013968749999 0.40086756250000005
1 0.6977639703125 0.335470146875 0.7012039531250001 0.3484375 0.7018277687500001 0.3484375 0.7168786578125 0.335470146875 0.719897553125 0.27782939687499997 0.7113581453125 0.2630840875 0.6979051875 0.2738079484375 0.6860660203125 0.3247462859375 0.6977639703125 0.335470146875
1 0.6977472546875 0.240625 0.7093410578125 0.22469272343750002 0.71089864375 0.180089290625 0.70749434375 0.16427350624999998 0.6997269187499999 0.1562306109375 0.6891516390625 0.17097591875 0.6808216984375 0.23665956562499998 0.6925875046875001 0.240625 0.6977472546875 0.240625
1 0.6833023593750001 0.1153226828125 0.6902349937500001 0.1171875 0.694522640625 0.1171875 0.6994457484375001 0.11398219999999999 0.7030255875 0.09789640937500001 0.7073200765625 0.05884531875 0.7073823703125 0.05706145781250001 0.705178878125 0.0362342109375 0.6953057578124999 0.030872279687499997 0.6833031453125 0.05768193125 0.6807381875 0.1041446703125 0.6806227890625001 0.107449253125 0.6833023593750001 0.1153226828125
1 0.5094983421875 0.0222887375 0.497355296875 0.053119835937500005 0.49364365 0.092533746875 0.49318825625 0.1055745484375 0.49812649374999995 0.1174630015625 0.502304103125 0.1203125 0.5093405109375 0.1203125 0.5161883359375 0.1188034828125 0.523839128125 0.1013772109375 0.5280275046875 0.0678651453125 0.52695164375 0.04105549375 0.5176402515625 0.019607771875 0.5094983421875 0.0222887375
1 0.5090765015625001 0.1883278 0.506696528125 0.21093384531249998 0.5058662296875001 0.2347104828125 0.5100817531249999 0.2459685515625 0.5131114125 0.246875 0.5207691484375 0.246875 0.52425988125 0.24328758593750002 0.5329405078125 0.196370696875 0.5338299109375 0.1709015265625 0.5284022328125 0.15347525312500002 0.5146684109375 0.172242009375 0.5090765015625001 0.1883278
1 0.5042233859375 0.326499490625 0.5112727171875 0.3501045703125 0.5169344484375 0.3608284296875 0.5175855 0.3609375 0.5257609249999999 0.3609375 0.5363871609374999 0.3450765421875 0.5364432203125 0.3434712390625 0.5334293109375 0.3206139515625 0.5368925156250001 0.27905899375 0.5281658640625 0.26967561562500003 0.520117575 0.26967561562500003 0.5048208140625 0.309391415625 0.5042233859375 0.326499490625
1 0.48575769375 0.407846296875 0.485609015625 0.412103871875 0.5107911078125 0.4265625 0.513559203125 0.4265625 0.5293129328124999 0.4220604875 0.5560523203125001 0.42407256093749995 0.5724542953125 0.415018234375 0.5542145125 0.399927690625 0.50754354375 0.3928854375 0.48575769375 0.407846296875
1 0.5103433265625 0.509200503125 0.5095788906250001 0.5310911015625 0.5126113671875 0.537606746875 0.524587075 0.540625 0.529697675 0.540625 0.5451790109375 0.5268828859375 0.5369442656250001 0.474604065625 0.5312825343750001 0.46388020625 0.5200757031250001 0.46790165312500004 0.510810334375 0.5027542 0.5103433265625 0.509200503125
1 0.5222417515625 0.634375 0.5308626328125 0.6317523609375 0.5385134265625 0.6143260875000001 0.5468425781249999 0.6062831921875 0.5558738937500001 0.5781330578125 0.5565829296875 0.57214001875 0.5568373484375 0.5648544531249999 0.54808345625 0.541940028125 0.5371574890625 0.53791858125 0.51663848125 0.5781330578125 0.5084727703125 0.6103046390625 0.5171400453125 0.634375 0.5222417515625 0.634375
1 0.49290980937500006 0.6715904796875 0.49201796406250004 0.676017040625 0.49185987343750004 0.680544203125 0.4976393703125 0.68969913125 0.55060208125 0.6921875 0.5638367171875001 0.6921875 0.5767629750000001 0.6886930953125 0.5810303421875 0.6816508421874999 0.57863043125 0.6736025531250001 0.5707280609375001 0.6695784078125 0.50236345 0.6695784078125 0.49290980937500006 0.6715904796875
1 0.5172666640625 0.8031276453125 0.5228510562500001 0.8169890828125 0.5303691640625 0.8234375 0.5310554109375001 0.8234375 0.540959709375 0.8169890828125 0.5463413640625 0.7781150875 0.5444467109375 0.7459435062499999 0.5332866921875 0.7486244703125 0.51746215 0.7975296859375 0.5172666640625 0.8031276453125
1 0.48877986093750003 0.8582324890624999 0.5018083890625 0.883882984375 0.552104171875 0.890625 0.564505465625 0.890625 0.578215896875 0.883882984375 0.5785320796875 0.8748286593750001 0.57204045625 0.8687924421875 0.5228993109375 0.8557139703125 0.48883350625000005 0.8566963062499999 0.48877986093750003 0.8582324890624999
1 0.46957157499999996 0.9608443624999999 0.4897893015625 0.9784330984375 0.5208835359374999 0.9875 0.52839823125 0.9875 0.5783665453125 0.9754149906249999 0.57889351875 0.9603244468750001 0.5429815421875 0.95227615625 0.5014617140625 0.9512701203124999 0.4695957828125 0.9601511421875 0.46957157499999996 0.9608443624999999
1 0.2705765453125 0.048998679687500005 0.26839437187500004 0.054928003125 0.2682874890625 0.05798873125 0.279116765625 0.0731435484375 0.323730984375 0.0796875 0.3288529359375 0.0796875 0.35150282499999996 0.0731435484375 0.358802475 0.0560409328125 0.35100549999999997 0.048998679687500005 0.32020953125 0.04799264375 0.288354134375 0.0389383171875 0.2705765453125 0.048998679687500005
1 0.29268006406249997 0.1860613546875 0.28640979375 0.1927637671875 0.27794908125 0.2287583890625 0.27768383124999996 0.23635413125000002 0.28028474062500003 0.2484375 0.293195025 0.2484375 0.3081911171875 0.23163776249999998 0.32208916875 0.17935894218749998 0.3241250390625 0.149868325 0.31946934374999997 0.1391444640625 0.3038170734375 0.1552302546875 0.29268006406249997 0.1860613546875
1 0.267190203125 0.3131316015625 0.26711344062500003 0.31532979375000003 0.2725062140625 0.3266222328125 0.2803734515625 0.3316524140625 0.31292749375 0.334375 0.33316041875 0.334375 0.350148809375 0.3296403421875 0.355791790625 0.321592053125 0.353427009375 0.312537728125 0.3295091125 0.306501509375 0.286683934375 0.3044894359375 0.267190203125 0.3131316015625
1 0.3094932265625 0.4528194515625 0.3138513484375 0.465625 0.31389632343749996 0.465625 0.31227728125 0.4595218640625 0.32327385625 0.43271221249999997 0.33352018437500003 0.382431865625 0.333930765625 0.37067438125 0.3266204265625 0.365688084375 0.3082309109375 0.3737309796875 0.3001588234375 0.40322159687500003 0.3035744296875 0.42064787031249995 0.30167899062500003 0.4461170390625 0.3094932265625 0.4528194515625
1 0.2859808015625 0.49442435937500007 0.2669681265625 0.5014666125 0.26519166250000004 0.5045947578125001 0.2651012046875 0.50718515 0.2907149640625 0.525 0.2947115859375 0.525 0.3172389640625 0.5205813015625 0.353467125 0.5195752640625 0.367117871875 0.5125330109374999 0.364788221875 0.5024726484375 0.33427330781250003 0.49341832343750003 0.2859808015625 0.49442435937500007
1 0.2777397234375 0.59948440625 0.272525171875 0.6077995328125 0.2724917109375 0.608757753125 0.2839151625 0.6145749484375 0.3093591859375 0.61875 0.32637435937500003 0.61875 0.35623095781249997 0.616587021875 0.367235871875 0.60853873125 0.366141309375 0.601496478125 0.3489960890625 0.5934481890625001 0.294071434375 0.5924421515625 0.2777397234375 0.59948440625
1 0.29943824218750004 0.7319929765625 0.30073760781250003 0.7405019687500001 0.30447373906249997 0.7421875 0.30805969843750003 0.7421875 0.3252569625 0.7297781078125001 0.33053427812499997 0.6916578015625 0.3305969 0.6898645375 0.329562759375 0.6640944609375 0.3249070625 0.6533706015625 0.3148935109375 0.65203011875 0.307336340625 0.666775425 0.3001091609375 0.7127803765625 0.29943824218750004 0.7319929765625
1 0.3145403390625 0.75 0.3022616109375 0.75 0.297126146875 0.7522460625 0.293780365625 0.7616294406249999 0.2935693234375 0.7964819875 0.28874903281250003 0.8143711578125 0.2885692890625 0.8195183500000001 0.294364315625 0.8313345343749999 0.303371834375 0.8326750171875 0.3116541765625 0.8259726046875 0.3186266078125 0.799162953125 0.31902489218749996 0.758948475 0.3145403390625 0.75
1 0.294520909375 0.8726704562500001 0.2911981375 0.9102039671875 0.29557297031249996 0.9289707234375 0.30106254374999997 0.934375 0.3028955875 0.934375 0.316723528125 0.8994801078125001 0.3174026765625 0.8512227343750001 0.3088164578125 0.8378179093749999 0.292351734375 0.8454357187499999 0.29212659531249996 0.8518828484375 0.294520909375 0.8726704562500001
1 0.312638346875 1 0.3142375125 0.95420585625 0.305791725 0.9367795828125001 0.2889461734375 0.9582273046875001 0.2863629 0.9721893359375 0.28539173125 1 0.312638346875 1
1 0.11055737031249999 0.9858400390625001 0.06804837500000001 0.9747736421875001 0.0353498203125 0.9898641859374999 0.0293387203125 0.9984375 0.12561163125000002 0.9984375 0.11055737031249999 0.9858400390625001
1 0.0890574515625 0.874427990625 0.086488109375 0.92385965 0.0861504625 0.93352859375 0.10559755156249999 0.9481545312499999 0.115073175 0.9360901890625 0.1093186078125 0.8704065421875 0.0997049046875 0.8625 0.0994206453125 0.8625 0.0890574515625 0.874427990625
1 0.0690041109375 0.7832034125 0.060909010937499994 0.7845438953125 0.0585692640625 0.7939272734375 0.07840833593749999 0.85961091875 0.08827565781249999 0.8640625 0.0907352515625 0.8640625 0.096797853125 0.8515680234375 0.09696208437500001 0.8180559593750001 0.10361450937500001 0.7913769187499999 0.1036952359375 0.7890652031250001 0.10124408124999999 0.7818629296874999 0.0904117359375 0.77516051875 0.08795535625 0.7590747265625 0.083978021875 0.75773424375 0.077801371875 0.761755690625 0.0690041109375 0.7832034125
1 0.0573468984375 0.689293575 0.032951346874999995 0.7119302625 0.03292383125 0.7127182140625 0.060612657812500005 0.728125 0.0634290625 0.728125 0.0977776484375 0.7214867328125 0.11922536875 0.7214867328125 0.1288898 0.71343844375 0.129241115625 0.70337808125 0.11213102500000001 0.69432375625 0.0573468984375 0.689293575
1 0.0564730703125 0.6200301515625 0.055600899999999995 0.6450058203125 0.0628428421875 0.6578125 0.0631683921875 0.6578125 0.09667021718749999 0.6151580437499999 0.0822120109375 0.568241153125 0.07421053125 0.5669006703125 0.0699991453125 0.5722626015625 0.06384550781250001 0.6044341828124999 0.0564730703125 0.6200301515625
1 0.1153908671875 0.5053019140624999 0.116865009375 0.4918970890625 0.1109462125 0.45972550781250004 0.079384603125 0.4704493671875 0.06961028281250001 0.5122944796875 0.069123575 0.5262319640625 0.0703056921875 0.557580734375 0.07500819843749999 0.5669641125 0.0891863265625 0.5642831484374999 0.100954884375 0.544175909375 0.1080677484375 0.513344809375 0.1153908671875 0.5053019140624999
1 0.088501878125 0.3730643734375 0.0767801296875 0.3918311296875 0.071960203125 0.4146193359375 0.0709452796875 0.4293210171875 0.0704053640625 0.444782175 0.09202870468749999 0.475 0.09347139531250001 0.475 0.10394232031249999 0.44947188125000004 0.115430015625 0.43740753750000005 0.11915028593749999 0.41730029999999996 0.10576793749999999 0.3971930609375 0.1003870703125 0.37842630625 0.088501878125 0.3730643734375
1 0.0955234921875 0.28287450625 0.091662790625 0.3070031921875 0.0839336796875 0.3258467625 0.08320616875 0.3466799625 0.0832162171875 0.34721766875000004 0.0937208875 0.363303459375 0.1006091125 0.365625 0.10199157343750001 0.365625 0.11110436718750001 0.3552605640625 0.1111749765625 0.3244294640625 0.12135275781249999 0.292257884375 0.1211893140625 0.26812919687500003 0.11634637656249999 0.262767265625 0.0955234921875 0.28287450625
1 0.0663738546875 0.174566146875 0.0433045984375 0.18261443593749999 0.0305163734375 0.199984909375 0.030444471875 0.20204387031249998 0.0707148078125 0.2125 0.08177620625000001 0.2125 0.1365060109375 0.20072308906249997 0.1451110125 0.184626509375 0.12401460625 0.174566146875 0.11459609687500001 0.1755721828125 0.10810447187500001 0.169535965625 0.0663738546875 0.174566146875
1 0.0839469375 0.09736758281249999 0.08932780625 0.1161343390625 0.095453346875 0.1203125 0.0979166984375 0.1203125 0.115321303125 0.092005653125 0.11788565468750001 0.0694957484375 0.1180156953125 0.0657718875 0.10842026874999999 0.030343453124999996 0.10060603125 0.023641040625 0.085141003125 0.034364903125 0.07968952500000001 0.0464292453125 0.0771387375 0.09066516875 0.0839469375 0.09736758281249999