1 0.026074315625 0.1123858515625 0.0298705265625 0.119221071875 0.0631046953125 0.13039000781250001 0.09398040625000001 0.13018728125 0.104006446875 0.12960333125 0.11408145 0.12677339999999998 0.11447249687500001 0.1155752515625 0.1136401203125 0.10829376875 0.1044178 0.10278262812500001 0.0802295859375 0.10217533906250001 0.0616438484375 0.0951934625 0.0345133046875 0.1018138703125 0.026074315625 0.1123858515625
1 0.14869961874999998 0.114451759375 0.1950164421875 0.12118395781249999 0.216424275 0.11993709374999999 0.23464628906249999 0.1125399234375 0.2346634484375 0.1120485453125 0.2273605640625 0.0957576296875 0.18589905 0.08910006875000001 0.1575618890625 0.0917585671875 0.1411071953125 0.10078131718750001 0.13678188125 0.10909760937499999 0.14869961874999998 0.114451759375
1 0.2724412234375 0.1041999015625 0.329695925 0.1008651953125 0.33814882812499997 0.09572226874999999 0.3383686671875 0.0894268921875 0.32415955625000004 0.07729320468749999 0.3134131578125 0.0769110640625 0.2756420359375 0.080119028125 0.25521476249999997 0.0873570609375 0.25347904374999997 0.0985466671875 0.2724412234375 0.1041999015625
1 0.4097605421875 0.09591825937500001 0.4156390109375 0.06469765937500001 0.41614690000000004 0.0501536296875 0.41302967031250004 0.031169398437500002 0.40561522656250004 0.0278332296875 0.404746640625 0.0278838203125 0.39989835625 0.031934209375 0.38953674375 0.06885183593750001 0.3874912578125 0.0985602640625 0.39332298906249996 0.129905103125 0.3937212546875 0.12988190625 0.4097605421875 0.09591825937500001
1 0.4835062484375 0.1230932046875 0.49437310781250005 0.119156703125 0.4975446 0.11493708437500001 0.5010259968749999 0.07545705 0.5018576875 0.051640510937499995 0.50027425625 0.0367699671875 0.4936672390625 0.0351793609375 0.49063919375 0.0353557234375 0.48286722187500003 0.04450865 0.4733274609375 0.08675828125 0.4715643515625 0.10838045468749999 0.47724845312499997 0.118809134375 0.48057695312500004 0.12326381718749999 0.4835062484375 0.1230932046875
1 0.5840539390624999 0.092287815625 0.6031525546875 0.0911754484375 0.6250539875000001 0.07566945625 0.605296909375 0.0637155703125 0.5323442609375 0.0730048109375 0.5292255625 0.0852830125 0.5572805328125 0.090705321875 0.5840539390624999 0.092287815625
1 0.6230017625000001 0.08774858437500001 0.6348666734374999 0.0877689890625 0.6682978078125 0.085821846875 0.6836839359375 0.083206203125 0.698685103125 0.0772922515625 0.7040110265624999 0.06763459375 0.704046934375 0.06660629375 0.6978664953125 0.062219232812500004 0.6790691171875001 0.06129796093749999 0.635766065625 0.068860309375 0.6207649 0.0747742609375 0.6177872953125 0.083012059375 0.6230017625000001 0.08774858437500001
1 0.7535433140625 0.0848596703125 0.7943415375 0.0707893265625 0.7948147890625 0.057237160937499997 0.7829034078125 0.052908240625000005 0.735839415625 0.052625267187500005 0.7195610890624999 0.0565975109375 0.7084619562500001 0.06631638125 0.726765503125 0.081379065625 0.7535433140625 0.0848596703125
1 0.8886376171875 0.0734737515625 0.89272836875 0.0665069609375 0.8927461593749999 0.0659975109375 0.8838111578125 0.057626115624999995 0.837478175 0.052578382812500005 0.8338638250000001 0.052788893749999996 0.808445278125 0.0589915390625 0.8027722562499999 0.06738632812499999 0.8253305718749999 0.076152921875 0.8689924828125 0.0803700015625 0.8717742203125001 0.080207984375 0.8886376171875 0.0734737515625
1 0.9722574281249999 0.0821521140625 0.986347503125 0.0647941515625 0.9864327656249999 0.062352528124999994 0.97057318125 0.050130718750000004 0.91244533125 0.058556514062499995 0.902693909375 0.0681968890625 0.910392153125 0.0788370296875 0.9709322546875001 0.082229296875 0.9722574281249999 0.0821521140625
1 0.92334430625 0.19225755312499998 0.9097261218750001 0.197082909375 0.918736803125 0.20865465625000001 0.9398768625 0.2195199453125 0.9417865843750001 0.2195878546875 0.9531061624999999 0.2189285640625 0.9908375656249999 0.2041344421875 0.9912924890625 0.19110712968750002 0.9906592015625 0.19035300156249998 0.92334430625 0.19225755312499998
1 0.8065919375 0.2076736125 0.8143960046875 0.21528345 0.8447749375000001 0.2221194953125 0.8528916171875001 0.221646753125 0.888308353125 0.2170268265625 0.893918703125 0.2110327921875 0.894279775 0.20069305 0.8942635624999999 0.200551228125 0.8715994281249999 0.1948149390625 0.84194983125 0.19654183125 0.827266128125 0.193364871875 0.8095695453125 0.1994358140625 0.8065919375 0.2076736125
1 0.7613611140625001 0.25192695 0.7631234890624999 0.250307009375 0.764662965625 0.2062221921875 0.762300934375 0.17192648593749998 0.752623490625 0.160385421875 0.7411829375 0.1704665328125 0.7406146734375 0.2444728578125 0.7588992234374999 0.2520703390625 0.7613611140625001 0.25192695
1 0.6327057390624999 0.21446461718749998 0.6781045578125 0.22391699687500002 0.6881091921875 0.2250069484375 0.6907264 0.22485451250000002 0.7066886328125 0.21418779062499999 0.7084774921875 0.2076505703125 0.7086922296875 0.20150129374999998 0.7046281375000001 0.1961629625 0.688596725 0.1930645 0.6319929515625 0.19636129375 0.6224178953124999 0.2009511640625 0.620823271875 0.2081003671875 0.6327057390624999 0.21446461718749998
1 0.5594811296875 0.2557540140625 0.571906496875 0.2752048359375 0.5778949796874999 0.27664653281249996 0.5813244671875 0.27644678906250003 0.5965279046874999 0.24309432968750003 0.5970046140624999 0.2294431515625 0.5968801515625 0.223986478125 0.58626495625 0.1815657734375 0.5752950343750001 0.17816979375 0.562091371875 0.2098730796875 0.5585904390625 0.2235266640625 0.5594811296875 0.2557540140625
1 0.512450859375 0.25706838906249996 0.5201052359375 0.2435493703125 0.5202440140625 0.239575253125 0.49943329375 0.235242303125 0.49026379374999995 0.2287335203125 0.49014485937499996 0.228740446875 0.4523340296875 0.23596943124999997 0.44538384375 0.2424225125 0.447832346875 0.249336228125 0.4743985171875 0.2588774390625 0.4896294046875 0.2583975875 0.512450859375 0.25706838906249996
1 0.3762056984375 0.2665630875 0.41215001874999996 0.2644695703125 0.44025314687500006 0.25290384062500004 0.4402561359375 0.25281823124999997 0.425835015625 0.244639665625 0.40444804218749997 0.24084508124999998 0.3613919046875 0.24133672343749998 0.34092935625 0.24958485625 0.343272040625 0.2595288765625 0.3762056984375 0.2665630875
1 0.313272446875 0.282703109375 0.3228543171875 0.27180070624999997 0.3352723328125 0.2674006078125 0.335331396875 0.26570922812500003 0.3235245140625 0.2526087875 0.2656083046875 0.254973975 0.25046604375000003 0.2649283328125 0.26078916093750004 0.27743168281249997 0.30280858906249997 0.283312559375 0.313272446875 0.282703109375
1 0.2186609140625 0.2975695359375 0.2231582671875 0.29730759375 0.2270065234375 0.2866610703125 0.227235065625 0.2801164515625 0.2118689765625 0.2701394875 0.1673945828125 0.272729825 0.15108098125 0.2777121703125 0.142712540625 0.28626394843749997 0.1571846046875 0.2955015125 0.2186609140625 0.2975695359375
1 0.0157728828125 0.3027653375 0.01960436875 0.308590459375 0.03567105625 0.3106788203125 0.06536204062499999 0.31117614374999997 0.0817110046875 0.31022392499999996 0.097665665625 0.3070680453125 0.103409234375 0.29665305625 0.0768430640625 0.2871118453125 0.027013109375 0.28900606406249996 0.0188210359375 0.29250733906250004 0.0157728828125 0.3027653375
1 0 0.48719695312500005 0.0006540765625 0.4893446078125 0.031263371875 0.49865033125 0.082370490625 0.4986978203125 0.0960592203125 0.49185226249999997 0.099975675 0.48605679999999996 0.1000429890625 0.48412918281249995 0.0980418515625 0.47359195 0.0807685515625 0.4675416796875 0.0486716421875 0.46652112968750004 0.0453833296875 0.4667126515625 0.020156925 0.4700638578125 0 0.48050919375 0 0.48719695312500005
1 0.17145467812499998 0.5119286515625 0.1852448734375 0.492295915625 0.190860134375 0.47582925 0.193069228125 0.45474149375 0.193974640625 0.428813903125 0.1898535421875 0.4180542625 0.1808567578125 0.41588833125 0.175618003125 0.4215733234375 0.1669000890625 0.46915495781249994 0.16600589062499999 0.4947614265625 0.17145467812499998 0.5119286515625
1 0.28893858125 0.46812039375000003 0.306748996875 0.46708305625 0.33044125625 0.45791765156249997 0.341325153125 0.45129565781250003 0.3416416703125 0.44223177187499996 0.325932259375 0.43297910625 0.3015324046875 0.4384324234375 0.259823975 0.43884557031250004 0.250072553125 0.44848594375 0.249790365625 0.456566753125 0.28893858125 0.46812039375000003
1 0.3665615984375 0.445079484375 0.4067614578125 0.4487834171875 0.41496166875 0.44830580937500003 0.435522109375 0.43303614843749993 0.4356655671875 0.4289280578125 0.409292959375 0.415373409375 0.391596375 0.4214443515625 0.3647127453125 0.4209940515625 0.348271271875 0.43099739687499994 0.3482690046875 0.4310623234375 0.3665615984375 0.445079484375
1 0.510789284375 0.44272448593749997 0.5189329953125 0.438258971875 0.5231909124999999 0.42310596718750004 0.5232454125 0.4215453109375 0.5096198453125 0.4069281921875 0.5072629578125001 0.40706546406250005 0.45636669531249996 0.41972602031250006 0.445373384375 0.42641458749999994 0.4490285015625 0.43729021250000005 0.48378674374999997 0.443330146875 0.509611053125 0.442793109375 0.510789284375 0.44272448593749997
1 0.5559223531249999 0.39577699375000003 0.546853221875 0.424549534375 0.5454195546875 0.4367377453125 0.55467343125 0.46040819062500005 0.5632379656250001 0.46305952812499995 0.566095134375 0.46289311718750004 0.5862471625000001 0.42225509843750003 0.59444738125 0.38949826249999997 0.5852405703125 0.3644801109375 0.5719680687500001 0.36928805 0.5642855390625 0.3872200875 0.5559223531249999 0.39577699375000003
1 0.653462009375 0.44532999999999995 0.6648797578125001 0.4446649921875 0.6719698328125 0.43963922499999997 0.6752894375 0.398928715625 0.6762752796875 0.3706979078125 0.6737364515625 0.3601832296875 0.6668069328125 0.356551925 0.6586319984375 0.359717996875 0.654309215625 0.3680395765625 0.6519090015625 0.43677273124999993 0.653462009375 0.44532999999999995
1 0.7892963078124999 0.407791434375 0.8011273062500001 0.4020179296875 0.8063862515625001 0.3956709375 0.8065455796875 0.3911083796875 0.8017622296875 0.38383611093750003 0.762819765625 0.38207206562499996 0.7303689328125 0.3869862515625 0.7326763406250001 0.397940371875 0.777922428125 0.4084538875 0.7892963078124999 0.407791434375
1 0.8387450890625001 0.4329791671875 0.8401261578125 0.4328987296875 0.866531003125 0.4173038078125 0.8762814656250001 0.3588720875 0.876399353125 0.35549623124999996 0.8692135953125 0.34048440156250004 0.8601226859375 0.3410138859375 0.8538267671875 0.34810542031249997 0.8390345625 0.39846161874999997 0.83893910625 0.401195125 0.8387450890625001 0.4329791671875
1 0.94317360625 0.44249011875 0.9615444562500001 0.42054161562500003 0.9719489765624999 0.3878077015625 0.9721660546875001 0.38159139999999997 0.9616203125 0.331769325 0.9464687968750001 0.3326518 0.9371172874999999 0.36951059218750004 0.93464823125 0.41134840156249997 0.9424515421875 0.442532175 0.94317360625 0.44249011875
1 0 0.699636109375 0.0354176546875 0.7027507125 0.051877782812499995 0.70179201875 0.070840903125 0.695227178125 0.0759453953125 0.68300941875 0.0761905578125 0.6759888843749999 0.0703397578125 0.6710632484375 0.0393777265625 0.671858534375 0.0073501765625000005 0.6646515078124999 0 0.66922515625 0 0.699636109375
1 0.1573831953125 0.6925122515625 0.1639101 0.6981803828124999 0.19598421562499999 0.7027547078125 0.21062130781250002 0.70190219375 0.2203727796875 0.698923990625 0.22041641875 0.698642659375 0.22083397031250002 0.686685528125 0.20380494843750002 0.6726717 0.15166758281249998 0.6636117984375 0.12205326093749999 0.664328590625 0.11109522187500001 0.670007053125 0.126738625 0.6842166296875 0.1573831953125 0.6925122515625
1 0.2841281484375 0.706976840625 0.284845321875 0.70693506875 0.29761880625 0.6997646734375 0.30295168906250003 0.6913842625 0.3079023234375 0.6492968546875 0.308202596875 0.6406981765624999 0.3033787640625 0.6214210640625 0.29548620937500003 0.61650088125 0.2863011734375 0.619725784375 0.2793934328125 0.644337534375 0.2758672140625 0.6875818828125 0.2841281484375 0.706976840625
1 0.3474172296875 0.6601625265625 0.3711867015625 0.664482528125 0.38274138281250003 0.66380954375 0.3944812203125 0.6604455 0.420052415625 0.65996419375 0.4270731484375 0.651490909375 0.4389865640625 0.6463991421874999 0.438991059375 0.6462704109375 0.4339175125 0.64806813125 0.40731607031249994 0.6395370218750001 0.3537251765625 0.6335859187499999 0.345638921875 0.6340568890625 0.33996590000000004 0.642451678125 0.3474172296875 0.6601625265625
1 0.46234888906249993 0.656054290625 0.50785586875 0.6534038109375 0.5138871046875 0.6529273124999999 0.53300194375 0.6447576749999999 0.5342409890625001 0.6425108749999999 0.5343775515625 0.638600246875 0.5082420375 0.62200665625 0.4824592015625 0.62854856875 0.44603578749999995 0.6316780375 0.43231178437500006 0.639533696875 0.4346544671875 0.649477715625 0.46234888906249993 0.656054290625
1 0.5521531296875 0.6402897796875 0.6073739203125 0.63808158125 0.62379334375 0.6300689328125 0.62850593125 0.6223045546875 0.6285777140625 0.6202489609375 0.6175839 0.61530989375 0.5867629640625001 0.612064775 0.5448781671875 0.6175284265625 0.5338143078125 0.6262371953125 0.534915103125 0.6332294078125 0.5521531296875 0.6402897796875
1 0.6289122625 0.6169353046875 0.62721181875 0.6271148109375 0.6417897031249999 0.6333220703125 0.6912132671875 0.6364871703125 0.704945059375 0.6356873859375 0.7157725968750001 0.6330452453125 0.71867965625 0.6268276484374999 0.7058374890625 0.6094307828125001 0.6668950265625 0.6076667359375 0.639870303125 0.6112568390625001 0.6289122625 0.6169353046875
1 0.7255822515625 0.6288251640625 0.7320386078125 0.6365134953125 0.7558815203125 0.640517284375 0.785107228125 0.63881508125 0.7992476859375001 0.6376392453124999 0.8074595640625001 0.6328541578125 0.8079810265624999 0.61792143125 0.8067622468750001 0.6150245484375 0.7974341046875 0.6125437109375 0.7623584 0.615594684375 0.740971425 0.6118001 0.727247421875 0.619655759375 0.7255822515625 0.6288251640625
1 0.8483664687499999 0.6269506515625001 0.8846608 0.6267794578125 0.8863090453125 0.6266834578125 0.9050760625000001 0.6206235546875 0.911023825 0.6142690359375 0.9110731187500001 0.6128574375 0.8761319375 0.6021484265625 0.8275791437500001 0.6059843515625001 0.81378459375 0.6158602109375 0.8203583609375 0.6305246484375 0.8353119484375 0.6296537 0.8483664687499999 0.6269506515625001
1 0.9127654046875 0.6090498265625001 0.9127583140625 0.609252871875 0.9336013875000001 0.624047909375 0.9535488750000001 0.625885828125 0.9761556625000001 0.6245691328125 0.977137809375 0.5964441328125 0.9301784140624999 0.59917920625 0.9127654046875 0.6090498265625001
1 0.95574956875 0.8011813796875 0.9431324406250001 0.8449552125 0.95715444375 0.8764177515625 0.9656173593749999 0.88169349375 0.969001175 0.7847937093749999 0.95574956875 0.8011813796875
1 0.9104347640625001 0.8224613359375 0.9181238640625 0.81282878125 0.918176103125 0.8113328203125001 0.90709710625 0.8024948000000001 0.8478331890625 0.8049384843749999 0.8323029203125 0.8260039499999999 0.8428438312500001 0.8334862031249999 0.8521431578125 0.8329445796874999 0.9104347640625001 0.8224613359375
1 0.808681134375 0.865166309375 0.8158076859375001 0.8536627234375 0.8320860140624999 0.8496904781250001 0.83269175625 0.848014640625 0.8328172890625 0.8444198859375 0.8297433328125001 0.8397464578125 0.808462178125 0.8329215718749999 0.8073966546875001 0.8249192593749999 0.7988368218749999 0.8235747437500001 0.7975119625 0.8236519078125 0.7312194890625 0.8495170046875 0.7254053703125 0.8619521984375 0.73867081875 0.8672278531250001 0.772398815625 0.8642553749999999 0.8004890609374999 0.8686675828125001 0.808681134375 0.865166309375
1 0.6925929375 0.8685535812499999 0.7141562796875001 0.8672976609375 0.7231446375 0.8593138421875001 0.7235313156250001 0.8482408640625 0.7070224109375001 0.840495903125 0.6519427125 0.8386636968750001 0.6268726625000001 0.8633089328124999 0.6520155734374999 0.8757871250000001 0.667307915625 0.874896446875 0.6925929375 0.8685535812499999
1 0.5745400765625 0.8896554906249999 0.5789460828124999 0.8893988703125 0.6236203625 0.8717020468750001 0.62465574375 0.8665189046874999 0.6247715406250001 0.8632029359375 0.6200005187500001 0.8598163203125001 0.5878318734375 0.8566496984375 0.5719062796875 0.85052093125 0.5476475203125 0.85193384375 0.53388824375 0.8607996015625 0.5745400765625 0.8896554906249999
1 0.4572815 0.8737109375 0.4558007671875 0.887246859375 0.46153502656249995 0.91806779375 0.46505328125 0.917862878125 0.4934315984375 0.9065745968750001 0.503092521875 0.8646891859375 0.50366843125 0.848197271875 0.5025513015625 0.8186205281250001 0.49783023593750003 0.809480725 0.4835946953125 0.8129997875000001 0.4717776390625 0.8338625687500001 0.4646345828125 0.8652128625 0.4572815 0.8737109375
1 0.3392666171875 0.8811236125 0.3577465328125 0.8911357921875 0.376663434375 0.8933838828124999 0.41244988749999995 0.891299559375 0.44216654218749996 0.8679084906250001 0.44221076249999997 0.8666421828124999 0.41672094375 0.8584675734375 0.40497957500000004 0.84806291875 0.3848697625 0.8462100421875001 0.364160296875 0.8615288828125 0.34508073281249996 0.8686884203125 0.3392666171875 0.8811236125
1 0.26189814375 0.919816109375 0.2665989546875 0.9247435609375 0.26694551875 0.9247233765624999 0.2876683625 0.9035205203125001 0.2915458 0.8790852640625 0.2989648265625 0.8605801453125 0.2997587484375 0.8378452203125001 0.28948204375 0.8227168171875 0.2814953609375 0.820492053125 0.2720279484375 0.8318032093750001 0.2719555984375 0.86274168125 0.2617351765625 0.89561618125 0.26189814375 0.919816109375
1 0.137928040625 0.921322534375 0.177416665625 0.9142786859375001 0.2006099046875 0.9048634609375 0.21386883281250002 0.8861410078124999 0.2139185109375 0.8847184125 0.16954367343750001 0.8758201171875 0.16616090625 0.876017140625 0.1069052046875 0.8921763 0.0982545765625 0.9088088859375001 0.1194651828125 0.917653975 0.12893441875 0.9160944078125001 0.1351415359375 0.9214848296874999 0.137928040625 0.921322534375
1 0.0230753359375 0.9250719265624999 0.0284770578125 0.9435868609375 0.034905175 0.94759411875 0.0369838453125 0.9474730499999999 0.054576718749999996 0.917857309375 0.0555785421875 0.9090146453125 0.05631697812499999 0.887868625 0.047650709375 0.8563921859375 0.039805215625 0.8501242937500001 0.024277196875 0.861788440625 0.0188031234375 0.8742119796875001 0.016239942187500002 0.9187452046875 0.0230753359375 0.9250719265624999