1 0.8906843875 0.0020344515625 0.8906007765625 0.0025871109375 0.8902603671874999 0.0109413546875 0.8982346609375 0.017565353125 0.9117707453125 0.0200793265625 0.923687078125 0.0400306140625 0.9316335640625001 0.045837871875000005 0.9650601046875 0.05111781875 0.9873700078125 0.061449021874999996 0.9945767312499999 0.062427884375 0.99551479375 0.0623896609375 0.9975980640625 0.011262540625000001 0.9966995828125 0.0109986109375 0.9540613078125 0.00864861875 0.9032336421875 0.0006337875 0.9010249124999999 0.0007237859375 0.8906843875 0.0020344515625
1 0.9190925999999999 0.09996525 0.91157724375 0.1058916078125 0.9112192234375 0.1090994640625 0.9108021624999999 0.1193348671875 0.9127731453125 0.121170509375 0.9428379874999999 0.122252590625 0.9934423000000001 0.120190621875 0.9948771781250001 0.08497619375 0.9623147609375 0.0879856609375 0.9190925999999999 0.09996525
1 0.9727014640625 0.157653165625 0.9630813796875 0.168046734375 0.9583563421875001 0.1836962546875 0.9492929078125 0.1804286234375 0.9471271359375001 0.1849269015625 0.9458086124999999 0.2172857984375 0.9745715796875001 0.21611379687499999 0.974035684375 0.18760354375 0.971922153125 0.17677885 0.9742290046875001 0.17032020781249999 0.9747485453125 0.157569753125 0.9727014640625 0.157653165625
1 0.929140459375 0.21366710000000003 0.9293078546875 0.21820645156250001 0.9310502859374999 0.2381386171875 0.9424295375 0.2922989625 0.9437015546874999 0.29224713125 0.952113134375 0.2854698109375 0.9607916671875 0.2605668484375 0.96923976875 0.2538579734375 0.9690697593750001 0.23295250312500002 0.965999715625 0.2121652 0.929140459375 0.21366710000000003
1 0.9217023 0.27294435156249996 0.9200715265625 0.2746767046875 0.9198837328125 0.279285490625 0.9203447671875 0.2811827796875 0.919668671875 0.2845634546875 0.9186572906249999 0.3093845140625 0.9213587953125 0.3566079390625 0.9221580171875001 0.3633207234375 0.9599447812499999 0.36178102968750003 0.9571827468749999 0.355148225 0.9551805453125001 0.3415912890625 0.9559598578124999 0.32246560625 0.94552509375 0.290158340625 0.936246771875 0.2796255875 0.9217023 0.27294435156249996
1 0.9475788671875 0.33262169375 0.9430764921874999 0.342806734375 0.93521438125 0.347673265625 0.9301337843749999 0.34697105 0.9263658390625 0.35167075312499996 0.9241547718750001 0.3808563578125 0.9216342796875001 0.389455315625 0.9214611312500001 0.3937046515625 0.9226410312500001 0.4054673734375 0.9225156921875 0.40854341562499996 0.962830546875 0.40690071093749997 0.9635455796875 0.404709878125 0.9688721484375 0.36175880625 0.9662839546875001 0.350044215625 0.9604024750000001 0.34391922343750003 0.9558043125 0.33137729843749997 0.9475788671875 0.33262169375
1 0.9495330109375001 0.4175363265625 0.9584319484374999 0.42228293125 0.9571249937499999 0.43204368593750003 0.9230937125 0.4416050921875 0.9067628265625001 0.44073776093749994 0.9054553765625 0.441968546875 0.905382165625 0.44376527968749996 0.9755189468750001 0.46098039999999996 0.97956289375 0.46081562187499997 0.98148724375 0.41358870468750003 0.95611676875 0.41215884843749995 0.9495330109375001 0.4175363265625
1 0.9543747078125 0.47712169531250004 0.9521778578125 0.48640778906250004 0.9415791546875001 0.489905178125 0.9143762843750001 0.49101360937500005 0.9143341609375 0.4920473875 0.918021459375 0.4990398171875 0.932920271875 0.5127385265625 0.933601634375 0.51833089375 0.917931259375 0.5235677015625 0.912785790625 0.53004709375 0.912689140625 0.532419059375 0.9168618125 0.5335662546875 0.9230273828125 0.533315028125 0.9266633734375 0.5324084734375 0.9317696 0.532958809375 0.9766978796875 0.5311281218749999 0.9786921656249999 0.4821848359375 0.9742443125 0.48039943906250004 0.9543747078125 0.47712169531250004
1 0.92766105 0.545605465625 0.9257693124999999 0.5456825484375 0.917719990625 0.557671703125 0.913432503125 0.5751218640625 0.9032635390625 0.586447034375 0.90592869375 0.6354056203125 0.95453993125 0.6334248640625 0.9545208609375001 0.632547896875 0.9470082796874999 0.6037585 0.9463342703125001 0.5701442796875 0.9415134453125 0.5630668375 0.9360772890625 0.546012884375 0.92766105 0.545605465625
1 0.9467406046875 0.6816127937500001 0.950656990625 0.6732701015625 0.953260725 0.6595254859375 0.9542255875000001 0.63584606875 0.95711843125 0.627545084375 0.9579342484375 0.6011440359375 0.9138566687499999 0.6029400593750001 0.9007757312500001 0.633380953125 0.8999538749999999 0.6535507468749999 0.9133952593749999 0.6347820750000001 0.918075415625 0.632772903125 0.9212124906250001 0.64355589375 0.92005430625 0.684518646875 0.9223533890625 0.690789609375 0.9467406046875 0.6816127937500001
1 0.9067537296875001 0.7163673187499999 0.9065240484375 0.7220041015625001 0.9071157 0.725230734375 0.9350152015625 0.7322686546875 0.9411789078125 0.7322433484374999 0.968548503125 0.731128121875 0.9697949796875 0.7005374125 0.9121699078125 0.7127626874999999 0.9067537296875001 0.7163673187499999
1 0.8992685140625 0.7852191984375 0.8974136500000001 0.8307408031250001 0.9318463843749999 0.8293377765625 0.9315339312500001 0.818774215625 0.9273146375 0.784395221875 0.9206029390625 0.7610286 0.9167840859374999 0.7293609921875001 0.8992685140625 0.7852191984375
1 0.9159201156250001 0.8089852000000001 0.9184867375 0.79615133125 0.9152461046875 0.77537098125 0.91190055 0.7739939 0.9108096828125 0.7740383484375 0.8901244578125 0.7900331296875 0.884004778125 0.8148318234374999 0.8766621875 0.8877429687499999 0.911680340625 0.8863160875 0.9130997484375 0.8782019578125 0.9358265187500001 0.8345418828125 0.9372211640625 0.8253927078125001 0.9354338500000001 0.8191008921874999 0.9171585437499999 0.8162086140625 0.9159201156250001 0.8089852000000001
1 0.9196303374999999 0.8481121796875 0.91455605625 0.84408145625 0.9138031484375 0.844112134375 0.897253096875 0.8581163281249999 0.8888714437499999 0.875733315625 0.8835526437500001 0.9059547859375 0.883054671875 0.9432536984375 0.882014815625 0.946801284375 0.9187746875 0.945303434375 0.917817971875 0.9427464343749999 0.91932394375 0.9308650234375 0.9383276531250001 0.878264303125 0.9375638828125 0.87193078125 0.9206754484375 0.8726189312500001 0.9196303374999999 0.8481121796875
1 0.908886840625 0.9358980406249999 0.9036284640625001 0.9270199578125 0.9024349125000001 0.9061561921875001 0.8986082890624999 0.8872181875 0.8922521484375 0.8802033015624999 0.881645634375 0.8897278312499999 0.8809908406250001 0.8892399484375 0.8780031218750001 0.96256380625 0.8992353937500001 0.9616986578125 0.9080039703124999 0.9450263624999999 0.908886840625 0.9358980406249999
1 0.806415753125 0.950867628125 0.783834759375 0.9471894437499999 0.7573188359375 0.9508244906250001 0.742086378125 0.9453141125 0.719915659375 0.9538813171875 0.695429759375 0.9523244359374999 0.6789320515624999 0.9555512703125 0.63710025625 0.955723021875 0.625031165625 0.96183493125 0.6172292968749999 0.969179328125 0.6170656218749999 0.9731961953124999 0.8180539234375 0.9650065484375 0.8153563953124999 0.9545906937499999 0.806415753125 0.950867628125
1 0.737153278125 0.9388061578125001 0.7412181046875 0.9268204765625001 0.744948940625 0.9230315171875001 0.7445068015625 0.908804553125 0.7493710671875 0.8646603109375001 0.7471833171875 0.85565710625 0.74842951875 0.85015091875 0.7446693437499999 0.8421210234375 0.7400047265625 0.818670990625 0.73917450625 0.8014293609375001 0.7308826140625 0.791765646875 0.7234951640625 0.7975220703125 0.717895028125 0.809570309375 0.7102184671875 0.8098831046875 0.706821621875 0.8054753437500001 0.7031745375 0.85063918125 0.7014726328124999 0.8924069187500001 0.7012706484375 0.9166281609375 0.7040922875 0.9351524984375 0.6994229140625 0.9494358984375 0.6989775921875 0.9603648609375 0.701083790625 0.9697727171875 0.7367548687500001 0.96831923125 0.738710159375 0.9632920546875001 0.737153278125 0.9388061578125001
1 0.822420171875 0.8328697109375 0.7954522703125 0.825282909375 0.77814808125 0.8259880015625001 0.7670940015625 0.829503946875 0.673787553125 0.8210437890625 0.661676753125 0.828179240625 0.652485875 0.8305974234375 0.6333601921875001 0.8313767359374999 0.6320740890625001 0.8406257187499999 0.6363358796874999 0.8476049578125 0.648539765625 0.8530686031249999 0.6522497031250001 0.8587077031250001 0.6483773328125 0.8644856203125 0.6519577609375 0.8658724937500001 0.671952484375 0.8660796140624999 0.6852391015625 0.87058436875 0.6989698843750001 0.8700248828125 0.713700865625 0.8679549453125001 0.7846974109375 0.8660838984374999 0.79577234375 0.86205618125 0.8167820796875 0.8596673375 0.82721735625 0.8490237125 0.822420171875 0.8328697109375
1 0.6810626531249999 0.8147727703125 0.719376578125 0.8116788328125001 0.7292905249999999 0.8138294765625 0.7448983421875 0.81012798125 0.7684943453125 0.8112102015625 0.7840604531250001 0.808532246875 0.7948642968749999 0.8111575515625 0.8186062734374999 0.8086573765624999 0.82438355 0.8007581546875 0.8165413328125 0.7923920421874999 0.7862432390625 0.7772771234375 0.7553195500000001 0.7775153234375 0.7484089328125 0.7686003328125001 0.7226786374999999 0.7752688937500001 0.7045888203125 0.7729404703125 0.6673316125000001 0.7724149 0.648143371875 0.7747295249999999 0.6272379015625 0.7745595140625 0.6249812046875001 0.7789338906250001 0.6248521546875 0.7821010078125 0.626695721875 0.787865553125 0.65008319375 0.7940654828125 0.656187334375 0.8004587296875 0.64405568125 0.8081059515625 0.659329846875 0.8125927890625 0.6810626531249999 0.8147727703125
1 0.862431803125 0.71911135625 0.8502443796874999 0.7058130874999999 0.8323213859375 0.6993905 0.8010640515624999 0.7078170312500001 0.7883761546875 0.7068012625 0.7833078828125 0.6973002796875 0.776021909375 0.697597159375 0.77316455 0.7007791140624999 0.725638890625 0.706803003125 0.7057275796875 0.7045488015625 0.6865810421874999 0.705839884375 0.670041628125 0.7100902609374999 0.6551908046875 0.7266281390625 0.6551616484375 0.7273437031250001 0.6671357765625 0.736776559375 0.688826875 0.7399800828124999 0.690502396875 0.7434882578125 0.686630028125 0.749266175 0.691347853125 0.75178261875 0.694634903125 0.7516486812500001 0.7012228296874999 0.74816064375 0.71338955 0.7508844875 0.7252287078124999 0.7504020796875001 0.7623471296875 0.7431154140625 0.8233671656249999 0.7406290390625 0.83727860625 0.7339311390625001 0.8555352484375 0.7321653953125 0.862098153125 0.7272996875 0.862431803125 0.71911135625
1 0.8353806890625 0.6354669734375 0.7311452796875 0.6274521359375 0.7140496203125 0.6230395203125 0.7039896999999999 0.6244712734375 0.700033915625 0.6322962750000001 0.6934918640625 0.636650209375 0.670598075 0.6406485859375 0.6647944984375 0.64406794375 0.6646820546875001 0.6468275 0.665648134375 0.6505577812500001 0.6773210171875 0.6541695171875 0.68147854375 0.6637076093750001 0.7692996578125 0.6729021984375 0.793931528125 0.6708766859375 0.8020656890625 0.67207800625 0.8221855328125001 0.669214503125 0.8319109843750001 0.6711796328124999 0.8455081484375 0.670625590625 0.8503352703125 0.6701111703125 0.8577255109375 0.6672554374999999 0.860645428125 0.66253816875 0.8505505890625 0.6425126624999999 0.8344073828124999 0.6370393953125 0.8353806890625 0.6354669734375
1 0.8161114671874999 0.5640749578124999 0.789273921875 0.56216365 0.7881887937500001 0.562207865625 0.7750082703125 0.564217021875 0.7685081312500001 0.563009790625 0.751696315625 0.5636948203125 0.740441596875 0.5646036640625 0.7254108796875001 0.57645638125 0.7025170921874999 0.5804547578125 0.6995971734374999 0.5851720234375 0.692007640625 0.588734846875 0.691948475 0.5901868968749999 0.6972335000000001 0.5985522828125001 0.70532595625 0.600777146875 0.7229959828125 0.5985243859375 0.798180425 0.598015459375 0.801400659375 0.5991072625 0.809754509375 0.5987668687500001 0.8768174468750001 0.5871474296875 0.8852852578125001 0.5801604203124999 0.885681465625 0.5704367765625 0.875892634375 0.565215509375 0.846004815625 0.5623459765625001 0.8161114671874999 0.5640749578124999
1 0.8431669703125 0.5095772921874999 0.8324465375000001 0.5049049046875 0.820978790625 0.5074158640624999 0.8115202140625 0.5052466671875 0.8080440515625 0.5013009421875 0.8005912531250001 0.5056919875 0.785045996875 0.5078581718749999 0.7668310609375 0.5086003734375 0.75246764375 0.5040764265625 0.710489878125 0.5078305734375 0.6945275609375 0.520232171875 0.6711374546875 0.5266834499999999 0.6707832640625 0.535375940625 0.7090093109375 0.5441662953125 0.7209115781250001 0.542148553125 0.7426235296875 0.54484030625 0.7745807796874999 0.5440434796875 0.8106418609375 0.5425741046875 0.817325621875 0.5412855078125001 0.8209072078125 0.5421558234375 0.8245900421875 0.5420057593750001 0.8356239703125 0.5384962234375 0.871226509375 0.535001846875 0.8807301843750001 0.524907103125 0.8766143640624999 0.5143454671875001 0.8649623343749999 0.5102219625 0.8431669703125 0.5095772921874999
1 0.82189520625 0.417591834375 0.8201898828124999 0.3967489234375 0.8193147828124999 0.3931476421875 0.8116011125 0.3943711859375 0.802100128125 0.3893029140625 0.8000685859375001 0.36392712031249996 0.7969993859375 0.35438139375 0.7968362140624999 0.3543880421875 0.7928960265625 0.37694866562499996 0.78440304375 0.397297890625 0.779025565625 0.40388165000000004 0.772017765625 0.42443873437499996 0.7716118046875 0.43440171562499996 0.7716225734375 0.43509727812500004 0.776546959375 0.452172084375 0.7771545203125 0.47487819531250003 0.7803287046875 0.48475043749999996 0.7825086859375 0.50648324375 0.7820633640625 0.5174122046875 0.7786958609375 0.5248232984375 0.7792291984374999 0.549350903125 0.7765141343749999 0.5658277578125 0.791199275 0.5815956078125 0.7989671703125001 0.5836073609375 0.8006533578124999 0.5835386546875 0.8099570125 0.572648178125 0.8152309296875 0.5560670562500001 0.8166566546875 0.4959994734375 0.8200474703125 0.4503995734375 0.8188090406249999 0.4431761578125 0.82189520625 0.417591834375
1 0.795541965625 0.5216650859375 0.8044724984375 0.5031165015625 0.8068691140625001 0.4693771625 0.8066697656249999 0.43665283749999995 0.8018662234375 0.3413789234375 0.7881381734375 0.3146612578125 0.7723868656249999 0.3101470109375 0.7714007171875 0.3101871921875 0.7677709046875 0.3254927421875 0.7668802625 0.34735066406250004 0.7586718718750001 0.3691421546875 0.758089875 0.383425353125 0.76033683125 0.40762677812500003 0.7714611453125 0.448089059375 0.7731293578125 0.46984271718750004 0.78443145 0.5184808640624999 0.7873165249999999 0.5229094828124999 0.795541965625 0.5216650859375
1 0.7903865296875 0.27659605625 0.7763616015625 0.257164365625 0.7698199109375 0.25470321406249996 0.762684459375 0.2668140140625 0.752826175 0.30813126875 0.749005578125 0.339200925 0.7484411578125 0.36559172968750003 0.7477185015625001 0.36997729375 0.7469233078124999 0.389492759375 0.7477654046875 0.394714775 0.74595478125 0.42661176718749994 0.7475781109375 0.4620057734375 0.7535680625000001 0.4637845828125 0.7561996109375 0.46367735625 0.7697033546875 0.44564725000000005 0.7802822734375 0.3615666 0.7862906203125 0.3395001453125 0.791691409375 0.2947275796875 0.7926485015625 0.283777765625 0.7903865296875 0.27659605625
1 0.8167945484375 0.2820506484375 0.8138746328125 0.2867679140625 0.8055736453125 0.2896607578125 0.8001300171875 0.2893716484375 0.776825953125 0.2811246375 0.729015140625 0.271832515625 0.7208184203125 0.27216650625 0.6995584484374999 0.2806966 0.670581375 0.27778995625 0.6559677203125001 0.2794072609375 0.6530002328125 0.282711853125 0.652880359375 0.2856537328125 0.653791721875 0.2881815828125 0.6618007671874999 0.292453528125 0.6744678093750001 0.2939810703125 0.685188240625 0.29865345625 0.6981612937499999 0.3149852390625 0.7044114015625 0.31779609375 0.7788215515625 0.321406084375 0.797696996875 0.32676802031249996 0.8321385515624999 0.329452003125 0.8722114109374999 0.327819159375 0.885585009375 0.3170970015625 0.88566043125 0.3152460359375 0.8804149203125 0.3050043671875 0.84887243125 0.2981148890625 0.8298093078125 0.29735888906249996 0.8218211156249999 0.2925751734375 0.8248661531250001 0.28478728124999997 0.8167945484375 0.2820506484375
1 0.8849108593749999 0.2121688390625 0.8668001859375 0.2103521859375 0.8524784750000001 0.2048047 0.8362101515625 0.20240205625000002 0.8188225499999999 0.20515423125 0.8037360625 0.1960614578125 0.7962832640624999 0.20045250625 0.7880865406249999 0.200786496875 0.7772826984375001 0.1981611921875 0.714628846875 0.196115853125 0.7017115671874999 0.20072955937499998 0.683475778125 0.20198353125000001 0.6757101828125001 0.2140511390625 0.6664775953125 0.217492865625 0.6591916203125 0.2177897453125 0.657126290625 0.219733971875 0.6570940171874999 0.2205259875 0.6916865640625 0.22361857187499998 0.6975404640625 0.23615307031250002 0.7063976937499999 0.2419232171875 0.7381904234375 0.24267144687500003 0.7801264812500001 0.2399408421875 0.7845968046875 0.241802375 0.786209765625 0.2468458609375 0.79793939375 0.2513893109375 0.8025547968750001 0.2512012484375 0.8182318765625001 0.24196461406249997 0.8353692421875 0.24535368750000003 0.87293924375 0.238202696875 0.8898540125000001 0.2247404453125 0.8909941437500001 0.2190738578125 0.8849108593749999 0.2121688390625
1 0.8566194671874999 0.1237483859375 0.8446963468750001 0.12627789843749998 0.8402468781250001 0.123904596875 0.8395446625 0.1188239984375 0.834142740625 0.117511346875 0.8076059640625 0.1216581640625 0.784093371875 0.1185288609375 0.7340648562500001 0.119034603125 0.687345678125 0.1275802390625 0.6783424765625 0.125392484375 0.676214103125 0.134113775 0.67599889375 0.1393953875 0.7078690078125 0.1594429234375 0.715982315625 0.1611560140625 0.7762375765625 0.155124353125 0.7980537953125 0.1552572515625 0.8069318781250001 0.1605156296875 0.8314594828124999 0.16104896875000002 0.837647034375 0.165395134375 0.8457603421875 0.1671082265625 0.8580081156249999 0.1678265984375 0.86344175 0.1676051953125 0.872172 0.166032034375 0.893557090625 0.1544313171875 0.8886139375000001 0.141859709375 0.8824472390625001 0.1370017734375 0.8653307281249999 0.13310092812500002 0.8566194671874999 0.1237483859375
1 0.7300359000000001 0 0.7295919171875 0.01089611875 0.7287518953125 0.054758604687500004 0.7362938140625 0.09536685781250001 0.7348171812500001 0.119067128125 0.74074956875 0.16155943125 0.7484927765625 0.1769687234375 0.7506288390625 0.1768816859375 0.7573040125 0.1690680015625 0.7663458750000001 0.1477871765625 0.771834684375 0.138471178125 0.7776126031249999 0.13459880625 0.7770421515625 0.1109819484375 0.7636127265625 0.014241043749999998 0.7598248812499999 0 0.7300359000000001 0
1 0.7222363703125 0 0.718630653125 0.088490640625 0.7301977234375 0.095039184375 0.7320263515625001 0.09496467343750001 0.7407496234375001 0.0817567125 0.746060653125 0.064264846875 0.7502739218750001 0.048636178125 0.7528112046875 0.02398345625 0.7561787078125 0.0165723640625 0.7599294921874999 0 0.7222363703125 0
1 0.4054294875 0 0.40709346249999995 0.00520299375 0.5227515203124999 0.0229708140625 0.528980778125 0.0262934390625 0.5405766562500001 0.0278901734375 0.54738448125 0.027612776562500004 0.55181200625 0.023830375 0.5493508546875 0.0172886859375 0.5788284015625 0.007912829687500001 0.5872962125 0.0009258203125 0.59369229375 0.000154278125 0.5939427625 0 0.4054294875 0
1 0.6321791 0.0491712359375 0.5778887921875 0.0426977375 0.5586171375 0.047059445312499996 0.51869025 0.045109893750000005 0.5034786453125 0.039087746875 0.47282604843750003 0.032672928125 0.4639479640625 0.0274145515625 0.445733028125 0.028156753125 0.44020598906249997 0.0299147265625 0.4390450046875 0.036093084375 0.4541731984375 0.0441623171875 0.45845584375000004 0.050629784375 0.454625178125 0.0553841609375 0.423409546875 0.0627871546875 0.39790863593750003 0.0638262359375 0.373074309375 0.0702625890625 0.3730053265625 0.071955546875 0.37472290625000004 0.07498940312499999 0.38558930937499997 0.07607939375 0.393514940625 0.082398421875 0.40700931875 0.0859359359375 0.41253635937500005 0.0841779640625 0.4279564953125 0.0850824046875 0.4293817796875 0.094731828125 0.42277717031249995 0.1006210765625 0.4252614921875 0.10122476093749999 0.451704134375 0.1001473046875 0.5097777375 0.0853248921875 0.6000250828125 0.0796039109375 0.6137696984375001 0.0770001765625 0.625880496875 0.0698647265625 0.64116145 0.051870759375 0.6321791 0.0491712359375
1 0.5165644953124999 0.18073828125 0.5309311875 0.1792436484375 0.530716296875 0.17197852656249998 0.525123928125 0.1712971625 0.5177813578125 0.1634132390625 0.5225063953125 0.1477637171875 0.53011650625 0.1365428140625 0.5381348296875 0.1153036921875 0.5422445359375 0.0896776640625 0.5395898921875 0.0670549640625 0.535132396875 0.06359965625 0.5153140078125 0.0734995390625 0.5137942375 0.04810289375 0.516835521875 0.036158920312499995 0.5158197515625 0.0234710234375 0.49933175781249994 0.0268705625 0.49486649062500004 0.036144853125 0.492663196875 0.05260085625000001 0.4877974890625 0.0591637609375 0.4737199109375 0.0661020234375 0.47300678281249997 0.06784510625 0.47176819062500003 0.09824235 0.47179795625 0.100731253125 0.4792207734375 0.15680135 0.4787012328125 0.169551803125 0.473612865625 0.181579190625 0.47839658125 0.18956738281250002 0.480035453125 0.199502184375 0.4748357578125 0.21426180781249998 0.47998280312499997 0.2258721359375 0.483950096875 0.2538967546875 0.4902851640625 0.2639252609375 0.49666752968749994 0.26366519843749997 0.508143990625 0.262003275 0.5121130265625 0.2272906328125 0.5183362687499999 0.21248929843750003 0.5133376593750001 0.1972359890625 0.5132341 0.187238625 0.5165644953124999 0.18073828125
1 0.505217221875 0.30905865625 0.5090516171874999 0.3152670609375 0.5161266453125 0.342255815625 0.524967415625 0.350987928125 0.538904328125 0.33496305312499997 0.5398985296875 0.3231024921875 0.5459733296875 0.311944146875 0.5426955859375 0.292074540625 0.5436155671875 0.2820354734375 0.5497645859375 0.269055634375 0.5585760171875 0.2659688921875 0.5564624859375 0.2551441953125 0.5671958734375 0.21742822031250003 0.5736711109375 0.2089812640625 0.5787301390625 0.185135021875 0.580087671875 0.17689659375 0.5733388640625 0.1544407203125 0.5671605046875 0.155601703125 0.566582284375 0.14471444687499999 0.561398128125 0.13401486875 0.5617398875 0.11308854531250001 0.5596220078125 0.10822923437500001 0.55855393125 0.10827275624999999 0.5457636671875 0.11646723125 0.521085596875 0.1829376828125 0.5128601578125 0.1841820796875 0.5076017796875 0.17530399375 0.505951796875 0.17810446093750001 0.5051112375 0.1987332765625 0.5127626249999999 0.2241923796875 0.5156028187499999 0.24226134375 0.5088971484375 0.26890238593750004 0.510825128125 0.28428081562499996 0.5055512125 0.3008619359375 0.505217221875 0.30905865625
1 0.5728520734375 0.3282252203125 0.5845875171875 0.33030164375000004 0.589885171875 0.33417315 0.6354501546875 0.30932507187499997 0.640358390625 0.3004394203125 0.6342751062499999 0.2935344015625 0.6234712625000001 0.29090909531250003 0.5428318578125 0.28397648124999997 0.5170390046875 0.29218035468750003 0.4516320578125 0.2907581125 0.44517341874999994 0.29306496718749997 0.444881475 0.3002297578125 0.45179209531250003 0.30914475 0.4424552421875 0.31514532968750003 0.4259158296875 0.31939570625 0.42206431093749996 0.324661853125 0.42257885 0.3343483859375 0.42704917187499997 0.33620991875 0.4489070953125 0.3353192765625 0.5360677 0.338409728125 0.540496315625 0.3412948 0.543437084375 0.336065765625 0.5728520734375 0.3282252203125
1 0.635398703125 0.3978921375 0.6256932843749999 0.3906237875 0.611204746875 0.3891704671875 0.5761235359375 0.379870575 0.5721536875 0.3657265453125 0.5643740265625 0.3558251203125 0.558144771875 0.352502496875 0.5517278375 0.3537858078125 0.5317471796875 0.3755477203125 0.502415603125 0.38134117968750003 0.4824208796875 0.3811340609375 0.465964878125 0.38333735468749996 0.4568491609375 0.38781589843750003 0.4567433546875 0.3904125546875 0.4574345078125 0.3918596765625 0.4663542984375 0.3960945109375 0.4808011296875 0.398571375 0.4908401984375 0.39765139375 0.498890946875 0.400899796875 0.4976674046875 0.40861346718749997 0.4823655984375 0.42711920625 0.486700240625 0.43098125156249995 0.48702159843750004 0.4309681578125 0.5234534703125 0.4228903953125 0.5576932828125 0.408211284375 0.58913150625 0.41765961718750005 0.62651383125 0.41511456406249997 0.6368239890625 0.4075415609375 0.635398703125 0.3978921375
1 0.65690855625 0.454669921875 0.6009218749999999 0.445200021875 0.5627330671874999 0.4452233328125 0.52723479375 0.44615885625 0.5152699671875001 0.4497119109375 0.50129596875 0.457945121875 0.479604871875 0.4547415984375 0.45228985625 0.461426434375 0.4522825078125 0.461606753125 0.47074085156249995 0.4714522546875 0.5103757984375 0.48056659375 0.52763828125 0.48088504531250004 0.549308525 0.48460033906250005 0.558267525 0.48890143437500005 0.5741138125 0.488255746875 0.5866282921875 0.48359059687499995 0.6496783546875 0.47591229375 0.6560952875 0.47462897968749995 0.66361064375 0.468702621875 0.6657657890625 0.4604400703125 0.65690855625 0.454669921875
1 0.5585110890625 0.44751780625000004 0.5555224546875001 0.43309182812499997 0.5535124828125 0.43226449375 0.5456797109375 0.4489498796875 0.539411590625 0.4773915609375 0.525095809375 0.51525350625 0.5204665609375 0.553629990625 0.5154895234375 0.5629251359375 0.516489753125 0.6010722375 0.5114384953125 0.6121888765625 0.5081745515625 0.6295973312500001 0.5164664421875 0.6392610453125 0.52088738125 0.6604542859375 0.52313375625 0.660362753125 0.5395996843749999 0.64832001875 0.550844840625 0.610583190625 0.5492137406250001 0.5879187859375 0.5558020531250001 0.5140023234375 0.5546611515625 0.46676860624999994 0.5585110890625 0.44751780625000004
1 0.5306637624999999 0.707431821875 0.529661790625 0.7320219859375 0.53696725 0.7408166578125 0.5446809218750001 0.739593115625 0.5490348578125 0.7330510625 0.5541387656250001 0.6955644750000001 0.561133546875 0.674367059375 0.56298128125 0.6415593203125 0.5846180640624999 0.5870328421875 0.5878449 0.570535134375 0.5854715953125 0.5660856671875 0.578595915625 0.5718212359375 0.57450175 0.5719880609375 0.57110490625 0.5675802984375 0.5684796000000001 0.5567764562499999 0.5698000249999999 0.5494487734375 0.5747028390625 0.5419751234375 0.5741988421875 0.5292663734375 0.56489895 0.4941851625 0.5596405718749999 0.48530707656249994 0.5531624140625 0.482869828125 0.553053071875 0.4828742828125 0.548381615625 0.48576584375 0.541609496875 0.5014987765625001 0.534317834375 0.5299821640625 0.5304230171875 0.562873315625 0.522041365625 0.5804903015625 0.5216253828124999 0.6032381203125 0.527721753125 0.6166282296875 0.5279737515625 0.6229826046875 0.5173651171875 0.6636581031250001 0.517204375 0.667603028125 0.523922725 0.6722463453125 0.5325857171874999 0.672802590625 0.534484359375 0.676362165625 0.5362716703125 0.6826539796875 0.53509191875 0.6990682765625 0.5306637624999999 0.707431821875
1 0.528558446875 0.5803682625000001 0.5248102390625 0.67235590625 0.5254861984375 0.7034424296874999 0.5291566125 0.7387530250000001 0.5272424296875 0.7606526546875 0.5280648796875 0.7906238875 0.531385534375 0.8004180390625001 0.53200390625 0.8003928421875001 0.5459630546875001 0.7526159703124999 0.558550203125 0.7320999203125 0.5607025890624999 0.6792766046875001 0.55911636875 0.6429718515625 0.56186854375 0.62558425 0.5690618859375001 0.6199790765625 0.5690813875 0.6195004765625 0.560237440625 0.60291984375 0.5582352390625 0.58936290625 0.5492166875 0.572454925 0.54077635625 0.5664342 0.532877134375 0.5722114765625 0.528558446875 0.5803682625000001
1 0.49082652187500003 0.66636045625 0.492131403125 0.6844919796875 0.4874805859375 0.69832000625 0.4900610078125 0.7227641984375001 0.48703352187500004 0.7719862328125 0.482523375 0.794900875 0.48049785937499995 0.8195327453125 0.48780332031249996 0.8283274171875 0.49144439531249995 0.85181915625 0.5038675609375 0.8604052984375 0.5083405984375 0.838401403125 0.5144153984375001 0.8272430578125001 0.5239241515625 0.819581728125 0.5274029875 0.80943839375 0.5290574 0.79391399375 0.5256269312499999 0.6649424484375 0.5205912140625 0.65059988125 0.49934884375 0.6578300859375 0.49082652187500003 0.66636045625
1 0.548379803125 0.7591512609375 0.5424318765625 0.7421181625 0.5416758765624999 0.7230550375 0.5393767921875 0.716784075 0.5293269281249999 0.7126474015625 0.522377028125 0.7202044671875 0.51454425625 0.7368898515625 0.51470348125 0.7455210937500001 0.5099598890625 0.7616259875 0.5122140921875 0.7815372984375 0.5093505875 0.8016571421875 0.49441947343750003 0.829542578125 0.487973575 0.849808390625 0.48201010625 0.858234496875 0.48057058125 0.8810240203124999 0.48235789375 0.887315834375 0.49143686875 0.8651242625 0.5018617187500001 0.8537886671875 0.5056628890625 0.8545430171874999 0.509889953125 0.8761924078125001 0.511558165625 0.8979460671874999 0.5100444234375 0.9225570828125 0.5122692859375 0.9306495390625 0.519693846875 0.92398236875 0.5283939484375 0.9236278671875 0.548700384375 0.8899891640625001 0.5490475546875 0.8814689828125 0.5483254093750001 0.8482584765625001 0.5443287765625 0.8084150015624999 0.5460574078125 0.7910691062499999 0.5504855656250001 0.782705559375 0.547459821875 0.7691903296875 0.548379803125 0.7591512609375
1 0.5124732125 0.9432572984375 0.5117836609374999 0.9351022828125 0.515448046875 0.920405215625 0.5159011359375001 0.8967466515625 0.51773333125 0.8893981171875 0.5170886593749999 0.867602753125 0.5213019265625001 0.8519740859375 0.5210732390625 0.8074309046874999 0.5075152 0.801618709375 0.498266215625 0.8029048109374999 0.49036699375000004 0.8086820875 0.48030577812499997 0.845785696875 0.47566454374999995 0.9596897109375 0.47575861875000003 0.9665749359375001 0.478239515625 0.978852925 0.5037946078125 0.977811634375 0.5090608234375 0.9643087390625 0.5124732125 0.9432572984375
1 0.5119819171875 0.9489026109375001 0.5120121671875 0.9481602359375 0.4894207625 0.9384083859375 0.48840499218750005 0.925720490625 0.4908231734375 0.9165296093749999 0.48729343125 0.8903056312500001 0.48621898124999996 0.8539800218750001 0.46856677500000005 0.8483346515625 0.46610056093749996 0.8498612 0.46081562187499997 0.97956289375 0.4924664015625 0.9782732234375 0.5018732703125 0.9588133843750001 0.5119819171875 0.9489026109375001
1 0.33640666406249997 0.9655835984375001 0.3065814046875 0.961178753125 0.3001853234375 0.96195029375 0.30246558437500004 0.9506171171875 0.29979590312500004 0.9491931375 0.2908552578125 0.9454700718750001 0.27622075156250003 0.9475991453124999 0.263303471875 0.9522128515625001 0.24926691406249998 0.9619813765625 0.16029888125 0.9809341765624999 0.1463665890625 0.9881438484375 0.129700271875 0.989755778125 0.12966604531249998 0.9905957578125 0.1347738671875 0.992848078125 0.34869451875 0.9841314796875 0.349713365625 0.9737270484374999 0.33640666406249997 0.9655835984375001
1 0.3404597796875 0.916354859375 0.36885975625 0.91111028125 0.3928102625 0.9034923984375001 0.399352315625 0.8991384625000001 0.4023765 0.8918623421874999 0.4009720671875 0.8817011484374999 0.3902724875 0.876516990625 0.3567833875 0.8727723562499999 0.3155078359375 0.8816071015625001 0.307373675 0.8804057796875 0.300191965625 0.87814380625 0.2829571234375 0.854832784375 0.2785285078125 0.8519477109375 0.270310934375 0.852793471875 0.26381058749999997 0.8561238671875 0.2626287515625 0.8628139953125 0.2686911828125 0.8702307859375 0.266536040625 0.8784933390624999 0.25359790625 0.8836188171874999 0.2417581984375 0.8841012484374999 0.2151588640625 0.8897833765625001 0.195762090625 0.8972157078125 0.1729308609375 0.8996787734374999 0.174397853125 0.9083046546875 0.1589113921875 0.9236716171875001 0.1588744125 0.9245791531249999 0.17254871875 0.931371446875 0.207963578125 0.9324830078125 0.2194381671875 0.9348015703125 0.24312707812499998 0.9338363203125001 0.25892369375 0.931428384375 0.2810735609375 0.9233729515625001 0.317649403125 0.9183061531250001 0.3296559375 0.9137295562500001 0.33512041875 0.9135068953125 0.3404597796875 0.916354859375
1 0.2636011421875 0.7899282125 0.25004420625 0.7879260078125 0.23276086875000002 0.7881193296875 0.20804558593750003 0.7921919281250001 0.18691073281249998 0.7976513953125 0.171073534375 0.80698236875 0.1501055046875 0.8083476734374999 0.141949075 0.8039971109374999 0.1417402828125 0.8091212265625 0.141846225 0.810216975 0.14358430625000002 0.8121898390625001 0.16631127031249998 0.8122856265625 0.21571419375 0.8271330078125001 0.2374382234375 0.8279945312500001 0.3508473203125 0.823373465625 0.37422584531249997 0.8196523078125001 0.3900630421875 0.810321334375 0.3867745609375 0.801769671875 0.3805661546875 0.7979352765625001 0.35624708125 0.79228423125 0.2636011421875 0.7899282125
1 0.28798469375 0.7757757078124999 0.28268920625 0.7678083703125 0.28145077500000004 0.7605849546875 0.2847967109375 0.7286254046875 0.27785458125 0.7234528671875 0.274221278125 0.687231525 0.2707873234375 0.6837345078125 0.2548482109375 0.686202446875 0.252986678125 0.681732125 0.25386955 0.6726038046875 0.2502207046875 0.661841665625 0.2502655859375 0.6482013171875 0.2483298328125 0.6455524890625 0.2400672796875 0.6477076328125 0.237455775 0.6741818484375 0.2402295203125 0.6813427046875 0.23978419843749998 0.6922716671875 0.2379148953125 0.7005309484375 0.23206275625 0.7062248109375 0.2299445421875 0.7117064546874999 0.22974807031250002 0.7165282296875 0.23088300468749998 0.7226391078125001 0.2292287140625 0.7292741078125 0.2291764671875 0.730556375 0.2342271984375 0.7534168203125 0.239085134375 0.75958351875 0.24507017343749998 0.7757058703124999 0.24245866875000002 0.8021800875 0.2485921453125 0.8146594546875001 0.2551105234375 0.8553094124999999 0.2606776421875 0.85980561875 0.26610513281250003 0.859584465625 0.272874059375 0.8582225421875 0.285535428125 0.8358849984375001 0.28590652968749997 0.8267775296875 0.278616609375 0.7925236515625 0.27949948281250003 0.78339533125 0.28798469375 0.7757757078124999
1 0.375407303125 0.6777613171875 0.37288359375 0.6727549390625 0.363963803125 0.668520103125 0.3580264890625 0.6580326890625 0.3507822203125 0.657306028125 0.34784145 0.662535065625 0.33585577031249997 0.6665998921875 0.2810232828125 0.6734324328125 0.2509686390625 0.674657065625 0.22350026406249998 0.6793527640625 0.203999225 0.6893439484375 0.1663249546875 0.69905379375 0.1597829046875 0.7034077296875 0.13877316875 0.705796575 0.1381213328125 0.706522459375 0.138064353125 0.707920846875 0.160505975 0.7079765578125 0.16406555 0.7098752 0.16843160468750001 0.7142955859375 0.1654074203125 0.72157170625 0.167951984375 0.7260663125 0.17453574375 0.7206888359375 0.23646652656249997 0.71816535 0.24248147343749998 0.726395159375 0.24538406250000003 0.7262768890625 0.260166796875 0.7166887156249999 0.283310821875 0.706549090625 0.35840912187499996 0.6932706484375 0.36559083124999997 0.695532621875 0.3741212015625 0.6870103000000001 0.375407303125 0.6777613171875
1 0.3827018140625 0.61501915625 0.379267359375 0.610049890625 0.3693742625 0.6073874781249999 0.3438942046875 0.6079147890625001 0.3286200390625 0.6034279546875 0.31559849375 0.6106005140625 0.2972584390625 0.6144133390625 0.27931459375 0.608502521875 0.266167928125 0.618745709375 0.2569770484375 0.6211638921875 0.2052730109375 0.618161459375 0.1968260515625 0.6246366984375 0.205620725 0.631942159375 0.20524537031249998 0.6411540328124999 0.184833584375 0.651182328125 0.162725425 0.6582142171875 0.14690908125 0.667033421875 0.139425753125 0.6745096890625 0.1393848 0.6755147484374999 0.14657543125 0.675221753125 0.1494119359375 0.67255156875 0.21935176250000002 0.674300028125 0.2213103984375 0.67734083125 0.23746637499999998 0.676682525 0.246569903125 0.67574558125 0.261308675 0.6710576515625 0.268782328125 0.6661548359375 0.37923971875 0.6330424640625 0.38590688906250004 0.625617903125 0.3827018140625 0.61501915625
1 0.3274309625 0.5620854703125 0.3186799515625 0.5260726578125 0.323709640625 0.4904075609375 0.3229829796875 0.48316329218750004 0.29272205625000003 0.4734855140625 0.27517341093750003 0.47783750625000004 0.27364911875 0.4813415734375 0.27319194375 0.492561428125 0.2829284796875 0.58844814375 0.286251103125 0.5946773984375 0.28547179218749996 0.6138030828125001 0.283127828125 0.62117246875 0.29490040624999997 0.6373617734375 0.2992291796875 0.6523396046875 0.30831179531249997 0.6535170203125 0.310319909375 0.6534351953125 0.31410764062499996 0.65082411875 0.3203308796875 0.6360227859375 0.3247003578125 0.604021528125 0.3239443578125 0.5849584046875 0.3262512109375 0.5784997656249999 0.3274309625 0.5620854703125
1 0.300421334375 0.47118341093750005 0.2949109578125 0.4559509515625 0.2978271140625 0.409461159375 0.2820226421875 0.37100805000000003 0.26870883437500004 0.38427983125 0.263872465625 0.4026615921875 0.2615129609375 0.435490184375 0.2619597234375 0.46214256093749995 0.2596945671875 0.48011677812500003 0.24448211406250003 0.4898289828125 0.24414812343749998 0.49802570468749996 0.2544577578125 0.49578715000000007 0.25806949375 0.5074600359375 0.239028675 0.5609715 0.237041740625 0.5758115453125 0.23697067968750002 0.5775555109375 0.23978467499999997 0.5800346234375 0.2480472265625 0.5778794828125 0.255620228125 0.567569325 0.26505476093749997 0.5617294875 0.27020180781250003 0.5733398140625 0.2728486796875 0.608692115625 0.27145403749999997 0.6178412890625 0.2772612953125 0.6257877734374999 0.278759321875 0.6328825109375 0.28086670156250004 0.632796640625 0.28734826875 0.6290136984375 0.2909384359375 0.616138128125 0.294633903125 0.55052265 0.29690364687500004 0.54497475625 0.30106600625 0.492978775 0.300421334375 0.47118341093750005
1 0.31688624375 0.34387165 0.3133331875 0.3558364765625 0.2977867453125 0.3737454046875 0.2929214 0.39119421249999997 0.29239675468750004 0.4040699140625 0.2979334421875 0.4328396828125 0.298793003125 0.46190016875 0.289868496875 0.5304564171874999 0.298263946875 0.550117490625 0.303023884375 0.5538985171874999 0.31527603125 0.5533992796875 0.31979542968749997 0.548330915625 0.3254033375 0.5235530734375 0.33180435625000004 0.5169276093749999 0.3332461109375 0.5117569843750001 0.333343259375 0.5093727718750001 0.32926104375 0.4915726703125 0.33396451250000003 0.4513746921875 0.3358588703125 0.342189340625 0.3291394015625 0.33155232031250004 0.324607684375 0.3299185046875 0.31688624375 0.34387165
1 0.3604059890625 0.40124820625 0.37429657656250004 0.39506207656250003 0.37785615156249996 0.39696071875 0.38613628437499997 0.3945796453125 0.3955565484375 0.386531984375 0.4216204921875 0.3716750921875 0.42582651250000003 0.3577088421875 0.418728215625 0.3533997859375 0.3633394828125 0.3515693359375 0.33765089531250003 0.357214353125 0.29093850625 0.3432791859375 0.2842132609375 0.34251780625 0.2794554046875 0.342711675 0.26529162500000003 0.34790066406250003 0.2666334984375 0.3595971703125 0.27296701875 0.3603609421875 0.2708952875 0.3665764109375 0.21765491250000002 0.37896420937499997 0.199954515625 0.3893929453125 0.1915103921875 0.39161465156249997 0.19149683906249998 0.3919473015625 0.22234783125000002 0.3976770671875 0.2284728203125 0.40355854375 0.22165967968750003 0.41456550156249994 0.2233352 0.41807367656250005 0.2347820953125 0.4160744875 0.2515057921875 0.41845857343750004 0.25591355625 0.42185541875 0.27845873593750003 0.42230747968750004 0.2939538609375 0.4216761015625 0.29960855 0.42058590625000003 0.31830310625 0.40807297656249997 0.323788440625 0.40733854531249997 0.33645548281250004 0.40886608750000003 0.34520845 0.4171950890625 0.3604059890625 0.40124820625
1 0.310641509375 0.1971447859375 0.30939530625 0.20265097187499997 0.299011453125 0.2067110203125 0.29437617656250004 0.19507984375 0.2921064328125 0.20062773437499998 0.2927882125 0.22151235468750002 0.2902586984375 0.23343547187499997 0.27368871562499997 0.25138610625 0.268322271875 0.2675262859375 0.2682359875 0.269643859375 0.274948715625 0.28315798124999997 0.2879854703125 0.36445789687499996 0.292806296875 0.37153533906249997 0.29637315000000003 0.396848571875 0.3016686375 0.40481591093749997 0.3088271984375 0.40859081406250003 0.310176878125 0.40853581875 0.31446290625 0.404294584375 0.3250927328125 0.35658124999999996 0.3217036578125 0.33944388281250004 0.32292052187500003 0.322118840625 0.3278233390625 0.3146451890625 0.338904515625 0.3060105546875 0.33927561562499997 0.29690308593750003 0.33467745 0.284361159375 0.3369920734375 0.2651729171875 0.34229266875 0.251455721875 0.342602346875 0.2438556734375 0.342562871875 0.2413058234375 0.3313410265625 0.24085384375 0.32709842031249997 0.24466365625000003 0.320341840625 0.2349373828125 0.318644290625 0.2013648703125 0.310641509375 0.1971447859375
1 0.2969976859375 0.137914334375 0.294950603125 0.137997746875 0.293741509375 0.1425931859375 0.285226959375 0.1383939546875 0.2784039296875 0.11775957343750001 0.279361021875 0.106809759375 0.2591451453125 0.09083451875000001 0.25853205468749996 0.0908595015625 0.254557825 0.1387343921875 0.2461761734375 0.1563513765625 0.24748882499999997 0.1617532984375 0.2359994375 0.1804061484375 0.23598723281249998 0.1805799109375 0.235213575 0.19956680625 0.2421838234375 0.229252828125 0.251350815625 0.242517821875 0.257076084375 0.26501540156250003 0.263170709375 0.3411427796875 0.2700365234375 0.3540148046875 0.2720455828125 0.35393294218750004 0.28012559375 0.3513627359375 0.2893081265625 0.3391685265625 0.29249785156249997 0.3235815640625 0.29474776875 0.2307479484375 0.30110565 0.1750255703125 0.2969976859375 0.137914334375
1 0.27687487499999996 0.15058533125 0.2822523515625 0.144001571875 0.2824085625 0.12762898281249999 0.2802579203125 0.1177150328125 0.2869558203125 0.103803596875 0.2832776359375 0.081222603125 0.2764468375 0.073317825 0.2680729546875 0.0782052078125 0.2620801453125 0.0748124578125 0.2591657328125 0.0585649859375 0.2593961640625 0.0403709015625 0.2466761171875 0.039070734375 0.23776112343750003 0.032160115625 0.2361887015625 0.033133421875 0.23496406875 0.0631880671875 0.23239744375 0.076021934375 0.2101531015625 0.1078423015625 0.20220439375 0.1291650734375 0.2020749765625 0.1323412 0.2135188640625 0.163168471875 0.224807159375 0.17452856249999998 0.227580903125 0.1816894171875 0.22809093125 0.24440582968750002 0.2362714921875 0.25680178124999997 0.241544240625 0.26002152500000003 0.24426303749999997 0.2599107421875 0.25235904531250003 0.25069085625 0.26620016562500004 0.21193901718750002 0.26196533125 0.20301922656250002 0.2608753390625 0.192152825 0.2651257171875 0.1756134109375 0.27687487499999996 0.15058533125
1 0.2155119515625 0 0.2172673671875 0.014959548437500001 0.21334321250000002 0.0360318453125 0.2070828625 0.05174392343749999 0.19922075156250002 0.0566104546875 0.1882802453125 0.0743317046875 0.1870600390625 0.07972303281250001 0.18674749375 0.08739342812499999 0.189548015625 0.093373975 0.1997092109375 0.09477840781249999 0.2086613125 0.10077828124999999 0.209499303125 0.1052903078125 0.2168418734375 0.11317423281250001 0.2195707375 0.1339754390625 0.21702568281249998 0.171357765625 0.2189536640625 0.18673619531250002 0.22068577031249997 0.1922355875 0.229669684375 0.191869521875 0.23564275 0.15332371718749999 0.239959575 0.1476924125 0.2463312546875 0.1292480921875 0.254927796875 0.118896228125 0.2490092078125 0.11368198437499999 0.24831965781249998 0.10552696875 0.2528220359375 0.09534192968750001 0.2607583671875 0.08865390625 0.264748971875 0.0784897203125 0.25631641250000003 0.059739390625 0.2515404671875 0.0390215984375 0.25049535624999997 0.014514846875000001 0.2482333828125 0.007333139062500001 0.248266384375 0 0.2155119515625 0
1 0.1157640703125 0 0.1266875296875 0.006828556249999999 0.1353779375 0.01669286875 0.175450796875 0.015060025 0.1891954125 0.012456290625 0.1991302140625 0.0140951625 0.216434403125 0.013390071875000001 0.2247145375 0.0110089984375 0.23365518125 0.0147320625 0.23914925937499998 0.0214535296875 0.24028057656250001 0.0214074328125 0.24452158281249997 0.0158220546875 0.2546857703125 0.011831446875 0.2955442578125 0.013232118749999999 0.313905165625 0.008907521875000001 0.32868564375 0.003196053125 0.3327127515625 0 0.1157640703125 0
1 0.029638209375000002 0 0.028879273437500002 0.0186256125 0.0330727796875 0.0508740828125 0.0391320375 0.06517494375 0.0450088078125 0.0668018859375 0.0493315375 0.0666257484375 0.054522270312499996 0.06363860625 0.065908096875 0.0349883921875 0.06796295 0.0221753796875 0.0685423140625 0.0204956640625 0.0693774484375 0 0.029638209375000002 0
1 0.038642118749999996 0.042959696874999995 0.0302742640625 0.09785474375 0.0242736859375 0.10719159375000001 0.0205721890625 0.122799409375 0.0170500453125 0.1287774421875 0.07289460156250001 0.1265019515625 0.0764743 0.10506458125 0.0761187390625 0.0887128453125 0.066262196875 0.06729283750000001 0.0550636609375 0.0286520484375 0.0474242109375 0.0280541 0.038642118749999996 0.042959696874999995
1 0.0579243109375 0.11127676718749999 0.0472573734375 0.15990085 0.046188953125 0.17358290468749998 0.0319845 0.20871261093750001 0.02430016875 0.2217550078125 0.0249556125 0.228289284375 0.0777683109375 0.22613733281249998 0.077813434375 0.22502991875 0.08060271875 0.20673157031249997 0.0866032984375 0.19739471718749999 0.08900477500000001 0.1892018046875 0.08911599375 0.186472296875 0.0809893625 0.172164896875 0.0811611140625 0.130333103125 0.0792331296875 0.114954671875 0.07021457812500001 0.09804669218749999 0.0623524671875 0.10291322031250001 0.0579243109375 0.11127676718749999
1 0.022185182812500003 0.22208975 0.016948374999999998 0.23776012343750003 0.0139982390625 0.2692933140625 0.053028523437499996 0.2677029515625 0.052133684375 0.26451270781249997 0.0537958671875 0.236258703125 0.049873453125 0.1945937328125 0.03357878125 0.1807099359375 0.022675384375 0.1975204390625 0.022185182812500003 0.22208975
1 0.056461535937499994 0.2535036421875 0.049445184375 0.25015259843750004 0.042169065625 0.2531767828125 0.0285583734375 0.2737345390625 0.028179501562499997 0.2955716078125 0.021807823437500002 0.3140159265625 0.02289004375 0.33761193437500003 0.0211436625 0.3610366 0.055644778125 0.3596307875 0.06072396875 0.336979553125 0.061065728124999996 0.3160532296875 0.063632353125 0.30321936250000003 0.0614446 0.294216159375 0.063825675 0.285936025 0.056461535937499994 0.2535036421875
1 0.109780575 0.3204969640625 0.10854214375 0.31327355 0.1051081890625 0.30977653437499997 0.0869442140625 0.304152015625 0.0816193859375 0.2843658234375 0.08154308593750001 0.28255046250000004 0.04906005625 0.2838740453125 0.0471080875 0.291227459375 0.039377134375 0.38064747187500003 0.0371740546875 0.38929957656249997 0.035661229687500004 0.42642693125 0.038826510937499996 0.44431633593750003 0.0425124640625 0.45416772656250004 0.0483497453125 0.4582021 0.0508138140625 0.458101696875 0.0532225390625 0.4546405578125 0.059119559375 0.4353063453125 0.07052092812500001 0.381196928125 0.084584709375 0.3369806078125 0.1043659875 0.32799147031250003 0.109780575 0.3204969640625
1 0.0468346765625 0.3832462578125 0.0471120140625 0.3977827125 0.043795415625 0.44156111875 0.044729196875 0.46880011093749996 0.0415317 0.497116675 0.037689534375 0.503637875 0.042865923437499995 0.5270670546875 0.04713786875 0.535076096875 0.052021440625000005 0.537607684375 0.05482728437499999 0.5374933546875 0.058396825 0.5346173296875001 0.07215595625 0.5104165859375 0.0713999546875 0.49135346249999995 0.08013890781250001 0.42735095 0.08114146093749999 0.3818483640625 0.0468346765625 0.3832462578125
1 0 0.54440809375 0.00044887187499999997 0.5442592734375 0.012580521875 0.536612053125 0.0437127390625 0.5312561421875001 0.05497535 0.522622490625 0.06969326875000001 0.518446334375 0.0818666265625 0.509775571875 0.0795723015625 0.49913971718749994 0.06251834687499999 0.4937035609375 0.0426070375 0.4914493578125 0.0032155390625000003 0.49867456875 0 0.49982589375 0 0.54440809375
1 0 0.6660858890625 0.00435340625 0.6705820921875 0.008483975000000001 0.670413784375 0.0263486921875 0.664944665625 0.0357063953125 0.658432315625 0.0447930109375 0.6585729875 0.0690980203125 0.6422550031250001 0.1167279453125 0.6336722578125 0.142124590625 0.635192028125 0.15792008125 0.6268845953125 0.1531228984375 0.6107305937499999 0.145093003125 0.60697041875 0.0770997875 0.6020771140625001 0.0379376734375 0.6036728484375 0 0.59227119375 0 0.6538003203125 0.0020504703125 0.6587818484375 0 0.6658051859375 0 0.6660858890625
1 0.0095916140625 0.645110028125 0.008561439062499999 0.6703922999999999 0.0119099171875 0.6913274687500001 0.011820154687499999 0.718608165625 0.019444065625 0.744665321875 0.0204598359375 0.75735321875 0.02035156875 0.7650844703125 0.0627955234375 0.7633550109375 0.060125953125 0.7493723078125 0.0383519859375 0.6693376390625 0.029081432812500002 0.6460752828125 0.025758809375000004 0.639846028125 0.018742459375 0.6364949828124999 0.0095916140625 0.645110028125
1 0 0.7723127734374999 0.0041784125 0.7870219015625 0.0077823765625 0.8114243859375 0.0019943343749999998 0.8219890765625 0.04992988125 0.820035853125 0.0310364625 0.742284253125 0.02129125 0.7181320046875 0.013399798437499999 0.7111796796875 0.0045512578125 0.71517716875 0.0013321921875 0.718945275 0.0000724765625 0.725595071875 0 0.727373775 0 0.7723127734374999
1 0 0.8715032171875 0.0145084953125 0.8682195437500001 0.027217243749999998 0.8687235421875 0.0329111078125 0.8628714046875 0.043012735937500005 0.8604161109374999 0.060233512499999996 0.8617581015625 0.0998543921875 0.8489034125 0.11209031093749999 0.8386973375 0.1110195265625 0.8203478109375 0.10139751875 0.8110323796875001 0.0869506890625 0.808555515625 0.0705572453125 0.8092234968750001 0.0499994890625 0.8228341859375 0.030686128125 0.8282194374999999 0.0225936734375 0.825994571875 0.0211266828125 0.8173686921875 0.013117637500000001 0.8130967437500001 0.0043370296875 0.8277603156250001 0 0.8291397843749999 0 0.8715032171875
1 0 0.9362306109375 0.0022053921875 0.93596458125 0.009345396875 0.9392500953124999 0.017521265624999997 0.939427875 0.0177506484375 0.9337983984375 0.02534941875 0.9258249546874999 0.06467835625 0.92013505625 0.09995403281250001 0.9023482078124999 0.0984661875 0.8942340984375001 0.090644821875 0.8853562140625 0.07630225625 0.8803204984375 0.0429725578125 0.8795957624999999 0.0338338140625 0.8799681375 0 0.8913916593750001 0 0.9362306109375
1 0 0.9967797859375 0.0816784703125 0.99345164375 0.07852613593749999 0.9812796687500001 0.07231773281250001 0.9774452734375 0.0650734640625 0.9767186109375 0.03150095 0.9750210609375 0.0195986828125 0.977038803125 0 0.9839879125 0 0.9967797859375