1 0.022664765625 0.030458465624999997 0.0373724390625 0.05240281249999999 0.046435903125 0.0590402375 0.072080425 0.0643482765625 0.0698065765625 0.0209606703125 0.0666960625 0.02062854375 0.010892615625000001 0.009092609375000001 0.0005174015625 0.0098726203125 0.00112286875 0.0214256109375 0.007958615625 0.027021364062499997 0.022664765625 0.030458465624999997
1 0.1196134359375 0.0466766953125 0.1342205984375 0.046846665625 0.1358917234375 0.044977728125 0.1366259171875 0.014717546875000001 0.1359375 0.0015817765625000002 0.10228924843750001 0.00119024375 0.113255871875 0.0389039296875 0.1196134359375 0.0466766953125
1 0.302047178125 0.042553315625 0.30015923437500003 0.006529182812500001 0.25898819375 0.016422240625 0.267253934375 0.026316364062499997 0.29384489375 0.0347907296875 0.300218265625 0.042532034375 0.302047178125 0.042553315625
1 0.32644239062499997 0.052206462499999995 0.3592739203125 0.0405794046875 0.37035948125 0.030366125 0.37572495156249996 0.01819643125 0.3754529359375 0.01300605 0.374233928125 0.011903984375 0.368505609375 0.013470318749999998 0.3548255375 0.0111338140625 0.3220485875 0.0139710671875 0.3240509609375 0.052178635937499995 0.32644239062499997 0.052206462499999995
1 0.38090849531250004 0.015417614062500001 0.3823341984375 0.0241434859375 0.3932214703125 0.028624812500000003 0.3984946 0.0368511234375 0.397811053125 0.042286470312500005 0.40285582656249996 0.046155482812499996 0.42095782968749995 0.0470005 0.41875 0.004872596875 0.39965330625 0.0046503875 0.394188940625 0.01012884375 0.38090849531250004 0.015417614062500001
1 0.6422064703125 0.0558807109375 0.6494555875 0.0506802328125 0.6675239078125 0.0443585140625 0.66753209375 0.044134753124999995 0.6669406828125 0.0328499671875 0.6548969421875 0.02516003125 0.6362862765624999 0.021133165625 0.6241160234375001 0.0106492796875 0.6144743453125 0.0114570828125 0.6167869875 0.055584928125 0.6422064703125 0.0558807109375
1 0.6915831734375 0.052490868749999996 0.6940929375 0.0580460109375 0.698276140625 0.0580946875 0.7198040484375 0.0508824453125 0.7231596390624999 0.0422058765625 0.7244927890625 0.028554065625000003 0.7234375 0.0084179578125 0.6884239390625 0.008010537500000001 0.6887532890625 0.0088798796875 0.6915831734375 0.052490868749999996
1 0.8334795765624999 0.0403362109375 0.8405952328125 0.07380464375 0.8408175625000001 0.07380723125000001 0.85351260625 0.017322970312499998 0.853125 0.0099270078125 0.8228141625 0.009574309375 0.8239892890625 0.015047345312499998 0.8334795765624999 0.0403362109375
1 0.8901643531250001 0.0429329171875 0.8764842843749999 0.0405964140625 0.85442581875 0.0446943828125 0.852716190625 0.04902913125 0.8703308421875 0.0710073015625 0.896779078125 0.07675835625 0.9104985484375 0.0777411375 0.9316461484375 0.0779872125 0.9289601640624999 0.0267355921875 0.9170948031249999 0.0209287421875 0.907347790625 0.019726665625 0.900679025 0.021826390625 0.8978306593750001 0.0413891328125 0.8901643531250001 0.0429329171875
1 0.9553236703125 0.0722586375 0.9610536390625001 0.0767678515625 0.9620272234374999 0.07677918125 0.9782363203125 0.06284123750000001 0.9854413843750001 0.0445254484375 0.9877751 0.01673981875 0.9875069828124999 0.011623840625 0.9400271203124999 0.0110713625 0.9326693765625 0.037919406249999996 0.932851878125 0.0414017296875 0.9338000296875 0.0458613515625 0.9517738859374999 0.0460704953125 0.9553236703125 0.0722586375
1 1 0.20413318125000002 0.9959857890625001 0.20289121250000003 0.9919100109375 0.19903347656249998 0.976785896875 0.1999461515625 0.9297803265625 0.1961332109375 0.9202331265625 0.19874377031249998 0.9143620859375 0.19758679375 0.905869509375 0.201842615625 0.8809897015624999 0.2075407453125 0.862664484375 0.2089605015625 0.852490825 0.2180957328125 0.8587044031250001 0.2257886578125 0.871586746875 0.23138185781249998 0.8720149156250001 0.23955179218749997 0.8673697656250001 0.24330805312499998 0.931762534375 0.246635659375 0.9397567734375001 0.24672868124999997 0.9856439078125 0.24577295625 1 0.24315828750000001 1 0.20413318125000002
1 1 0.2081310375 0.976963759375 0.20065039218749997 0.9585529078125001 0.20043616250000001 0.9470962671875001 0.2035688328125 0.8466049953124999 0.1893355859375 0.8343791765624999 0.196269615625 0.82480343125 0.1983355140625 0.8044545953125001 0.198098734375 0.8039994046875 0.20789138125 0.8092439890625001 0.21557302968749997 0.8228202359375001 0.22208170156249998 0.8273423734375 0.2283032171875 0.8237803937500001 0.2342494015625 0.8277419968749999 0.23592849062500001 0.849116915625 0.2372658671875 0.8635063125 0.24271833125 0.8792664609375 0.2429017171875 0.893890371875 0.2415971671875 0.96952885625 0.2435659609375 0.9809569515625001 0.23988862656249998 1 0.238709515625 1 0.2081310375
1 0.8297808015625 0.2030243515625 0.789937940625 0.20038341875 0.7696747375 0.2017806234375 0.7473308249999999 0.2004319703125 0.7447378390625 0.206389428125 0.7480729828125 0.2145931890625 0.77366640625 0.22251161874999997 0.7808204328125 0.22967115468750002 0.76862315625 0.2371498484375 0.78538146875 0.24278815156250003 0.8088085515625 0.24632673125000001 0.8494205906250001 0.24516630468749998 0.8576469484375 0.24733479374999998 0.8634610234375 0.24740244687500001 0.8765238296875 0.2449373484375 0.90183180625 0.24740915624999998 0.9181904953125001 0.24542218437500002 0.9276454125000001 0.2481493 0.939966634375 0.2482926703125 0.955097834375 0.24748463125 0.9589629640625 0.24166999531250002 0.9587507328125 0.23762036874999998 0.95127743125 0.2300216125 0.917418271875 0.2122090578125 0.8844154468750001 0.21073637656250002 0.87614970625 0.20084225312499998 0.8493319125 0.20651783125 0.8297808015625 0.2030243515625
1 0.7737328531250001 0.0796480765625 0.7597379296875 0.093042846875 0.7531283109375 0.1123339640625 0.7624801984375 0.1453684296875 0.76155716875 0.15891530781250002 0.75151328125 0.16460884375 0.7519195421875 0.1723607828125 0.755339865625 0.1753057875 0.7623378656249999 0.225744084375 0.7601871109375 0.2470238875 0.7617982109375 0.2673790609375 0.7665249375000001 0.2848652875 0.7835980453125 0.29956575937499996 0.78551214375 0.2995880328125 0.7949489421875 0.28713283125 0.7980874546875001 0.2639277203125 0.801798525 0.2620340984375 0.8079929421875001 0.2659797828125 0.8101119953125 0.2618493921875 0.8098196171875 0.2562704984375 0.8066357562500001 0.25046957187499996 0.8089416343750001 0.23951757968749998 0.8079875187500001 0.2213119609375 0.8005100031250001 0.1855154015625 0.797107559375 0.12059292031249999 0.7898098703125 0.1059819828125 0.7877048906249999 0.0865894625 0.7824474515625 0.0797494796875 0.7737328531250001 0.0796480765625
1 0.6848483187500001 0.111836028125 0.6776164375 0.22311803125 0.673179503125 0.241282034375 0.67321708125 0.24199908125 0.67478261875 0.2521370953125 0.6831556859375 0.25610813125 0.6878684625 0.2629417796875 0.6924060046875 0.287204609375 0.6964736406250001 0.293867334375 0.6971170203125 0.2938748203125 0.703008503125 0.2921699875 0.7067056265625 0.279623790625 0.716800296875 0.274899246875 0.7254909296875 0.1810654421875 0.723030471875 0.1548899765625 0.7242074125 0.14618805937499998 0.7209115421875001 0.1248448796875 0.722776034375 0.11498081093750001 0.721882046875 0.097922509375 0.721515928125 0.09483146875000001 0.7183863546875 0.08704784374999999 0.71333204375 0.08408382812500001 0.6921549453125 0.095458225 0.6865330875 0.1128240328125 0.6848483187500001 0.111836028125
1 0.5324802015625 0.151532159375 0.52413035 0.15851129218749999 0.524672696875 0.1688598765625 0.5356456015625 0.174975190625 0.567850703125 0.1797045734375 0.599605103125 0.1795297375 0.6290399359375 0.1831382234375 0.6434891875 0.181673365625 0.6532932875 0.1839647671875 0.6803679812500001 0.18319115 0.6952438765625 0.17138898281249998 0.719297415625 0.168402890625 0.7219474921875 0.16353475625 0.7298254656250001 0.160103703125 0.7297577546875 0.1588117 0.72314331875 0.14939608437500002 0.714279665625 0.14657129687499998 0.695631771875 0.1479872984375 0.6153853671875 0.1443318984375 0.6094572359375 0.142085596875 0.5324802015625 0.151532159375
1 0.514299278125 0.1558841203125 0.5009331968749999 0.15953889999999998 0.46325667812500004 0.1612778140625 0.45410910156249995 0.1715136484375 0.4595535 0.1830079328125 0.47240729843749996 0.18805647187500002 0.49574874687500003 0.1899610640625 0.5076620984375 0.195542990625 0.5196603234375 0.19350528125 0.5299774640625 0.19634698281250001 0.5332307640625 0.1998365484375 0.5356417984374999 0.1998646046875 0.541605371875 0.1964822859375 0.5579926078125 0.1950399765625 0.5773724515625 0.1952654828125 0.5921215875 0.20052180625 0.600484153125 0.2006191125 0.6376212390625 0.199232521875 0.6534375812500001 0.18689696718749998 0.6778440921875 0.1813072390625 0.6773610453125001 0.172090140625 0.6355945765625 0.1605614984375 0.623083309375 0.1620489078125 0.5996276843749999 0.157965665625 0.530772146875 0.1560757984375 0.5201988640625 0.1575857578125 0.514299278125 0.1558841203125
1 0.527103178125 0.1399088671875 0.5029640046875 0.141260971875 0.49250490312500006 0.1449495796875 0.46942035625 0.14794695156249998 0.4577924484375 0.1478116484375 0.44986924375 0.1444534703125 0.4237920875 0.145783025 0.40623604843749994 0.1434014234375 0.3896505234375 0.15953833906249998 0.38725734843750004 0.16930843281250002 0.3993990578125 0.17924765625 0.41709781875 0.184352571875 0.48099421875 0.184007415625 0.515690828125 0.1855785296875 0.5317153234374999 0.18576499062500001 0.53719576875 0.18466137968750002 0.5518038328125 0.1859987421875 0.5726588640625 0.18624141249999998 0.586585828125 0.184691753125 0.5904047078125 0.18364753125 0.589007546875 0.1754663203125 0.59427915625 0.1651853890625 0.621239671875 0.162233121875 0.6298391062500001 0.1592003625 0.6297901796875001 0.1582667953125 0.6073027 0.1549946578125 0.585556703125 0.1465766671875 0.5784883125 0.14105111718750002 0.5548614187500001 0.1336999015625 0.5452000406249999 0.1341318125 0.527103178125 0.1399088671875
1 0.52596351875 0.1571097703125 0.4983464796875 0.1475348046875 0.46178167343750004 0.15200830625 0.4188906375 0.165117478125 0.3957775453125 0.1675701828125 0.3441941234375 0.181122540625 0.33952042968749996 0.1843341375 0.34094613281249997 0.193060009375 0.360782690625 0.20200011093749998 0.377752446875 0.2027120359375 0.40892828437500006 0.2030748 0.43149057968750004 0.20227854218750002 0.532749509375 0.194203184375 0.5609914859375 0.17874623437499998 0.5658634671875 0.1608400296875 0.5492193328125 0.15738037656249998 0.52596351875 0.1571097703125
1 0.394096021875 0.1787447515625 0.37055476249999997 0.1730275234375 0.32287432968749996 0.1686623984375 0.311217878125 0.167982434375 0.30360866249999996 0.1706155453125 0.283118625 0.18616269531250002 0.2805827265625 0.19320948124999998 0.29355070625 0.20043666875000002 0.33761206875 0.2096586515625 0.3707005296875 0.212765321875 0.398772759375 0.21254764218750002 0.4095759046875 0.214013165625 0.4204593484375 0.21413980625 0.42975196718750003 0.2123637859375 0.4636952390625 0.21330308125 0.5013146703125 0.2104748421875 0.503764934375 0.2017940703125 0.48364293125 0.1874073484375 0.394096021875 0.1787447515625
1 0.38750071406250003 0.17757076562500002 0.3786085171875 0.17420131249999998 0.37595843906250004 0.17906944687499998 0.3673802328125 0.1816912828125 0.36153773437500003 0.1810789703125 0.335830134375 0.170981890625 0.28384556562499996 0.15840173125 0.275124634375 0.1583002546875 0.2532659796875 0.1662108578125 0.222029871875 0.1614927515625 0.20658308593750002 0.1624016734375 0.202935475 0.1667138703125 0.20513035937500002 0.17163838125 0.21410819062500003 0.17664181875 0.22778825937499997 0.178978321875 0.2397016125 0.18456024843750002 0.2551784640625 0.20270323281249997 0.2621326796875 0.206050134375 0.341961121875 0.21405531249999998 0.36265249375 0.22082804375 0.393026271875 0.22475142343750001 0.44329483124999997 0.22533635156249998 0.45627366406250003 0.21484113124999998 0.4488341921875 0.2022349703125 0.414462753125 0.1931257390625 0.39402828125 0.191254975 0.38502190468749997 0.185706875 0.38750071406250003 0.17757076562500002
1 0.1286600609375 0.1952656171875 0.148182628125 0.198214434375 0.1640290375 0.20493078593749997 0.181642165625 0.2084017140625 0.199938840625 0.20643729375 0.2169540546875 0.2169775578125 0.2244776375 0.21271046093749998 0.2331985671875 0.2128119390625 0.244997740625 0.21621521562499998 0.31211510625 0.22189516875 0.32545264218750003 0.21769572343750002 0.3448039421875 0.21737656562500002 0.35189935625 0.204939534375 0.3614180109375 0.20178431406250003 0.3691699484375 0.201874515625 0.3711939828125 0.1999052265625 0.371150471875 0.19907499687500002 0.33388660468750003 0.1938433328125 0.32639004531250004 0.1801478484375 0.3163575875 0.17349915 0.28232868125 0.170925865625 0.2378121265625 0.1714965296875 0.2328529875 0.1692615046875 0.2306295578125 0.16379233124999998 0.2148229765625 0.157092859375 0.21475478125 0.1570920671875 0.19691464218750002 0.1672103328125 0.1782754328125 0.1626388046875 0.13886073906250002 0.16816780625 0.12213249374999999 0.181581409375 0.12147749062499999 0.18756141875000001 0.1286600609375 0.1952656171875
1 0.11032708124999999 0.159107675 0.1032872359375 0.1541267859375 0.0944521265625 0.151846659375 0.077893625 0.1500209953125 0.06635135156250001 0.1515196765625 0.0446639640625 0.16269825468750002 0.051191532812499996 0.1763824640625 0.05825992343750001 0.18190801406249998 0.076927678125 0.187024203125 0.0871599453125 0.1974855421875 0.0996426671875 0.195453471875 0.1046303515625 0.198233159375 0.10588478906250001 0.20369105625 0.111784375 0.20539269375 0.1397138828125 0.202451703125 0.1651360375 0.20710215937499998 0.195980934375 0.20840466875 0.2232946015625 0.2087224921875 0.2675637703125 0.2028507109375 0.27739641718749997 0.20568677656249998 0.27886383124999997 0.1961105765625 0.27859268125000003 0.190936728125 0.24248110625 0.1677217171875 0.23364600000000002 0.16544159218750001 0.16989232031249998 0.1685100625 0.14657941875 0.16715013125 0.13657550624999998 0.1610460921875 0.11032708124999999 0.159107675
1 0.06819408593750001 0.243334728125 0.111284934375 0.23403819375 0.13650727499999998 0.23487601093750002 0.18162174375 0.2272360125 0.1988118703125 0.2180251078125 0.1987594421875 0.2170247125 0.1894007046875 0.209363634375 0.1666571703125 0.20038970625000002 0.156681803125 0.1948303296875 0.15249184375 0.1887939453125 0.127383678125 0.190134775 0.024672021875 0.20744684218749998 0.011083065625000001 0.21147748437499997 0.012774396875 0.24375 0.019182178124999998 0.2438245609375 0.06819408593750001 0.243334728125
1 0.1816855125 0.502116565625 0.19610621718750001 0.5001070453125 0.2083320390625 0.49317301406249997 0.2217159921875 0.47628521562500004 0.2216175640625 0.4744071015625 0.21300420937500003 0.47145417187499994 0.15437941875 0.46151839843750003 0.1342303921875 0.4650942546875 0.09139492187500001 0.46078550781249994 0.07455097499999999 0.45351321718750004 0.041177068750000004 0.4449599234375 0.031677053125 0.439163346875 0.023010290625 0.4390625 0.024023646875 0.45839849531250004 0.0276127015625 0.4633093125 0.024499940625 0.4674867015625 0.027010646875 0.51539385625 0.08586945781250001 0.503178965625 0.1816855125 0.502116565625
1 0.1861166453125 0.421071871875 0.1902060828125 0.405625034375 0.1835546203125 0.392958421875 0.176533734375 0.36285628281250004 0.1682990671875 0.3511396484375 0.14988211406250002 0.3528621515625 0.149088546875 0.38965216874999997 0.14390978593749998 0.405086328125 0.15076437812500001 0.4216289125 0.15186765 0.43229416406250004 0.14895515625 0.43903908437499994 0.13375539375 0.43983062031250003 0.13470631718749998 0.44758889531249996 0.1407483859375 0.448627603125 0.149375365625 0.45744359843750004 0.14588137343750002 0.473865765625 0.13886549374999999 0.48540494375 0.1324082234375 0.5076030375 0.1305621671875 0.53469679375 0.1356443703125 0.5589659640625 0.1407494625 0.5628989718749999 0.160938803125 0.553449884375 0.16508403124999999 0.5806133546875001 0.1630208953125 0.5931785671875 0.1652758125 0.6062419078125 0.1684612734375 0.6062789734375 0.1826426859375 0.6040593015625 0.1864921578125 0.59442008125 0.1872120546875 0.5769972328125 0.1917585375 0.5702713265625 0.2061089390625 0.5636594984375 0.20735482656249998 0.55981098125 0.20652651249999998 0.5440058234375 0.2047238578125 0.5268441312500001 0.1912267453125 0.46664619687500003 0.1905157875 0.45308030468749994 0.194757571875 0.4405404453125 0.18885390468750002 0.4317561375 0.1861166453125 0.421071871875
1 0.2987632265625 0.47441604843749996 0.287435821875 0.4452322015625 0.2826075328125 0.4258079921875 0.287126115625 0.3977769328125 0.28353949843750004 0.381272375 0.287527371875 0.3638875546875 0.287070328125 0.35516662499999996 0.2823575484375 0.348332978125 0.2721194703125 0.31916180625 0.261807721875 0.30935780468749996 0.24850980625000002 0.32566589218750003 0.248625321875 0.3382564515625 0.243243428125 0.34981464687499997 0.2487179484375 0.371183178125 0.24873189375 0.38183575468750003 0.24345156874999999 0.39533193125 0.23434465625 0.398131165625 0.23767736093749997 0.409790759375 0.22995553281249997 0.44940536406250003 0.22387662812500003 0.4580502421875 0.22083967968749998 0.4831933390625 0.2202074 0.4919015953125 0.2296469046875 0.5162214671875 0.23613206875 0.5153285265625 0.2378307875 0.526969109375 0.2444314640625 0.5386667296875001 0.246144128125 0.5609598890624999 0.24907435625000002 0.566616765625 0.24946715937500002 0.5666213375 0.2628763140625 0.5582493828125 0.282640434375 0.48875446250000004 0.29130425 0.4878868734375 0.29780336093750004 0.49764651249999997 0.300272759375 0.4928332390625 0.2987632265625 0.47441604843749996
1 0.25173876562499997 0.41878083593750004 0.2521383890625 0.42640610937499995 0.26040412968750004 0.43630023125 0.251028196875 0.4421787640625 0.23378614843749998 0.44578844687499997 0.230195625 0.45118996874999995 0.23170696249999997 0.461549828125 0.2366661015625 0.46378485312500006 0.259921915625 0.46405545937500003 0.3533162515625 0.47221849374999997 0.3562627390625 0.4741711859375 0.35898148124999996 0.47420282187499996 0.3609540109375 0.47013004531249997 0.3915906828125 0.46341024375 0.40433030625 0.4662801328125 0.41037261562499994 0.4707050828125 0.45656873124999997 0.4467477671875 0.4602401078125 0.438997871875 0.460118425 0.436676046875 0.453745865625 0.4298406828125 0.441946690625 0.4264374078125 0.355135490625 0.41454066562499997 0.32840333125 0.4218502296875 0.2584075328125 0.41668111406249997 0.25173876562499997 0.41878083593750004
1 0.33192389375000003 0.413381446875 0.3430109765625 0.42167541093749994 0.35862903125 0.42403446406249995 0.3970191640625 0.4359121078125 0.402663371875 0.45121902656249996 0.41195519375 0.4622137515625 0.4178858234375 0.46551895312499997 0.42248491250000003 0.46557246875 0.4256638078125 0.46509491562500005 0.44484231875 0.44300054062500005 0.47559317031250004 0.4384593875 0.4969680890625 0.43979676874999996 0.5143243140625 0.43836573593750006 0.5239975546875 0.43392254843750006 0.5239025609375 0.43210997031250004 0.5225885328125 0.429752615625 0.512641709375 0.42473790312500004 0.4969665671875 0.421289525 0.48633619531249994 0.421710159375 0.47741545468749996 0.41779604687500005 0.477956278125 0.4096373875 0.4924610953125 0.3907546109375 0.48779302343750003 0.3866934921875 0.485500753125 0.38666681875000003 0.4489991671875 0.39297053437499996 0.4138886109375 0.406714571875 0.379374446875 0.3948820296875 0.33970285312500004 0.39550906874999997 0.3294435625 0.4030103140625 0.33192389375000003 0.413381446875
1 0.4473150125 0.39824201718749996 0.4238308421875 0.3936141125 0.3956896890625 0.3991463140625 0.3957147046875 0.39962361875 0.4160233375 0.4109418296875 0.45925843281249995 0.42287584999999994 0.4777263734375 0.42417940468750004 0.5012390875 0.42935197187499996 0.5121834484375001 0.4349226203125 0.52671833125 0.43509175000000005 0.540996315625 0.4303589171875 0.6075713359375 0.4256902875 0.6142971921875 0.4246798890625 0.6217351390625 0.4187788046875 0.622811815625 0.412460909375 0.6226683562499999 0.409723553125 0.6131839546875 0.403438059375 0.5524499109375001 0.39021175937499997 0.511666603125 0.3881042140625 0.473847359375 0.3871198171875 0.46142172812500004 0.3902412125 0.4473150125 0.39824201718749996
1 0.5375488265625 0.42071572812499997 0.5256640171875 0.41567846406250003 0.50711044375 0.41274092187500006 0.496936784375 0.42187615312500004 0.47302596875 0.4275855578125 0.48759092031250006 0.44680659218749996 0.5271295078125 0.45742083593749994 0.529526340625 0.457448725 0.5519440312499999 0.45517603125 0.6042652937499999 0.45831839218750003 0.6502631828125 0.458853625 0.6808485453124999 0.4572203015625 0.6933467656250001 0.4593549484375 0.7064967515625 0.45950796250000003 0.7166727140625 0.457092821875 0.7172106734375 0.4557288296875 0.717160121875 0.45476424375 0.69968604375 0.447097221875 0.6693618375 0.441301065625 0.62891954375 0.427222221875 0.5880506015625 0.4234806890625 0.578103778125 0.418465975 0.5375488265625 0.42071572812499997
1 0.6758096499999999 0.3489831296875 0.6803053484375 0.3412882296875 0.678505065625 0.3277096640625 0.6650866296875 0.2897858734375 0.65858751875 0.2800262359375 0.651354559375 0.27703686875 0.6466049468749999 0.27988680625 0.6409323062500001 0.296283621875 0.6359706218750001 0.3262463296875 0.6350754890625 0.3610983609375 0.6278704265624999 0.3794141484375 0.6296846578124999 0.4036452921875 0.6375270078125 0.41826256562499997 0.6384271499999999 0.42505185 0.6305161375 0.47144306093750005 0.6389907671875 0.47735207968750004 0.648300809375 0.4784288140625 0.650682590625 0.4823301328125 0.65321671875 0.4891384296875 0.6535861453125 0.506573953125 0.649685890625 0.51524418125 0.651057025 0.5414069718750001 0.659648009375 0.5510941093749999 0.6605467093749999 0.5511045671875 0.6678539390625 0.550318034375 0.671855759375 0.5435857890625 0.673586303125 0.503901471875 0.678954246875 0.48169070312500006 0.67767073125 0.44681332031250004 0.6953717187499999 0.389883609375 0.696176821875 0.3821360828125 0.6955285812499999 0.369766896875 0.6942037156249999 0.3675967875 0.6874278015625 0.3733283515625 0.683070503125 0.37327765 0.679003953125 0.3683883234375 0.6751265875 0.356722390625 0.6758096499999999 0.3489831296875
1 0.6717742390625 0.39511653281250003 0.65390573125 0.4052508875 0.6395135703125 0.4078050703125 0.621645065625 0.417939425 0.615347375 0.4271197578125 0.6215894984375 0.43535734374999996 0.630538784375 0.43981611875000004 0.6416654984375 0.44001501718749997 0.72536035 0.44098889375 0.761238559375 0.4391596265625 0.7987438124999999 0.434152740625 0.822056715625 0.43551266875000005 0.8539192812499999 0.433706103125 0.8642038671875 0.4298970515625 0.8641663609375 0.42918139687499995 0.813277171875 0.415814625 0.7913028203125 0.4030393375 0.73510126875 0.402385371875 0.6965128468749999 0.4052023359375 0.677987815625 0.40280945625 0.6717742390625 0.39511653281250003
1 0.7968129734375 0.474310184375 0.79426990625 0.4984906265625 0.794551715625 0.5246407421875 0.8032294765625 0.5344257296875 0.8094517890624999 0.5596765671874999 0.822252015625 0.56860165 0.823677496875 0.5686182375 0.8261700234375 0.5463134843749999 0.8315519171875 0.5347552906249999 0.8409495765624999 0.527117434375 0.8436589390625 0.5164965453125 0.8436794234375 0.5150048359375 0.8421228671875 0.485303978125 0.8274145515625 0.3623317109375 0.82064795 0.3468432890625 0.8203360375000001 0.346839659375 0.7986350671875 0.35328121874999996 0.790377515625 0.3619007453125 0.7935718203125 0.38130594218749997 0.7899762609375001 0.3957901234375 0.79516003125 0.4219972796875 0.7968129734375 0.474310184375
1 1 0.4513960375 0.9947525578124999 0.44676371562500006 0.9769110734374999 0.4389354890625 0.9677341921875 0.43937303749999995 0.9505484718749999 0.434818421875 0.929401909375 0.4378383390625 0.9079699015625 0.43541163593750004 0.87812943125 0.42036749531249995 0.8564976124999999 0.41412815468749997 0.8474626921875 0.4080353921875 0.823209340625 0.40720885000000007 0.8165405734375 0.4093085703125 0.8402531015625 0.41829377343749996 0.852437625 0.4290499921875 0.8516827171875001 0.43312368437500004 0.8287123484375 0.43829970156250003 0.8055992578125 0.44075240625 0.7794079218750001 0.4399033125 0.7711674390625001 0.4424219265625 0.7711932859374999 0.44291512343750006 0.778012284375 0.45022934687499994 0.7784975421875 0.45948860625 0.8154349484375001 0.4806029578125 0.8588968749999999 0.47838703281250006 0.90121854375 0.4728918578125 0.9196864874999999 0.4741954125 0.9286357734375 0.4786541875 0.9429708453125001 0.47501067968750005 0.9536583046875 0.4756793703125 0.971698078125 0.4688129890625 0.99196128125 0.46741578281249996 0.9986015046875 0.46477139687499996 1 0.46122552343749995 1 0.4513960375
1 0.9551939265625 0.49656822343749996 0.958402178125 0.5266259984375 0.9683495093750001 0.5606357921875 0.9784102906250001 0.5719802640625 0.9802910703125001 0.5720021484375 0.982524675 0.5714531484375 0.9872235046875 0.5676342203125 0.9881833703125 0.54440375625 0.9937544453125 0.5260689578125 0.9953097546875 0.5038138265625001 0.993763384375 0.4950802171875 0.996218834375 0.47961436874999996 0.994353821875 0.4544142328125 0.995581546875 0.4466813078125 0.9927287734375 0.42340648124999997 0.9945128546875001 0.4134687046875 0.9924513078125001 0.3741320375 0.9910111015625 0.35947200625 0.9759497390625 0.3525179421875 0.9661966015625 0.3533728546875 0.9583313625000001 0.3590917421875 0.9511541953125 0.398712684375 0.9551939265625 0.49656822343749996
1 1 0.6963809624999999 0.9984337015625 0.692246603125 0.9925897546875 0.6534425500000001 0.9875722828125 0.6407949484375 0.9872675859375001 0.63498099375 0.990230865625 0.6292050671875 0.9842993 0.5991156046875 0.9758983390625 0.5738394171875 0.9711855609375 0.56700576875 0.9634079421875 0.5640100640625 0.9526162609375 0.5658212953125 0.94723436875 0.5773794875 0.9436667046875 0.613168821875 0.9535772 0.656862203125 0.952400259375 0.66556411875 0.9500832078125001 0.67328436875 0.9254997359375 0.692366340625 0.9224856750000001 0.697173275 0.9234873828125 0.70590054375 0.9271108343750001 0.7127215140625001 0.934242228125 0.713772896875 0.942056684375 0.70708501875 0.9508728453125 0.7091244046875 0.956485765625 0.7227473375 0.957145940625 0.7353442375 0.9635206000000001 0.76350205 0.9716676453125 0.783933278125 0.9745712031249999 0.8081770984375 0.9837288953125001 0.8063468546875001 0.9999707203125 0.8220786875 1 0.822079028125 1 0.6963809624999999
1 1 0.714503090625 0.981032403125 0.713431984375 0.9267958593750001 0.6948379890624999 0.8927384093749999 0.69172004375 0.79002523125 0.6905248687500001 0.758248296875 0.693965421875 0.7422606875 0.7030330015625 0.7466219125 0.7123373625 0.7536332156250001 0.7167735875 0.780167084375 0.724158628125 0.879346828125 0.7318446515625 0.88680958125 0.7333152968750001 0.9274426468750001 0.73378810625 0.9384553562500001 0.7325324421875 0.9604852781250001 0.7278898109374999 0.9764728874999999 0.71882223125 0.9987311640625001 0.7185368984375 1 0.7192440343750001 1 0.714503090625
1 0.8665113812499999 0.693647765625 0.8586167203124999 0.690834253125 0.8490409765625 0.6929001484375 0.8412034046875 0.6911759609375 0.8163521406250001 0.6974187515625 0.809854640625 0.7027864484374999 0.7927838609375 0.7096641046875 0.76459745 0.707703134375 0.7514026375 0.714625890625 0.7082547 0.7228331015625 0.7028118250000001 0.7298460609374999 0.705377790625 0.74185118125 0.7267976484374999 0.75331505 0.7441043078125 0.75351643125 0.7753165 0.7459309734375 0.785034965625 0.7465883875 0.7920136624999999 0.7540739078125 0.7950758578125 0.7541095390625 0.8016505578125 0.7495033796875 0.8093168609375001 0.74795959375 0.8433457687500001 0.7505328765625 0.848760096875 0.74297525625 0.887234340625 0.7379796421875 0.8909105 0.73421210625 0.8880876343749999 0.717305025 0.8928184187499999 0.715182753125 0.9025368828125 0.7158401671875 0.9139364328124999 0.7116181703125 0.9284427734375 0.7112426390625 0.9304008125 0.709738896875 0.9301619203125 0.705180553125 0.928840875 0.7003606671875 0.900654465625 0.6983996968749999 0.893073796875 0.7015774703125001 0.8814458890625 0.7014421671875 0.8726393265624999 0.699706703125 0.8665113812499999 0.693647765625
1 0.8374411687500001 0.702599709375 0.7795585328125 0.7068251546875 0.7475817890625 0.7064530718750001 0.718711834375 0.70992745 0.6988767984375001 0.7194945921875 0.6596048265625 0.7277469046875 0.6530502390625 0.7320252765624999 0.6308490499999999 0.7333999328125 0.62902524375 0.73555603125 0.6542761328125 0.7369385125 0.6582662796875 0.7391622625000001 0.6633681421875 0.7441205984375 0.6608607859375 0.751712046875 0.6640246671875001 0.7566478328125 0.670522165625 0.7512801359375 0.7364136390625 0.752046853125 0.74378208125 0.7613204171875 0.7464969734375 0.7613520078125 0.7615788921875 0.751795346875 0.785289896875 0.74227330625 0.864176371875 0.73230463125 0.87207103125 0.7351181437500001 0.879778825 0.727084940625 0.8790814671874999 0.713778578125 0.8775980156250001 0.7112319281249999 0.8676511937500001 0.706217215625 0.8602688125 0.69470038125 0.8524597843749999 0.693520853125 0.8498382546875 0.6989336515625 0.8374411687500001 0.702599709375
1 0.6694055484375 0.594725184375 0.6641620546875 0.5985377781250001 0.6614526921875 0.609158665625 0.6623299453125 0.6362841109375 0.6577466281250001 0.6526936015625 0.6655381984375001 0.6663418828125 0.6698218265625 0.6857597546875 0.663756871875 0.7050572093749999 0.6748164125 0.7187435171875001 0.6775028890625 0.728458790625 0.6749508828125 0.783627971875 0.681943875 0.7924249546875 0.6896059828125 0.7828300984375 0.6994099031250001 0.7829441765625 0.71033104375 0.8043760859375 0.7180857781250001 0.8277079515624999 0.7276636812499999 0.8442822234375 0.7368353234375 0.8531045578124999 0.736378278125 0.8443836265625 0.73350261875 0.8414449609375 0.7344943078124999 0.766889596875 0.7380750890625001 0.7644573 0.7375097359375 0.7536697203125 0.7356941390625 0.73785151875 0.7305243171875 0.7222969421875 0.7252160937500001 0.7144879640624999 0.6886210765625 0.5978539828125 0.6806403249999999 0.5909823078125 0.6694055484375 0.594725184375
1 0.6050672546875 0.5908594984375 0.5935277812499999 0.588788421875 0.58932283125 0.591644696875 0.5841440687499999 0.607078859375 0.582653490625 0.6409555609375001 0.585353915625 0.6613234109375 0.5835307453125 0.66808100625 0.583900171875 0.685516528125 0.596824728125 0.724402971875 0.59499261875 0.76214930625 0.5964882046875 0.7699139203125 0.6251133890625 0.7802396953125 0.6374755249999999 0.7803835421875001 0.6480927234375 0.7782616046874999 0.649569659375 0.7740505078125001 0.6490570640625 0.764269621875 0.628825334375 0.6598924421875 0.6246572203125 0.653065134375 0.6235907828125 0.632716296875 0.6253631687500001 0.624989709375 0.6111789015625 0.6070709578125 0.6050672546875 0.5908594984375
1 0.5647229859375 0.6896554203124999 0.55600205625 0.68955394375 0.5585109328125 0.700469740625 0.5461423890625 0.7046804609375 0.48899886875 0.686052640625 0.47147137343749995 0.6842156984375001 0.46873566406249995 0.6874498453125 0.47113036093750005 0.69618699375 0.48218890156249994 0.7039362953125 0.48851665625 0.7138078671875 0.47623374687500003 0.7196525734375 0.43867140468750004 0.7235701375 0.42892439375 0.7223680609375001 0.42054599687499994 0.72880253125 0.41193924531250004 0.7308797046875 0.41724092031250004 0.7396506781250001 0.43097807968749996 0.7430765046875 0.500802609375 0.744977646875 0.5067307421875 0.7472239468749999 0.55677809375 0.749775146875 0.5650355 0.7498712296875001 0.5852476578125 0.7486819046875001 0.601377990625 0.7423376359375 0.650853684375 0.7440019984374999 0.690790728125 0.7263046984375 0.690731740625 0.7251791546875 0.6772703328125 0.712193903125 0.6576621312500001 0.7076111 0.6227213203125 0.7061158671875 0.59438350625 0.7074191171875001 0.5752407015625 0.70556338125 0.5647229859375 0.6896554203124999
1 0.4733945484375 0.5537749140625 0.46775874375 0.56048814375 0.464227915625 0.5865938953125001 0.45804744687500004 0.5933007890625001 0.45676894062500006 0.600064721875 0.46328199999999997 0.6204769359375 0.462248465625 0.6630745671875 0.47106570468750003 0.7793853265624999 0.47930037031249995 0.7911019609375 0.48316246874999996 0.792641871875 0.4845126640625 0.7926575828125 0.49116742812499997 0.7786508296875 0.4937752265625 0.76609195625 0.5086055625 0.7478648984375 0.5115314796875 0.732385365625 0.5105075109375 0.7128468875 0.5025813718750001 0.6848487140625 0.4987776765625 0.6538156109375 0.50150491875 0.5812172453125 0.490583778125 0.5597853359375 0.48433857812500003 0.5548706609375 0.4733945484375 0.5537749140625
1 0.4780298890625 0.6445118843750001 0.47298511562499995 0.640642871875 0.437018225 0.6380470359375 0.42644494218749995 0.6395569953125 0.40772162187500005 0.6518587234375001 0.4019362125 0.6523357359374999 0.38825614375 0.64999923125 0.3780809625 0.6406272203125 0.36343342343749996 0.6567866859375 0.3492125296875 0.66260884375 0.345222384375 0.6603850921875 0.33661563125 0.662462265625 0.327353875 0.6705194453125001 0.300992796875 0.6849096218749999 0.29788753125 0.699570403125 0.3058963671875 0.7045625656250001 0.36523325156249997 0.7096076546875 0.3921081359375 0.7050214 0.4433806140625 0.72249224375 0.449819790625 0.72354581875 0.45607106406250003 0.723618559375 0.47031258437499995 0.7189953171875 0.4677180734375 0.706445534375 0.4608780390625 0.7052772796875 0.46247348906249997 0.698763884375 0.5181041484375 0.6885246031250001 0.53597265625 0.6783902484375 0.5445206515625001 0.6765460812499999 0.5444961421875 0.67607841875 0.5112340468750001 0.6683044453125 0.504108565625 0.6616895703125001 0.510292078125 0.6503305890625 0.5081542812500001 0.646495403125 0.49612751250000003 0.6479884499999999 0.4780298890625 0.6445118843750001
1 0.34017253125 0.650387321875 0.3304826078125 0.65027456875 0.3172021625 0.6555633390625 0.2967676921875 0.653692571875 0.2809783703125 0.6480655453125 0.2713169921875 0.64849745625 0.2709759796875 0.6604687515625 0.27508030625 0.6648711515625 0.264821015625 0.6723723953125 0.22913956875000002 0.6752231859375 0.2247513203125 0.6838814046875 0.23062236249999998 0.6850383828125 0.23506922343749997 0.6959767296875 0.22275776875000003 0.7012767734375001 0.22868590000000003 0.703523075 0.2508870875 0.7021484171875 0.2635981671875 0.704473646875 0.2828938984375 0.7215724078125 0.29909105937499997 0.7264765734374999 0.302933646875 0.7265212859375 0.31666590625 0.719243728125 0.40296178281249995 0.702829309375 0.410428275 0.6974728875 0.43730315781250007 0.69288663125 0.44571009687499996 0.6869968234375 0.4494293890625 0.6796584859375 0.449320603125 0.6775827390625 0.444996484375 0.673380265625 0.39412362968750003 0.6635346921874999 0.3759411328125 0.6676777625 0.3575017359375 0.6669188703125 0.349492896875 0.6619267093750001 0.34017253125 0.650387321875
1 0.22829669843749997 0.8190914312500001 0.2304753484375 0.8191167828125 0.23131075937499998 0.8142844953124999 0.2408239328125 0.8192371984375001 0.25016187031250003 0.8416190859375 0.2502266 0.8532406546875 0.27340853125 0.8714016156250001 0.274062209375 0.871409221875 0.273554453125 0.8205864546875 0.280759515625 0.8022706671875 0.27882083281250003 0.7964377 0.2890368125 0.7775718734375 0.2879038328125 0.7559533125 0.277786221875 0.7247639625 0.2666758984375 0.7101086609375 0.25832571875 0.685801465625 0.24425604843749998 0.6042920374999999 0.235458346875 0.5898815374999999 0.2345596546875 0.5898710796875 0.2251281359375 0.5924486484375 0.216529053125 0.6049378062499999 0.2146690484375 0.6213789859375 0.2214828734375 0.720235209375 0.220223321875 0.7792930328125001 0.22829669843749997 0.8190914312500001
1 0.059055875 0.743297790625 0.0578315046875 0.7568917984375 0.05059336875 0.7666055187499999 0.05164799531249999 0.76825078125 0.0836247390625 0.7686228640625 0.097304809375 0.770959365625 0.131420871875 0.793673878125 0.153666003125 0.801300209375 0.157997646875 0.8013506140625 0.1902154078125 0.7883703843750001 0.20215578281250002 0.775989728125 0.20973645312500003 0.77281195625 0.2764256515625 0.770321975 0.2895062859375 0.76122056875 0.2925894046875 0.7559710703125 0.292399353125 0.7523446765624999 0.2828074515625 0.7442683859375 0.241424709375 0.73072293125 0.23199168593750003 0.7355121375 0.22044941406250002 0.737010821875 0.202807740625 0.7329952328125 0.17604551562499998 0.7212528921875 0.168977125 0.7157273421875 0.1515638078125 0.71606905 0.1410476171875 0.718668334375 0.12619029375 0.7119723140625001 0.12612703281249998 0.7119715765625 0.10220229218750002 0.7165833359375 0.09388098593750001 0.7241071328124999 0.09918265937500001 0.73287810625 0.095649225 0.7393689515624999 0.0784071765625 0.7429786328125 0.059055875 0.743297790625
1 0.071359621875 0.799163871875 0.076632753125 0.8073901828125001 0.0956144953125 0.818497659375 0.1002827421875 0.8194176046875 0.1099146875 0.8195296828125 0.11584915468749998 0.8165557874999999 0.1172162484375 0.8056850921875001 0.12348539218750001 0.7959600984375 0.12827326562500002 0.7949271484375 0.1365660265625 0.7868586921875 0.15865303749999998 0.7833053859375 0.1984388078125 0.7848569984375 0.21476895312500002 0.7823253625000001 0.2220081203125 0.7798203078125 0.2215421953125 0.7709299281249999 0.179028896875 0.7655795859375 0.1729865859375 0.7611546375 0.1532927515625 0.754937846875 0.142177125 0.746099221875 0.1367057046875 0.75256751875 0.128041865625 0.7535553640625 0.11715459218749999 0.7490740390624999 0.10994347812500001 0.7408251765625 0.0990847546875 0.7368885125 0.07924971875 0.74645565625 0.057276884375 0.7521876093750001 0.039487562500000004 0.7534675640625 0.0414503546875 0.790919878125 0.0545727640625 0.7929809046875 0.071359621875 0.799163871875
1 0.075952984375 0.9846585015624999 0.0836662078125 0.984265240625 0.10632258750000001 0.9730979359375 0.1471281 0.9600135218749999 0.1466643953125 0.9511654953124999 0.131855875 0.9429125546874999 0.07337380624999999 0.9357000921875 0.06336989374999999 0.9295960546875 0.060432692187500005 0.9289855265625 0.0633427 0.9845117671875 0.075952984375 0.9846585015624999
1 0.1383522078125 0.9640006765625 0.1483561203125 0.9701047125000001 0.1591577578125 0.972952053125 0.17511682343749999 0.9633398109375 0.21960483593750002 0.962224484375 0.23593498125 0.9596928531250001 0.25279534843749996 0.9501302765625 0.2526729515625 0.9477948156249999 0.24853035625 0.9413321874999999 0.239581071875 0.9368734109375 0.1877392234375 0.9270165640625001 0.1731757953125 0.9263027734374999 0.1356404765625 0.91225775625 0.1383522078125 0.9640006765625
1 0.2788321171875 1 0.27817230312499996 0.9874100109375 0.270407515625 0.9457822859375 0.25162113750000004 0.9300692640625 0.2416419796875 0.947384371875 0.24355777656250002 0.9735535000000001 0.2395191203125 0.989969328125 0.239512903125 1 0.2788321171875 1
1 0.2939748015625 0.9354437250000001 0.29606576875 0.9753417328125 0.299000965625 0.97591403125 0.3212592421875 0.9756287 0.327249240625 0.97665176875 0.3392327765625 0.9767912093750001 0.3444865125 0.97535464375 0.3505638546875 0.9769230578125001 0.35584798125 0.9769845453125001 0.387720084375 0.9687814203125 0.3894318078125 0.9650490046875 0.38895848593750004 0.9560174859374999 0.3878898296875 0.9535421484375 0.36585838593750003 0.9396775375 0.3426311171875 0.93995159375 0.32293728125 0.933734803125 0.2978576609375 0.935620296875 0.2939748015625 0.9354437250000001
1 0.44707030000000003 1 0.4465691140625 0.9232044546875 0.44863225 0.91063924375 0.44785682812500005 0.88802101875 0.44743558906249997 0.879983290625 0.4408356734375 0.8553496468749999 0.4359197640625 0.84464003125 0.427445134375 0.8387310093749999 0.42443107500000005 0.8435379468749999 0.42005088749999997 0.8638234046875001 0.413243146875 0.9208798703125 0.4026088234375 0.9672393921875001 0.3823687 0.9757194890625 0.3773283390625 0.9834080500000001 0.3793685890625 0.991179 0.3833843546875 0.995099334375 0.3973384453125 1 0.44707030000000003 1
1 0.44738025 0.9179776437499999 0.4389162203125 0.9227781265624999 0.4359377796875 0.9287568687500001 0.4360321046875 0.9305567031249999 0.4395442 0.9347606953125001 0.4654516125 0.9486704109374999 0.485714815625 0.94727320625 0.5345185703124999 0.9525172640624999 0.5808736156250001 0.9530566531250001 0.57904765625 0.9182152734375 0.5383227984375 0.9163142046875 0.509367209375 0.9181545968749999 0.479214271875 0.915626415625 0.47223151406249997 0.9117348515625 0.44738025 0.9179776437499999
1 0.5267041265625 0.98834191875 0.529776278125 0.9883776671875 0.54181361875 0.9809970359375001 0.5745309984375 0.9770230953124999 0.5857021921875 0.9684438015625 0.60100625625 0.9648115687500001 0.61230278125 0.9568389703125 0.61209053125 0.9527889765625 0.6096400296875 0.9447718171874999 0.5908866453125 0.9380216390625 0.5693975484375 0.9345056109375 0.5280448718749999 0.9400120624999999 0.52423433125 0.9412153999999999 0.5267041265625 0.98834191875
1 0.7358300515625 0.8837188265625 0.7264826625 0.890142025 0.716764196875 0.8894846078124999 0.692426734375 0.9055313203124999 0.6424102171875 0.9120256187500001 0.615135709375 0.9089866000000001 0.599091009375 0.9169648546875001 0.6058183890625 0.9344617015625 0.614767675 0.9389204765624999 0.6878702640625 0.9479360546875 0.729536928125 0.948420890625 0.7723314625000001 0.963092203125 0.7750330515625 0.9631236390625 0.77209554375 0.90707264375 0.769974659375 0.906978003125 0.7623924671875 0.8916485328125001 0.763930828125 0.884045809375 0.7578028812500001 0.8779868734375 0.7358300515625 0.8837188265625
1 0.7130272140625 0.9780176078125 0.7343092375 0.9782652453124999 0.7612147078125 0.9731585953125 0.790227384375 0.972407528125 0.8178429046875 0.9634752499999999 0.81876948125 0.9633737874999999 0.8165866906250001 0.921723640625 0.737500659375 0.9456661484375 0.71287775 0.9562662390625001 0.7062946171875 0.9599999484374999 0.70337214375 0.9663724015625 0.7034703765625 0.9682468234374999 0.7130272140625 0.9780176078125
1 0.7812898749999999 0.94521520625 0.7833792265625 0.9850824156250001 0.7884899546875 0.985141884375 0.8455113015625001 0.9695501296875 0.87107465625 0.958416653125 0.877453284375 0.95087585625 0.8772739640625 0.9474541953125 0.87400865625 0.9404878984374999 0.8699614203125 0.9371748234374999 0.8553123578124999 0.9348270453125 0.8176072921875001 0.9360212984375 0.797600990625 0.942320465625 0.7812898749999999 0.94521520625
1 0.901783603125 0.922524325 0.860744915625 0.9340220609375001 0.848983815625 0.9439757125 0.8491596187500001 0.9473302578125 0.8516559515625 0.963854459375 0.8628572109375 0.9743270718750001 0.8739482859375001 0.9767669984375 0.8974203421875 0.9770401203124999 0.9165784312499999 0.9646099015624999 0.9366703671875 0.9599447203125001 0.9455340203124999 0.962769509375 0.9479572624999999 0.9720513203125 0.95693509375 0.9770547578125001 0.9648567765625 0.9619056890625 0.9763134156250001 0.95877301875 0.9840672250000001 0.9590565765625 0.9813929078125 0.90802756875 0.9701253390625 0.9146102718750001 0.9499763140624999 0.9181861265625001 0.9363533328125 0.9169389484374999 0.9308533703125 0.9228625828125001 0.920308634375 0.9249172031249999 0.901783603125 0.922524325
1 1 0.917659109375 0.9773928812499999 0.9159895984374999 0.9239856515625 0.9316980546875 0.9265433625 0.9805020921875001 0.9272798468750001 0.9805106625000001 0.940775553125 0.9748955046875001 0.9475299546875 0.97442976875 0.955481703125 0.9783326078125001 0.9642311796874999 0.9789787453125 0.963917190625 0.9729874609375001 0.971240959375 0.9649077296874999 1 0.962220159375 1 0.917659109375