1 0.0899559390625 1 0.0937187890625 0.9774512390625001 0.0946747046875 0.9173024796875 0.095624875 0.9135151703125001 0.0955607 0.9098386078124999 0.0545995421875 0.909600303125 0.0550251578125 0.9727702484374999 0.057414709375 1 0.0899559390625 1
1 0.041319974999999995 0.87376998125 0.0270159578125 0.8711794968750001 0.015345653125 0.8663082015624999 0.016223010937499997 0.916571996875 0.0350477234375 0.9228759406249999 0.0770072359375 0.9271316828125 0.1279844515625 0.9374573312500001 0.13955339687499999 0.9365217296875 0.1397376765625 0.9345546078125 0.1396220640625 0.9279312109375001 0.13126063906250002 0.9209284249999999 0.11783913125 0.9178416171875 0.10501126093749999 0.8977088453125001 0.096884825 0.8916441234375 0.0637942 0.8849327109375 0.041319974999999995 0.87376998125
1 0.08542896718750001 0.8664308578125001 0.08299301718749999 0.8313178390625 0.07223174375 0.7893700031249999 0.0665907359375 0.7822077828125 0.05743892187500001 0.7815048328125 0.053815304687499996 0.7814837515625 0.051576714062499994 0.783902784375 0.0492522 0.8231009640625 0.0494818796875 0.8649875296875 0.044838045312500005 0.8810016640624999 0.08568745 0.88123931875 0.08542896718750001 0.8664308578125001
1 0.088271703125 0.7607717265625 0.079464840625 0.7527405390624999 0.0642432953125 0.7486403546875 0.06765078906250001 0.7396340140625 0.06358598125 0.7377950390625 0.013251898437500001 0.737502203125 0.013760720312499999 0.7666526609375001 0.060058334375 0.76416106875 0.070709753125 0.7617157671875 0.07698362812500001 0.7637580828125 0.0883249828125 0.7638240656249999 0.088271703125 0.7607717265625
1 0.0476044375 0.7368162500000001 0.081607646875 0.737014075 0.0815066015625 0.731225196875 0.0799386796875 0.7147249875 0.0770889 0.69510255625 0.0626706125 0.6409245515625 0.062265190625 0.6409221921875 0.053696671875000004 0.647734184375 0.0465941453125 0.6717545890625 0.0386789734375 0.677946765625 0.040039796875 0.6984517109375 0.047166081250000005 0.7332489984375 0.0476044375 0.7368162500000001
1 0.0900789859375 0.6618866953125 0.0846091078125 0.6645283984375 0.0804415 0.655592403125 0.077700621875 0.6422088296874999 0.0773739234375 0.6234922515625 0.0652792625 0.591339584375 0.05556399375 0.5805889609375 0.0413957890625 0.5736201000000001 0.040672265624999995 0.573615890625 0.038435053125 0.5760334328125001 0.040032909374999995 0.5813897796874999 0.0384615484375 0.592344075 0.038531353125 0.596343159375 0.045336184375 0.6553881671874999 0.0499034625 0.6812588140625 0.090922746875 0.6814974578124999 0.09140869375 0.680609109375 0.0911286671875 0.664566328125 0.0900789859375 0.6618866953125
1 0.078442878125 0.5557045484375001 0.075472178125 0.5449698890625 0.0693452234375 0.5386960171874999 0.06440299375 0.5268837125 0.057885671875 0.526845796875 0.056103864062499995 0.52703370625 0.052262956250000006 0.5368142875 0.0448181734375 0.5412268484375 0.0397875703125 0.5403064078125001 0.036354825 0.5447423109375 0.0358496421875 0.573256975 0.0336054859375 0.58265984375 0.033624525 0.5837505937499999 0.035768181249999996 0.597318228125 0.0361415515625 0.618708603125 0.07031984375 0.618907446875 0.0759041 0.5984429062500001 0.0785049796875 0.5592623515625 0.078442878125 0.5557045484375001
1 0.0494458578125 0.5208198187499999 0.0501708015625 0.511296421875 0.08300756875000001 0.5034642 0.099076609375 0.5050620484375 0.1009628328125 0.5032748421875 0.10094670937500001 0.5023511187499999 0.0115106796875 0.476581071875 0.008570490625 0.47656396718750005 0.009365167187499999 0.5220909984375 0.016521554687500002 0.5236369937500001 0.026404259375 0.528207571875 0.052294731250000004 0.530865465625 0.058446051562500004 0.5258867171875 0.0494458578125 0.5208198187499999
1 0.0199010609375 0.4781713328125 0.0650256828125 0.47843385937500005 0.07434329375 0.45620869218750004 0.07793402656250001 0.4370460359375 0.07792635625 0.43660662187500004 0.068954878125 0.43478914218750003 0.0657669453125 0.42452208125 0.06529245312500001 0.3973384796875 0.0573461671875 0.40174812656250003 0.0435685109375 0.41681794375000003 0.0380675171875 0.4176771171875 0.03328950625 0.40249934375 0.026156825 0.3969868734375 0.0249300578125 0.39697973593749997 0.022789024999999997 0.404220603125 0.024417996875 0.4113594796875 0.022206059375 0.42827893906250003 0.0232676203125 0.46036741562500005 0.02053861875 0.476392690625 0.0199010609375 0.4781713328125
1 0.08189616562499999 0.41010057343749995 0.0851041890625 0.4002920234375 0.0850058234375 0.394656665625 0.0847456609375 0.391402471875 0.0757222578125 0.36283237343749997 0.0731406265625 0.32984387656249997 0.0680011234375 0.3226845765625 0.0620090046875 0.3065796578125 0.0505338984375 0.30651289843749996 0.0443215140625 0.316308584375 0.041106565625 0.333222209375 0.031764665625 0.34386195937499997 0.038887273437499995 0.40717682968749996 0.0389339453125 0.4098506265625 0.08189616562499999 0.41010057343749995
1 0.030502309374999998 0.35388949687500004 0.0681591390625 0.354108578125 0.0705063703125 0.34342813125 0.0850076171875 0.30525293124999997 0.0847567875 0.290882853125 0.084555853125 0.2864746640625 0.071843434375 0.3051153828125 0.0673610078125 0.3068716546875 0.0636637921875 0.29615604375000004 0.0624622171875 0.2560461734375 0.060068109375 0.250324078125 0.0582973203125 0.2503137765625 0.036415096875000004 0.2576769859375 0.033044578125 0.26567795312500003 0.0312719171875 0.27903526562500003 0.0316764015625 0.302208171875 0.0293088921875 0.31021497343750004 0.030502309374999998 0.35388949687500004
1 0.0624874453125 0.2681637484375 0.0624780796875 0.2676271953125 0.049242221875 0.1981104359375 0.045505920312499996 0.1924327296875 0.0425101609375 0.1924153 0.037128328125 0.19358408437500002 0.0295865265625 0.221166634375 0.0287976390625 0.26215609687499997 0.02702175 0.27194869375 0.0624501640625 0.27215480937500003 0.0624874453125 0.2681637484375
1 0.07858817968750001 0.2020736984375 0.0724804609375 0.1681735109375 0.06455340781249999 0.144956840625 0.059111640624999996 0.11439481874999999 0.0588225265625 0.1143931359375 0.0448977125 0.1680130390625 0.043577521875000004 0.230387615625 0.08048494218749999 0.2306023359375 0.0804679609375 0.22418914218750002 0.0804528234375 0.22332194843750003 0.07858817968750001 0.2020736984375
1 0.0888396328125 0.13102424375 0.0959434953125 0.1295612125 0.10845622968749999 0.1316398234375 0.12888530625 0.1277470484375 0.1302847421875 0.1244769359375 0.130264409375 0.123312046875 0.1150961421875 0.10359705156250001 0.0909444328125 0.09844200625 0.0159993375 0.09349290625 0.0098586609375 0.09223549375 0.0017177624999999998 0.09218813125 0.002299553125 0.12551892656250002 0.028207309375 0.129167134375 0.0704557 0.14997252656249999 0.0793858625 0.1510273890625 0.0855897046875 0.1490576640625 0.0888396328125 0.13102424375
1 0.045593003124999996 0.010038715625 0.0497761671875 0.0198659796875 0.0489754 0.0314465953125 0.03331250625 0.08215245156249999 0.034424415624999996 0.088397146875 0.050974064062500005 0.0884934296875 0.053400121875 0.11256927187500002 0.0589944578125 0.11705769375 0.074809246875 0.103782075 0.08203622968749999 0.08689179375 0.0853912203125 0.058710106250000005 0.0852653765625 0.051500540625 0.08389402968750001 0.020955646875 0.084675090625 0.0176830578125 0.084375 0.0004908796875 0.0489052875 0.000284521875 0.0464715546875 0.0029144265625 0.045593003124999996 0.010038715625
1 0.1218300953125 0.0168219 0.14046788593749998 0.012417250000000001 0.1469720078125 0.006412085937500001 0.1469534765625 0.0053503734375 0.1442956953125 0.0024018296875 0.0231799328125 0.0016971984374999998 0.0298459078125 0.005756228125 0.0530625828125 0.008398565625 0.08362822656249999 0.02362 0.0925496359375 0.02417335625 0.10136599843750001 0.018708659375 0.1218300953125 0.0168219
1 0.25181180468750003 0.0327632421875 0.25459935625 0.048820610937499995 0.25381046875 0.089810075 0.25952926249999997 0.1014286234375 0.262740440625 0.10480851093750002 0.2609375 0.001518090625 0.2512277625 0.0014616 0.2538992859375 0.008713659375 0.25181180468750003 0.0327632421875
1 0.2335855875 0.035661665625 0.23013728437499997 0.039206303125 0.2313840265625 0.053175596874999995 0.22961807812499999 0.0868655671875 0.2298223234375 0.0985667609375 0.2317900140625 0.10516287499999999 0.23088034687499998 0.1105046328125 0.23503239687500002 0.118549365625 0.24095343125 0.1417543640625 0.24275353125 0.1586971640625 0.25145023593750004 0.1685506859375 0.2583779546875 0.1632439390625 0.2631907578125 0.1516866625 0.2707133265625 0.15173042812499998 0.27430164375 0.1562071796875 0.27533965 0.11056495 0.274685853125 0.07310887968749999 0.27340668749999997 0.0474786125 0.269577234375 0.0291872453125 0.273348134375 0.015395968749999999 0.27316145000000003 0.00470078125 0.2722899875 0.0015841375000000002 0.234129871875 0.0013621281250000001 0.23689387812499998 0.024095635937500002 0.2335855875 0.035661665625
1 0.2290368859375 0.06129839375 0.2232988578125 0.0773061625 0.2262419796875 0.1022761875 0.226452425 0.17178906875 0.230149640625 0.1825046796875 0.23201196875000002 0.203012540625 0.2422131859375 0.212874815625 0.2581679890625 0.20762058749999998 0.26622685156250003 0.1809322203125 0.2659312671875 0.1639981734375 0.262735553125 0.1532854796875 0.2729547609375 0.063441159375 0.27291413750000004 0.0611139125 0.2664474796875 0.049930765625 0.2642858921875 0.0410064390625 0.26395919375 0.0222898625 0.2594564703125 0.0218199109375 0.254219371875 0.0217894421875 0.2479732765625 0.025761559375 0.2423348421875 0.0379084453125 0.2367187015625 0.041737232812500004 0.23113992187500002 0.0381400765625 0.2296976375 0.041696384375 0.2290368859375 0.06129839375
1 0.234799184375 0.19047827343749998 0.2596583296875 0.1851069078125 0.277536165625 0.1882196421875 0.3141130703125 0.1904382546875 0.332803384375 0.18904262968750002 0.3533200015625 0.1901649 0.354791328125 0.18702475000000002 0.35469365 0.18142879375 0.353092403125 0.17712578125 0.32979694375 0.169969903125 0.3234442875 0.16341404843750001 0.3349081859375 0.15646039375 0.3196691328125 0.151357196875 0.30087309218749997 0.14861051249999999 0.2889914078125 0.1485413875 0.26081934218749997 0.1495104578125 0.256369415625 0.1483515984375 0.2440748734375 0.14828007031249998 0.23587265937500002 0.1498667765625 0.2169618296875 0.14812233125000002 0.209865825 0.1480810484375 0.19754823906250002 0.1496438109375 0.1917097671875 0.1479754203125 0.1656551125 0.1478238375 0.163653884375 0.147942259375 0.1584375984375 0.15543371718750001 0.166607803125 0.1640059609375 0.1971909546875 0.180230403125 0.22751149218750003 0.181409709375 0.234799184375 0.19047827343749998
1 0.2022404171875 0.21732787031249998 0.205296115625 0.22001917187500003 0.21011712187499998 0.266388325 0.20745035 0.2859786609375 0.20827855468749998 0.30469815625 0.2120691125 0.3207613625 0.2283661703125 0.335114975 0.2381784625 0.3226956125 0.24181712812499997 0.301328578125 0.24529654375 0.2995664703125 0.25087532343749996 0.303163628125 0.25361654218749996 0.29815247500000003 0.2535716140625 0.29557857187500003 0.25012490625 0.28890045937500003 0.25323399687500003 0.2762365296875 0.25306200156249997 0.26638286093749997 0.24657505624999998 0.22917107812499998 0.24553273125000002 0.1694562828125 0.239281321875 0.1560522859375 0.23796716875 0.1382211375 0.23381763281249998 0.1325969828125 0.224639153125 0.132543584375 0.21199783593750002 0.144308278125 0.2052879140625 0.16209274375 0.21283791875000002 0.1924366203125 0.21155120312500003 0.20490558593750002 0.2021159609375 0.2101977453125 0.2022404171875 0.21732787031249998
1 0.2604626765625 0.330107675 0.2774842609375 0.335221240625 0.2872706734375 0.3342752703125 0.290704428125 0.32677344218750004 0.296873259375 0.322797703125 0.319102375 0.31991830781249997 0.32425128124999997 0.31702259375 0.3241798546875 0.31293063125 0.32339238125 0.310415646875 0.3117358984375 0.306336203125 0.30711325 0.2967816921875 0.2226896828125 0.2840793515625 0.21264527968750002 0.28402091406249996 0.196394978125 0.2846041203125 0.1927693421875 0.2839052796875 0.1802811703125 0.283832625 0.16877449687499999 0.28494488125 0.1638635578125 0.2837371109375 0.13877396250000001 0.28359114375 0.1340238921875 0.2852441609375 0.13142887812499998 0.28974214531250003 0.14247421875 0.30986455 0.1586220453125 0.3159759375 0.1577570421875 0.317475265625 0.2604626765625 0.330107675
1 0.1908287140625 0.3463085328125 0.1882895109375 0.3732072484375 0.1900273796875 0.3865849859375 0.188176934375 0.3954859703125 0.1896155421875 0.42044724375 0.20089755468749998 0.43477168125 0.2042955078125 0.4570708265625 0.20885572031250002 0.45977088281249995 0.2125062671875 0.467812696875 0.2219259515625 0.46162927343750004 0.22429346093750002 0.453622471875 0.22248818125 0.43638288125 0.223709646875 0.362719215625 0.22499641406249998 0.3591294296875 0.22488012500000001 0.3524673125 0.2148491671875 0.2860266109375 0.2081895953125 0.27796729062500003 0.198661009375 0.2779118546875 0.1933155875 0.28768368125 0.1898169359375 0.31707210468749997 0.1908287140625 0.3463085328125
1 0.206135353125 0.395247515625 0.20218554531250002 0.398789234375 0.20632203906250002 0.405942703125 0.20809102343750002 0.421102971875 0.208402165625 0.4389282828125 0.20363603437500002 0.45315935625000003 0.206357678125 0.49416924218749997 0.218156753125 0.5093878640625 0.2240777859375 0.5325928656250001 0.2321174171875 0.5335308125 0.2419644984375 0.494376396875 0.24025774375000003 0.48278119375 0.2433949046875 0.4614112421875 0.24333692812500002 0.42528559374999997 0.24281405781249998 0.3953304 0.24161771718749997 0.3883245453125 0.24262523749999998 0.3845128265625 0.24257183750000003 0.3814535734375 0.23930055625 0.3704875640625 0.23668781249999998 0.33571653437500004 0.22820069687500003 0.3278569703125 0.2244193046875 0.3278349703125 0.21654984531250002 0.3311434984375 0.21223854687500002 0.342703690625 0.21110740468750003 0.3640853125 0.2062790453125 0.3747513234375 0.2084795265625 0.385903815625 0.206135353125 0.395247515625
1 0.184189253125 0.5314049015625 0.18705459062500002 0.5519186 0.18811982656249998 0.555489496875 0.1956268375 0.554641996875 0.2052487671875 0.560045025 0.2086933921875 0.58501796875 0.21237505156249997 0.5948423140625 0.21499515156250001 0.5725781796875 0.2221754625 0.5530141015625001 0.22708160937500002 0.5468044187500001 0.2326232671875 0.527552165625 0.232423484375 0.5161066046875 0.2267585875 0.4995702609375 0.2248651453125 0.4772798671875 0.2211834859375 0.467455521875 0.2178010875 0.4460476421875 0.21761440312500002 0.43535245468749995 0.22049897343749997 0.4282398359375 0.21857441875 0.40416691250000003 0.220300409375 0.3881358015625 0.2049752453125 0.372005490625 0.1978465515625 0.36986359062499996 0.1954277328125 0.36984951875 0.187061096875 0.3799218453125 0.182827584375 0.3959383671875 0.1848573625 0.45476773125000003 0.184130703125 0.49932225781249995 0.1857596734375 0.5064611359375 0.184189253125 0.5314049015625
1 0.2393347640625 0.6382955906250001 0.2420793203125 0.6231615796875001 0.24170595 0.6017712046875 0.24914255624999998 0.578876840625 0.249017190625 0.5716947046875 0.24469121718750003 0.5429710171875 0.231453534375 0.502791121875 0.2285726421875 0.48138616250000005 0.21469344218750003 0.43318196093749994 0.213107703125 0.43088368906249996 0.20304608750000003 0.43082515312499997 0.195885184375 0.4473313375 0.1954577875 0.48030232812499996 0.19752235625 0.51239664375 0.20768142812499998 0.6060291328125 0.22269177343750002 0.6328517140625001 0.2393347640625 0.6382955906250001
1 0.221308178125 0.6247126093750001 0.221351171875 0.6559039875 0.22496692812500002 0.690680853125 0.23303767031249997 0.6934013328125 0.24576564531249998 0.6756518796875 0.2513554546875 0.5936962921875 0.2559971296875 0.57233509375 0.258745365625 0.528683503125 0.25903255937499997 0.518929434375 0.25901399375 0.5178658515625 0.2564282046875 0.5108465203125 0.24154231718750002 0.49115406562499997 0.2358976 0.48882290624999997 0.2347714921875 0.4888163546875 0.22865877031249998 0.4999908609375 0.22133476875000002 0.54005113125 0.2193561859375 0.5703395734375001 0.220308846875 0.5961891921875 0.21858285781250003 0.612220303125 0.221308178125 0.6247126093750001
1 0.224550675 0.602460146875 0.2291108859375 0.605160203125 0.2317584234375 0.61319618125 0.2313502625 0.6185408578125 0.222727665625 0.641661246875 0.21251909218749998 0.688834134375 0.2126591046875 0.6968555234375 0.22053948750000002 0.717398396875 0.217025278125 0.7458955546875 0.2182772 0.760161640625 0.2223127515625 0.7637159453125 0.222436653125 0.763716665625 0.2268338921875 0.7619937718750001 0.23120741875 0.753998640625 0.23299563750000002 0.7415325937499999 0.237823996875 0.7308665828125 0.2541402890625 0.71759388125 0.2570404171875 0.711372528125 0.26228429375 0.6383266796875 0.2679756484375 0.6196451140625 0.2698422546875 0.601177621875 0.26884875625000004 0.54426010625 0.26084600625 0.5342759499999999 0.257902478125 0.534258825 0.248521346875 0.5393261734375 0.24104177343750002 0.5704737875 0.239863959375 0.5891816125 0.234988928125 0.5971738249999999 0.22741968906249999 0.5944562624999999 0.224550675 0.602460146875
1 0.22992534843749998 0.7063641703125 0.2280552796875 0.7013387546875001 0.21368998437500003 0.6952377375000001 0.19692225937500002 0.704667803125 0.179918184375 0.7005572484375 0.143472584375 0.7058612015625 0.12764865 0.7183054828125 0.1268536765625 0.7238168453125 0.1332150890625 0.73087420625 0.15108416875 0.7334854328125 0.1654494640625 0.7395864515625 0.18154476875 0.7426888109374999 0.19844379843749999 0.7407813140624999 0.2137616359375 0.7503980484375 0.22082173125 0.7464274953125 0.228843121875 0.7464741609375001 0.2395908296875 0.7495454109375 0.301166940625 0.7544167328125 0.3135746296875 0.750477290625 0.3313911875 0.750079490625 0.33831997343750003 0.7385863671874999 0.34718010781249997 0.7356291921875 0.35431023281249996 0.7356706749999999 0.3565197296875 0.7335771640625001 0.35651176093750003 0.73312070625 0.32210211875 0.72846294375 0.3156444140625 0.7158890328124999 0.3066267125 0.709819128125 0.2753974015625 0.7076316265625 0.2344166921875 0.7083961140625 0.22992534843749998 0.7063641703125
1 0.217631971875 0.748557140625 0.2126324859375 0.7494192296875 0.21122131406250003 0.7547580703125 0.21468149531249997 0.780622278125 0.21107394531249998 0.8037718437500001 0.21042507187499998 0.8527826984375 0.2177380421875 0.8982751734375001 0.2153860921875 0.9071732390625 0.2284718796875 0.9099228953124999 0.24946095937499999 0.877071528125 0.251326965625 0.869061809375 0.24678966562500002 0.8102178546875001 0.2474193046875 0.7888333171874999 0.25278028125 0.7799527546875 0.2538647546875 0.7558973375 0.25826939531250004 0.7496847375 0.259819578125 0.7430306625 0.2593331890625 0.7151654859375001 0.24954997968749998 0.6966937296875 0.24548678750000003 0.696670090625 0.236350565625 0.7005425875 0.23144442031249998 0.7067522687500001 0.2272264625 0.72366005625 0.2178534484375 0.7325172765625 0.2200617078125 0.7441154015625 0.217631971875 0.748557140625
1 0.2612255296875 0.779659890625 0.2535592703125 0.800112315625 0.248699796875 0.8089957953125 0.24324547500000002 0.8125287625000001 0.245154471875 0.8357104218750001 0.2638702359375 0.9311750421875 0.2781887140625 0.9758170984375001 0.280256959375 0.97939383125 0.28262351093750004 0.9796699265625 0.289347253125 0.97970904375 0.2927634578125 0.9776842406249999 0.2980447796875 0.963808521875 0.2976246640625 0.9397400984375001 0.2957990734375 0.8930402703125001 0.2860719234375 0.8528807984375 0.28616894375 0.8297108109375 0.2779151921875 0.7877775640625 0.2685925265625 0.7707909984375 0.2612255296875 0.779659890625
1 0.1823742421875 0.9538259703125 0.1879231734375 0.965391684375 0.22471016875 0.9796464046875 0.25862202968750003 0.982350965625 0.264965934375 0.9884053171874999 0.2684609671875 0.984414021875 0.28089491718750004 0.9819790921875 0.2880600578125 0.9840265921875 0.3022240140625 0.97859300625 0.328979490625 0.9797515718750001 0.36546885625000003 0.9769551406250001 0.376199059375 0.9790233796875001 0.3797466140625 0.9780411125 0.3871234765625 0.96525465625 0.387070221875 0.9622036250000001 0.3748788578125 0.9544444750000001 0.3578660265625 0.949832415625 0.342653234375 0.9462337328125001 0.31856280312499996 0.94458921875 0.3113801546875 0.9415387093750001 0.2822409484375 0.93592214375 0.2753470140625 0.9358820359375001 0.2454089921875 0.94015199375 0.2319874875 0.9370651875 0.2195797984375 0.94100463125 0.1919943328125 0.9433514125 0.1849254859375 0.9468204609375 0.1823742421875 0.9538259703125
1 0.5689005671875 1 0.5659750515625 0.9895373765625 0.5677358359375 0.9467712140625 0.5639333953125 0.9012991640625 0.5601739484375 0.8870184906249999 0.560990275 0.8763291390625 0.5553513890625 0.8359588671875 0.5465277390625001 0.8359075328125 0.545839915625 0.8414851671875001 0.5486741390625001 0.860216334375 0.543954678125 0.877121203125 0.5314948515625 0.8815045906250001 0.5114199593750001 0.9954582078125 0.5089354921875 1 0.5689005671875 1
1 0.531263975 1 0.5337025046874999 0.99138753125 0.5321046484374999 0.9860311859375 0.5333446921875 0.9708884234375 0.5428421640625001 0.969161328125 0.5484676109375 0.97543228125 0.5497030421875 0.9707583171874999 0.54934043125 0.949984325 0.535455084375 0.89069494375 0.5319089124999999 0.8024479781249999 0.5296695390624999 0.7890673234375 0.5229477375 0.7774429406250001 0.5065194281250001 0.7638070703125 0.5054176125 0.763800659375 0.502794215625 0.7719786421875 0.4952020640625 0.8254049765625 0.4990392953125 0.8441419781249999 0.4962132765625 0.883337240625 0.4899581875 0.8984508265625 0.48296456093750006 0.928710090625 0.4776035828125 0.9375906531249999 0.47791472500000004 0.9554159656250001 0.47951258125 0.9607723125 0.48554619062500004 0.9616985890624999 0.493807296875 0.9465966734375 0.5002490703125 0.9421782750000001 0.504824840625 0.9457695968750001 0.5113718359375 0.9761076390625 0.511788878125 1 0.531263975 1
1 0.47445299218750003 0.74208730625 0.47645533125000006 0.770616559375 0.4869484578125 0.8259304625 0.48716625625 0.8384081796875 0.4828549578125 0.8499683734374999 0.48801001718750003 0.858018940625 0.4901871640625 0.8678345328124999 0.48592253750000003 0.882068525 0.49164132812499994 0.8936870703125 0.49713864374999994 0.92134548125 0.5043463921875 0.932081515625 0.5213664312499999 0.9303981859375 0.523282784375 0.8965446796875 0.5285504203125 0.8823165265625 0.5227693999999999 0.867132915625 0.5220967671875 0.8573260765624999 0.5249968953125 0.8511047234375001 0.5390234640625 0.8502951515625 0.538397503125 0.8431621093749999 0.5328653953125 0.8422387499999999 0.5252028156249999 0.8341735953124999 0.5289503796874999 0.8190454218750001 0.5357847578125 0.8083910812499999 0.5424480078125 0.78793281875 0.544587565625 0.7671993328125 0.5444579203125001 0.7597719921875 0.5411219765624999 0.740692825 0.5365462078125 0.737101503125 0.5176446078125 0.7459032875 0.5147014875 0.7209332640625 0.5170067656249999 0.7093613984375 0.5154728578125 0.6982408234374999 0.5071159062499999 0.6981922046875 0.4992829796875 0.699455359375 0.495426515625 0.7083446734375001 0.49420202968750004 0.7243787015625001 0.4897973875 0.730591303125 0.47636566562500005 0.7367513828125001 0.47445299218750003 0.74208730625
1 0.4339882734375 0.6951074703125 0.44348206875 0.7218979546875001 0.44730374062499995 0.739743690625 0.44223834687499997 0.7655582984375 0.445010340625 0.7807244015625 0.440776828125 0.796740925 0.4409168421875 0.8047623156249999 0.445037778125 0.811024515625 0.4535285625 0.837809165625 0.462711215625 0.8467743406249999 0.4754858609375 0.8316986843749999 0.4757851234375 0.8201151484375 0.4811149890625 0.8094520562499999 0.476760696875 0.789820871875 0.47709107343749996 0.7800198671875 0.482389821875 0.7675742421875 0.49086872968749995 0.764950046875 0.48817452031249997 0.754240271875 0.49656376093750004 0.7177509015625 0.5024418015625 0.7097645234375001 0.5057214921875001 0.68871884375 0.5054740093750001 0.674540559375 0.4990008515625 0.6562739984375 0.49299835625000005 0.6571302515624999 0.4918086609375 0.6464292296874999 0.48610542656250005 0.635701946875 0.4852461078125 0.615199921875 0.48299593906249993 0.6105607640625 0.48148572031250003 0.610551978125 0.46974614062500003 0.6177832703125 0.44930155625 0.6818289328125 0.4412930421875 0.682673515625 0.4356209203125 0.6737287656250001 0.43319118437500004 0.6781705046875001 0.4339882734375 0.6951074703125
1 0.45805697187499994 0.6884614234375 0.4557516921875 0.7000332890625 0.45183299843749997 0.705357540625 0.47516299999999995 0.74916085 0.48376636093750003 0.753666778125 0.49067852500000003 0.7474687671875 0.49350086718749997 0.7367910859375 0.502065321875 0.658269934375 0.5020465062499999 0.6571920171875 0.49468971406250006 0.6325305171875 0.4975816375 0.5683827359375 0.495466721875 0.56213220625 0.48844565781249993 0.5620913578125 0.4795430328125 0.5691689656250001 0.47387091249999996 0.5602242140625 0.470080353125 0.544161009375 0.4666357703125 0.541722565625 0.4553796484375 0.5416570796875 0.45356181875 0.5458472578125 0.4539351890625 0.5672376328125 0.44890911093749997 0.6527612 0.4459778703125 0.657200021875 0.45103958593750004 0.6599029953125 0.45805697187499994 0.6884614234375
1 0.3665648734375 0.5599848390625 0.37650010156249997 0.5675644453124999 0.390795365625 0.5696534265625 0.4257385546875 0.5803872453125 0.4304399890625 0.5944552984375 0.4386364546875 0.6045320546874999 0.44493659062499996 0.608078884375 0.4511579421875 0.6071121703125 0.46951561406250003 0.586659375 0.49795732812500004 0.5823117609375 0.5175826796874999 0.583428846875 0.5335992 0.5820176671875 0.5428436046875 0.5777814578125 0.5428230515625 0.5766039203125 0.5414805281249999 0.5740402609374999 0.5324890890625 0.56947486875 0.5181763171875 0.566382878125 0.5083811484375 0.5668273453125 0.50029848125 0.563270146875 0.5010584406249999 0.5557527640625 0.5150123078125 0.53828306875 0.5121594640625 0.5357380484375 0.50240046875 0.5356812734374999 0.474949125 0.5405572578125 0.4421998953125 0.5534045203125 0.4108217703125 0.5426914421875 0.3742973890625 0.5434818578125 0.3646160203125 0.5504458828125001 0.3665648734375 0.5599848390625
1 0.42829842031250004 0.5516061953125 0.4246597546875 0.5729732296875001 0.430643015625 0.599743290625 0.44084791250000005 0.5810879859375 0.4506949953125 0.5419335671875001 0.45140242031250005 0.5250053593749999 0.455542590625 0.5036412421875001 0.46014560156249995 0.49435262968749993 0.45989083906249995 0.47975730156249996 0.4554062515625 0.467102271875 0.44931776875 0.40557576875 0.44820585937499996 0.3993310734375 0.44256485312500005 0.3921688546875 0.4399838296875 0.3915827421875 0.4337128578125 0.3915462578125 0.4286471828125 0.39921728437500004 0.41807712031250005 0.45440864531249997 0.41722600468750004 0.49183304687499996 0.41733122656250005 0.5265894890625 0.4205424953125 0.5381934484374999 0.42829842031250004 0.5516061953125
1 0.49153606875 0.43852333125 0.5378293578125 0.4357839375 0.5565984578125 0.43890185312499996 0.5700472703125 0.435655371875 0.5699964546875 0.432744103125 0.5554883484375 0.42635905625000003 0.5277715765625001 0.42118326875 0.4910108421875 0.4084330609375 0.4535251640625 0.4052062546875 0.4445337234375 0.4006408625 0.4071443375 0.40293060468749997 0.396370365625 0.39835484062500004 0.38053324375 0.3959238921875 0.3792017578125 0.3959161453125 0.3697374453125 0.4042173390625 0.34755209531250003 0.40960425625 0.36033619687499996 0.42722950937500004 0.3970444078125 0.4369706875 0.41928227968750004 0.43459279687499996 0.49153606875 0.43852333125
1 0.40662679218750003 0.37592975625 0.4043993 0.39195795 0.40698460625 0.396428865625 0.413410825 0.3911192015625 0.4174228609375 0.39114254375 0.421011175 0.3956192953125 0.42420688906250004 0.4063319890625 0.4233283359375 0.41345627656249995 0.4189392515625 0.42056014375000006 0.4201600609375 0.433043696875 0.43129838125 0.46786432656250004 0.4369705046875 0.4768090765625 0.44353673125000004 0.47952080312499995 0.4480036015625 0.476873265625 0.453757184375 0.46175676093750007 0.45929297187499996 0.43416254218750006 0.46124043593749997 0.40209156874999996 0.46846741875 0.38520128593749997 0.46757698750000004 0.362916728125 0.460824071875 0.349509815625 0.4602136671875 0.3432680390625 0.4689955125 0.300542725 0.461379603125 0.2951513671875 0.45283846875 0.2942105015625 0.45077022187500004 0.2906337671875 0.4486553046875 0.2843832375 0.44887678124999997 0.2683433734375 0.4527488046875 0.26034532499999996 0.4523287625 0.23628115468750002 0.44485681406250005 0.227565253125 0.4426346625 0.227552325 0.43714361406249996 0.22817223437499998 0.433240478125 0.2343877515625 0.4303677859375 0.2709092171875 0.424707546875 0.2913733140625 0.4247660953125 0.323455959375 0.40662679218750003 0.37592975625
1 0.419717321875 0.3444640953125 0.42954149375000006 0.3614535765625 0.43228237187499996 0.3748371484375 0.4421065421875 0.3918266328125 0.4504359578125 0.397892915625 0.4510472421875 0.397896471875 0.45817024375 0.3928112625 0.46138206875 0.386176915625 0.459627059375 0.2856324765625 0.45793604062500004 0.2644806859375 0.4523142671875 0.22969215156249997 0.4529439078125 0.2083076125 0.450424503125 0.178884178125 0.4462409359375 0.168204334375 0.44621662031250003 0.16820419375 0.4350142015625 0.2153327015625 0.42382185312500004 0.23487343906249997 0.424724165625 0.28656684375 0.42835547656250006 0.322234975 0.4266450421875 0.3391573484375 0.419717321875 0.3444640953125
1 0.41689124843750003 0.2355464734375 0.4408941421875 0.23217594375 0.4890399921875 0.23345895312499998 0.511382909375 0.2370991171875 0.5354645875 0.23824212656250002 0.5442459375 0.2307714125 0.567340059375 0.2263926890625 0.5755625015625 0.214583890625 0.5755492515625 0.21382480781250002 0.55458221875 0.21027195 0.5437907390625 0.20469317656250002 0.536503046875 0.19562461250000002 0.526646603125 0.19255855 0.5198205359375 0.192067528125 0.5032980546875 0.191971403125 0.385066678125 0.199256665625 0.370902721875 0.20469025156249998 0.3775004875 0.225288234375 0.3856619375 0.23335897343749998 0.403452234375 0.23145665937499998 0.41689124843750003 0.2355464734375
1 0.43308614062500006 0.1771329671875 0.4292141171875 0.185131015625 0.43295800624999997 0.1985204234375 0.4326276296875 0.20832142656250002 0.439442771875 0.225293403125 0.4412739859375 0.2440187328125 0.4438904078125 0.25027218125 0.4539982828125 0.2547868625 0.4603933859375 0.2476946671875 0.46713442031249997 0.23169273281249997 0.4664851234375 0.22322279374999998 0.470224909375 0.2076489859375 0.46687362656250003 0.1880236375 0.468537390625 0.168427465625 0.48161129843749995 0.1417682734375 0.486785590625 0.12219252656249999 0.4910354828125 0.11587737499999999 0.49052723593750003 0.08675995625 0.49015978593750004 0.0856739765625 0.482509084375 0.10701766875 0.4729164328125 0.11765596250000002 0.46913959062500005 0.1167428140625 0.46375117499999996 0.09532326249999999 0.4608702828125 0.0739183 0.4609517453125 0.0498570453125 0.4587881734375 0.0432900265625 0.4566796734375 0.043277759375 0.45139204531250005 0.0480190796875 0.44286646875 0.047969478125 0.42438490937499995 0.080835434375 0.42759250312499997 0.120956975 0.4337935640625 0.16020475625 0.43308614062500006 0.1771329671875
1 0.456700390625 0.029670173437500003 0.4578434140625 0.0376974 0.4550833015625 0.05194014375 0.4559892890625 0.0751159671875 0.4546092328125 0.0822373390625 0.456487115625 0.1036364671875 0.45324105625 0.11876755624999999 0.456009371875 0.16245124375 0.46965889375 0.16876887812500002 0.4786704171875 0.1679301296875 0.4860996421875 0.16262630312499998 0.49398737812500004 0.1261340125 0.49378803437499996 0.09455803593749999 0.49255923749999997 0.0241602546875 0.4914323359375 0.0084840375 0.4899775328125 0.0028506062499999998 0.46105230468749997 0.0026823234375 0.4588501015625 0.0091856546875 0.456700390625 0.029670173437500003
1 0.41339122812499995 0.014129649999999999 0.4258426828125 0.01269773125 0.47614747812499997 0.0355558078125 0.486126475 0.045642934375 0.4964189890625 0.02263595 0.5088704453124999 0.0212040296875 0.5178181171875 0.0232619 0.543586034375 0.018898729687499997 0.5791928890625 0.0165986171875 0.582854340625 0.0057877375 0.5828125 0.0033907046875 0.3983107734375 0.0023173046874999997 0.40529980625000006 0.010070946875 0.41339122812499995 0.014129649999999999
1 0.7102435640625 0.0225850984375 0.7267977390625 0.10912539218749999 0.7300692203125 0.115620434375 0.728125 0.0042361078125 0.699259046875 0.0040681703125 0.7009831265625001 0.009163596875 0.7102435640625 0.0225850984375
1 0.67649456875 0.0557958859375 0.6751300687499999 0.0638085234375 0.6727470015625 0.070924059375 0.6494874328125 0.088612240625 0.6465561906249999 0.0930510625 0.647197709375 0.1010753703125 0.6503156375 0.10733173437500002 0.656850753125 0.10826092968750001 0.66426441875 0.1020658359375 0.6723196046875 0.10389505000000002 0.677050946875 0.11639902656250001 0.6772531890625 0.12798548125 0.682217884375 0.153858440625 0.6890641421875 0.1726129484375 0.6909575828125 0.1949033421875 0.6994520468750001 0.19317040937500002 0.714761653125 0.20840945624999999 0.7220353078125 0.1941929703125 0.723936103125 0.15944819999999998 0.7274367796875 0.14382095781249998 0.7272685078125 0.13418062343749998 0.7240679140624999 0.1095431640625 0.7166734796875 0.0881119421875 0.712540665625 0.052440893749999995 0.7083263859375 0.040831098437500005 0.70823304375 0.0354835046875 0.711148728125 0.030153417187499996 0.7069163953125 0.00411271875 0.67035639375 0.00390001875 0.6687734359374999 0.015648084375 0.67649456875 0.0557958859375
1 0.6878886375000001 0.2071618140625 0.69131770625 0.2312434921875 0.6961890609375 0.251768859375 0.7049791078125 0.26696997499999997 0.7058384265625001 0.28747200156249997 0.7009789515625 0.2963554796875 0.7074829515625 0.29550214375 0.70945785625 0.293731284375 0.7100719390625 0.2714554796875 0.725765946875 0.2225321546875 0.72692656875 0.2040974109375 0.7249050546875 0.088284975 0.7220560015624999 0.06744610625 0.7134616296875 0.0525833796875 0.7124652484375 0.0525775828125 0.70480260625 0.0557604515625 0.700899471875 0.061975971875 0.694799953125 0.0860022125 0.6903687234375 0.17687629062500002 0.68809455625 0.1902306859375 0.6878886375000001 0.2071618140625
1 0.688922240625 0.18119425 0.686539175 0.1883097859375 0.6887007640625 0.1972341125 0.6873207078125 0.2043554859375 0.6937432453125 0.22756340156250002 0.6988671906249999 0.2338314375 0.705666778125 0.24991214843749998 0.7046134203125 0.275750096875 0.711350778125 0.28826574531250004 0.7200749203125001 0.3284193796875 0.7266878218749999 0.333804903125 0.7376898062499999 0.3320865609375 0.748851040625 0.31076329375 0.74869546875 0.30185063749999996 0.739578721875 0.26793294375 0.7399246546875 0.25902320625 0.747824271875 0.25193976406249996 0.7421677078125 0.2438862796875 0.7405387375 0.23674740156250001 0.7420002578125 0.2055647765625 0.7348858500000001 0.2001763359375 0.729248521875 0.1644965359375 0.7256757625 0.16091105156250002 0.7101602375 0.1626031328125 0.7080764328125 0.15813513437499999 0.7084223671875 0.1492253953125 0.7042236453124999 0.1385068671875 0.703488784375 0.1251349640625 0.7017196218749999 0.1228204265625 0.6997800578125 0.12280914218750001 0.6934431359375 0.1241853453125 0.692389778125 0.150023296875 0.6955232625 0.1571709265625 0.6957099484375 0.1678661125 0.6943454484375 0.17587875 0.688922240625 0.18119425
1 0.6981989171875 0.20681350156249997 0.6992568 0.2674195625 0.6898526703125001 0.2744942515625 0.7001627874999999 0.290595384375 0.709578796875 0.31292954375000004 0.7208845703125 0.386071675 0.7185015046875 0.3931872109375 0.7266655890625 0.401255284375 0.735708228125 0.40219906875 0.7406766015625 0.3995544484375 0.745034571875 0.3906680515625 0.7550767390625001 0.384716003125 0.7549353937500001 0.376618340625 0.751274103125 0.3746632015625 0.7475613296875 0.36305632499999996 0.7421143625 0.3095541296875 0.7416009796874999 0.2801423640625 0.7376237328124999 0.25338397343749997 0.728269953125 0.23461487656250002 0.7196080406250001 0.1980263046875 0.7154871046875 0.1917641046875 0.7136247765625 0.17125624374999998 0.7119145687499999 0.16974997812499998 0.7115802578125 0.1697480328125 0.7109891203125 0.1926291109375 0.70904533125 0.19618250312500002 0.7046095765625 0.20061257187499998 0.6975418421875 0.197897928125 0.693074971875 0.200545465625 0.6981989171875 0.20681350156249997
1 0.6905559859375 0.286026996875 0.6938761546875 0.3038698140625 0.6876677390625 0.321657196875 0.697414125 0.3341903515625 0.6995757125 0.34311467812499996 0.6954474203125 0.393887640625 0.701605490625 0.4019440421875 0.7089724859375 0.39307515312499997 0.7179995671875 0.3931276703125 0.7273689046875 0.41278803125 0.73376033125 0.4342134171875 0.742048871875 0.44941161406249996 0.750212959375 0.45747968749999995 0.7500729453125 0.44945829687499994 0.7475187531249999 0.4467699140625 0.750834396875 0.37816872031250004 0.753370525 0.3764735703125 0.75294998125 0.35238066875 0.7528752046875 0.351445340625 0.7486142546875 0.3371617515625 0.7439762562500001 0.3300053671875 0.7140251531249999 0.22289010625 0.7086587109375 0.21816361718750002 0.7023635890625 0.21812699375000003 0.696425825 0.220114190625 0.6914730078125 0.22365007656250002 0.6886351078125 0.2334364921875 0.6885692015625 0.2583890109375 0.6838186281249999 0.27351134843749997 0.6905559859375 0.286026996875
1 0.60179463125 0.4158284015625 0.6001959296875 0.42634962656250003 0.6029397578125 0.4303772171875 0.6172962984375 0.43597673124999997 0.6485431171875 0.43916724062499995 0.667233434375 0.43777161875 0.6735073078125 0.4398139328125 0.6895588421875 0.44040877187499994 0.7250343906250001 0.43058609062500003 0.759855025 0.43429884531249996 0.7669676421875 0.43333731875000003 0.777137603125 0.40330927031249997 0.7732749109375 0.3862373765625 0.7680387296875 0.3841172609375 0.7640561499999999 0.384094090625 0.6647505984375 0.3976408859375 0.658573015625 0.40111512187500004 0.6398564375 0.4010062328125 0.6326912984375 0.39895873125 0.6165647328125 0.4110667796875 0.60179463125 0.4158284015625
1 0.6938806609375 0.45878887500000004 0.694020675 0.46681026562500005 0.7040196515625 0.46508608906250004 0.7082339296875 0.4766958828125 0.692586590625 0.5282930046875001 0.6913621062499999 0.54432703125 0.6944178046875 0.5470183343749999 0.7024107625 0.545282484375 0.7092606984375001 0.5355194125 0.7181944375 0.5302243375 0.7239132265625 0.5418428828125 0.728531990625 0.5766255828125 0.727684553125 0.585532403125 0.73384261875 0.5935888046875 0.735988653125 0.6016218671875 0.743934940625 0.597212221875 0.7467261671875 0.584752009375 0.746609065625 0.520586721875 0.7485217421875 0.515250796875 0.74909190625 0.489377546875 0.7484126453125 0.4504627671875 0.747763121875 0.4430612015625 0.7414805953125 0.4278746765625 0.74169019375 0.3824259671875 0.72434001875 0.34480449687500003 0.723180128125 0.3447977484375 0.7116502687499999 0.3564071203125 0.707949375 0.3742090921875 0.7075064234374999 0.4062888171875 0.7094672734375 0.43244106406249994 0.708268721875 0.44996083125 0.6938806609375 0.45878887500000004
1 0.6741033125 0.4213642421875 0.6686956625 0.4275710078125 0.6646021625 0.45160891875000003 0.6586930109375 0.4578127671875 0.6572973953125001 0.4640428734375 0.662639140625 0.48278862812499995 0.6603146265625 0.5219868078125 0.6646889984375 0.6289532671875 0.6718967484375 0.6396893015625 0.676116534375 0.6413687921875 0.6765060968750001 0.641371059375 0.6832291109375 0.62816995625 0.68603589375 0.616601009375 0.700283940625 0.599751575 0.703868909375 0.5837480562499999 0.70361749375 0.56934443125 0.6967652078125 0.541804721875 0.6942613609375 0.513272553125 0.699112634375 0.44646264375 0.6897432968749999 0.426802284375 0.6841489609375 0.42231386249999997 0.6741033125 0.4213642421875
1 0.6548316765625 0.536691775 0.6513989328124999 0.5411276796875 0.6499685265624999 0.574092834375 0.6516441671875 0.583905509375 0.663489915625 0.6017979265625 0.6640847609375 0.6071484390624999 0.6622965421875 0.6196144859375 0.6539265375000001 0.6284775421875 0.6692205859375 0.642825321875 0.674970490625 0.6562264 0.673026703125 0.6597797921875 0.6751727328125 0.6678128531249999 0.682850871875 0.6767692734375 0.6968270921874999 0.7018034875 0.71042994375 0.7054473265625 0.7148190265625 0.6983434609375 0.7178820796875 0.6439996015625 0.7129329421875 0.6190179046875001 0.7276706125 0.5727625421875 0.728560509375 0.566225278125 0.728477203125 0.5614526296875 0.72372448125 0.5477866812500001 0.71222099375 0.5495021062500001 0.7113268828125 0.5557351296874999 0.7052777140625001 0.5539175859375 0.6943453109375 0.502165828125 0.684521140625 0.485176346875 0.6826281234375 0.4773608359375 0.6821296421875 0.4773579359375 0.6758829875 0.50740546875 0.669973834375 0.513609315625 0.6593333375 0.5073091859375001 0.655853921875 0.50907129375 0.6575529 0.5202208671874999 0.6548316765625 0.536691775
1 0.5942418359375 0.679317121875 0.5987769484375 0.6838565890625 0.6452715734375001 0.6926517999999999 0.6621355906249999 0.68873828125 0.679078390625 0.68933830625 0.6862872999999999 0.6938933281249999 0.69449251875 0.7044715906250001 0.703405175 0.7045234421875 0.71579535625 0.6995809921875 0.7345381953125 0.7011943953124999 0.7488859828125001 0.706292403125 0.757789884375 0.7058427515625 0.7584885671875 0.6948148375 0.7548534734375 0.6907820609375 0.7645348421875 0.683818034375 0.797459146875 0.681000859375 0.8017754140625 0.673002715625 0.7964103125 0.6719685937500001 0.7926701734375 0.6619177640625 0.803578940625 0.6572240500000001 0.8035705546875 0.656743603125 0.7987864796874999 0.6549329984375001 0.778313634375 0.6563182484375 0.7666921656250001 0.6542448234375 0.7494867515625 0.6385996640625 0.733818921875 0.6338927890625 0.7317160359375 0.6338805546875 0.718336225 0.6409257046875 0.6384024421875 0.656507178125 0.63135985625 0.6614807390624999 0.606483203125 0.66584909375 0.598558103125 0.671318978125 0.5942418359375 0.679317121875
1 0.61339565 0.7659810140625 0.6251309171874999 0.7745739984375 0.6403262 0.7771696703125001 0.7312090312499999 0.77619405 0.7856462625 0.7805223859375 0.8220918609375 0.7752184296875 0.8220568453125001 0.7732124109375 0.8175830109375 0.772183478125 0.8218905234375 0.763683825 0.8422583234375001 0.75628051875 0.852962265625 0.756844246875 0.8690191281249999 0.736524378125 0.869007434375 0.735854428125 0.8222565625 0.733598740625 0.8051912078125 0.7259776546875 0.799869875 0.7274510546874999 0.7821354265625 0.7169779765625 0.7625067750000001 0.7168637796875 0.7338724531249999 0.7245598265625001 0.7206697906249999 0.7340106328125 0.69850195 0.7404005609375 0.6237932078124999 0.7489920828125001 0.61055553125 0.756436871875 0.61339565 0.7659810140625
1 0.7508927062499999 0.851346734375 0.7540261890625 0.8584943609375 0.7581086546875 0.9200091953125 0.76685203125 0.9325365140624999 0.77395088125 0.9370336890625 0.7823053296875 0.92727936875 0.7936880390625001 0.8899162374999999 0.789018928125 0.8809773218749999 0.7873277296875 0.87027338125 0.7905582328125 0.8542510249999999 0.8006697875000001 0.830248125 0.8055759312499999 0.824038440625 0.8047943999999999 0.8079927421875001 0.8021157484374999 0.7981742328125 0.8058874812499999 0.78948023125 0.8056258250000001 0.774489959375 0.8029979781250001 0.7625323609375 0.7958369000000001 0.7544701234375 0.7878906140625 0.7588797703125 0.78181033125 0.75527969375 0.778019771875 0.739216490625 0.777207125 0.7213882625 0.7646383984375 0.7195327875 0.757217340625 0.7137083234375 0.7540058796875 0.713689640625 0.7545112875 0.742644425 0.7527230703125001 0.7551104703125 0.732690325 0.7852938765624999 0.7255566859375 0.8075317500000001 0.7391558593750001 0.839693171875 0.7508927062499999 0.851346734375
1 0.80114983125 1 0.8024304609374999 0.9868929671875 0.8063491562499999 0.9815687140625 0.8115545624999999 0.9637754968750001 0.8194075062499999 0.9540182578125 0.8132961125 0.9486356515625 0.8121530874999999 0.940608425 0.8159939953125 0.9308278453125001 0.8234076640625 0.9246327515624999 0.82533383125 0.9189896328125 0.8252076421875 0.911760275 0.8173932875000001 0.8960801578125 0.811518925 0.87554895625 0.8090928640625 0.8514731140625 0.8064608859375 0.8443284 0.8034903265625 0.7890582640625 0.7928031609375 0.780084334375 0.78814546875 0.7795065937500001 0.785020384375 0.7794884140625 0.7769417015625 0.7906861562499999 0.7758416734375 0.813850309375 0.7725800546875 0.8280901343749999 0.7764795140625 0.8503921984374999 0.7738283 0.8708738031250001 0.7685762234375 0.8859932234375 0.7611314390625 0.8904057859375 0.7513969328125001 0.907281478125 0.7495776015625 0.9179649953125001 0.75372965 0.9260097265624999 0.76379085625 0.9278506109375 0.7729268375 0.9341419890625 0.7740076328125001 0.9386041515624999 0.7816702125 0.9466693093749999 0.78553855625 0.9671888390625 0.78521061875 1 0.80114983125 1
1 0.9330428453125 1 0.951692875 0.997576403125 0.9516877890625001 0.9972850187500001 0.938060028125 0.9933907703125 0.929147371875 0.9933389187499999 0.8885852234374999 0.967027346875 0.8794974921875 0.95694540625 0.8402818062499999 0.9567172562499999 0.8269478359375 0.95864549375 0.8171089 0.9565824390625 0.8001748531249999 0.9564839203125001 0.7921884765625 0.9584432703125 0.7832057921875 0.9543793828125 0.7779815906249999 0.9481803265625001 0.775857153125 0.9481679671875 0.77248434375 0.9528126453124999 0.7627416984375001 0.9562661406249999 0.7225822234375 0.9530237765624999 0.7048181875 0.9564306046875 0.6906454765625 0.9613626859375 0.6793676953125 0.9702039015624999 0.6794418140625 0.974450215625 0.684704246875 0.97837754375 0.7206174843750001 0.9936300875 0.7455554125 0.992772265625 0.78466234375 1 0.9330428453125 1
1 0.9705865390625 1 0.9745965812499999 0.988420346875 0.9758832953125 0.9759513828124999 0.9891320109375 0.9305785312499999 0.9960812140625 0.9213270484375 0.949986159375 0.9210588749999999 0.9498590874999999 0.9214382953125 0.9444203234374999 0.92586253125 0.9388882171875 0.924939171875 0.9379629921875001 0.9293896625 0.9360621968749999 0.9641344328124999 0.9427828515625001 1 0.9705865390625 1
1 0.9671546187500001 0.952150715625 0.9749297765625 0.9379371484375 0.9800144062499999 0.884496225 0.9853753828125 0.8756156624999999 0.988119940625 0.8604816546875 0.9928931249999999 0.851755915625 0.9928799843749999 0.8510030640625 0.9369299390625001 0.85067755625 0.9342219234375 0.8753180609375001 0.9355049609374999 0.8913666765625001 0.946409925 0.9128183234374999 0.9596164921874999 0.9512156859375 0.9671546187500001 0.952150715625
1 0.9268897765625 0.8086917031249999 0.929109915625 0.8496986718749999 0.9318819078124999 0.864864775 0.9417060796875001 0.8818542578124999 0.9491508609375 0.8774416953124999 0.953022884375 0.869443646875 0.960723934375 0.8222561718750001 0.9609920828125 0.8088901046875 0.972938525 0.775094953125 0.9788670968750001 0.7642570859375 0.9787270859375001 0.7562358125 0.9786143234375 0.755522121875 0.978705303125 0.7549878765625 0.9786617515625 0.7524928421875 0.9269064734375 0.7521917390625 0.9269904734375001 0.757004134375 0.925295596875 0.7748177734375 0.9199346171875 0.7836983359375 0.9175982250000001 0.7934876671875 0.9268897765625 0.8086917031249999
1 1 0.739066790625 0.9783375765625 0.7385477265625 0.9374356515625 0.7438257562499999 0.9234642765625001 0.760292440625 0.93968213125 0.770415865625 0.9637375499999999 0.7700543625 0.9789678500000001 0.7746560515625001 1 0.7758937312499999 1 0.739066790625
1 0.9460525078125 0.730071571875 0.9529743671875 0.7335953015625 0.9533477343750001 0.7335974734375 0.9601101906249999 0.7310445328124999 0.9723055468749999 0.71150963125 0.9714306718750001 0.6901163390625 0.975752746875 0.675342546875 0.9755111890625001 0.66150375 0.974225578125 0.64913854375 0.9746603359374999 0.6227952328125 0.9413749015624999 0.6226015828125 0.9370986875 0.6480313718749999 0.9379580046875 0.6685333984375 0.9361697859375001 0.680999446875 0.9388328796875 0.689926690625 0.9369668750000001 0.697936409375 0.9460525078125 0.730071571875
1 0.8984633750000001 0.69496 0.9060792859375001 0.7003513578125 0.909010528125 0.6959125375 0.9136988734375 0.6772251359375 0.9218080859375 0.6246929828125001 0.933097453125 0.5819822593749999 0.9520146109375001 0.574071740625 0.9566810374999999 0.5672962640625 0.9566563171875 0.5658800828125 0.9552762296875 0.5598319140625 0.9517034703125 0.5562464265625 0.9335404078125 0.5499025343749999 0.927180096875 0.530259678125 0.9267185296875 0.525651153125 0.8957631015624999 0.5254710593749999 0.8936726359374999 0.5354117875 0.8911851953125 0.6227324734375 0.888879915625 0.6343043390624999 0.8888606812500001 0.661930653125 0.8942802109375 0.6851327375 0.8984633750000001 0.69496
1 0.9461678453125 0.48741385625 0.9489485890625 0.482330453125 0.9488856437500001 0.47872438749999996 0.9431469359375001 0.45798750468750005 0.9384933828124999 0.4499398546875 0.9341779078125001 0.447577484375 0.9303788718750001 0.44755538125000005 0.9274602828124999 0.44987566562500003 0.9153271546875 0.47297563125000003 0.9171583671875 0.49170096093750004 0.912618425 0.549132165625 0.9131465171875 0.5793865515625 0.913972103125 0.602188134375 0.947737228125 0.6023845734375 0.9463590546875 0.5845530531249999 0.947116828125 0.5417810578125 0.9446440968750001 0.5150314203125 0.9461678453125 0.48741385625
1 1 0.44018310625 0.9820337046875001 0.44540880781250003 0.9705698046875 0.4523624640625 0.940336803125 0.45619820312500003 0.9297816781250001 0.4641600515625 0.9155827046875 0.46758761875 0.9041363125 0.475544284375 0.9069939390625 0.486091434375 0.9240330312499999 0.4922080078125 0.9436933953125 0.495331109375 0.9819215265624999 0.4900375265625 1 0.48428109687500004 1 0.44018310625
1 0.87560585 0.44185802812499997 0.8797112281249999 0.4472289640625 0.8950711828125 0.4366242234375 0.8966068093749999 0.43841550625 0.899316575 0.45001654999999996 0.899322584375 0.45269010937500004 0.9253204281249999 0.4528413609375 0.9258963140625 0.4501711859375 0.9297683375 0.44217313750000004 0.9300053703125 0.427024540625 0.9439385984375 0.420867375 0.950990775 0.42269075312500004 0.9556397437499999 0.418134115625 0.955575334375 0.41444413906250005 0.95053961875 0.3968440515625 0.9443659921875 0.38789638125 0.9447119265625 0.37898664375 0.9292623078125001 0.355726209375 0.9219337796874999 0.30934246875000004 0.9240057015625001 0.28440161875 0.9163007750000001 0.269366565625 0.9157420000000001 0.26936331562500004 0.9002638624999999 0.27446056875 0.896391840625 0.2824586171875 0.8900360546874999 0.349259771875 0.890705009375 0.387584190625 0.8750110015624999 0.43650751718749997 0.87560585 0.44185802812499997
1 0.9699494515625 0.34628424375 0.9699739109375001 0.3442732171875 0.9696747984374999 0.32713713437499997 0.9641565515625 0.3016917875 0.9626868296875 0.27494798593750003 0.953710096875 0.2490516828125 0.9519877843750001 0.2365652109375 0.9515126437499999 0.225825865625 0.9092766734375 0.22558014375000002 0.9134808375000001 0.2425794109375 0.9394391375 0.3220450125 0.9498737140625 0.3452762734375 0.9534931437499999 0.351535553125 0.9605764390625 0.3551414640625 0.9699494515625 0.34628424375
1 1 0.1995481546875 0.9993238765625 0.19954422031250002 0.92275489375 0.220745096875 0.8988745515625001 0.231136690625 0.8918844874999999 0.2391192796875 0.8955983640625 0.24766559843749997 0.89921595 0.25069536718749996 0.9126199500000001 0.2527791625 0.9473530453125001 0.251476871875 0.9659645781249999 0.245567709375 0.9899499640625 0.2411941703125 1 0.24642524531249999 1 0.1995481546875
1 1 0.1043675078125 0.998955796875 0.10442678125 0.9680766406249999 0.12229946093749999 0.9494213390624999 0.125701103125 0.9369261109375 0.1246255015625 0.9316748078125 0.1301109390625 0.921905903125 0.1320599203125 0.9049368421875 0.12995538125 0.8668050046875001 0.14076551718750002 0.8553848734375 0.15022669375 0.8574825421875 0.168291228125 0.8674527859375001 0.1778768515625 0.8817655578125001 0.18096884062500002 0.8978083390625 0.181062175 0.9171973359375001 0.16863863750000002 0.9358351296875 0.1642339875 0.9439002890625 0.1667881765625 0.9458316343750001 0.17532412343749998 0.953931809375 0.17988433125 0.9617080937500001 0.165888871875 0.9723507578125 0.16294206718749998 1 0.1637940171875 1 0.1043675078125
1 1 0.0448763625 0.9993912953124999 0.044872821875 0.9645194343749999 0.0593882234375 0.958289328125 0.05985343125 0.9510979265625 0.05630141875 0.9430677828125 0.055753246874999995 0.943164075 0.061269796875000004 0.93616525625 0.06875088124999999 0.897910865625 0.072539953125 0.8643228953125 0.08839105781249999 0.8662454875 0.0964255015625 0.8744244468750001 0.10549925 0.8887809859375 0.11109876249999999 0.92893170625 0.11383962031249999 0.9785799671875001 0.09908485781250001 1 0.095014021875 1 0.0448763625
1 1 0.0058178296875 0.8787595625 0.0051124734375 0.8808707968749999 0.011855203125 0.8871796875 0.015903535937499998 0.89432731875 0.0169480265625 0.9273566687500001 0.0201489078125 0.9389168609375 0.018711801562499998 0.9655060140625 0.0103417828125 1 0.008229354687499999 1 0.0058178296875