1 0.9136292140625001 0.0531914796875 0.9131537156249999 0.094055746875 0.9164272546875001 0.0932383015625 0.9766110250000001 0.0922823875 0.9991729749999999 0.0885294125 0.9995519953124999 0.055956484375000004 0.9726040328125001 0.0535887546875 0.9136292140625001 0.0531914796875
1 0.8749850828125 0.0375632671875 0.8857589109375 0.060037489062500005 0.89189475 0.093128115625 0.897819465625 0.1012545515625 0.91773445625 0.11408242187499999 0.9205879203125 0.127503928125 0.9279963468749999 0.1365351734375 0.9281197734375001 0.1365373265625 0.9360412234375 0.1357966875 0.9371790531249999 0.12422774218749999 0.9277400984374999 0.0732505265625 0.9242154906250001 0.0312910140625 0.91937675 0.016051959375 0.8703124515624999 0.0151955390625 0.8702871546875001 0.017369592187499998 0.8726434921875 0.023259246875 0.8749850828125 0.0375632671875
1 0.7928374265625 0.0701893828125 0.8346101984375001 0.08095065625 0.8503590781250001 0.08204421875 0.8809464859375 0.082578125 0.8813973875000001 0.04382765 0.8688751078125 0.0474395203125 0.8269797890625 0.047209840625 0.7877290890624999 0.04953435625 0.7854971 0.051566410937499994 0.7854157546875 0.0585572703125 0.7857714921875 0.064548378125 0.7928374265625 0.0701893828125
1 0.749353178125 0.06048546875000001 0.753188909375 0.075707015625 0.761668921875 0.085184578125 0.764113471875 0.0852272484375 0.7642531203125 0.0732258015625 0.7623196984375 0.066951925 0.7649516703125 0.0563005078125 0.7679982937500001 0.01356425 0.740623153125 0.013086415625 0.7400385453125 0.0633274140625 0.7402846125 0.0638929625 0.749353178125 0.06048546875000001
1 0.6984272484375 0.079387278125 0.7047594765625 0.07147210468750001 0.7289111796875 0.0643695796875 0.73614634375 0.0554669546875 0.6819367015625 0.04097735 0.6623580375 0.038127571875 0.6450191109375 0.03647771875 0.6446153203125 0.0711794 0.677939809375 0.07802645625 0.6984272484375 0.079387278125
1 0.594404428125 0.0640102203125 0.6263557718749999 0.0761048796875 0.64507235 0.076431578125 0.65841215625 0.0791724578125 0.667278128125 0.083340065625 0.6648539015625 0.08818311875 0.6805902765625 0.0884577984375 0.68106099375 0.0480044515625 0.65882064375 0.044067142187500005 0.5973933437500001 0.0369756484375 0.5848922828124999 0.0387638671875 0.579562196875 0.0371660109375 0.5777911953125 0.038778371875 0.577759253125 0.04152341875 0.583820115625 0.054294948437500004 0.594404428125 0.0640102203125
1 0.5546005 0.0801369078125 0.5580591765625 0.0846545125 0.56308459375 0.083850784375 0.57055530625 0.08843841875 0.5744532640625 0.0983123703125 0.58160299375 0.09923250781250001 0.5825067046875 0.09924828125 0.5876272015625 0.086953515625 0.5937178515625 0.080819703125 0.5968616984375 0.0692857734375 0.5938385953124999 0.027335014062500003 0.589126975 0.0103152859375 0.5539152796875 0.0097006640625 0.5537078640625 0.0275259765625 0.552851809375 0.0331327203125 0.5526959859375 0.046524259375 0.5539293562500001 0.0515989 0.5546005 0.0801369078125
1 0.5470753421875 0.05307054375 0.53101505625 0.054295029687499996 0.49813159687499997 0.0456953453125 0.49735120468750005 0.036151203124999996 0.50632221875 0.031291728125 0.5001417125 0.026167782812500002 0.474265834375 0.028224149999999996 0.46440939375 0.0325665625 0.46221005000000004 0.032991209375000004 0.46167476562500004 0.07899345468749999 0.5497199625 0.0556247390625 0.5470753421875 0.05307054375
1 0.41284153124999995 0.0537146171875 0.41515200781250006 0.0706924328125 0.41356452812500005 0.077796296875 0.4158404 0.0853993890625 0.41657511718749995 0.0854122140625 0.42407538125000005 0.0797626578125 0.4287652265625 0.0646899265625 0.434271403125 0.0656774828125 0.4481372265625 0.08107410468750001 0.45610944531250003 0.0856704921875 0.45642575625 0.05848689218749999 0.459554046875 0.0482898609375 0.46860186875 0.046664896875 0.464817990625 0.026987024999999998 0.4568822859375 0.0081281265625 0.41249821718749996 0.0073534 0.41241815156249995 0.01423425 0.41371638437499997 0.021637809375 0.41284153124999995 0.0537146171875
1 0.36858670937500004 0.0902505796875 0.373684721875 0.08320799375 0.376074459375 0.05026618125 0.3849319015625 0.0218944984375 0.38552674374999996 0.0138818609375 0.383157909375 0.0067089390625 0.3388850296875 0.005936153125 0.3322257796875 0.0682211796875 0.341629915625 0.0790826890625 0.34494340156250003 0.0960780109375 0.3522911921875 0.10773239375000002 0.353037121875 0.1077454140625 0.362371609375 0.10707958125000001 0.36858670937500004 0.0902505796875
1 0.2983778984375 0.0623811109375 0.3090322359375 0.0660783265625 0.307197184375 0.070560753125 0.28847284218749997 0.08317617968749999 0.3076713203125 0.083511290625 0.345544946875 0.06922369218749999 0.352694728125 0.0676588703125 0.3531431421875 0.029122207812500002 0.3130407984375 0.0280262140625 0.3049902296875 0.030393721875 0.281817325 0.029989237499999998 0.268425 0.031761898437500005 0.2603627609375 0.0351324171875 0.254125434375 0.052749449999999996 0.2540480734375 0.059397790625 0.25827677968749996 0.061179535937499994 0.2983778984375 0.0623811109375
1 0.2426740046875 0.0572871078125 0.2703966078125 0.049745304687500005 0.27227250625 0.041752346875 0.2660803328125 0.0376314109375 0.19670166718749998 0.0243818484375 0.1966312703125 0.024382506249999998 0.196238653125 0.058123965624999996 0.2009388640625 0.0582060078125 0.20165828125 0.05807599375 0.2426740046875 0.0572871078125
1 0.1711228390625 0.115509809375 0.17157613124999999 0.115517721875 0.176775528125 0.085444153125 0.1845677359375 0.0624025546875 0.1904783765625 0.0286307546875 0.1922317890625 0.007266640624999999 0.19222048281249998 0.00370065625 0.15624598125 0.00307271875 0.1559904421875 0.025033668749999998 0.1569849875 0.061921096875000005 0.1711228390625 0.115509809375
1 0.14486438125 0.088572784375 0.1689869078125 0.0839777796875 0.1843718453125 0.06418207031249999 0.1826359984375 0.0601389203125 0.1621835734375 0.055769071875 0.1496825125 0.0575572890625 0.14256989375 0.05592831875 0.1392149109375 0.037811928125 0.1329993953125 0.0356970109375 0.12407506718750001 0.03654445 0.081946328125 0.05637495 0.060264203125000006 0.0589267125 0.0598829828125 0.09168866875000001 0.0695200234375 0.0918568828125 0.0699455515625 0.091779528125 0.14486438125 0.088572784375
1 0.06198251875000001 0.0320752578125 0.0325240703125 0.035573910937499995 0.015502490625 0.0428008921875 0.0024504171875 0.058028100000000006 0.0024363234375 0.0592392328125 0.00633890625 0.064210015625 0.030379735937500003 0.06663607656250001 0.0301871640625 0.083185725 0.0364143515625 0.0842976328125 0.0874090640625 0.0686347375 0.09900718593749999 0.067833971875 0.1087644234375 0.0720171359375 0.1159062203125 0.07113858437500001 0.11636265937500001 0.031912209375 0.11253230624999999 0.031657789062500004 0.10754210625 0.031570684375000005 0.0985127375 0.0337161078125 0.06198251875000001 0.0320752578125
1 0 0.1395748046875 0.004681646875 0.143860915625 0.0064127609375 0.14389113125 0.012229393750000001 0.137709953125 0.016960721875 0.11907216093749999 0.019205271875 0.09860806718750001 0.0248255265625 0.0897917015625 0.0244277296875 0.0808702921875 0.0097352046875 0.0503046484375 0.0074973203125 0.027087973437500003 0.0013681640625 0.0167284953125 0 0.13430825156249998 0 0.1395748046875
1 0 0.2609904984375 0.10321371718750001 0.26279210000000003 0.1032166953125 0.2625362109375 0.0967486265625 0.2562893 0.0852263640625 0.25057050937500003 0.044210640625 0.2513593953125 0.0281970375 0.2485718453125 0.004103689062500001 0.250659325 0 0.24913828593749998 0 0.2609904984375
1 0.045547825 0.332974515625 0.05307039375 0.333105821875 0.0579506171875 0.3447798125 0.0641175265625 0.3496274453125 0.06544575312499999 0.3496506296875 0.0735491125 0.340594853125 0.0752506703125 0.32368706875000003 0.0810368625 0.30061045468750003 0.085142234375 0.29265909375 0.0842014515625 0.2872939921875 0.0868126828125 0.27842510468750004 0.0843049078125 0.23529504375000002 0.0854703953125 0.22134909375 0.0820013484375 0.21772275468750002 0.0786256375 0.206075025 0.081413171875 0.182054621875 0.07316760624999999 0.1578416375 0.0687474015625 0.1497414625 0.0612663203125 0.1460450921875 0.051215485937500006 0.1476525484375 0.0465878671875 0.15737768593749998 0.045910059375 0.172520446875 0.042243965625000005 0.185828153125 0.042119515625 0.19652334062500001 0.0459708046875 0.2104079890625 0.042247671875 0.22861765625000002 0.0406871484375 0.2639845328125 0.040456634375 0.2837948265625 0.0419854421875 0.3373695671875 0.045547825 0.332974515625
1 0.046996115625 0.263354996875 0.0580636921875 0.269818090625 0.060423428125 0.2698592796875 0.150447115625 0.2596430703125 0.161107290625 0.26283878125000004 0.1780413375 0.2631343671875 0.2048785078125 0.255075503125 0.21041283906250002 0.2391207015625 0.200725628125 0.2289194828125 0.1802440265625 0.22705715624999998 0.1695896875 0.22335993906249998 0.1000593 0.2231494953125 0.07513304062500001 0.220206375 0.0590202328125 0.2259444 0.03940071875 0.22660515312500001 0.03581815 0.22804743906249997 0.039319021875 0.23362621562500002 0.035391034375000005 0.23924235781249997 0.0231420234375 0.24488079218749997 0.0205466078125 0.2488518359375 0.0204065953125 0.2608844484375 0.0381068015625 0.26119340625 0.046996115625 0.263354996875
1 0.146554890625 0.2087023703125 0.14829126875 0.231910290625 0.14562189375 0.24456355937500002 0.1455711625 0.24892342812499998 0.14749938125 0.2568569734375 0.1455592921875 0.29426386718750003 0.1483194203125 0.315706765625 0.1531581609375 0.3309458171875 0.1603140453125 0.31948191875 0.1667610078125 0.325834578125 0.17351243125 0.34913003593749997 0.180254740625 0.35165462812500003 0.1815586515625 0.3516773890625 0.1865515484375 0.349357634375 0.1857870671875 0.3288410171875 0.18750936875 0.3101507015625 0.185928553125 0.273573796875 0.18312694375 0.25569596250000004 0.1889338765625 0.23083681718750002 0.17998976093750002 0.223549125 0.179339359375 0.1932285859375 0.16364382187499998 0.162645434375 0.1552115828125 0.1544752296875 0.147626790625 0.15969151718750002 0.1464273875 0.17533960937499998 0.1463198765625 0.18457906562499998 0.1487372140625 0.19358587031250002 0.146554890625 0.2087023703125
1 0.1535265296875 0.23608132343750002 0.16682548749999998 0.2423327359375 0.2265402828125 0.2433750609375 0.2543684421875 0.24823952500000002 0.27908152343750003 0.24867089375 0.2862258984375 0.24692490781249998 0.2899435078125 0.24886049062499999 0.298031765625 0.24900167187500002 0.3004803125 0.24767532656250002 0.29697944062500004 0.2420965484375 0.29880282187499996 0.23861713125 0.32023988124999997 0.23497846562500002 0.332834309375 0.22516617499999997 0.31876079687500003 0.20886911718749998 0.30275886406249997 0.2050785578125 0.28404812343749997 0.2042503546875 0.2644052671875 0.206917125 0.2181061390625 0.20209612031250002 0.21546735625000002 0.19904042187499998 0.20833723124999998 0.198915965625 0.2028787625 0.20835120625 0.1903835390625 0.20963792187500002 0.1601622046875 0.2020879171875 0.1422551953125 0.2087978375 0.13026275468749998 0.2214428453125 0.1301560265625 0.23061507812499998 0.1357128890625 0.2347671734375 0.1535265296875 0.23608132343750002
1 0.2195914578125 0.2491032046875 0.22098141875000002 0.24921957031250003 0.238519290625 0.24952569531250002 0.24724403437500003 0.24757945625 0.266828534375 0.24992773124999998 0.2748674328125 0.24856323125 0.2989199328125 0.2499862828125 0.38551858437500003 0.23895770781249998 0.3900857875 0.2295069078125 0.40171892500000006 0.2256971140625 0.4035714828125 0.2197101734375 0.397373471875 0.21609074218750002 0.37512684375 0.21269278906250003 0.36893466875 0.20857185312499998 0.3654571390625 0.20098705625000002 0.355664890625 0.19981291875 0.3386724875 0.204532378125 0.2360368921875 0.21477942187500002 0.23691065 0.21629949218750003 0.2207978421875 0.22203751875000002 0.21132182500000002 0.23926950468750002 0.21126287656249998 0.2443355203125 0.21249051093750002 0.24647122656249998 0.2195914578125 0.2491032046875
1 0.3451895 0.2201312828125 0.358741740625 0.2203678375 0.3605373328125 0.21972839843749997 0.4342447640625 0.21850693593749998 0.4514580953125 0.2203122140625 0.45950866250000005 0.21794470625 0.465858396875 0.20852501874999999 0.45787785468750003 0.2048744734375 0.45525657812500003 0.2003142625 0.433009953125 0.1969163078125 0.418878084375 0.1856342953125 0.39393431875 0.1841956859375 0.3849983203125 0.186046134375 0.37164684375 0.1843082640625 0.344695609375 0.18684746562500001 0.31546793281249996 0.185835690625 0.28600948437499996 0.1893343421875 0.2774874875 0.193950590625 0.2773552078125 0.205318659375 0.28397602499999997 0.21086792187499998 0.3451895 0.2201312828125
1 0.4089352953125 0.17924197656250002 0.4080992296875 0.2510932375 0.4112108859375 0.2715584953125 0.40957155 0.283118684375 0.4193727640625 0.32144646718750003 0.4277250859375 0.3215922578125 0.4334674640625 0.2986903828125 0.44517837031249996 0.2837402046875 0.44766144687500004 0.242777003125 0.442812334375 0.228429215625 0.4430197515625 0.210603903125 0.44470056874999997 0.19547865 0.448795571875 0.1884185546875 0.44482501875 0.1847834625 0.44242638906250004 0.17538140468750002 0.44456204218749995 0.16427560000000002 0.439671446875 0.153492875 0.4384158328125 0.132076240625 0.4340371125 0.120411003125 0.42355737343750005 0.1157708453125 0.413925078125 0.12451717968750001 0.41151459843750005 0.159241521875 0.40907146718750004 0.167539471875 0.40897514687500003 0.1758171046875 0.40930116562499996 0.17703181875000001 0.4089352953125 0.17924197656250002
1 0.46694147499999994 0.27501339687500004 0.47423588437499997 0.29475254687499997 0.4768763359375 0.3161989265625 0.47731309062499994 0.31620655000000003 0.4806102515625 0.3073440640625 0.4839096609375 0.2824411515625 0.493500471875 0.2772598796875 0.50101266875 0.27828245156250003 0.5020571609375 0.27473489687499997 0.5048032109375 0.25427955625 0.5030875765625 0.22928910624999999 0.50467505625 0.2221852421875 0.503689084375 0.17759570156249999 0.5053765671875 0.118789678125 0.5010497015625 0.10266811406250001 0.49214707031250005 0.0918153578125 0.4830888765625 0.09433158593749999 0.46785706562499996 0.11011175312499999 0.4696764078125 0.12618955 0.467891884375 0.15022745937499998 0.47081794375 0.15741010625000001 0.47069349374999997 0.16810529375 0.46743556875000003 0.1894431453125 0.46381095781250004 0.199185790625 0.4620471734375 0.22144117031250002 0.456708534375 0.23717394062500002 0.45655892812500004 0.2500311 0.461999025 0.268687 0.46694147499999994 0.27501339687500004
1 0.51404009375 0.309016821875 0.5166723421875 0.3231448375 0.5202038484375 0.32320648125 0.53348469375 0.319162140625 0.5483394484375 0.2926780328125 0.5579539609374999 0.199243959375 0.559831821875 0.167184659375 0.5592125343750001 0.134190325 0.5513958765625 0.116224953125 0.543382175 0.11519362656250001 0.540321296875 0.11959743125 0.5267221546874999 0.167498175 0.52396573125 0.1888447796875 0.5109614312499999 0.2287328875 0.5064559546875 0.25975333906250003 0.5064110625 0.26361128125 0.5142889937499999 0.287626446875 0.51404009375 0.309016821875
1 0.5235806109375 0.25336701875 0.5547807421875001 0.2534100125 0.5629012015625 0.2551878015625 0.5742115765625 0.255385225 0.58329540625 0.25440934375 0.609136271875 0.2553620046875 0.6394684796875 0.2533834265625 0.6796688015625 0.246059421875 0.6913311156249999 0.23974210624999998 0.6887331796875 0.233175875 0.66929456875 0.2182899875 0.6621936203125001 0.21565800937500001 0.6514925984375 0.21597282812500002 0.6077797359375 0.2187210625 0.58633100625 0.22336273750000002 0.5042528734375 0.228952546875 0.4879260375 0.2405121609375 0.48785497187500004 0.24661953906249998 0.4888562671875 0.24975126718750001 0.5235806109375 0.25336701875
1 0.5483880890624999 0.26326009375 0.576955271875 0.25974588593750003 0.594933053125 0.2666866421875 0.6092389203125 0.2669363515625 0.652753696875 0.2575577078125 0.6760316421875 0.24893511093749998 0.6813850718750001 0.24852694999999997 0.689377284375 0.25117448593749997 0.6919985625 0.255734696875 0.7000549640625 0.252865684375 0.6974687015625001 0.24529644374999998 0.7055484453124999 0.2404214140625 0.72428253125 0.2392435984375 0.7555701953125 0.2317640265625 0.761943271875 0.220338321875 0.7486968328125 0.2095733703125 0.709481146875 0.208888859375 0.6755663703125 0.21230972499999998 0.656779765625 0.218001078125 0.5836201265625001 0.2232449546875 0.5773462515625 0.2261450828125 0.5637846953125 0.24246137656250003 0.5530311515624999 0.24728973281250002 0.5405300937499999 0.24907795312499997 0.532456184375 0.2534514796875 0.53150739375 0.25576906250000003 0.5314707546874999 0.2589177640625 0.534139509375 0.262008171875 0.5483880890624999 0.26326009375
1 0.6177995875 0.24702902343750002 0.6266772296875 0.250193621875 0.6336731375 0.26185268125 0.6514926140624999 0.262665328125 0.66216686875 0.26629739531249996 0.6716555125 0.2664630203125 0.72547349375 0.2634550625 0.73620369375 0.2606327203125 0.744225084375 0.26077273437500004 0.751308525 0.26490922656250004 0.766570915625 0.2556451125 0.78348161875 0.2579467171875 0.7995594140625 0.255217715625 0.813889690625 0.2494485765625 0.831744178125 0.24725219531249998 0.8379982828125 0.24041270468749998 0.8380038656250001 0.239932890625 0.8372376609375 0.234807925 0.8213407687500001 0.2219902828125 0.78486306875 0.21583589375 0.767882340625 0.21955234531249998 0.75105916875 0.2097281734375 0.7367288921874999 0.2154973140625 0.7348880046875 0.22048124531250002 0.7304083343750001 0.22240947812499998 0.6894217890625 0.22069084375 0.6582041515625 0.2221523625 0.64922146875 0.2280148453125 0.6428367203125 0.240443559375 0.608218565625 0.24432863125 0.6082161625 0.24453515 0.6106694625 0.24690456562500002 0.6177995875 0.24702902343750002
1 0.7169873296875 0.25631456875 0.7334873359375 0.2566025765625 0.7389727640625 0.2561541515625 0.7470174968750001 0.254288146875 0.7533088765625 0.24988350625 0.7773905531249999 0.248799034375 0.7863673999999999 0.2434380578125 0.8077694453125 0.24280841718750001 0.8665521265624999 0.24734571718749998 0.874596859375 0.24547971406250002 0.9078246125 0.22449063125 0.9053025421875001 0.21140484218750002 0.8963607078125 0.2137567953125 0.8509820250000001 0.20644382343749998 0.801944909375 0.20709269687499998 0.7787253203125 0.21070024843750002 0.75291363125 0.20724006718750002 0.74754853125 0.20865123593749998 0.7465989093750001 0.213650725 0.7421134046875 0.2160804625 0.73055029375 0.2138722015625 0.7215267625 0.22324521718749998 0.704540196875 0.22746317187499998 0.6982429812500001 0.2323693171875 0.6942062765625 0.2415135828125 0.6941591109374999 0.245566896875 0.7131260609375001 0.25570299687500003 0.7169873296875 0.25631456875
1 0.8164274140625001 0.2742355671875 0.9115944265625 0.29295132968750004 0.929168465625 0.2944001859375 0.934988403125 0.2945017734375 0.9383790796874999 0.2894060078125 0.9473500906250001 0.2845465328125 0.9679425671875 0.276880275 0.9769427546875 0.269513278125 0.96011375 0.26019061250000003 0.9183118 0.251936859375 0.8951330593750001 0.2520338796875 0.8551311453125001 0.24230672968750003 0.7856299359375 0.2395887625 0.77040839375 0.24534234531250002 0.7691530234374999 0.24739917500000003 0.769027709375 0.2581687015625 0.77202169375 0.259917090625 0.8164274140625001 0.2742355671875
1 0.93322789375 0.26031459375 0.92606275625 0.2631991640625 0.901981078125 0.2642836359375 0.886788715625 0.267529696875 0.8698021484374999 0.271747653125 0.8563339609374999 0.2800398734375 0.86507155 0.2952405796875 0.8686249437500001 0.29630581718750004 0.8793434734375 0.294486484375 0.9158503484375 0.298133353125 0.9425999890625001 0.29759705625 0.95679604375 0.3033625203125 0.9639495109375 0.3014809578125 0.9763980546875001 0.30420627968749997 0.9794850453124999 0.307781003125 0.980432115625 0.307797534375 0.9862253171875001 0.30237139062499996 0.9966915828125 0.3017796890625 0.9971762406250001 0.26012836250000004 0.96538348125 0.2548565953125 0.93322789375 0.26031459375
1 0.874977984375 0.5284160015625 0.8703757703124999 0.5408758296875 0.8533833671875 0.5455952890625 0.83469596875 0.54276106875 0.8282196015625001 0.5435577625 0.8281445671875 0.550006109375 0.8283462328125 0.5521807546875 0.8692860953125001 0.5579114265625 0.8799929531249999 0.5570951015625 0.8942123546875 0.560854546875 0.9396318875 0.5646569859375 0.9824418125 0.5628962046875 0.9930750093749999 0.56588308125 0.9936183515625 0.565892565625 0.99431955625 0.5056311578125 0.989316746875 0.5083411109375 0.874977984375 0.5284160015625
1 0.9690913203125 0.507390590625 0.938858315625 0.5008435921875 0.935345771875 0.4962678234375 0.9398779625 0.489826053125 0.9551286828125001 0.481564946875 0.9543074421875 0.475531334375 0.94897735625 0.4739334765625 0.93115204375 0.473622334375 0.9221751953125 0.47898331406250005 0.8917846328125 0.4859769421875 0.8765572562499999 0.4922320296875 0.837300721875 0.495058046875 0.81862499375 0.49122081875 0.7650498531250001 0.4988129671875 0.7568201171875 0.5014374734375 0.7568073578125001 0.5025339890625 0.7701640234375 0.5189664921875 0.781674615625 0.5256882921875 0.7950202578125001 0.5279276671875001 0.8832322093749999 0.5314738375 0.9391770515625 0.5446256625 0.9654923 0.545084996875 0.967768225 0.544486365625 0.9615935562500001 0.5388609171875001 0.9634869625 0.5293634453125 0.9786559828125 0.5281234031250001 0.9839860703125 0.529721259375 0.9940723 0.52688035625 0.9942933296875 0.5078851515625 0.99404675625 0.5078261890625 0.9690913203125 0.507390590625
1 0.714650875 0.5116226375 0.7395771328125 0.514565759375 0.7304427265625 0.533467359375 0.7339552687500001 0.538043128125 0.7430609890625 0.5396396265625001 0.7734148703125 0.54016945625 0.7811865124999999 0.539369159375 0.8017673171874999 0.532705909375 0.8125442015625 0.52587153125 0.8277424 0.522123965625 0.8356762578125 0.5297865484375001 0.8365033328125 0.5353186546875001 0.8436276218750001 0.535944615625 0.8446822828125 0.521918046875 0.85095615625 0.51901791875 0.8607542421875 0.5196905515625 0.87584156875 0.5254715734375 0.89016600625 0.5202039359375 0.924063278125 0.5182875828125 0.9260442171875001 0.50126754375 0.9154307265625 0.4940597953125 0.8878598468750001 0.48856248124999996 0.8763375890624999 0.4828436890625 0.8620248171875 0.487108315625 0.8522442390625 0.4849311703125 0.8442812015625 0.4797761109375 0.83264223125 0.484087409375 0.8201645125000001 0.483869609375 0.7650169203125 0.473376484375 0.7365139265625 0.47137414218749996 0.731142990625 0.47328681875 0.724746575 0.486718540625 0.71845519375 0.49112318125 0.70239490625 0.4923476671875 0.693435565625 0.49620413125 0.691090009375 0.5093248859374999 0.691055715625 0.5122720484375 0.7030352453125001 0.51392791875 0.714650875 0.5116226375
1 0.6938709703125 0.5120710421875 0.7018846703125 0.51310236875 0.722702665625 0.57764990625 0.733926834375 0.58480189375 0.7361610562500001 0.5848408921875 0.7382181937500001 0.5805950703125 0.738958228125 0.5601047140625 0.7445992265625 0.5495058187499999 0.745726684375 0.5388281390625 0.75173436875 0.53982445 0.75951620625 0.5176741171875 0.7586065343749999 0.5096352203125 0.7548641390624999 0.48639228437500004 0.7489394234375 0.47826584843750003 0.7403375453125001 0.4415663890625 0.7429695171875 0.43091497187499994 0.7344750531249999 0.42809236093749997 0.7291036953125001 0.41551835 0.7287162687500001 0.405705675 0.7329564625 0.3861678625 0.7275643640625 0.375376384375 0.7271976796875 0.3637811765625 0.7143348671874999 0.3484020625 0.705204078125 0.35715715000000003 0.6968688796875 0.383755059375 0.6927842484375 0.3899238859375 0.6926909109375 0.3979452765625 0.6970177765625001 0.41406684218749995 0.6943339515625 0.4291745890625 0.699549746875 0.45511758281250003 0.6958317984375 0.47288161874999995 0.6865171 0.499395103125 0.68630843125 0.5173281109375 0.6882507109375 0.5208874078125 0.6938709703125 0.5120710421875
1 0.6192697296875 0.41203280312499996 0.623219540625 0.4174504265625 0.6255922421875 0.42908064843749993 0.61874081875 0.4574873484375 0.615093390625 0.4593567296875 0.6150608109375 0.46215660156249994 0.61665183125 0.46458245781249996 0.622175790625 0.5502577546875 0.6219268921875 0.5716481296875 0.6238810578125 0.576139471875 0.6291160671875 0.5767211453125001 0.6339681328125 0.5768058375 0.6384558 0.5737195359375 0.6421530062499999 0.55773803125 0.6477732640625 0.5489216671875 0.6567173796875 0.556209359375 0.66373844375 0.5563319124999999 0.66581705625 0.5501280687500001 0.6625517203125 0.4858869171875 0.669863165625 0.46105403125000005 0.660756075 0.38155631875 0.6578714984375 0.3708086078125 0.6510471124999999 0.3645607921875 0.6507085984375001 0.3645548828125 0.6423456 0.368754709375 0.6192697296875 0.41203280312499996
1 0.6126835390625 0.46761219374999996 0.6118798078125 0.4600740703125 0.619942046875 0.45670355156250003 0.6297401328125 0.4573761828125 0.6440353953125 0.45461607031250006 0.6530005703125 0.4502581015625 0.6542985171875 0.44778132812500004 0.6543130390624999 0.4465332359375 0.64507255 0.44209401562500006 0.629047275 0.44030947343750004 0.6094277609375001 0.44097022656249996 0.58095978125 0.435958859375 0.5624824609375 0.415070475 0.556255271875 0.41395856562500005 0.5499755640624999 0.4173601984375 0.5418374640625 0.427250275 0.5372177421875 0.44121461562500003 0.5023358359375 0.4511394828125 0.48805224531249997 0.4528965875 0.47816079062499994 0.4602480265625 0.476267384375 0.46974549843749996 0.4859896078125 0.47693769062499997 0.5225198265625 0.4785785390625 0.55383666875 0.46859144375 0.586661771875 0.48220617343749994 0.6207923203125 0.48905808124999994 0.6225335953125 0.48908847499999997 0.626739546875 0.485413765625 0.6126835390625 0.46761219374999996
1 0.3932416171875 0.44422461249999995 0.399468803125 0.44533652031250004 0.460907775 0.45142500625000004 0.47148533593749997 0.4551955703125 0.48941883124999996 0.4555086015625 0.49745549999999994 0.4515613421875 0.51889839375 0.447421171875 0.5358441125 0.4467137484375 0.5751823453125 0.43686666875 0.5940214687500001 0.4266617703125 0.5673476921875 0.4206785078125 0.5459106328125001 0.42431717343750003 0.53262918125 0.4165612484375 0.52107774375 0.41334998125 0.48631254999999995 0.41324475625 0.44886188593750004 0.414095871875 0.393469203125 0.4246659390625 0.3857039328125 0.42973388437500004 0.38563117187499996 0.43598696875 0.3861756828125 0.4385836046875 0.3932416171875 0.44422461249999995
1 0.3093348078125 0.474244665625 0.3238268390625 0.474497625 0.333795246875 0.473071690625 0.358414221875 0.47510135 0.4091065140625 0.47598618750000005 0.45233940625 0.47463928125 0.47098527656250005 0.4770662859375 0.47615516874999997 0.4771565265625 0.5112446312500001 0.46864498593750004 0.5239265953125 0.451310128125 0.501709146875 0.44540464999999996 0.492004428125 0.4367079453125 0.4750412046875 0.438919884375 0.46429349843749995 0.4432467390625 0.4268895203125 0.4400858171875 0.4179243453125 0.4444437875 0.38045617656249997 0.446799415625 0.3437683984375 0.45869918906249996 0.316080809375 0.4632319640625 0.30084790781250004 0.4696002640625 0.300820159375 0.471985034375 0.3008242546875 0.47199457499999997 0.3093348078125 0.474244665625
1 0.23299029999999998 0.4388256453125 0.267627109375 0.44996396718750004 0.28009315625000003 0.45118477500000004 0.287275803125 0.44679569218750004 0.29441759843750004 0.4459171390625 0.3050777703125 0.4491128515625 0.30949325 0.4527011671875 0.309446565625 0.4567132046875 0.304023109375 0.4631394203125 0.30845026249999996 0.4657247296875 0.3245222203125 0.46349723281250005 0.377328640625 0.4453579296875 0.4094200359375 0.4454164828125 0.4299891734375 0.43975624062499996 0.466571909375 0.4368835515625 0.47285745312499994 0.4329804140625 0.473836253125 0.425473403125 0.4650111296875 0.41779526562499997 0.44094696093749997 0.4173752234375 0.4328788859375 0.42124724531249996 0.41683026874999995 0.421468721875 0.41061475 0.4193538046875 0.40707302968750003 0.4172855578125 0.40628096874999997 0.40874442499999997 0.401020909375 0.4011285125 0.358129284375 0.409910359375 0.3518962609375 0.4092999546875 0.33860314062499997 0.4025470390625 0.316327334375 0.4016566078125 0.29930575312499996 0.4088835921875 0.2671910171875 0.41083105781249996 0.23949175625 0.41636684218750003 0.224270215625 0.422120425 0.22323987500000003 0.4238085609375 0.2231600125 0.43067198749999996 0.224141834375 0.433153525 0.23299029999999998 0.4388256453125
1 0.2660621390625 0.3970032171875 0.26263828125 0.43260131875 0.262036775 0.4842947234375 0.2733432203125 0.5041039046875 0.284829675 0.551551071875 0.2889661609375 0.5409259140625 0.2913144140625 0.511549165625 0.29056030625 0.4901412828125 0.2959798125 0.4554694640625 0.2989540234375 0.41540628125 0.2993858921875 0.335183621875 0.2954671921875 0.327092203125 0.2880068484375 0.3216133015625 0.2794086765625 0.327703346875 0.2696830453125 0.3444710703125 0.267019959375 0.3577962859375 0.25821330468750003 0.37297962500000004 0.25818670625 0.37526548437499996 0.2642531671875 0.38003415625 0.2660621390625 0.3970032171875
1 0.137645509375 0.4845387375 0.1440530125 0.49011347031249997 0.1772725953125 0.4906933203125 0.19286896250000002 0.4885123046875 0.2410089765625 0.48834937968750003 0.2646574921875 0.492218628125 0.265215440625 0.4922283671875 0.27844796562499996 0.48850127343749994 0.29624993593750004 0.49081843281250004 0.30436469375 0.48293437499999997 0.3108428109375 0.46248158906250003 0.296646753125 0.4567161265625 0.170186240625 0.4459814421875 0.1550230546875 0.4467199796875 0.1451841203125 0.449557878125 0.13794895625 0.458460503125 0.127189578125 0.4637903671875 0.10709192812499999 0.4667323171875 0.1070675984375 0.4688231515625 0.114525121875 0.47962071249999993 0.137645509375 0.4845387375
1 0.1239825703125 0.3597177921875 0.1222602703125 0.3784081078125 0.115543665625 0.3952283546875 0.1159310921875 0.40504102968750005 0.1122649984375 0.4183487375 0.116183696875 0.42644015937499996 0.1169896609375 0.4433917125 0.1110167953125 0.48251110625000004 0.1080425859375 0.5225742906249999 0.1267160359375 0.5558837609375 0.1352416125 0.5560325749999999 0.141718578125 0.5619623203125 0.14232735000000002 0.561972946875 0.144790940625 0.5544163671875 0.1445694484375 0.530343440625 0.1473258703125 0.5089968359375 0.152589815625 0.487694 0.15636146875 0.48686838750000005 0.166016359375 0.4977342734375 0.17379153125 0.519264709375 0.1758701453125 0.513060865625 0.17562791093750002 0.4907704703125 0.1702046984375 0.4826527890625 0.16491630625 0.4629486546875 0.151686809375 0.4359743328125 0.14990894999999999 0.41633147656249997 0.153146134375 0.3967761546875 0.1493155875 0.3811089765625 0.149915615625 0.3726507078125 0.143081225 0.35648537343750003 0.136725090625 0.34933199843749996 0.13644299531249998 0.34932707500000004 0.12656268906249998 0.3535227015625 0.1239825703125 0.3597177921875
1 0 0.487599015625 0.018661778125 0.4879247578125 0.025591975 0.48644402500000006 0.04696484375 0.48832190937500003 0.05411247500000001 0.4869418515625 0.07727954375 0.48784784062500003 0.0915748078125 0.485087728125 0.0995845265625 0.48623075 0.12011281250000001 0.484081040625 0.1371168859375 0.478358571875 0.158530603125 0.47672592500000005 0.162148184375 0.47227461249999997 0.1630803 0.46877963593749994 0.1524901515625 0.4595658703125 0.1213833875 0.4514988046875 0.0937716609375 0.44951202031250004 0.0037421656249999997 0.4489437625 0 0.44974933906250003 0 0.487599015625
1 0 0.4801259765625 0.0062446828125 0.4809891484375 0.0163429828125 0.50351245625 0.0173902109375 0.5035307359375001 0.026592067187500002 0.4943860796875 0.0767655390625 0.47268957343749995 0.0892257515625 0.47441188749999996 0.09729382656249999 0.470539865625 0.10451732031250001 0.46264025000000003 0.11253871093750001 0.4627802640625 0.116127115625 0.4608364734375 0 0.4588094671875 0 0.4801259765625
1 0 0.7127218234375 0.0103404140625 0.714705846875 0.023604359375 0.723966284375 0.03603539375 0.7281961203125 0.042715314062499996 0.7290184859375 0.05206214687500001 0.7291816359375 0.0592374765625 0.7260930828125 0.061928779687500005 0.7246352390624999 0.060274629687500005 0.7135710265624999 0.066507653125 0.71418143125 0.095983609375 0.7091782656250001 0.109451796875 0.7008860453125 0.10917681718750001 0.69486196875 0 0.6929562812500001 0 0.7127218234375
1 0 0.6821225015625 0.014777490625 0.687549896875 0.0405716734375 0.6925145921875 0.0521581265625 0.692716834375 0.064583325 0.6974481765625 0.0662724890625 0.7055033640625 0.0599460953125 0.7129170296875 0.0607615 0.7194521453125 0.066965346875 0.722570071875 0.07498089999999999 0.7232115921875 0.0794722421875 0.7202803484375 0.09757182343750001 0.69702078125 0.104731125 0.6946377125 0.1127700234375 0.6932732125000001 0.152795278125 0.7009943468750001 0.185830459375 0.6965549140625 0.1965898375 0.6912250484375 0.19848907968750001 0.6812260734375 0.19589698125 0.6741583390625 0.18970480625 0.670037403125 0.16660776093750002 0.6631133609375001 0.1390252125 0.658619053125 0.13364260781249998 0.6615347390624999 0.1282950140625 0.6614413953125 0.11675524531249999 0.657227115625 0.08114546875 0.6530943015624999 0.059836790625000004 0.6456998671874999 0.028683345312500004 0.6416448375 0.009914246875000001 0.6458316796875 0 0.6463733796875 0 0.6821225015625
1 0.0854445015625 0.721950240625 0.182862215625 0.7236506734375 0.21232508593750002 0.7217983375 0.2615372671875 0.7061043296875 0.2838305796875 0.7054902484375 0.2856364515625 0.7035153453125 0.28660358124999996 0.6970113421875 0.2776325671875 0.7018708171875 0.25713929375 0.7010114984375 0.2420869828125 0.6922214515625 0.22164039375 0.6873500984375001 0.19761123593750002 0.6839210296875 0.18067135625 0.68412695 0.1672731921875 0.6864011140625 0.07629407499999999 0.6908323453125 0.052154042187500006 0.6969318609374999 0.0458684984375 0.7008349968750001 0.0433503421875 0.7066511796875 0.043312012500000004 0.7099452515625 0.05725654375 0.7180883953125 0.0854445015625 0.721950240625
1 0.157417478125 0.7194100890625 0.1698193328125 0.726147446875 0.19568354375000002 0.7250940890625001 0.21165046250000003 0.731893675 0.217830965625 0.7370176203125001 0.2408492734375 0.74341665 0.2410385015625 0.7434199515625 0.248081475 0.7420601015625 0.254650840625 0.74365755625 0.258465546875 0.7437241421875 0.2641300921875 0.741838625 0.2695418765625 0.7364154187499999 0.2775807734375 0.7350509187500001 0.288275959375 0.7352376046875 0.2953710734375 0.7383710875 0.32123528125 0.7373177296875 0.32311118125 0.729324771875 0.3204607265625 0.727272084375 0.30709757656250003 0.7265372218749999 0.2964490734375 0.7223385015625 0.287530584375 0.7226844328124999 0.2830975953125 0.72060063125 0.28506102968749997 0.7050851046875 0.2815368171875 0.7015123453125 0.24594454687499998 0.695875015625 0.24067865 0.6887606109375 0.209461015625 0.6902221296875 0.20234839531249998 0.688593159375 0.1943911953125 0.6829365953125001 0.187167703125 0.6908362109375 0.17824921093749999 0.6911821453125 0.14448032187499998 0.6820653984375 0.135567665625 0.6819098265625 0.114043075 0.693071059375 0.11382021093750001 0.6943541859375 0.11368446406249999 0.7060202640625 0.11740389531249999 0.710685946875 0.157417478125 0.7194100890625
1 0.251565128125 0.7972841015625 0.24647748749999998 0.803435425 0.25095991562500003 0.8061880046875001 0.2580120921875 0.8036367625 0.262473778125 0.808171875 0.2644383125 0.8117719515624999 0.2651565640625 0.834484340625 0.2657147890625 0.8344940843750001 0.267198440625 0.833214846875 0.26894148125 0.8127420015625001 0.2730261140625 0.806573171875 0.281475390625 0.77017134375 0.290720259375 0.7516123328125001 0.29454191406249997 0.7249356421875001 0.2948841515625 0.695523878125 0.30001994062500004 0.6421267265624999 0.3036652921875 0.6306015484375 0.30871145 0.6280152921875 0.30779140781250003 0.6208676609375 0.29733240781250003 0.614444971875 0.292922575 0.6054535296875 0.28793864375 0.6026921953125 0.2789011921875 0.60342589375 0.27078378125 0.6113072234375 0.2732083375 0.6184811156250001 0.262327840625 0.69138981875 0.2530414890625 0.7135138921874999 0.2447236046875 0.726432434375 0.24467267812500001 0.7308090828125 0.25227034375 0.7366780421875 0.251565128125 0.7972841015625
1 0.31872283125 0.7407762625000001 0.3258004375 0.745414259375 0.3400140015625 0.749675209375 0.3640606671875 0.7515997640625 0.3667811484375 0.7476343984375 0.43546111875 0.7443187546875001 0.4381057390625 0.74687295 0.446127128125 0.7470129640625001 0.43819910625 0.7388488765625 0.42314095781249994 0.730560334375 0.4018206109375 0.7241689109375 0.38231780937500004 0.7147995734375 0.38242284843749996 0.7057724921874999 0.3914230359375 0.6984054937499999 0.3834716734375 0.6922474265624999 0.33261117812499996 0.6963757171875 0.32372186406250003 0.6942141281249999 0.3113550203125 0.6844677421875 0.293453846875 0.6906761593749999 0.27566354843749996 0.6873559890625 0.263261690625 0.6806186328125 0.248051821875 0.6853692078125 0.22309055 0.6854351125 0.21325161406249998 0.6882730109375 0.209628196875 0.693225828125 0.20753317187500003 0.699173740625 0.20746008593749998 0.705454765625 0.21209775 0.7108251578125 0.31872283125 0.7407762625000001
1 0.3897582359375 0.772583759375 0.3939050609375 0.77265614375 0.42257756718749995 0.7630052765625 0.42366354375000004 0.7558926593749999 0.42055747343750005 0.721072025 0.431002396875 0.685596475 0.4306875671875 0.6695449421874999 0.42875414375 0.6632710671875001 0.4304764453125 0.64458075 0.42783039531249994 0.6133339328125 0.42247977968750006 0.598977390625 0.41849885625 0.5962335640624999 0.4079465203125 0.5978322656249999 0.40292562500000006 0.612602365625 0.3905323875 0.6287289328125001 0.3924554390625 0.635894071875 0.3922376515625 0.65461065 0.38865452500000003 0.6607882328125 0.37410101406249996 0.7553452625 0.3739797265625 0.76576875 0.375353178125 0.7693125453125 0.3897582359375 0.772583759375
1 0.4363951609375 0.7630807078124999 0.43665147187500003 0.8272693406249999 0.43951530781250003 0.839799578125 0.4466330078125 0.8439032937500001 0.4476125390625 0.8439203921875 0.44958688125 0.8364095921875 0.45569827343749997 0.8284932484375 0.454798971875 0.8195630859374999 0.4592154703125 0.78487375625 0.46486684062499994 0.7733835953125 0.47383169687500004 0.7788887578125 0.4807386796875 0.78881523125 0.48874201250000004 0.7907378234375 0.49178215156249994 0.7881165484375 0.4904643125 0.7720475078125 0.47451617031250004 0.720065228125 0.4786630265625 0.7085488046874999 0.48867237656249995 0.7105064125 0.48876571406249997 0.7024850218750001 0.474325790625 0.69331850625 0.4730252390625 0.6757637234375 0.47483396093749997 0.6496464921875 0.47420429999999997 0.6175434234375 0.47039968125 0.5996480796875 0.458007259375 0.5869515171875 0.44051016093750006 0.624978309375 0.44098425781249995 0.6704503625 0.4347899 0.6854968312499999 0.43422004062499997 0.6924401687499999 0.4337527703125 0.73259725 0.43445136875 0.7576980984375 0.4363951609375 0.7630807078124999
1 0.423473753125 0.6937698812499999 0.530396446875 0.6981442546875 0.5696471468750001 0.695819740625 0.58783183125 0.7010259140625 0.5888346484375 0.70104341875 0.5945617359375001 0.6997658718750001 0.6008706218750001 0.6938567156250001 0.6249873109374999 0.6897632171875 0.6312903609375 0.6843555671875 0.63051580625 0.6743099203125 0.62612366875 0.6687155859375 0.6066208671875 0.6593462484375 0.5397059203125 0.6641975203125 0.5112087640625 0.6616936734375 0.48098742968749997 0.6541436703125 0.47207477343750004 0.6539881000000001 0.453305678125 0.658174940625 0.4362024 0.6724229859374999 0.42458093437500005 0.675229771875 0.4124697421875 0.6813415218750001 0.41242237968750006 0.6854118296875 0.412860265625 0.6865621328125 0.423473753125 0.6937698812499999
1 0.4918997328125 0.6912528265625 0.5434764265625 0.7021852281250001 0.54518893125 0.708234396875 0.5389384015625 0.70912850625 0.5370216531249999 0.720631996875 0.550598409375 0.7253810796875 0.5554039984375 0.7254649625 0.5619362406249999 0.7245781265625 0.608462953125 0.7098404546875 0.6333658703125 0.7147895937500001 0.68777975625 0.7117265421875001 0.6949624 0.7073374578125 0.6915548968749999 0.6937346078125 0.6667570203125 0.6797583859375 0.6579318984375 0.6720802484374999 0.6499338484375 0.669934215625 0.6463454453125 0.6718780062499999 0.6330406515625 0.6661281 0.6189554687500001 0.65083405 0.6099436078125 0.6592040578125 0.597442546875 0.660992275 0.5921007890625 0.660397428125 0.5744096953125 0.6485516828125 0.5646232796875 0.646876040625 0.5316231109375 0.648306446875 0.527125934375 0.6517391921875 0.5106025078124999 0.6544604125 0.49947919374999994 0.6527614359375 0.49765581406250003 0.656240853125 0.5037721265624999 0.666881346875 0.49746324062499997 0.6727905015625 0.4671949171875 0.6790584015625 0.4671896515625 0.6795108187500001 0.47507656249999997 0.68142865625 0.4918997328125 0.6912528265625
1 0.642775940625 0.7627161609375 0.6446471375 0.7743376296875 0.6429040968749999 0.794810475 0.6448478890625 0.8001930843749999 0.64999775625 0.78869416875 0.6599863609375001 0.7924343078125 0.660927146875 0.7977994093749999 0.669003071875 0.7934831421874999 0.6723958203125 0.7605588375 0.6795309625 0.7508774687499999 0.6835015140625 0.7545125625 0.694544984375 0.7538138796875 0.6951501984374999 0.7449099765625 0.6903010843749999 0.7305621906249999 0.689014359375 0.7118193515625 0.6941745953125 0.6994291703125 0.694278303125 0.6905165140625 0.6838400453125 0.6823112953125 0.6794094703125 0.6751023859374999 0.6791050125 0.6581595859375 0.6833140953125 0.64129556875 0.6753278 0.5948009437499999 0.670866115625 0.59026583125 0.6627901859375 0.5945820984375 0.6571803015625 0.6025071984375 0.6523763781249999 0.6273838515625 0.6472783671875 0.6344264374999999 0.630296846875 0.7143602203125 0.62450484375 0.725004021875 0.62439100625 0.7347871500000001 0.627426346875 0.745510746875 0.642775940625 0.7627161609375
1 0.6358591375 0.7421769859375 0.6562707125 0.7500573671875 0.6606278375 0.758660728125 0.6561598375 0.7595859515625001 0.6561364953125 0.7615919703125 0.6872198796875 0.76683625 0.7036784265625 0.7671235359375 0.7470280796875 0.764683309375 0.8379196640625001 0.7677746453125 0.85310035625 0.76553159375 0.8647860140624999 0.757208259375 0.8675706859375 0.7477263453125 0.8542892343749999 0.7399704203125 0.779527965625 0.7296365421875 0.7573221859375 0.72272805625 0.7440640765625 0.712966115625 0.7129689859375 0.7038960390625 0.696029103125 0.7041019578125 0.6780812468749999 0.7143224125 0.672751159375 0.71272455625 0.6557295796875 0.7199515390625 0.6089218453125 0.721121715625 0.6089150734375 0.7217037171875 0.625158115625 0.7424918046875 0.6358591375 0.7421769859375
1 0.7097607359375 0.7725521421875 0.7275802125 0.7733647875 0.74358214375 0.777155346875 0.7470771796875 0.7832356296875 0.7425274828124999 0.7911819171875 0.7504671765625 0.7983429937500001 0.770060821875 0.8026642265625 0.7738912890625 0.8027310875 0.7861353078125 0.7974607640625 0.79591005 0.8001394140625001 0.8119469953125 0.800920946875 0.8182442109375 0.7960148015625 0.8424309265625001 0.785903246875 0.8585145578125 0.78267274375 0.8691922375000001 0.7843639437500001 0.878052375 0.7890330546875 0.9156255812499999 0.7776503453125 0.9255287078125001 0.7692958953125 0.9211540765624999 0.762197046875 0.9087755625 0.753453671875 0.8473132484375 0.7493712046875001 0.8402181375 0.7462377203125 0.828765903125 0.7345008749999999 0.7968320640625 0.7209017015625 0.7744628921875 0.7280353421875 0.7439206046875 0.748068084375 0.7314195453125001 0.7498563046875 0.70236243125 0.7493491109375 0.7023265703125 0.752431015625 0.7081240921874999 0.7599834140625 0.7097607359375 0.7725521421875
1 0.862544328125 0.8119756171875 0.8664422843749999 0.82184956875 0.8653459390625 0.829853453125 0.859265659375 0.8350960000000001 0.8671756531250001 0.84503998125 0.8724847859375 0.8629615859375 0.8764345984374999 0.868379209375 0.88033679375 0.9061722296875001 0.8890603015625 0.9063244984375001 0.8911063828125 0.9007273843749999 0.8937902109375001 0.8856196390625 0.8932124031249999 0.849060240625 0.8969614640625 0.8286224093750001 0.9045773703125001 0.8207323265625 0.9056322343750001 0.8162935062500001 0.9147319109375 0.8102122140624999 0.9247827421875 0.8086047593749999 0.928888115625 0.8006533984375 0.927006546875 0.7899231984374999 0.9171735015625 0.772814075 0.9097027890625 0.768226440625 0.904362540625 0.7529786328125 0.9015920453125 0.7324270015625001 0.9053618468750001 0.7102066375 0.9020172484375 0.6958851109374999 0.9007823734375 0.6726859453125 0.89239161875 0.6609506781250001 0.8848586796875001 0.6617106359375 0.8742233781250001 0.6704394640625 0.8715743687499999 0.725662915625 0.8689838796875 0.732749271875 0.8666978515625001 0.7567784265624999 0.8609427703125 0.7771812437500001 0.8518567984375001 0.79542126875 0.8518480140625 0.7961762593749999 0.8550943546875001 0.8056054515625 0.862544328125 0.8119756171875
1 0.9836283671875 0.7166512453125 0.9689980640625 0.6807380078125 0.9650482531250001 0.6753203828125 0.9610362171875 0.675250353125 0.9518743140625 0.6866792375 0.946693334375 0.7008519484375 0.9429753890624999 0.718615984375 0.945517728125 0.758775459375 0.94189311875 0.7685181046875 0.9365171390624999 0.772371934375 0.936504571875 0.773451990625 0.9432731828125 0.779239553125 0.9471815109374999 0.7882222390625 0.9450821546875 0.7962086140625 0.9448851093749999 0.8131426609375 0.9467770484375 0.8229815968749999 0.9446154671875 0.8363155671875001 0.9441591515625 0.875531253125 0.9540855328125 0.8846189843750001 0.9796970828125 0.9251811328124999 0.9795933734375 0.9340937890625 0.9830668859375 0.9470358234375 0.9836426875000001 0.9470458734375 0.9896579375 0.9062497609375001 0.9909735390625001 0.7931872 0.982334975 0.741589175 0.9836283671875 0.7166512453125
1 0.9359916515625001 0.9593843812499999 0.9082457078124999 0.9689322015625 0.9060540109374999 0.9728192671875 0.905971165625 0.9799389749999999 0.9071793765624999 0.9839617796875 0.921363765625 0.9907302515625 0.952091584375 0.996505303125 0.9773973609375 0.9969470171875001 0.9886097078124999 0.996334390625 0.9891921937499999 0.9462757156249999 0.9484868765625001 0.958097665625 0.9359916515625001 0.9593843812499999
1 0.9116267640625001 0.9427516421875 0.9026499171875001 0.9481126218749999 0.8491039562499999 0.9531972484375 0.8358721515624999 0.9603647375 0.8357764718749999 0.968587465625 0.8737326 0.9817171015625 0.8950004296875 0.9926220671875001 0.9110315390625001 0.9939051031249999 0.9404868625 0.9906751140625 0.941166828125 0.9322390984375 0.9411540828125 0.9322388765625 0.9268132906250001 0.9400070875000001 0.9116267640625001 0.9427516421875
1 0.8326847671875001 1 0.826259109375 0.988224765625 0.8141155875000001 0.9541378265624999 0.8137696453125001 0.9407600890625 0.805793721875 0.8933741984375001 0.8018750234375001 0.8852827781249999 0.7944043093750001 0.88069514375 0.7846786796874999 0.8974628671874999 0.7819948515624999 0.9125706140625001 0.7800132796875 0.95354256875 0.7717187828125 0.967055778125 0.7716608140625 0.9720375750000001 0.7732033390625 0.9783842078125 0.77861618125 0.9873931546874999 0.7798857375 1 0.8326847671875001 1
1 0.760851078125 1 0.759824840625 0.97521726875 0.7554876046875 0.95998696875 0.7562691203125 0.9359315531249999 0.7464257046875 0.9197136953125 0.7297101234375 0.9336850703125 0.723716515625 0.9745869953125 0.7238820328125 1 0.760851078125 1
1 0.639493165625 0.9738578859375 0.6437621578125 0.9739324015624999 0.6496013109375001 0.9725779890625 0.6547596671875 0.9741243640624999 0.6650374015625 0.9743037625 0.6709858515625 0.9734528656249999 0.6914791250000001 0.9743121828125 0.72095435 0.9693717046874999 0.721334690625 0.9366852828125 0.6910196890625 0.937185290625 0.667870125 0.9347747875 0.6499806203125 0.9399801953125 0.6285960828125 0.9391053203125 0.6088423515625 0.9513006765625001 0.60616460625 0.95807828125 0.606160571875 0.9584249671875 0.609570221875 0.9653583609374999 0.639493165625 0.9738578859375
1 0.5370265234375 0.9314764765625 0.5430553031249999 0.9496395390625001 0.54657951875 0.9532122984375 0.547855528125 0.9535045375 0.5554617953125 0.9536373046875 0.560880615625 0.94995068125 0.56912375625 0.9310335234375 0.6120445578125 0.91974415625 0.6647342671875001 0.91163494375 0.6835092015625001 0.906946596875 0.6880005421875001 0.9040153562500001 0.6827404828125 0.8963994468750001 0.67298324375 0.89221628125 0.64986869375 0.8867967515625 0.622233625 0.8868159859375 0.6106179953125 0.8891212671875 0.5232272828125 0.8916087062500001 0.5100111609375 0.8943769578125 0.5096626125 0.9243312109374999 0.517488709375 0.9251161671875 0.5370265234375 0.9314764765625
1 0.48392160625 0.9477001140624999 0.5443477 0.9429314578125 0.5630467703125001 0.9447626703124999 0.586365565625 0.9326295421875 0.5899831468750001 0.9281782296875001 0.586493946875 0.9215964421875 0.5785250765625001 0.9169428875 0.5554221984375001 0.91052035 0.5491424890625 0.91392198125 0.5214899125 0.9154457296875 0.4947752875 0.912973 0.4519770328125 0.9137307734375 0.4316633796875 0.91215911875 0.43126929062499997 0.9460271046875001 0.47145009687500006 0.9474824234374999 0.48392160625 0.9477001140624999
1 0.465067165625 0.9833158078125 0.465778775 0.9833282296875 0.4850765953125 0.9807083015625 0.50208066875 0.97498583125 0.5048770124999999 0.9645009078125 0.493383928125 0.9562745937500001 0.4791645265625 0.9525151484375 0.468562709375 0.9443043921875001 0.4383063625 0.9397634125 0.42680160625 0.9325401078125 0.3987096078125 0.9237272765625001 0.3982025296875 0.9673054109375 0.42717350937500004 0.9771895671875 0.465067165625 0.9833158078125
1 0.2933640296875 0.9204890390625 0.33963398125 0.9278175687499999 0.36263181875 0.9432671890625001 0.3715503109375 0.9429212546875 0.3803929390625 0.9490948781249999 0.397474496875 0.9540052609374999 0.40171593281250007 0.9540792953125001 0.40623964375000005 0.9495460343750001 0.404538809375 0.9424938578125 0.41094106249999995 0.9285606312500001 0.4260984125 0.9283235968750001 0.43416648750000003 0.924451575 0.44042225156250003 0.9231078421875001 0.44071573593749996 0.89788585625 0.43447577031250006 0.8978718359375 0.42291849687500005 0.895162071875 0.42115347031250006 0.89362644375 0.432029559375 0.8782664875 0.42672865 0.874161109375 0.42138689218750003 0.8735662625 0.3721747125 0.889260271875 0.333850290625 0.8885913171875 0.2669178375 0.8949471015625001 0.2588497640625 0.8988191234375 0.25347720156250003 0.9143075703125 0.253470840625 0.9148542609374999 0.26837941718749997 0.9225609640625001 0.2933640296875 0.9204890390625
1 0.3272375359375 0.9255931343749999 0.314777325 0.923870821875 0.28902982499999996 0.9148940906249999 0.2623035296875 0.9134243671875 0.2347384859375 0.907425546875 0.21779860312500002 0.9076314671875 0.20877507343750001 0.9170044828125 0.21225843906250003 0.9240877734374999 0.2184564484375 0.92770720625 0.24151264375 0.9381417796875 0.320549340625 0.9641000828124999 0.3387018859375 0.9686075546874999 0.3418909625 0.9686632203125001 0.3423843265625 0.9262635859374999 0.3272375359375 0.9255931343749999
1 0.194172921875 0.9655025859374999 0.21281947343750002 0.9718473390625 0.23161694531250002 0.97298965 0.2521710171875 0.973348421875 0.2609536515625 0.9721859171875 0.2645537265625 0.96923911875 0.26821799375 0.960775771875 0.2611812375 0.9526272406249999 0.23723961093749998 0.9416756062499999 0.15343078125 0.9165513531249999 0.1528179015625 0.9692221968749999 0.17016127187500002 0.960569003125 0.194172921875 0.9655025859374999
1 0.10260874375 0.9388512421874999 0.11956613281249999 0.937140809375 0.1293467109375 0.9393179546875 0.1346301140625 0.94492785 0.14711950468749999 0.9441426390625001 0.1657952328125 0.9479798687500001 0.1960103453125 0.9661168640625 0.20302352343750002 0.9662392796875 0.203710921875 0.9071644171875001 0.16983297343749998 0.9074202328125001 0.1591728 0.9042245187500001 0.1513148046875 0.8900423796875 0.14324089375 0.8944159046875001 0.1413591578125 0.9029103671875 0.133308590625 0.9052778781249999 0.1146445328125 0.9004376390625 0.095182578125 0.8875577703124999 0.079139796875 0.8872777421875 0.064844534375 0.89003785625 0.055175617187500005 0.8991632562499999 0.054943404687499996 0.919119603125 0.06441270624999999 0.9271491890625001 0.10260874375 0.9388512421874999
1 0.07933858125 1 0.0845612 0.9748382281250001 0.1001871 0.9251899703124999 0.09814626562499999 0.8850392484375 0.0927956484375 0.87068270625 0.0838619046875 0.8625037484375 0.0758585734375 0.8605811578125 0.059416339062500004 0.8941691265625 0.05495835624999999 0.93242351875 0.047352823437500004 0.9394223343749999 0.0418362734375 0.9393260437500001 0.042244440625000004 0.9473561875 0.045672004687500004 0.9545475890624999 0.04509790625 0.9607776953125 0.029022421875 0.9978323124999999 0.029007128124999997 0.9991466125 0.0778977265625 1 0.07933858125 1
1 0 0.9455045 0.06002587031249999 0.9465522562500001 0.0600737828125 0.9424345671875001 0.059181921875 0.9424701843750001 0.021777945312499998 0.939309265625 0 0.9319578109375 0 0.9455045