1 0.9007986359375 0.9281355187500001 0.8992425624999999 0.9663242703125 0.9025004187500001 0.9890243234374999 0.927100746875 0.9887380734375 0.9295837625000001 0.9278005734375 0.9007986359375 0.9281355187500001
1 0.88235375625 0.8825371859375 0.889937625 0.9308919234375 0.8916408265625 0.9618651546875 0.9430532406250001 0.9612669171875 0.9351364906249999 0.9439254453125001 0.9295167671875 0.9081551234375 0.9233361671875 0.899510246875 0.9021024453125 0.8861978640625001 0.8994267218750001 0.8717010046875 0.8920866578125001 0.8626430062500001 0.8867534828125001 0.8627050640625 0.8831438687500001 0.8631464265625001 0.88235375625 0.8825371859375
1 0.8954743421875 0.8159084546875001 0.8927770562499999 0.8183726453125001 0.8925884140625 0.8230022734375 0.8928705593749999 0.8322708734375001 0.900378371875 0.8381719578125001 0.9454771421875 0.8485352671875 0.9645727531249999 0.84930548125 0.9648165296875 0.84930264375 0.9663445390625001 0.8118026437499999 0.9394765796875 0.81211528125 0.9382431625000001 0.8121443703125 0.8954743421875 0.8159084546875001
1 0.9487650265625 0.7391728421875 0.9321146109375 0.74372181875 0.92199869375 0.7528036359375 0.9218758749999999 0.7558178468750001 0.9345333374999999 0.7556705640625 0.94140505625 0.7534129875 0.9529219953125001 0.7560009953125 0.9683882734375 0.756743315625 0.9695827015624999 0.7274299703125 0.9491432468750001 0.7276678046875 0.9452885375 0.729414021875 0.9487650265625 0.7391728421875
1 0.917655421875 0.6677535921875 0.9246599906249999 0.6732999453125 0.9317638734375 0.69936766875 0.941251928125 0.7070055296875 0.958366296875 0.6477258828125 0.9599147703125 0.63852219375 0.919431415625 0.6389932609375 0.9186955906250001 0.642226021875 0.917655421875 0.6677535921875
1 0.90932568125 0.5813257625 0.9024058890625 0.5825098343749999 0.898522415625 0.5814514703125 0.8960712750000001 0.581479990625 0.8945648171875 0.5828562640625 0.8944569203125001 0.58550425625 0.9007489046874999 0.599405640625 0.9119551390625 0.609618921875 0.9463284156249999 0.621740246875 0.9666772531250001 0.621503465625 0.9741476390624999 0.6228263203125 0.975675584375 0.58532785 0.927009265625 0.5811199953124999 0.90932568125 0.5813257625
1 0.9229896875 0.535911121875 0.9194177375000001 0.5478466546874999 0.919301278125 0.550704771875 0.9206240703124999 0.581459690625 0.9668856015625 0.5809213890625 0.9675881984375 0.5770390828124999 0.9652992046875 0.56641185625 0.9654733484375001 0.5354167796875 0.9618581296875 0.5306161828125 0.9563720234374999 0.5316485515625 0.94839950625 0.5268986578125 0.9446953125 0.5168820734375 0.9351099890624999 0.5169936093749999 0.929802021875 0.5290521234375001 0.9229896875 0.535911121875
1 0.9146646203125 0.47285493125 0.9170761781250001 0.47517461250000004 0.93458461875 0.473337671875 0.9700822390624999 0.48163508593750004 0.970629559375 0.4919723921875 0.960717703125 0.49753176874999994 0.9672787171874999 0.502899465625 0.978952540625 0.501637275 0.980893996875 0.45399049687500004 0.9775463515625 0.45402945 0.9146844937499999 0.4723671796875 0.9146646203125 0.47285493125
1 0.9466452390625 0.3759727140625 0.93895988125 0.37442893125 0.9310663734375 0.3769535859375 0.931006075 0.3784334125 0.9365558375 0.38588938906250003 0.9528289671874999 0.3905996703125 0.9516158484374999 0.39660223125 0.9345215671875 0.41204445468750006 0.9293215140625 0.42081542812499995 0.9588757781249999 0.42047153281250005 0.9698860281250001 0.4236098421875 0.9714245343749999 0.4333912125 0.9819584890625 0.431134328125 0.9843227421874999 0.37311141718749996 0.9651670578125 0.37303517343750003 0.9466452390625 0.3759727140625
1 0.9500638859375 0.28724100625000004 0.9391221546875 0.296760996875 0.9205559484375 0.3007878625 0.9088756171875 0.3083007109375 0.908395990625 0.3200716046875 0.9262958125 0.3263080640625 0.9338258171874999 0.33166448437499996 0.9695897546875001 0.3334259515625 0.9857485234375 0.33812023125 0.9877362812499999 0.289337171875 0.9611481625 0.2871120296875 0.9500638859375 0.28724100625000004
1 0.9222731718749999 0.26183875625 0.92385956875 0.27634828749999996 0.927316853125 0.2850248546875 0.9525606328125 0.2934479125 0.955560328125 0.286633278125 0.95788174375 0.2430222890625 0.9621681796875 0.23135001875 0.9669911750000001 0.23323096406250002 0.98032324375 0.25341502031249996 0.9816575734375 0.2340288375 0.9749054890625001 0.21511102656249997 0.9220182859375001 0.215726425 0.9214434718750001 0.22983337656249997 0.9232997390625 0.2366449578125 0.9222731718749999 0.26183875625
1 0.9507348953125 0.2008800203125 0.9506335 0.20336844843750002 0.9806122203125 0.20301961406250002 0.980695421875 0.1826794578125 0.9732048109375 0.1527421015625 0.9728407984375 0.152664684375 0.9633010765625001 0.1527756890625 0.9599354984374999 0.1577391671875 0.9507348953125 0.2008800203125
1 0.9627890015625 0.0950584921875 0.9043926703125 0.1116936078125 0.9043684031250001 0.1122891328125 0.9367074703125 0.11713814062500001 0.9615683718750001 0.12501491874999998 0.9942295015625 0.129982121875 0.9956706437499999 0.094613946875 0.9643978171875001 0.0949778390625 0.9627890015625 0.0950584921875
1 0.9362151453124999 0.032954253125 0.9098304203125 0.0387053078125 0.89405908125 0.058671506250000005 0.8938396609374999 0.064056453125 0.894230259375 0.0650182265625 0.916339534375 0.06911619531249999 0.9299941984375 0.06677969218749999 0.9376795578125 0.0683234765625 0.94075656875 0.08788621875 0.947450740625 0.08998594062500001 0.9571850484375 0.088783865625 0.9967006109375 0.0693367375 0.9983446578124999 0.028988946874999998 0.9902111874999999 0.0290835875 0.9362151453124999 0.032954253125
1 0.9363814921875001 0 0.9378985234374999 0.00010904531250000001 0.9371661453125 0.0180829015625 0.9439047046875 0.0190932984375 0.99950145 0.0005992296875 0.9995258671875 0 0.9363814921875001 0
1 0.6527462890625 0 0.6511730546875001 0.0019760734375 0.6511031109375 0.003692584375 0.6606253015625 0.012153053125 0.678969575 0.013572810937499999 0.703919246875 0.019270940625 0.71246263125 0.0235267625 0.718320971875 0.0223697859375 0.7278999265625 0.02498034375 0.7748673890625 0.0211674046875 0.7900042046875 0.0220800796875 0.7940355265625 0.0182223421875 0.8067877781250001 0.014263128125 0.8328396015624999 0.0166820078125 0.8593796781249999 0.007118317187500001 0.8683003499999999 0.0021148781249999997 0.8693838812499999 0 0.6527462890625 0
1 0.6819192765625 0.0355171015625 0.677976728125 0.037196190625 0.681608571875 0.043142375 0.6771584125000001 0.0493638890625 0.663656265625 0.0558725625 0.6596670687499999 0.0618162359375 0.6591972921875 0.0733453765625 0.6794189484375 0.0731100765625 0.6890200984375 0.0751759734375 0.7013284843750001 0.08211000625 0.801667325 0.067876759375 0.8131620734375 0.0710094296875 0.831572925 0.0707952 0.8610199796875 0.061197684375000005 0.8675441171875 0.0437008390625 0.8573290671875 0.0329316203125 0.835108825 0.0315569640625 0.823636271875 0.02787963125 0.748010490625 0.0298484234375 0.7218847359375 0.027520571875 0.720745265625 0.0275338296875 0.70328149375 0.034179721875 0.6819192765625 0.0355171015625
1 0.8018929281249999 0.0875951703125 0.77661035625 0.090066978125 0.7652321234375 0.0879247859375 0.756346378125 0.08802818125 0.749500765625 0.089838021875 0.7088696734375 0.08867759375 0.6854806984375 0.0922161765625 0.668785896875 0.0978544765625 0.6810720890625 0.1053331734375 0.67400063125 0.112492709375 0.6484961265625 0.1204111359375 0.64609996875 0.1264785015625 0.6459497015625 0.13016631875 0.6479191015625 0.13457235781250002 0.670250309375 0.13322370156250002 0.6905325671875 0.134620909375 0.730350021875 0.131979975 0.7498630265624999 0.12848649375 0.776750684375 0.1341620734375 0.7849021015625001 0.12426795156249999 0.8178922249999999 0.12279526562500001 0.8515481453125 0.1049827140625 0.8606463625 0.09562197812499999 0.8551653078125 0.087519696875 0.8452976187499999 0.08699314062499999 0.826466896875 0.0872122546875 0.8182770234375001 0.08958214375 0.8018929281249999 0.0875951703125
1 0.71320975625 0.163703815625 0.71111641875 0.167539003125 0.6876830578125 0.1721669078125 0.6750680234375 0.1821178296875 0.6749619703125 0.184720540625 0.6884669921875 0.20046679687500002 0.7057534999999999 0.20407647812500002 0.7260801421874999 0.2043843609375 0.7475311328124999 0.20086833125 0.7977411828125 0.2046393171875 0.8004268734375 0.20777071406249997 0.8083294984375 0.20767875937500002 0.8145025640625001 0.197367028125 0.828135034375 0.1955751875 0.8607700656249999 0.2028171015625 0.8804606171874999 0.194966325 0.8946257265625001 0.18010258750000002 0.89498081875 0.17138799062500001 0.8883976140625001 0.16656495625 0.8690621546875 0.1657011390625 0.8547935890625 0.15933431874999998 0.789871109375 0.160089759375 0.7484707625 0.15403864843749998 0.739749834375 0.1541401265625 0.7250595953125 0.15812189062499998 0.716946715625 0.1540805234375 0.7161166437500001 0.15409018125 0.7095779156249999 0.15775763125 0.71320975625 0.163703815625
1 0.7578509234374999 0.1681714046875 0.756228884375 0.18336003437499998 0.756161584375 0.18501169374999998 0.7588055890625001 0.1981848125 0.755758303125 0.2195279953125 0.757036940625 0.22822990937499998 0.7548815624999999 0.254405378125 0.7646682296875 0.34823918125 0.774819396875 0.352963725 0.7786634125 0.3655099234375 0.7847083890625 0.36725305 0.7851949375 0.3672473890625 0.7892094125 0.3605445453125 0.793464471875 0.3362817125 0.7980981546875 0.3294480671875 0.806426021875 0.32547703281249996 0.8079496640625001 0.314805440625 0.8032532265624999 0.2964579671875 0.794721921875 0.1851759609375 0.7930484515625 0.1861639671875 0.78722320625 0.1687981609375 0.767326715625 0.15817957656249998 0.7645761156249999 0.1582115828125 0.760890103125 0.160387778125 0.7578509234374999 0.1681714046875
1 0.8027002187500001 0.2406321234375 0.798445159375 0.26489495625 0.78583085625 0.2805382625 0.78428926875 0.299603496875 0.783901459375 0.30912099375 0.785419809375 0.317347290625 0.7831935718749999 0.3319011890625 0.7852691453125 0.361126728125 0.7834294296875 0.3929160109375 0.7864837734375 0.424842053125 0.7920407421875 0.4354312546875 0.8023893265625001 0.4353108375 0.8098252859375 0.426507515625 0.8233325453125 0.3488677203125 0.82139079375 0.34307911562500004 0.8219314578124999 0.263007125 0.8243287796875001 0.2442545828125 0.821960815625 0.2355653421875 0.812778753125 0.22949161562499998 0.8116021265625 0.22950530625 0.8077206312499999 0.23766810624999998 0.8027002187500001 0.2406321234375
1 0.76777355625 0.3291904484375 0.7638432859375001 0.3414440609375 0.7637330890625 0.344148503125 0.7648052375 0.34859564375 0.763217984375 0.3567900765625 0.7621389656249999 0.383271096875 0.761022934375 0.4280593453125 0.76388796875 0.45127079531250003 0.7617406984375 0.463886709375 0.7714413375 0.506389275 0.7801954171875 0.505318878125 0.7872132734374999 0.480055365625 0.800411721875 0.46343673125 0.8044066109375001 0.4188377359375 0.7995917218749999 0.4033972375 0.8003813890625 0.38401739375 0.8026865953125 0.3675255109375 0.8073597609375 0.35972287187499996 0.803160396875 0.35589760312499996 0.8008516578125 0.345754875 0.80352385 0.3336171203125 0.798551028125 0.32205259062499997 0.7978646421875 0.2988157890625 0.7934759671875 0.28627592968750004 0.7854450765625 0.2829094828125 0.7807016421874999 0.28296467812500004 0.7714920578125 0.2913744 0.76777355625 0.3291904484375
1 0.7234445734375 0.437532253125 0.70179384375 0.4459502421875 0.6782336 0.44938384062500003 0.6782176765625 0.4497746484375 0.6879394375000001 0.4531887078125 0.7149380625 0.45614097343750004 0.7203303453125 0.46642190625 0.719028453125 0.474603115625 0.7228600359375 0.47564734062499997 0.745035890625 0.4781113203125 0.7722564453125 0.4756169640625 0.7799418046875 0.47716075 0.828457996875 0.47496299999999997 0.8923670984375001 0.4753081578125 0.9100086984375 0.4702032421875 0.9220360859375001 0.46026401874999995 0.9195285875 0.45049392343749994 0.902752525 0.43435700781250003 0.8852218921875 0.4367386125 0.8591256812499999 0.43540905625 0.8512405828125 0.43876723125000006 0.839612675 0.43890253437500004 0.8164900218750001 0.4359051671875 0.8059864609374999 0.43221655937500003 0.781828234375 0.430864453125 0.7642550203125 0.4252761359375 0.7515318109375 0.425424184375 0.7304494515625 0.432006703125 0.7234445734375 0.437532253125
1 0.6848405703125 0.4892779265625 0.6686619031250001 0.49264854375 0.6686050734375 0.49404323437500003 0.6733161171875001 0.510643784375 0.7017422796874999 0.5261007328125 0.8031091796875 0.534176090625 0.8379263203124999 0.5354041703125 0.8738234203124999 0.5338976609375 0.8935583593749999 0.524957559375 0.89488244375 0.5162316875 0.890170640625 0.5130200890625 0.8384220843750001 0.4994677328125 0.8152772374999999 0.497015028125 0.7722274203125 0.48390585625 0.741874409375 0.4801981296875 0.7331124484375 0.48030008437499994 0.708096384375 0.48900732031249994 0.6848405703125 0.4892779265625
1 0.743990228125 0.49888185937499996 0.7431529734375 0.5327902515625 0.741754115625 0.53859630625 0.7409283265625 0.5588625984375 0.741344840625 0.563804340625 0.7396551609375 0.5919114515625 0.7410360359375 0.6248255015625 0.7479738796875 0.6683287499999999 0.75454120625 0.680843259375 0.7617402656250001 0.6778538921874999 0.7784041078125 0.6563522671875 0.7814432859375 0.6485686421875 0.781372425 0.6369470703125 0.7794944765625 0.5895108140625 0.77499545625 0.5663183796875 0.7710026562500001 0.477259821875 0.7587819421875001 0.45969852343750006 0.7525629296874999 0.45977088750000006 0.74879805625 0.46105313593749997 0.743990228125 0.49888185937499996
1 0.7703483484375 0.6096493328125 0.6906024734375 0.6176545124999999 0.6836863656250001 0.6210014140625 0.668419103125 0.6391443984375 0.6565692640624999 0.6447263249999999 0.6429145984375 0.647062825 0.6340558796875 0.6520315171875 0.6337632046875 0.659214253125 0.635554628125 0.6613029734375 0.65101411875 0.6622118953125 0.6821994140625 0.6574937890625 0.7041533375 0.6654043921875 0.71287426875 0.665302915625 0.764719109375 0.65272275625 0.7903123890625 0.6426256765625 0.796148534375 0.6420133640625 0.804758496875 0.6446351984375001 0.8074657343749999 0.6495033328125001 0.8163198250000001 0.6461338828125001 0.8137457484375 0.6379977734375 0.8226886109375 0.6324496734375 0.8431040281250001 0.6305789078124999 0.87737385 0.6214696734375 0.8846672390625001 0.608863515625 0.8722732750000001 0.59893625625 0.8164005 0.5995863953125 0.7909635046875 0.6028766046875 0.7703483484375 0.6096493328125
1 0.775592896875 0.7267221421875 0.7736116625 0.7219025328125 0.776517225 0.6773162140625 0.77572049375 0.6434268359375 0.76957938125 0.633812965625 0.7562392078125 0.6271884640625001 0.7530106296875 0.5909534484375001 0.7514098625 0.590972075 0.7500353390625001 0.5923934703125 0.749719471875 0.6001454078124999 0.7460566625 0.6098733562499999 0.7332135625 0.6177710640625 0.73187923125 0.6371572453125001 0.7279201343749999 0.6481366093750001 0.72734405625 0.662274571875 0.7291467703125 0.717577265625 0.73194094375 0.7291671453124999 0.7315855921875001 0.7378880750000001 0.7269124265625 0.745690715625 0.73658979375 0.762043165625 0.7336609609375 0.7804793703125 0.7362182328125 0.7978832046875 0.7421224453125 0.8133110265625 0.7440560890625 0.832659184375 0.7514049765624999 0.8393534015625 0.7574357468749999 0.8383146937499999 0.7717630062499999 0.820714390625 0.779373109375 0.78091599375 0.7757659953125 0.7625558421874999 0.7864555234374999 0.7447078703125001 0.7865200671875 0.7431238718750001 0.7809605515625 0.72859675 0.775592896875 0.7267221421875
1 0.736616565625 0.8228479625 0.7322035734375001 0.8509867640625 0.733600659375 0.856781703125 0.7390077984375 0.85768731875 0.74153369375 0.862500590625 0.738841759375 0.8751228421875 0.7487955109375 0.8846923468749999 0.7529472859374999 0.9030461609374999 0.7581175250000001 0.9097657296874999 0.77149718125 0.9154212390625001 0.783843209375 0.8930013265625 0.785950996875 0.88135440625 0.784988228125 0.86490055 0.7831649296875 0.856204971875 0.7785393515625 0.849479065625 0.77797141875 0.8233352875 0.772374965625 0.8137150796875 0.77223324375 0.790471940625 0.7786517859375001 0.7264740890625 0.7768284859375 0.7177785125 0.7548688921875 0.6821983203124999 0.740589221875 0.685270075 0.7429177 0.6949283109375 0.73524385625 0.7366978125 0.733459578125 0.780487125 0.7332858359375 0.797704865625 0.736616565625 0.8228479625
1 0.7154763625 0.816614196875 0.6927331203125 0.9205118515624999 0.6912676875 0.9343990625 0.690787203125 0.9461909640625 0.6959059171875001 0.949530915625 0.7009577046875 0.9591574625 0.7087641828125 0.9813428796875 0.716539284375 0.9909377359375 0.727093390625 0.9724128046875 0.737119046875 0.9267751015625001 0.7376009531250001 0.901587640625 0.749181628125 0.8578689140625 0.7538953187499999 0.782268503125 0.748030590625 0.7658716875 0.7455528578124999 0.7643954953125001 0.7342324265625 0.7645272203125 0.732156415625 0.767993465625 0.7154763625 0.816614196875
1 0.7218679140625001 0.9380923953125 0.71891580625 0.93037848125 0.7183478734375 0.9042347062499999 0.7152064546875 0.887806203125 0.711054678125 0.8694523890625 0.7026588453125 0.85547664375 0.701602275 0.8554889375 0.685652965625 0.8649053015625 0.684405709375 0.8687939437500001 0.68611055625 0.8803965 0.6812237640625 0.920163209375 0.6811285859375 0.9492203 0.6795834046875 0.952853690625 0.678003121875 0.9916365859375 0.72355341875 0.9911065609374999 0.7269824593750001 0.9729000624999999 0.7218679140625001 0.9380923953125
1 0.563646315625 0.9741887109375 0.5447325296875001 0.9629763078125 0.537971778125 0.9625105703125 0.5295393609375 0.955531440625 0.4988867015625 0.9471776484375001 0.5020821921875 0.9400632124999999 0.49731010937500003 0.9359540515625 0.49229557343749997 0.9360124000000001 0.47792396562499995 0.9387111062500001 0.47098566562500005 0.942602671875 0.345978153125 0.9680110421875 0.340578359375 0.981683978125 0.32194557343749997 0.98734483125 0.301707703125 0.9848583 0.2940392875 0.9860184750000001 0.293989040625 0.987251634375 0.294503084375 0.9952858093750001 0.30112812031249997 0.996021925 0.5635453171875 0.9929684234374999 0.5638607359375001 0.9926959546875 0.563646315625 0.9741887109375
1 0.3782315953125 0.8705242640625 0.37587193750000003 0.8808953984375 0.359332490625 0.8827210640625 0.3535851171875 0.8811547281250001 0.33887268593750003 0.8856811562500001 0.32986324375 0.8928632421874999 0.31816875625 0.8946325328125001 0.316388865625 0.8974603296874999 0.3162923890625 0.8998280281250001 0.341949696875 0.905243896875 0.3690814796875 0.904928190625 0.40176089687500005 0.9110807796874999 0.405437125 0.915937640625 0.40030365312500005 0.9230746265625 0.3834534984375 0.9325255640625001 0.3841561703125 0.9390502375 0.38990354374999997 0.9406165718749999 0.40928338750000004 0.9403910671875 0.41921743749999996 0.9342870296875001 0.452496075 0.9257337359375001 0.4692574546875 0.9184614468750001 0.5120484671875001 0.9141527015625 0.5322419515625 0.9177285562499999 0.590758771875 0.9077927828125001 0.6005818546875 0.90441205625 0.58583255 0.8860739421874999 0.5735241624999999 0.879139909375 0.559078053125 0.8771303890625 0.46323659375000004 0.8760679890624999 0.403227378125 0.863646121875 0.3738489703125 0.8639879703125001 0.371692775 0.8646119046875 0.3782315953125 0.8705242640625
1 0.3713693859375 0.7939605249999999 0.3643867015625 0.7989414125 0.346878259375 0.8007783546875 0.33701079218749996 0.8052484062499999 0.3335142015625 0.8221293296875001 0.333490053125 0.8227219703124999 0.346892940625 0.8241875578125001 0.35960080781250003 0.8213176687500001 0.3866216234375 0.823725271875 0.3760883546875 0.8445351953125 0.3797645859375 0.849392053125 0.4038340390625 0.852922809375 0.43109898125 0.849339128125 0.453696509375 0.8414545234374999 0.465635121875 0.83369395 0.48228553749999997 0.8291449734375 0.49067356718750005 0.837213428125 0.4913984328125 0.8431934406250001 0.499128178125 0.8436479015625 0.50071858125 0.8283860796875 0.5076346890625001 0.8250391796875001 0.5182714093749999 0.8254598140624999 0.5345001515625001 0.8312594203125 0.550248153125 0.82508773125 0.587180825 0.821935959375 0.58987338125 0.803394890625 0.5785561796875001 0.7959049203124999 0.548739353125 0.79080783125 0.53638658125 0.7849631234375 0.520682965625 0.7900454890625 0.510112825 0.78799086875 0.5016138265625 0.782645721875 0.4888171875 0.7876942609375 0.4752512953125 0.7878521140625 0.41559545 0.778202596875 0.4042825671875 0.7777370890624999 0.3818458671875 0.7779981640625 0.37875155 0.779175715625 0.3713693859375 0.7939605249999999
1 0.492556909375 0.6196068968749999 0.486091821875 0.6313045203125001 0.484528696875 0.6429451015625001 0.4780322328125 0.6420521625 0.47131233593750005 0.659899346875 0.47043863124999996 0.6813416234375 0.47293991562500004 0.7002233875 0.47912051250000004 0.7088682640624999 0.48730561562499997 0.7484828671875 0.48410850156249996 0.7601424625 0.49324931093749996 0.7629416984375 0.49868782968750003 0.7764378749999999 0.498798175 0.7870904515625 0.493572240625 0.8084589828125001 0.499089725 0.820017175 0.49912110312499997 0.8326077359375 0.5126111046874999 0.848915825 0.5228098609375 0.839111821875 0.5327089609375 0.8099406515625001 0.5373426421875 0.8031070046875 0.5376979937499999 0.7943860734375 0.533506734375 0.777001253125 0.5369012640624999 0.7604966953125001 0.532054996875 0.7324656359375 0.5366573 0.7130414265625 0.5476457234375001 0.6838575796875 0.548940571875 0.6654403890625 0.5464146750000001 0.6606271171875 0.5400285593749999 0.6703867546875 0.53135344375 0.6695191656249999 0.5107757687500001 0.600024246875 0.49839993125 0.592354353125 0.49650996718749996 0.5923763453124999 0.4940096875 0.5973137390625001 0.492556909375 0.6196068968749999
1 0.483086259375 0.568739315625 0.48720665781249994 0.5745025671875 0.48941668437499997 0.587067778125 0.48107260625 0.6181579203124999 0.47602695156249997 0.620851034375 0.4759851859375 0.6218760390625 0.47857808906250004 0.6259352093749999 0.48186829218750005 0.7188760750000001 0.480920690625 0.7421318890624999 0.48290192187500003 0.7469514984375001 0.493211021875 0.747800075 0.498815578125 0.743860728125 0.5033389171875 0.7263745046875 0.5097250359375 0.7166148671875 0.519213090625 0.724252725 0.5268383625 0.724163996875 0.5292933953125 0.7173557015625 0.527778903125 0.6476389609375001 0.536509709375 0.6204184500000001 0.5291304875 0.5343048953125 0.5263363140624999 0.5227150140625 0.5202118125 0.517136109375 0.516781640625 0.517176021875 0.5095307499999999 0.5209734984375001 0.483086259375 0.568739315625
1 0.5181580515624999 0.4797467859375 0.518378740625 0.501051940625 0.5122133109375 0.53211673125 0.4890530046875 0.552725415625 0.48794971875000004 0.558215246875 0.4878814375 0.5598909890625 0.49122354843749994 0.56625961875 0.50176144375 0.5748537953125 0.5168145734375 0.5795213 0.5267126281250001 0.61717890625 0.5282595437500001 0.6326574296875 0.535995159375 0.6432212796875 0.5462647765625 0.645038846875 0.5543243671875 0.6342912046875 0.557032509375 0.594549846875 0.546976521875 0.5607682109375001 0.562598628125 0.524750715625 0.5712585734375 0.48590863593750006 0.5670986921875001 0.4811143765625 0.547403778125 0.4968400734375 0.5391943593749999 0.49790413125 0.5357370734375 0.48922756562499997 0.5367160531249999 0.4785623109375 0.5340798140625 0.4630964625 0.5295726875 0.45346357968750006 0.528669621875 0.4530055671875 0.5251034578125 0.45304706406250006 0.520502740625 0.46228591406249997 0.5181580515624999 0.4797467859375
1 0.538499859375 0.40466006718749997 0.529737671875 0.41929001718750003 0.5259564140624999 0.4319249421875 0.5249612234375001 0.469709303125 0.5249369078125 0.5103879625000001 0.53501616875 0.570319715625 0.5411572828125 0.579933584375 0.5499508453125 0.577894196875 0.5562579984375 0.5700725453125 0.5576237078124999 0.5632769234375 0.5657946859375 0.49635308125 0.5712888984375 0.48176115781249995 0.5718811500000001 0.46722627499999997 0.56686884375 0.45663073593750003 0.562914484375 0.4334319609375 0.5625753453125 0.4150337859375 0.55287470625 0.37253121875 0.54256810625 0.35289125625 0.5421228828125 0.3528964375 0.5350901625 0.3814549546875 0.538499859375 0.40466006718749997
1 0.5847526390625 0.36617551875 0.5441659296875 0.36392576875 0.5342762671875 0.36894048125 0.4934454328125 0.37268201562500003 0.45316191874999995 0.3867608578125 0.4229012265625 0.3925570140625 0.4069547375 0.399588828125 0.40682628281250005 0.40274132187499995 0.421377403125 0.406184846875 0.4418593984375 0.40268009375 0.4921138359375 0.4053617546875 0.5707575625 0.4006358234375 0.5948713999999999 0.40307725312500003 0.6350217578125 0.392266384375 0.6493644140625 0.37304535156249996 0.6253837343749999 0.36733594687500004 0.6169410796875 0.3598346453125 0.603838525 0.35998710625 0.5965802828125 0.36113825624999996 0.5847526390625 0.36617551875
1 0.5385795140625 0.21096749374999998 0.5425814609375 0.219637721875 0.5424154234375 0.2370732453125 0.5399603890625 0.24388154218749997 0.53762380625 0.2477828609375 0.5283250640625 0.2488595953125 0.520637696875 0.2542629109375 0.520489375 0.25790300625 0.5283716078125 0.301159825 0.5275505625 0.30794910781249996 0.5198777015625 0.3225663828125 0.518345953125 0.34679752656249996 0.525765703125 0.36511331406249997 0.5270676109375 0.3999653453125 0.532379575 0.429928053125 0.5382443046875001 0.44632486875 0.5430278140625 0.44917480625 0.550226875 0.44618543906249997 0.5566129953125001 0.43642580156250005 0.56959075625 0.39850201093750004 0.5712328484375 0.3849234453125 0.5666467546875 0.3772285453125 0.565873296875 0.369489284375 0.569615071875 0.35782335 0.573625125 0.35293402500000004 0.577982425 0.3528833234375 0.5848261328125 0.35861488750000003 0.5877468609375 0.3537382359375 0.5857342515624999 0.336328065625 0.56736660625 0.27939835468749996 0.5682433453125 0.24452097187500002 0.562615515625 0.222310203125 0.5604217 0.182625884375 0.55655661875 0.1762497 0.547036771875 0.1763604734375 0.539645565625 0.184804703125 0.5385795140625 0.21096749374999998
1 0.5465698453125001 0.13662528125 0.5432542828125 0.151191853125 0.5321555140625 0.169723121875 0.5395438859375 0.175448346875 0.5409723515625 0.19383385 0.5361250390625 0.23263156562499998 0.5338350015625 0.2888331171875 0.5454936015625 0.310005178125 0.5564728765625 0.3612096625 0.5613039750000001 0.349531053125 0.5647855765625 0.3175289578125 0.564643853125 0.2942858203125 0.5716303296875 0.25643174375 0.5761303953125 0.21279540625 0.5791392390625 0.125592440625 0.5751372921875 0.11692221249999998 0.568419703125 0.112079534375 0.5659519828125 0.1121082484375 0.5576686140625 0.11809401093750001 0.5465698453125001 0.13662528125
1 0.49196596875000004 0.19135121875 0.49098148906250005 0.21551209531249998 0.49109030000000004 0.21979581406249998 0.49392395625 0.230416703125 0.5034120109375 0.2380545609375 0.5089294953125 0.2496127546875 0.5117945296874999 0.272824203125 0.525805921875 0.26297583593749996 0.5317344515625 0.23772500000000002 0.54029921875 0.2279400109375 0.540275946875 0.20178989687499999 0.5374503953125 0.1776094546875 0.5384931749999999 0.1252965484375 0.5433718625 0.09908939375 0.539606815625 0.0846052125 0.542575134375 0.065200015625 0.5342158875 0.0565804875 0.5128325671875 0.0502559828125 0.5120728999999999 0.050264821875 0.505538096875 0.06563098125 0.49196596875000004 0.19135121875
1 0.5342436875 0 0.53405354375 0.0095389015625 0.53038263125 0.0328264046875 0.5239884046875 0.056145596875 0.5198639546875 0.057162120312499995 0.509716840625 0.0456578 0.5019498453125 0.022503390625 0.5002112953125 0.0273247390625 0.4991381421875 0.0536617875 0.5046883234374999 0.06218136875 0.5098109749999999 0.083429484375 0.5233323546875 0.11232813281250001 0.52464236875 0.1336206109375 0.520505759375 0.15497646874999998 0.5241720984375 0.1718831296875 0.5232523437500001 0.1810948953125 0.5301669140625 0.1984480265625 0.5369316578125 0.20611757343749998 0.5480223203125 0.201145859375 0.5510220171875 0.194331225 0.5534851546875 0.17396337343749999 0.56131595 0.15547013125 0.5612056046875 0.1448175546875 0.5656104921875 0.13023830625 0.56160854375 0.12156807812499999 0.5612694046875 0.1031699 0.5689979609375 0.060464526562499996 0.5734980249999999 0.0168281875 0.5644080312499999 0 0.5342436875 0
1 0.41465300000000005 0 0.412411478125 0.0027207390625 0.41215850156249995 0.00358111875 0.41201230312500003 0.0071690828125 0.42251556093750003 0.0162132703125 0.4560973890625 0.0239885703125 0.48606956874999996 0.025273024999999998 0.583982171875 0.0230448984375 0.624088140625 0.0133233546875 0.63023499375 0.00508576875 0.6309440703125 0 0.41465300000000005 0
1 0.25423497031250003 0 0.2524946546875 0.0125244015625 0.246495678125 0.1597498234375 0.2486284328125 0.1641093828125 0.265639521875 0.14744638125 0.2748198140625 0.149276625 0.2774408859375 0.12503280625 0.2853506484375 0.104601578125 0.29139762812500003 0.0764437640625 0.2919109125 0.0638468640625 0.297365640625 0.050223934375 0.3061592046875 0.0481845453125 0.3140527546875 0.0548724265625 0.32117284687500003 0.05382104375 0.3247172046875 0.047000071875 0.32561721875 0.038272803125 0.3225466609375 0.0334658671875 0.2977372015625 0.0143838953125 0.29532975625 0.006663646875 0.29435061875 0 0.25423497031250003 0
1 0.2534714046875 0 0.2518501921875 0.0027068875 0.24696287187500002 0.033299143749999996 0.24263315937500002 0.13955788125 0.2438907546875 0.1713242140625 0.2596930234375 0.2244096421875 0.2597952625 0.24862177343749997 0.2618949453125 0.25053440625 0.2689360703125 0.251421009375 0.2638842828125 0.2417944640625 0.2653370640625 0.2195013046875 0.2752675390625 0.2029206953125 0.28107761875000004 0.180576834375 0.2854116453125 0.1543760171875 0.28561716875 0.13597150156249999 0.28348610625 0.12146830625 0.2809774671875 0.022707150000000002 0.27574083437499997 0 0.2534714046875 0
1 0.2158538078125 0.14741719375 0.2072128265625 0.147517740625 0.20277028125 0.1491073765625 0.19671220312499998 0.1551663140625 0.18792469218750002 0.15690177656249998 0.17629678437500002 0.1570370796875 0.1686780078125 0.153859309375 0.140510653125 0.155820278125 0.138597365625 0.16311033749999998 0.1385287515625 0.16479425 0.141035778125 0.16670224843749998 0.15554846875 0.16707778281250002 0.1669988296875 0.171299778125 0.1767109453125 0.1706423625 0.181467134375 0.1727646359375 0.17884115625000002 0.18967171875 0.1825617734375 0.19343925312500002 0.22109952968750002 0.1984348671875 0.2266027765625 0.20599248750000002 0.2606062796875 0.2034192046875 0.2682916375 0.2049629890625 0.276768440625 0.21085279843750002 0.28487547343749997 0.20204799843750001 0.2945875875 0.201390584375 0.33103200781250003 0.210221384375 0.34072192968750004 0.21010863125 0.36448818906249997 0.1973107921875 0.3669144265625 0.185305671875 0.3613889859375 0.1782927125 0.3181394265625 0.1700855015625 0.30486204843750003 0.1631627453125 0.2766946921875 0.16512371406249998 0.25954134687499997 0.158246059375 0.2529803328125 0.1528783625 0.23049366249999997 0.14724684375 0.2249906078125 0.1473108765625 0.2202343359375 0.148359759375 0.2158538078125 0.14741719375
1 0.2727323265625 0.1544052578125 0.278455334375 0.147558934375 0.2736718234375 0.144708996875 0.2659281015625 0.14770470156249998 0.26122355625 0.1429167796875 0.259202840625 0.1390661640625 0.2591406609375 0.11411656249999999 0.2588702390625 0.114119709375 0.25688246875 0.115848375 0.2543403625 0.138154209375 0.24970668125 0.14498785625 0.2393732640625 0.18481794375 0.228740190625 0.205280859375 0.22374305312499998 0.23439499062500002 0.22244009999999997 0.2663717359375 0.21516913437500002 0.324568309375 0.2108432140625 0.3372095734375 0.20637053125000002 0.3395968625 0.20603726562500002 0.347775775 0.20605159843749998 0.3479191890625 0.21721312343750002 0.35456904218749996 0.22172025 0.36420192500000004 0.22704842187500002 0.3670455265625 0.236891828125 0.3659624546875 0.245961775 0.357140121875 0.24355433125 0.3494198703125 0.25768521718750004 0.2698357515625 0.2684762234375 0.24549686718750002 0.279609015625 0.22864159375 0.279651371875 0.22760208125 0.2700474546875 0.22029672968749997 0.2727323265625 0.1544052578125
1 0.1286275609375 0.26918098281249997 0.1258315515625 0.26649149843750003 0.1187639640625 0.2665737375 0.11869664375 0.2682258796875 0.1254764578125 0.2752060953125 0.14159423437500002 0.2837290125 0.164583728125 0.289994353125 0.185502078125 0.2995502203125 0.18510259843750002 0.3093541421875 0.175079778125 0.317636828125 0.1835343890625 0.3240713 0.23898887968750002 0.3179819875 0.24859002812500003 0.320047884375 0.261734246875 0.3302386140625 0.2814026046875 0.32293249999999996 0.300649290625 0.32597496875 0.31392666875 0.332897725 0.3306214703125 0.32725942343750003 0.35777544687499996 0.3263990546875 0.368567521875 0.323007053125 0.37266542187499996 0.317515328125 0.37700745156250004 0.30603231875 0.3705352109375 0.2984859734375 0.2554989671875 0.26933791406249996 0.247946765625 0.2645261546875 0.2326204375 0.260349259375 0.2217470421875 0.2597952796875 0.2058494875 0.2599802640625 0.203439703125 0.263410828125 0.1286275609375 0.26918098281249997
1 0.18353574687500002 0.36340618125 0.1831631078125 0.3725514015625 0.1923922484375 0.401722740625 0.2000998015625 0.4027218640625 0.2380458515625 0.39846949375 0.27636167500000003 0.40891173125 0.29382572812499996 0.40816411406249997 0.300697446875 0.40590653750000005 0.3209797046875 0.4073037453125 0.35502759375 0.4036411375 0.370775596875 0.397469446875 0.3738601203125 0.39307832343750004 0.37238819375 0.3816629640625 0.35645254375 0.37658563906250003 0.3392280359375 0.36353908125 0.331387325 0.36580793125 0.31103848749999996 0.3660447109375 0.3044108953125 0.3623110015625 0.2029563921875 0.3490342015625 0.1902509953125 0.3491820421875 0.1867264796875 0.3506146875 0.18353574687500002 0.36340618125
1 0.191659515625 0.4164369828125 0.1218476875 0.418338125 0.10814863593749999 0.42176395156249996 0.104372096875 0.42813387187499996 0.1042613890625 0.430850828125 0.11158073906249999 0.4326120984375 0.12003535000000001 0.4390465671875 0.129769659375 0.43784449218750005 0.167382809375 0.44176205468749996 0.1797355828125 0.44760676093749996 0.1735221515625 0.457478334375 0.1625525296875 0.465227634375 0.160259453125 0.47396478125 0.16303326875 0.47719893124999996 0.180541709375 0.4753619890625 0.2374756390625 0.45673416875 0.2498949921875 0.4609448890625 0.2475131421875 0.47186068593749997 0.25623407187499997 0.47175920937500004 0.2665675984375 0.4558512484375 0.28569135 0.4539955125 0.31404821875 0.4552987625 0.348976328125 0.453803528125 0.36853371875 0.449220725 0.3826544421875 0.43544631406249995 0.341742346875 0.41741263125000005 0.29227935625 0.4190769921875 0.2760728078125 0.41273272499999997 0.268729546875 0.4123009875 0.2245314 0.4128152796875 0.19756224218750001 0.41419068281250004 0.191659515625 0.4164369828125
1 0.2773491421875 0.3930162203125 0.2666765859375 0.4144481296875 0.270251278125 0.48704649531250005 0.266809159375 0.5180795984375 0.25880511875 0.5475641890625 0.2581274265625 0.5641959515625 0.2615194265625 0.5810957828125 0.27656445 0.5993228421875 0.2793191390625 0.6118817140624999 0.28635216093750004 0.6263278703124999 0.29133308750000003 0.624332846875 0.2994321609375 0.6126162109375 0.3068934828125 0.4963054515625 0.3053627765625 0.453707821875 0.31163855156250003 0.4332956078125 0.31028095 0.42653167343750004 0.3040213859375 0.4198247796875 0.3001854765625 0.3937190296875 0.2944769125 0.3870132421875 0.294385709375 0.3870143046875 0.28353784531250004 0.38810154531249996 0.2773491421875 0.3930162203125
1 0.2665213421875 0.478392609375 0.2579565734375 0.4881775984375 0.2554225765625 0.4969238765625 0.25744328906249997 0.5007744953125 0.250859753125 0.5153790953125 0.23388815 0.5310731015625 0.2427525765625 0.540655284375 0.24437845625 0.5541958234375 0.2435968953125 0.5600161171875 0.23027999062500001 0.5795417281249999 0.22915349843750002 0.5853574171875 0.22845681406249999 0.6024552546875 0.22892945 0.6260470171875 0.23254466875 0.6308476171875 0.23508220156249998 0.6487359453125 0.2329546703125 0.6608673609375 0.2366883390625 0.6627609828125001 0.24840263281250002 0.65584494375 0.2546621953125 0.6625518390625 0.26090555000000004 0.6963778390625001 0.26347903281249996 0.686662565625 0.2745778015625 0.6681312953125 0.287761084375 0.6118029921875 0.2943760015625 0.6097889546874999 0.295188940625 0.6165592234374999 0.3076372078125 0.6183514406249999 0.3137550484375 0.6018151953124999 0.312555378125 0.5911752921875 0.29772398437500003 0.5409841656250001 0.30373148125 0.5137953453125 0.3017826703125 0.45473751875 0.29769825 0.4478843671875 0.29394466406249997 0.44792804375 0.28233276093750004 0.45108970625 0.2665213421875 0.478392609375
1 0.26170594999999996 0.5560267328124999 0.255698453125 0.5832155578125 0.2499359625 0.5910308718749999 0.2289532625 0.6784429796875 0.2201515921875 0.6940419234374999 0.22484803125 0.7123893984375 0.240982378125 0.7306037812499999 0.24264774375 0.7431753296875 0.2401056375 0.765481165625 0.2420473859375 0.7712697671875001 0.24800729375000002 0.7586094921875 0.25874260625 0.76235870625 0.2595950296875 0.768159984375 0.26850704375 0.7632136187499999 0.27323590468750003 0.7273228796875 0.28129549374999996 0.7165752375000001 0.285494859375 0.720400503125 0.2975169125 0.71929208125 0.298456409375 0.709595821875 0.2936415203125 0.6941553234375 0.2928366859375 0.6738254984375 0.2988360765625 0.66019623125 0.2992309125 0.6505063078125 0.288148353125 0.6419184703124999 0.283562259375 0.634223571875 0.28376778125 0.61581905625 0.28887526406249997 0.5973575015625 0.28166914374999996 0.5470776453124999 0.2780363453125 0.5433804624999999 0.27493435 0.5434165578125 0.2680525859375 0.5472360890625 0.26170594999999996 0.5560267328124999
1 0.2105173625 0.6326262 0.20143931093749998 0.6550080875 0.19198263437500002 0.6599607890625 0.19109072656249998 0.655128503125 0.188912078125 0.6551538546875 0.1828502890625 0.6868550546875001 0.181847153125 0.7114737484375 0.1832507828125 0.7540100765625 0.1775894875 0.8528663 0.17964158125000002 0.8693074796875001 0.18838755625 0.8817966374999999 0.1986176890625 0.884583196875 0.20737987656249998 0.8699532484375 0.22050040312500002 0.7884438203124999 0.2285681 0.764136625 0.23950893281250002 0.7494813234375 0.25015011249999997 0.715458853125 0.250355634375 0.6970543390625 0.23970739375 0.6778075859375 0.2415782828125 0.67197461875 0.23415853125 0.65365883125 0.23407403124999998 0.603238859375 0.23290253125 0.603252490625 0.21044650156250003 0.62100463125 0.2105173625 0.6326262
1 0.1755936859375 0.72276773125 0.16960135625 0.7896662234375 0.1660175140625 0.7974561875 0.152976996875 0.8101988546875001 0.1390674078125 0.8414843640624999 0.1387311015625 0.8497378953125001 0.144577225 0.869377096875 0.16556594375 0.9020629859374999 0.16719182500000002 0.9156035265625 0.165888871875 0.9475802703125 0.1674833765625 0.9485302499999999 0.177603165625 0.9406642328125001 0.191298690625 0.93856780625 0.19263301875 0.9191816234375001 0.19715635781250002 0.9016953984375 0.20385023906250002 0.8977433765624999 0.21236741874999998 0.9024869343749999 0.22034804062500002 0.8936772765625 0.2262370875 0.8693954312500001 0.22029339218750002 0.8549365984374999 0.22345102031250003 0.844245996875 0.22470638437499998 0.826797796875 0.21953614375 0.8200782296875 0.2091642890625 0.79404853125 0.20606235312500001 0.776651034375 0.208170140625 0.7650041140625 0.21346693593750002 0.7552571515625 0.20205334375 0.7147115828125 0.194113125 0.7052181921875 0.1915030625 0.7052485625 0.1854057125 0.7090941 0.1755936859375 0.72276773125
1 0.1286783734375 0.881335546875 0.1178419125 0.8858168718749999 0.10916536875 0.8848290234375 0.10361773593750001 0.8783607296874999 0.0926037265625 0.8871993546875 0.07297975625 0.8934161453125 0.06698825625 0.89784109375 0.0241528578125 0.9032391671875001 0.023797764062499997 0.9119537640625 0.0314387375 0.914586871875 0.0478006375 0.917118503125 0.0875737078125 0.9155668953125 0.1097051765625 0.9191202015625001 0.11809320625 0.9271886593750001 0.12289378124999999 0.9282216062499999 0.1292772484375 0.9379466015625001 0.1307713671875 0.9488172984375 0.13931475 0.9530731171875001 0.15103143125000001 0.9507591671875 0.1698861484375 0.9396516890625 0.1750640109375 0.931425378125 0.19178100468749998 0.9252424140625 0.21420098593749998 0.9217151109374999 0.23827043906249998 0.9252458640624999 0.25392966875 0.9212528265625 0.27919004687500004 0.9193256828124999 0.29216423125 0.9099198453125 0.2915281390625 0.901761184375 0.282304275 0.8904360296875 0.222315528125 0.8889564453125001 0.2146745578125 0.8863233359375 0.188600540625 0.8844491171875 0.16655784375 0.8787171640624999 0.1478414640625 0.869741325 0.1448897921875 0.8697756703125 0.13579421875 0.8730866859375 0.1286783734375 0.881335546875
1 0.154156759375 0.981983265625 0.1566907609375 0.9732369828125 0.1574409453125 0.9548261328125 0.1556966125 0.944192565625 0.15846751406249998 0.9296323328125 0.1602047828125 0.8869966734375 0.1497063703125 0.8774335046875 0.134544653125 0.8527166953125 0.133924153125 0.8527239156249999 0.12800312187500001 0.9980364156249999 0.165178875 0.9976038375 0.1581192234375 0.9916224859374999 0.154156759375 0.981983265625
1 0 0.836844965625 0.0008229328125 0.8427297828125001 0.0048248796875 0.8514000109375001 0.012797396875 0.8561499078124999 0.0238961671875 0.8376186375 0.027290695312500002 0.8211140828125 0.030740920312499996 0.7765214234375 0.036144593749999995 0.7679649296875 0 0.768385509375 0 0.836844965625
1 0 0.7020702890625 0.027729290625000003 0.7017476296875 0.027975845312499997 0.6998076953125001 0.022774228125 0.680497565625 0.02426649375 0.6572354125000001 0.0115185703125 0.6360760265625001 0.006000485937499999 0.6340044 0.002465278125 0.6340455359375 0 0.6353013265625 0 0.7020702890625
1 0.057007965625000004 0.6537069 0.0458312734375 0.6073473765624999 0.0383568734375 0.5502909125000001 0.0337394015625 0.530005453125 0.0311491203125 0.5259503859375 0.029573059375 0.525968725 0.022262009375 0.5311075375 0.0174703921875 0.541817153125 0.011300396875 0.5658913171875 0.0106790171875 0.5811410671874999 0.0103178796875 0.5971067515625 0.012527906250000002 0.6096719625 0.012806718750000001 0.6639065546875 0.0776164734375 0.663152425 0.0776382015625 0.6626191984375 0.07734978125 0.6621869968749999 0.057007965625000004 0.6537069
1 0.0203416875 0.530457765625 0.0329316765625 0.5554931187500001 0.0376757046875 0.5593120500000001 0.044914246875 0.5553536890624999 0.050171559374999994 0.5465757203125 0.0577340765625 0.5213058687500001 0.054197821874999996 0.5145672859375 0.053243159375 0.4845538796875 0.056606309375 0.4554587609375 0.056676984374999996 0.4428801078125 0.0209810734375 0.44329546718749996 0.020180271875 0.462948525 0.022804826562499998 0.5100899140624999 0.0203416875 0.530457765625
1 0 0.46992358906250004 0.0207550265625 0.4665216359375 0.0394321953125 0.4597714578125 0.04280523125 0.4482997234375 0.030563426562500003 0.4397317046875 0.0152149046875 0.436099471875 0.0039420890625 0.427520178125 0 0.42704210312499996 0 0.46992358906250004
1 0.0304726515625 0.305882996875 0.03568133125 0.3784623484375 0.0396832796875 0.387132578125 0.056875571874999996 0.392743725 0.065716725 0.376175790625 0.06409895 0.3490756953125 0.0732326953125 0.298605709375 0.09059913281250001 0.27322177812500004 0.0904493046875 0.2635381953125 0.0973800875 0.25377221875 0.099903496875 0.24559546562499998 0.0274406140625 0.2464386484375 0.027372928125 0.24809979218749997 0.032170437499999996 0.26421633125 0.0304726515625 0.305882996875
1 0 0.272101096875 0.0199271421875 0.2726167359375 0.0497217765625 0.2782584890625 0.06815482187500001 0.277499596875 0.07826641875 0.2670382609375 0.074701153125 0.2594580890625 0.0680735609375 0.25572438124999997 0.0433236296875 0.24512429062500002 0 0.232056428125 0 0.272101096875
1 0 0.204717596875 0.0010578046875 0.20504939218749998 0.038781925 0.2062436453125 0.05340558125 0.203895865625 0.057414709375 0.2005827921875 0.061667964062500004 0.19127843125 0.05427111875 0.18265403593750001 0.0285743875 0.1715205609375 0 0.1637331640625 0 0.204717596875
1 0 0.12487748125 0.004574384375 0.1223117953125 0.006889654687500001 0.113029984375 0.015721551562499998 0.11020519531249999 0.03587065 0.11487037656250002 0.056633646875 0.128238878125 0.0740755078125 0.1280359234375 0.08971254375 0.124587546875 0.10079312968750001 0.114114934375 0.10353007343750001 0.09448454218749999 0.09135484687499999 0.0842825359375 0.0501764296875 0.07278480000000001 0.03167680625 0.07517767812500001 0.0211066640625 0.0731230578125 0.015536837500000001 0.0671994234375 0.001926559375 0.0684466015625 0 0.068105446875 0 0.12487748125
1 0.02241605625 0 0.0217897140625 0.001838540625 0.0206863984375 0.028915817187499998 0.021146140625 0.0500791125 0.026505690625 0.06551327343749999 0.035954260937499996 0.0741201265625 0.044589890625 0.07595670624999999 0.06351945625 0.0389321921875 0.06917028593749999 0 0.02241605625 0