1 0.9271529562499999 0.122469503125 0.9271872328124999 0.12364749531250001 0.9285313578125001 0.1353333796875 0.93481354375 0.136358071875 0.9373832999999999 0.136492746875 0.944965128125 0.12758709375 0.9477763453125 0.11338851718750001 0.9689146828125 0.1011068171875 0.9751224046875 0.0928246078125 0.9810879578125 0.057750678124999996 0.9840401312499999 0.051571357812499996 0.93758274375 0.0491366296875 0.9362682437500001 0.068791290625 0.9271529562499999 0.122469503125
1 1 0.1589368921875 0.9925224453125001 0.15893284375 0.947816496875 0.1673377515625 0.9403259265624999 0.1728565046875 0.9398604609375001 0.1838738546875 0.9399348484375001 0.18643035624999998 0.942711446875 0.1891032953125 0.972485409375 0.192936478125 1 0.19437845625 1 0.1589368921875
1 1 0.24653043281250003 0.9979512546875 0.24642306249999998 0.9885699984375 0.2564517421875 0.9847380953125 0.272509615625 0.9749387734375 0.2681704796875 0.9736056796874999 0.27126665625 0.9739161875000001 0.2819381484375 1 0.28330514375 1 0.27216606250000003 0.9985365390625001 0.2665380046875 1 0.261610253125 1 0.24653043281250003
1 1 0.3149485765625 0.9486501328125 0.32510201250000004 0.9486797828125001 0.3261209859375 0.9559262374999999 0.3353236484375 0.9820232125 0.34475221875 0.9883460046874999 0.3528996640625 1 0.3535104234375 1 0.3149485765625
1 1 0.3833583734375 0.99080758125 0.38287661875 0.9566850109375 0.39344835625 0.9454883046875 0.403072015625 0.9388456156249999 0.417084653125 0.9388976687499999 0.41887357812500003 0.9406992296875 0.42060788125000004 0.9429445 0.4207255515625 0.9469316328125 0.41980682343750003 0.9539994875 0.42130491875000003 0.97084761875 0.42218789218749997 1 0.42086314375 1 0.3833583734375
1 1 0.44313307812499997 0.9970397078125 0.43999935625 0.9912979749999999 0.426379884375 0.9906306078125 0.426344909375 0.9826838484374999 0.42681387812500005 0.9786847218749999 0.43712462343749997 0.970750878125 0.44149079999999996 0.9653408750000001 0.4402508796875 0.9617127375000001 0.4448427046875 0.9615281734375 0.47543763281249996 0.9609041921875001 0.478157928125 0.96098559375 0.480955503125 1 0.4830001609375 1 0.44313307812499997
1 1 0.5011948281249999 0.9677658125 0.49950550624999995 0.9677675953125 0.49956675937500006 0.9773657921875 0.5009650125 0.9870084203125 0.53685693125 0.9858954546875 0.5540136906249999 0.987416446875 0.5556662 0.9890002421874999 0.555749203125 1 0.5131283515625 1 0.5011948281249999
1 1 0.5819576140625 0.9716818593750001 0.5804735234375 0.9716904718749999 0.58076954375 0.976557065625 0.5893273 0.9932790828125 0.6052506515625 0.9944092 0.6112211953125 0.97826661875 0.6152117296874999 0.9728927437499999 0.62208893125 0.9729448859375 0.6238809734374999 0.980511196875 0.626614603125 0.9881270499999999 0.62540155625 1 0.6277692218750001 1 0.5819576140625
1 1 0.668599225 0.975091940625 0.668807265625 0.9675857109375 0.673787803125 0.9495951375 0.6792862421875 0.9499270265625 0.6906925390625 0.9616167687500001 0.698732428125 0.9799256234374999 0.7034537015625 0.9907719453125001 0.7134139046875 1 0.7138975265624999 1 0.668599225
1 1 0.73950616875 0.9576701453125 0.737815696875 0.951362965625 0.7400425625 0.95139434375 0.7411209078125001 0.96040019375 0.7659031765625001 0.96913050625 0.7701224609375 0.983560965625 0.773028296875 1 0.77388983125 1 0.73950616875
1 1 0.8017403890624999 0.994529728125 0.802676690625 0.9882028625 0.82655708125 0.9886753015625 0.8427937625 1 0.8433872640625 1 0.8017403890624999
1 0.965283565625 0.8431382390625 0.9653864265625 0.8466733578125 0.9693002953125 0.8672585906249999 0.9780981328125 0.8925859046875001 0.9844557390625001 0.926392875 0.9989020171874999 0.8688099499999999 0.9991286562499999 0.8449119843749999 0.965283565625 0.8431382390625
1 1 0.9381993234375001 0.9866781765624999 0.9348859125000001 0.984840571875 0.9271384578124999 0.986603234375 0.9138413218749999 0.9816565046875001 0.8915850187500001 0.9772950546875 0.8894436578124999 0.9562403343750001 0.9045989203125 0.9516107125 0.9301789250000001 0.950308784375 0.9719014578125 0.9505795718750001 0.981207809375 0.9947262015625 0.9835214359375 1 0.9723770015625 1 0.9381993234375001
1 1 1 1 0.9652048843750001 0.97176271875 0.9637250312500001 0.96083133125 1 1 1
1 0.910757921875 1 0.9108953546875 0.9990854562499999 0.90682903125 0.9908114640625 0.8980673984375 0.9855157546875001 0.8719391015625 0.9750107578125 0.8461553359374999 0.97634645 0.8335936046875 0.9719263703125 0.8296525640624999 0.9679580828125 0.8146771812500001 0.968248040625 0.7682872421875 0.9625924937500001 0.7587869984375 0.96478156875 0.753008553125 0.9634039484375 0.7445131453125 0.9672578609375 0.7197811953125 0.97187303125 0.7016289421875 0.9725338906250001 0.6931152046875 0.9796609671875001 0.693229478125 0.9835882921874999 0.69732514375 0.9889675015625 0.7099338546875 0.9950022187500001 0.710079275 1 0.910757921875 1
1 0.8224281171875001 1 0.822032190625 0.9863929015625 0.8184684640625 0.9747294109375 0.8285148937500001 0.8767473609374999 0.821155803125 0.8639285703124999 0.8187242453125 0.8542372 0.8181389609374999 0.8341222578125 0.8084232531250001 0.832656684375 0.8010276234375 0.837051065625 0.7951292 0.8498129765625 0.78915039375 0.8536436921874999 0.7831185671875 0.8495020046875 0.7816154109375 0.8532488 0.7811521390625 0.874265184375 0.7751952531249999 0.8911680875 0.7786666999999999 0.9181290437499999 0.7797641875 0.9927852734375 0.78229541875 1 0.8224281171875001 1
1 0.8143972484375 0.8587925609375 0.8154074 0.8196333578124999 0.8132074765624999 0.7994337953125 0.813642878125 0.77745955625 0.8076389203125001 0.77427571875 0.7996493359375 0.776726184375 0.7928389890624999 0.8012355093749999 0.7860373140625 0.8075738046875 0.7781400109375001 0.794726803125 0.7732316828125 0.8107282640625 0.7706713 0.83354753125 0.7734565109375 0.8738620359375 0.7714210687499999 0.8827357078125001 0.7715237421875 0.886264390625 0.774775103125 0.9007101656250001 0.7733468875 0.925501553125 0.7759735437499999 0.9418979046875 0.7734318390625 0.9518414359375 0.7736494265625 0.9593194421875 0.7754179921875 0.9782117515625 0.782220503125 0.9833053046875 0.7846936062500001 0.983434915625 0.7925572 0.9762407984375001 0.808832415625 0.944576359375 0.8089612390625 0.9120657203125001 0.818426109375 0.90491060625 0.8117253828125 0.8777804109374999 0.8143972484375 0.8587925609375
1 0.9337929171875 0.8161790265625 0.9199601234375001 0.8009444859375 0.9005837906249999 0.792405521875 0.8682359859375 0.7982337390625001 0.854779040625 0.7959163140625 0.8487343671875 0.78538906875 0.8410715328125 0.7849874765625 0.8382919328125 0.788066159375 0.7886087859375001 0.789761515625 0.7674420265624999 0.7854278578125 0.7473427453125 0.7849118921875 0.7302109890625 0.7877758015625 0.71606976875 0.803438596875 0.7161093671875001 0.804799503125 0.7291096203125 0.8156624859375 0.7522234109375 0.8211729671875 0.7542487390625 0.8250408578125 0.7505895890625001 0.8307604062499999 0.7554373890625 0.833690515625 0.7595496125000001 0.8339060281249999 0.765899596875 0.8310253781249999 0.778266821875 0.8348869546875 0.7924837765625 0.8356320343749999 0.8299975421875001 0.8316976468749999 0.8941737859375 0.8350609812500001 0.908353678125 0.8293554078125001 0.92747944375 0.8292829625 0.934043484375 0.8247904359374999 0.9337929171875 0.8161790265625
1 0.8487408109375 0.6902588749999999 0.8459748015624999 0.669073253125 0.848813890625 0.6558325296875 0.8472636625 0.6394925921875 0.8443496312500001 0.6316887234374999 0.8394221015625 0.6285613031249999 0.8182280234375 0.6389272921875 0.8122711406249999 0.6558301921874999 0.8106286296875 0.65478771875 0.8009166484374999 0.7642640187499999 0.7979363140625 0.775268275 0.7984610156249999 0.7933010640625 0.8056317421875001 0.7970285125000001 0.8101325421875 0.803959146875 0.814058590625 0.828074746875 0.817354103125 0.8338151984375 0.8217937187500001 0.8340478687499999 0.82442399375 0.8333999437499999 0.8283673796875 0.8211734890625 0.8384540765624999 0.816920140625 0.84920594375 0.7247134281250001 0.8473770078125 0.6987949453125 0.8487408109375 0.6902588749999999
1 0.865877846875 0.6394695765625 0.8640210406250001 0.6125932421875 0.8517344203125001 0.5966470265625 0.847808371875 0.5725314265625 0.8428808421875 0.5694040046875 0.8388625140625001 0.5605858687499999 0.828831559375 0.566754925 0.8263913296875 0.5752345828125 0.8285447937500001 0.5938374 0.8281577171875 0.6728793171875 0.8263118484374999 0.6781170453125 0.8263566578124999 0.6796570390625 0.8386277953124999 0.7556778953125 0.8449317390625 0.763495084375 0.8566994875 0.7641118046875001 0.86171521875 0.75497506875 0.865101190625 0.723591525 0.86364881875 0.69214569375 0.8660364015625 0.6633877296875 0.8640037015625 0.6489352937499999 0.865877846875 0.6394695765625
1 0.848436003125 0.5506870765625 0.84427831875 0.5370796703125 0.8410385109374999 0.49961052187500005 0.8307797156250001 0.48973287499999996 0.830011 0.4896925890625 0.8193706328125 0.49369298749999996 0.8148890312500001 0.5058912359375001 0.8139432890625 0.5287951203125 0.8088956093749999 0.540007309375 0.8113968437500001 0.552093315625 0.808998421875 0.5620097546875 0.805850915625 0.564715659375 0.8059343796875 0.5675841796875 0.8093328703125 0.5735040062500001 0.8114213109374999 0.5898721499999999 0.811978725 0.6090292390625 0.8075344140625 0.622573765625 0.8078982390625 0.635077615625 0.8104774296875 0.6682469734375001 0.8233301359375 0.6851792484375 0.82997511875 0.7103937359375 0.837505478125 0.71162201875 0.83864379375 0.711681675 0.8486905640625 0.6702496390625 0.84671360625 0.6577129125 0.8498121984375 0.6349218515625 0.8489098046875 0.5669706015625 0.8469885875 0.556349584375 0.848436003125 0.5506870765625
1 0.9021410812499999 0.563765371875 0.92795616875 0.5635061046875001 0.9452601906250001 0.566562540625 0.9620317578125 0.5513197296875 0.9646234328125001 0.541782490625 0.95284729375 0.5314922640625 0.9354649703125 0.525744765625 0.8722779015625 0.5235080546875001 0.8243382 0.5193834640625 0.8167223453125001 0.5205965109374999 0.78983978125 0.5170380875 0.7678874296875 0.5185745749999999 0.764087334375 0.5194502062499999 0.7652800953125001 0.5275736015625 0.759830515625 0.53749845625 0.73310455625 0.5393221625 0.7240670296875 0.5421090640624999 0.72408714375 0.54280035625 0.7467181 0.54702171875 0.768025803125 0.5561992953125 0.7748873890625 0.56193281875 0.7947957984375 0.5689731390625 0.809019990625 0.569718596875 0.8256693343749999 0.56513158125 0.8495687125 0.564771915625 0.8599954875 0.561556615625 0.88289003125 0.5595321125 0.894384284375 0.5601345 0.9021410812499999 0.563765371875
1 0.8058655265624999 0.4144718734375 0.79755955 0.4406131734375 0.7975805703125001 0.44133562812499993 0.8033992890625001 0.47746461250000005 0.8181088000000001 0.5212732250000001 0.8214687625 0.5444027640625 0.836967321875 0.596860271875 0.83976059375 0.6009718734375 0.8476662671874999 0.6013861921875 0.8489194937500001 0.601312234375 0.856973490625 0.5826064515625 0.857010584375 0.553573565625 0.856705421875 0.5430857812500001 0.854400715625 0.5126548718749999 0.8423246671875001 0.4116006484375 0.825880365625 0.382047025 0.8079521046875 0.375369084375 0.8051966296874999 0.3914833671875 0.8058655265624999 0.4144718734375
1 0.8099299906249999 0.41452621875 0.7867848796875 0.4079393109375 0.739740390625 0.40171206562500006 0.728230478125 0.400571465625 0.72064594375 0.40286093906250003 0.7000272984375 0.41736474218749997 0.6986950921874999 0.4207806953125 0.6988206359375 0.425095371875 0.7100130140625 0.43186027187500003 0.753367028125 0.4427306390625 0.7860123796875 0.447128471875 0.813774496875 0.4480460296875 0.8282057765624999 0.4505950484375 0.8328491328125001 0.4508383953125 0.844410178125 0.4491141859375 0.8779507421874999 0.4514093640625 0.9152131015625 0.45013784687499997 0.9178360984375 0.4416770328125 0.8982718406249999 0.42667951249999997 0.8099299906249999 0.41452621875
1 0.8219985953125001 0.43434117031249997 0.8267099671875 0.35616379375 0.8325832390624999 0.3363873296875 0.83582985625 0.3002145140625 0.8346035453124999 0.2580689203125 0.8228830078125 0.2431087671875 0.8106992015625 0.2491649984375 0.8030632671875001 0.28223859687499997 0.8020339109375 0.3022689203125 0.7969026171875 0.31060754375 0.7887458078125 0.30731088125 0.785767365625 0.3157623328125 0.790694896875 0.31888975468749997 0.7936367984375 0.327651478125 0.793265809375 0.33337039687500003 0.7843026125 0.35776689375 0.7746643109375 0.4044034359375 0.7750843109375001 0.4188379140625 0.78290413125 0.4389870734375 0.7794902890625 0.4694127625 0.781012646875 0.48479484375000004 0.7837028 0.4872656796875 0.7891740031250001 0.48755241250000003 0.7902180109375 0.487190065625 0.7948110921875 0.4788232328125 0.79657375625 0.46552609843750004 0.8016214390625 0.45431391093749995 0.8189644109374999 0.4408769125 0.8219985953125001 0.43434117031249997
1 0.9206733187499999 0.28229323281249996 0.9014379296874999 0.2785981875 0.8859243343750001 0.271336446875 0.8685889921875001 0.26720358437499997 0.8504524 0.26840265625000004 0.8338713265625 0.257323221875 0.8263337749999999 0.261227334375 0.817713084375 0.26077554375 0.8061248703125001 0.2569438765625 0.739891971875 0.2486362265625 0.7266072953125 0.25223914375 0.7074658656249999 0.251773378125 0.7001632203125 0.2637506875 0.6906786375 0.2664779765625 0.683015803125 0.266076384375 0.6817462890625 0.26723018125000003 0.681794946875 0.2689024375 0.7177178078125 0.2754185328125 0.7248142984375 0.289225253125 0.7345807671875 0.29618580156249996 0.7681683140625 0.3000956203125 0.8121982953125 0.3013283484375 0.8170502093750001 0.303732196875 0.819122521875 0.3092147265625 0.8315697562500001 0.3150411390625 0.8368708859374999 0.315318959375 0.8525378031249999 0.30720420000000004 0.8708623203125001 0.31246368593749996 0.9099620859374999 0.3086015015625 0.9268119562500001 0.29604975625 0.9275975453124999 0.2901796109375 0.9206733187499999 0.28229323281249996
1 0.8283149218749999 0.1513416984375 0.8329637453125001 0.14489057656249998 0.8348657609375 0.1363827140625 0.8360065984375 0.1201838078125 0.8340575109374999 0.10860493593750001 0.8221140078125 0.085981946875 0.8088259046875 0.091023909375 0.8036388671875001 0.097446825 0.7993244921875 0.1153921984375 0.7893771515625 0.1244348171875 0.791892321875 0.1369997515625 0.7893406109375001 0.141647990625 0.7839863499999999 0.1423237796875 0.782538934375 0.1479862875 0.7865764640624999 0.1759333046875 0.7829953984375 0.200611865625 0.7829136484375 0.2532092390625 0.791331825 0.30242649843749997 0.7889194671875 0.311864009375 0.8011952984375 0.31500939843750003 0.8032260359375 0.315115825 0.8251085687499999 0.2812432125 0.8270105843750001 0.27273535 0.821403625 0.20931951093749998 0.8218111546875001 0.1863874203125 0.8274527921875 0.1771191484375 0.8283149218749999 0.1513416984375
1 0.87368258125 0.1180871953125 0.8514013640625 0.10832120625 0.841666215625 0.1024370859375 0.8376625343749999 0.0963159453125 0.8128053 0.096625409375 0.7108473328125 0.10955336093750001 0.66337744375 0.121575165625 0.6596086671875 0.1235272203125 0.6590428375 0.13037619218750002 0.6591023468749999 0.1324213984375 0.6619158859375001 0.137082946875 0.6753375453125 0.1430410359375 0.7336865984375 0.14609898125 0.7530529984375 0.1466957734375 0.795874559375 0.1392668921875 0.820794434375 0.1411102796875 0.8655786859375001 0.13539643750000002 0.88349603125 0.1266623828125 0.87368258125 0.1180871953125
1 0.7627520484375 0.139107334375 0.7660457390625 0.12302125625 0.7669078687499999 0.0972438046875 0.7699141828125 0.089750209375 0.7753693953125 0.05560593125 0.7727161015624999 0.040496334375 0.759375 0.0397971578125 0.762317253125 0.1409158421875 0.7627520484375 0.139107334375
1 0.486386653125 0.09156204531249999 0.49129870625 0.186502459375 0.49386961874999996 0.20098310000000003 0.5012287093750001 0.21380189375 0.518037453125 0.22840432812499997 0.5204615734375 0.22853137031249998 0.5229244578125 0.22067728281250001 0.5304018390625 0.16368552812499998 0.5260490609375 0.143373140625 0.5285902421875 0.10142499218750001 0.5351132109375001 0.085508153125 0.5422388046875 0.053364201562500005 0.547880440625 0.0440959296875 0.547432165625 0.0286897046875 0.5334838875 0.02795870625 0.5303789140624999 0.033614775 0.523521496875 0.0380373625 0.5185660953125 0.0339520859375 0.517022978125 0.027096026562499997 0.4703125 0.024648034375 0.4703383953125 0.025538018750000002 0.486386653125 0.09156204531249999
1 0.529477025 0.21387221875 0.544519121875 0.21370414843750002 0.5437579421875001 0.20601310625 0.5378097281249999 0.2047449796875 0.5294856953125 0.19570119218749998 0.533317596875 0.17964331875 0.5405181328124999 0.168543959375 0.5474120890624999 0.1469082 0.5498609890624999 0.120257515625 0.545396728125 0.0961137078125 0.5404413265625 0.092028434375 0.5202679359375 0.10053512812500001 0.516796490625 0.07357417031249999 0.5191252359375 0.0612630953125 0.5171204078125 0.0477685171875 0.4999812 0.049739467187500004 0.4959542015625 0.0590923609375 0.49484123437500005 0.0762491203125 0.4901924125 0.082700240625 0.47585575156250004 0.08864364687500001 0.4753375984375 0.09011393125 0.47634002343750004 0.1245650765625 0.476376625 0.12501390625 0.48833065937500003 0.18493680625 0.48872085 0.198346765625 0.48423925 0.21054501406249998 0.48987221875 0.2194477703125 0.49233165 0.2300969953125 0.4879336625 0.24516880625 0.49421632656250003 0.25793118593750003 0.50046245 0.2879067390625 0.5082394484375 0.2996562328125 0.5096176078125 0.299728459375 0.5265753875 0.298839196875 0.5282073656249999 0.26258176093749996 0.5336817796875 0.24756636406250002 0.52728763125 0.23097256718749998 0.526442840625 0.2204079625 0.529477025 0.21387221875
1 0.5703515546875 0.310828165625 0.579417565625 0.30843411249999997 0.5763920515625001 0.2967988265625 0.5849371890625 0.258034515625 0.591144909375 0.24975230312500002 0.5947259765624999 0.22507374218749998 0.595551565625 0.216509465625 0.5867816015625 0.19214000625 0.5803509124999999 0.1927593828125 0.5789400375 0.18120871562500002 0.5726852453125 0.169404190625 0.57150600625 0.1473453328125 0.5686477156249999 0.1414571734375 0.5549050109375 0.14934449375 0.5337685375000001 0.2170971296875 0.5251849984375 0.217603678125 0.518985946875 0.2077148609375 0.5178239578125 0.20983155937500003 0.5185094375 0.23338997187500002 0.52802595 0.25983389218749997 0.53235085625 0.27918842499999996 0.5272387625 0.30665593125 0.5304036296875 0.3230804890625 0.5260613843749999 0.34006800937500004 0.5263122203124999 0.3486886984375 0.530813021875 0.3556193328125 0.540260553125 0.38480626875 0.549196571875 0.3938496265625 0.5510494046875001 0.3939467296875 0.5637468359375 0.379342378125 0.5639227296875 0.3669184765625 0.569508625 0.3557344953125 0.564589765625 0.334436046875 0.5648214 0.3239278546875 0.5703515546875 0.310828165625
1 0.5718238421875 0.310970203125 0.5741525890625 0.298659128125 0.57829106875 0.2931376546875 0.5527058125 0.24493349375 0.5434168359375 0.2396647109375 0.536076946875 0.2459748 0.5331821171875 0.2572998140625 0.5248983484374999 0.341984725 0.5332137109375 0.369199540625 0.5309146984375 0.43793940468750003 0.533262646875 0.4447572109375 0.5407976296875 0.44515210312500003 0.5502625015625 0.43799698593749997 0.5564615515625 0.44788580156249996 0.5607307171875 0.46532462812500003 0.56425614375 0.46796437968750004 0.576596909375 0.46861113281250005 0.5784360078125 0.4643397359375 0.5777671109375 0.441351228125 0.58208829375 0.34976389218750004 0.58517821875 0.345143859375 0.579712475 0.34198823125 0.5718238421875 0.310970203125
1 0.6715066765625 0.4542684046875 0.6607353734375 0.44564301874999995 0.6453470609374999 0.44268698124999994 0.6076618703125 0.42942674375 0.6024341078125001 0.41410578124999997 0.5935002093749999 0.4028897265625 0.58668560625 0.3987708421875 0.5800119453125 0.399495875 0.5605390796874999 0.420508434375 0.5300286828125 0.4237459828125 0.508924565625 0.421565178125 0.4917301671875 0.4222762359375 0.48199919375 0.42629363593749997 0.4820467421875 0.42792776874999994 0.48336004218750006 0.4304358546875 0.49307953125 0.4357817640625 0.5084991640625 0.4398142265625 0.5190199015625 0.439828203125 0.5277502140625 0.4440474859375 0.527027265625 0.45207048437499997 0.512249709375 0.470104759375 0.51560446875 0.473215240625 0.5246077359375 0.47368708125000003 0.55527485625 0.46967264843749995 0.5903082984375 0.45753647031250005 0.6241620703125 0.4705959125 0.6634027812500001 0.471577646875 0.673719934375 0.4645948515625 0.6715066765625 0.4542684046875
1 0.697580209375 0.516406384375 0.63783305 0.50091514375 0.5975561828125 0.49719214375 0.5601842 0.49469616875 0.5478260546875 0.49727285937500004 0.53369314375 0.504593071875 0.51057935625 0.49908259062500004 0.4826824671875 0.5033939625 0.48269744843750007 0.5039088546875 0.5024598 0.5158536203125 0.5449342609375 0.5293648531249999 0.563164815625 0.531395059375 0.5862942656250001 0.5374437546874999 0.5962454421875 0.5429663828125 0.6124517359375 0.54381571875 0.6255819578125 0.5400401265625 0.6915173078125 0.5381217281249999 0.698190965625 0.5373966968749999 0.7056815375000001 0.53187794375 0.70734668125 0.5233669328125 0.697580209375 0.516406384375
1 0.5927097765625 0.4995779390625 0.588496353125 0.48405482187500004 0.5867200921875 0.483182721875 0.586243159375 0.48315772656249995 0.5792823203124999 0.49983062968749997 0.5747641812500001 0.52924205 0.5624515515625 0.5678089171875 0.5603928421875 0.6078695625 0.5558276328125 0.617194246875 0.5596892671875 0.657565165625 0.5551797984375 0.668805559375 0.5534426578125 0.68331830625 0.5535643296874999 0.6874998796875 0.5624744765624999 0.69787966875 0.568765159375 0.7209396953125 0.570716634375 0.7210419671875 0.5875388578125 0.70971356875 0.596622209375 0.6709774640624999 0.593234375 0.6468900703125 0.5947443390625 0.5695013109375 0.590065784375 0.519523640625 0.5927097765625 0.4995779390625
1 0.631895115625 0.6845603890625 0.6244802843749999 0.6698258890625 0.623746975 0.6630927015625 0.6326352296875 0.6176516140625 0.624394809375 0.6114813890625 0.615217315625 0.6100440234375 0.6129529796875001 0.6060997796875001 0.6106050328125 0.5992819734375 0.610641571875 0.5820687999999999 0.6146964406250001 0.5736737625 0.61394393125 0.54781169375 0.6055920265625 0.53781005 0.5975467 0.53834480625 0.593436090625 0.5448241359375 0.5908112984375 0.583898721875 0.5849937671875 0.6055908921875 0.5854589 0.6400454453125 0.566651171875 0.69548700625 0.56507561875 0.707792940625 0.5652553421875 0.7139696578125 0.5672921984375 0.7175176578125 0.5741217468750001 0.712137215625 0.5784274515625001 0.71236286875 0.5823342968749999 0.7173495859375 0.5858980234375 0.729013078125 0.5850445625 0.7366195015625 0.5804236109375001 0.7440284765625 0.581890228125 0.7574948515625 0.5942796609375 0.7954435125 0.6004787140625 0.805332328125 0.6042191609375 0.8070440953125001 0.6098046125 0.8073368171874999 0.6123194015625 0.805952871875 0.61830415625 0.790007825 0.6238987218750001 0.76065281875 0.6255864421874999 0.7263110921875 0.6331300953125 0.7085349578125 0.631895115625 0.6845603890625
1 0.591187571875 0.6745303953125 0.5794218234375 0.694954440625 0.581038325 0.750509996875 0.585382434375 0.7889934140625 0.583759125 0.8070798203124999 0.5763913640625 0.8124320546874999 0.5871469578124999 0.8311672140624999 0.590256084375 0.8456760624999999 0.601011678125 0.8644112203125 0.6099862671875 0.8713111484375 0.6107217296874999 0.8713496921875 0.61826236875 0.8662716859374999 0.6223172375 0.8578766468750001 0.621696340625 0.830717259375 0.61980670625 0.765774784375 0.6164018375 0.7284534765624999 0.6099327484375 0.690815090625 0.610340278125 0.667882996875 0.6072676921875 0.636160975 0.6026275375 0.6244410703125001 0.591187571875 0.6745303953125
1 0.53938881875 0.750632621875 0.53646611875 0.76099978125 0.5358803703125 0.7767724515625 0.535906678125 0.7776766015625001 0.5489707593750001 0.9137217296875001 0.5553095781249999 0.9292902390625001 0.55555263125 0.9293029781250001 0.577208678125 0.923809159375 0.5855692515625 0.915639775 0.5828589859375 0.8963698609374999 0.5867466296875 0.882227696875 0.582226628125 0.8561681812499999 0.5817980359375 0.8045004578125001 0.584868759375 0.7807515421875 0.585185553125 0.7555134953125 0.5851681828124999 0.7549165546875 0.5768407734375 0.7449442453125 0.571272215625 0.7197861718749999 0.55753818125 0.7095024640625 0.5544395859375 0.7322935234375 0.548853690625 0.743477503125 0.53938881875 0.750632621875
1 0.6426421999999999 0.9232931109375 0.6606378484375 0.917250121875 0.680705809375 0.9166896625 0.6873324890625 0.914349990625 0.691808553125 0.9038367234375 0.68394213125 0.896438359375 0.66648150625 0.88799979375 0.6573975515625 0.888061115625 0.6405098140625001 0.8828769281250001 0.6195309796874999 0.885001828125 0.5983955421875 0.8817445968750001 0.5692370796875 0.8657068718750001 0.5479920171875 0.8586821484374999 0.5391990640625 0.8523100140625001 0.51523704375 0.8505168234375 0.5085947046875 0.852318284375 0.5318337765625001 0.862134471875 0.54363340625 0.8732320140625 0.5427930062499999 0.8772184140625001 0.519961103125 0.8813957703125 0.49705089999999996 0.8828820593750001 0.47117317031250006 0.8809884718750001 0.46263078281250003 0.8832277453125 0.46955500937499994 0.8911141234375 0.46982123593749997 0.9002637468750001 0.504877521875 0.9219668562500001 0.5147443046875 0.9224839515625 0.548882090625 0.9221410999999999 0.5908554203125 0.9184295125 0.6090859734375 0.9204597187499999 0.6178319484375 0.9252172171874999 0.632090140625 0.922202709375 0.6426421999999999 0.9232931109375
1 0.5822647765625 1 0.5832789734375 0.9944772937499999 0.5820161203125 0.9695448734375001 0.5834077953125 0.9619666562500001 0.5811242578125 0.93889353125 0.5838881312499999 0.9253950265625001 0.5834274796875001 0.9095634499999999 0.58089943125 0.8757597609375001 0.56617258125 0.8682932015624999 0.5565126140625 0.8687433390624999 0.5486066421875 0.8740673687499999 0.5405997171875 0.9128598859375 0.5418284203125 0.9811936812500001 0.5423756281250001 1 0.5822647765625 1
1 0.35311733125 0.9288202796875 0.333224203125 0.902520284375 0.32834096874999996 0.8990400093750001 0.3197359390625 0.89912643125 0.31312492187499996 0.9020043171875001 0.3123706515625 0.9089508875 0.3193105390625 0.9173754781250001 0.31764539531249997 0.9258864921875001 0.304376378125 0.9300276203125 0.29192426875 0.9293750328125 0.264287434375 0.93276318125 0.244376078125 0.938705771875 0.2204767 0.9390654359375 0.22265863593750002 0.9483154578124999 0.2074350296875 0.9630377921875001 0.207461875 0.96396040625 0.2224054984375 0.9724848515625 0.259840121875 0.9771336765624999 0.2755736078125 0.9817149437499999 0.289687978125 0.9824546468750001 0.3135112890625 0.9810212500000001 0.3362805515625 0.974691040625 0.3744851046875 0.972931509375 0.386811928125 0.96927839375 0.3925590546875 0.9695795875 0.39840014375 0.9731100609375 0.427968346875 0.9703605234375001 0.45266897500000003 0.9646689281249999 0.459248675 0.9607146171875 0.4614854890625 0.9544917296875 0.46137710624999995 0.9507668546874999 0.45967407656250003 0.9424655703125 0.44800755781249996 0.9359428359375 0.41241033906249996 0.928703340625 0.36952613749999996 0.9339793703125 0.36085846718750003 0.9319129390625 0.35311733125 0.9288202796875
1 0.30777133125 0.8323363125000001 0.2933252125 0.828892259375 0.2751103203125 0.8274002656249999 0.2493422125 0.829274171875 0.2274525046875 0.8329635124999999 0.2114352078125 0.8412597515625 0.189420215625 0.8406433874999999 0.18031176875 0.8351380578125 0.1804327453125 0.8392957515624999 0.1808465078125 0.841806234375 0.1828248578125 0.8440594875 0.20680253906249998 0.8463908874999999 0.260001325 0.8669128687500001 0.28073028906249997 0.869656746875 0.4037573015625 0.87610431875 0.426636671875 0.874571071875 0.4426539671875 0.8662748312499999 0.43855632343749995 0.8569244125000001 0.431726059375 0.8522673140625001 0.4056604046875 0.8439151703125001 0.30777133125 0.8323363125000001
1 0.33041588437499997 0.8442802265625 0.3328839828125 0.836758425 0.330452425 0.8270670546875 0.3318441 0.8194888390624999 0.3246609015625 0.7942461468750001 0.319083675 0.7872591 0.31158523125 0.769651034375 0.3123916203125 0.741957878125 0.305004659375 0.7281812296875 0.2951390671875 0.6846264765625001 0.287975071875 0.6785126640625 0.276190125 0.6798078296875001 0.265322090625 0.700541315625 0.2657519203125 0.7153135796875 0.2749675359375 0.7486041078125 0.27470803125 0.7581544453125 0.2671866078125 0.7646206 0.2672473640625 0.7667086578125 0.2724907671875 0.7742969375000001 0.274328371875 0.7820443921875 0.2731509953125 0.8154564703125 0.280853203125 0.8215984875 0.2873501625 0.8601947296875 0.2912291375 0.86422359375 0.3078580046875 0.8631822890624999 0.31015020937500004 0.8680843859375 0.3098907046875 0.8776347234375 0.3145308578125 0.8893546296875 0.3154871328125 0.9037506515624999 0.317085221875 0.905884609375 0.3213867828125 0.90611004375 0.326279265625 0.9052726375000001 0.32708565312500004 0.8775794796874999 0.3236334078125 0.8697474046875 0.32329895937500003 0.8582531515625 0.3246627640625 0.84971708125 0.33041588437499997 0.8442802265625
1 0.41670312656249997 0.7244345515624999 0.41367295937500004 0.718901825 0.40395347187499997 0.713555915625 0.3969196234375 0.7019020453125 0.389225465625 0.700424028125 0.3865085078125 0.7056555609374999 0.3741660234375 0.708770465625 0.31683570156249996 0.71060244375 0.28522650625 0.7089458765625001 0.2566004984375 0.711207396875 0.23676744218749998 0.7198410546875 0.197745978125 0.7263943046875 0.19116628125 0.7303486171875 0.1691826109375 0.730808678125 0.1679549546875 0.7321684281249999 0.167976909375 0.7329229625 0.1922650796875 0.7352427328125 0.1961591375 0.7375963828125001 0.20108935312499998 0.7426912953125 0.1984350359375 0.75007568125 0.2014495421875 0.755070196875 0.20799792031250003 0.750039459375 0.2731320203125 0.7534529921875001 0.28070813125 0.76356760625 0.2818687171875 0.76362843125 0.2980205734375 0.7542199562499999 0.32168504531250003 0.7457870921875001 0.3999159 0.73913915 0.4076570359375 0.7422318078125001 0.41602716093750003 0.734072190625 0.41670312656249997 0.7244345515624999
1 0.41999471093749996 0.659346628125 0.4160066875 0.6537637000000001 0.4053763265625 0.6499822328125 0.37854074375 0.6480384453125 0.3621006140625 0.64180293125 0.3488942390625 0.6480969156249999 0.3298311125 0.6503222140625 0.3104704390625 0.6423214640625 0.2973580265625 0.6518447265625 0.28784212187499997 0.6534955890624999 0.23308781875 0.6452521140624999 0.2246550515625 0.6512588796875 0.23446850156250001 0.6598340671875 0.2347503890625 0.6695219031249999 0.2139594796875 0.6781053609375001 0.1911589 0.6833591421875 0.175125940625 0.6911171687500001 0.1685083125 0.6975683671875 0.168560775 0.69937138125 0.1753765078125 0.699728578125 0.17817176875000001 0.6971881093750001 0.2520675015625 0.705897353125 0.2542475234375 0.7091368765625 0.2738629640625 0.710164878125 0.2808814359375 0.710094390625 0.2960818234375 0.70659186875 0.303603715625 0.7021495437499999 0.4176692609375 0.6780334890625 0.424154996875 0.6708499 0.41999471093749996 0.659346628125
1 0.4208337828125 0.596252871875 0.4224206234375 0.58505079375 0.4194217765625 0.580594490625 0.4039238421875 0.5738709609375 0.370304975 0.5688847171875 0.3502370140625 0.5694451765624999 0.34346939062500004 0.5669409328125 0.32621235312499997 0.5654991359375 0.288211384375 0.5742554375 0.2507454390625 0.5685301843749999 0.2431139234375 0.56920501875 0.23276269218749998 0.6002847171875 0.2328115828125 0.60196495625 0.2369231671875 0.6193954609375 0.24062641875000002 0.621056453125 0.25229441874999997 0.6216679484375 0.35340555625 0.6126026265625 0.3600009140625 0.609186528125 0.38011585625 0.6102407078125001 0.3878413328125 0.6127951515625 0.4050206125 0.6006191109375 0.4208337828125 0.596252871875
1 0.3068504015625 0.6356675328125 0.3069234828125 0.6012411875 0.304491309375 0.5730598234375 0.3055578171875 0.5543063203124999 0.32088728906249997 0.5455457671875 0.320636453125 0.536925078125 0.30992793281250003 0.53827665625 0.3052599078125 0.52559889375 0.3214044390625 0.47097415624999994 0.3225174078125 0.4538173953125 0.31920451562499996 0.4507745953125 0.310648846875 0.4522389984375 0.303420440625 0.462380503125 0.2938998296875 0.4676199125 0.2876171640625 0.454857534375 0.2822245015625 0.417275559375 0.283022221875 0.4077534265625 0.2763128265625 0.398794259375 0.2739880265625 0.3903473796875 0.2734086421875 0.390317015625 0.26543708125 0.3943987109375 0.2625979921875 0.4076394328125 0.263528259375 0.4765485375 0.2615426296875 0.4821828375 0.26127647187499997 0.5078846765625 0.26258685625 0.55291966875 0.26326194531249997 0.559740840625 0.270194303125 0.5763628421875 0.2705392859375 0.625157003125 0.290036971875 0.6673037671875 0.3031021109375 0.6545989671875 0.3068504015625 0.6356675328125
1 0.3566041890625 0.4809439796875 0.3505686375 0.3658604171875 0.34269920625 0.353971271875 0.337799546875 0.3518017046875 0.3306826234375 0.365774628125 0.32781566406249996 0.3780574984375 0.3127370265625 0.395438740625 0.3098766546875 0.40877871718750003 0.31054754687499997 0.43183575 0.3172396890625 0.45784031093750005 0.3202844046875 0.48860447812499996 0.31591615 0.560105078125 0.32621714218750003 0.5816855921874999 0.33227684062499996 0.5867851374999999 0.33308454374999996 0.5868990453125 0.343825653125 0.5874619640625001 0.3487942234375 0.5819124140625 0.35288563281249996 0.5563042046875 0.3591490953125 0.5499377015625 0.3605686390625 0.5433173421874999 0.3546012234375 0.522920334375 0.3566041890625 0.4809439796875
1 0.3810026 0.43138085156250006 0.39519815 0.4262134921875 0.3990922078125 0.42856714062499995 0.40765025625 0.42686607812500005 0.41699389375000007 0.41929487187500003 0.4433909890625 0.40616869062500005 0.446799575 0.39183773125 0.4389957953125 0.38659222187500003 0.38044139375 0.379224375 0.35376241406250003 0.382662721875 0.3034685109375 0.36336776406250004 0.2928851328125 0.3612009359375 0.2767582109375 0.36572968437500003 0.27903411093749997 0.3782089859375 0.285770409375 0.37963680312500003 0.28404262812500003 0.3859949640625 0.22880027812499998 0.39384768281250004 0.2108985953125 0.40311995156249997 0.2021082796875 0.4046449359375 0.20211783125 0.4049732453125 0.235126840625 0.41406276249999996 0.24201974843750002 0.42087271406250004 0.2356436328125 0.431823796875 0.2376689671875 0.4356916875 0.24959516406249999 0.43470453437499995 0.26740943281249996 0.43886249531250004 0.272308328125 0.4428809828125 0.30505176875 0.44657946875 0.3088987640625 0.44678108125 0.31830100156249996 0.4458287484375 0.3370979 0.434453828125 0.342829365625 0.4342168078125 0.35630196875000003 0.43707244687499996 0.36614674062499997 0.44672406093749994 0.3810026 0.43138085156250006
1 0.318013046875 0.2828855171875 0.30843450156249996 0.282383528125 0.2951811421875 0.287062871875 0.27501922031250003 0.2843940546875 0.2595369453125 0.2782087375 0.249974059375 0.2782449609375 0.2493607359375 0.29003545000000003 0.2533174359375 0.29454195156249996 0.24300028281250002 0.301524746875 0.207653634375 0.3028966609375 0.2031149265625 0.3112570765625 0.208893375 0.3126346953125 0.213038 0.32359975625000004 0.20144003124999998 0.32806098906250003 0.201456615625 0.32863094375 0.206552265625 0.33078334531250003 0.22853593593750002 0.330323284375 0.2410506828125 0.333128725 0.2597353890625 0.3507671125 0.275142821875 0.35608531875 0.279707196875 0.356324528125 0.29318199218749996 0.3498330125 0.37888775468749997 0.337128103125 0.3863939875 0.3321475640625 0.4130729671875 0.3287092203125 0.421521390625 0.323240665625 0.4257310421875 0.315486378125 0.4257026578125 0.314510871875 0.42112988125 0.30978533750000004 0.371055228125 0.298025365625 0.352981275 0.3013772890625 0.33476638125 0.2998852953125 0.3269626015625 0.294639784375 0.318013046875 0.2828855171875
1 0.2755808859375 0.25901574374999997 0.28965115468749997 0.249542678125 0.313393928125 0.243800884375 0.39357181093750004 0.238329765625 0.4077047203125 0.2310095546875 0.40453361093750007 0.2206329078125 0.3918152765625 0.210830696875 0.3754534484375 0.207286246875 0.27779928125 0.2037805859375 0.2192448796875 0.196412740625 0.1801451125 0.20027492656249998 0.1802077546875 0.20242777812499999 0.185028346875 0.20375519999999997 0.180505303125 0.21265382812500003 0.15870955625 0.219572446875 0.14719964531250002 0.218431846875 0.1302149734375 0.23939573749999998 0.130236565625 0.2401377921875 0.180487071875 0.24489641718750002 0.1989212125 0.2539233953125 0.20462135781250002 0.25260994999999997 0.2241073140625 0.26491640625 0.24232220781249997 0.2664084015625 0.2755808859375 0.25901574374999997
1 0.26838817187499997 0.1353492125 0.25564695 0.12224835468749999 0.25219470624999996 0.11441628125 0.2470423484375 0.0481550875 0.237502534375 0.0342656125 0.230028203125 0.0292165578125 0.22972343906249998 0.029200585937500002 0.2209851515625 0.039138335937500005 0.20923860625000001 0.0786912640625 0.21436123125 0.0885236671875 0.21631031875 0.1001025390625 0.2130445 0.1171464734375 0.20249453437499998 0.142416203125 0.1973074984375 0.14883911875 0.1983473828125 0.16610870625000002 0.2013450265625 0.1767861375 0.1958496390625 0.1895494328125 0.195971203125 0.193727321875 0.2008452171875 0.21501569531250003 0.2086310375 0.22403127500000003 0.21710309374999998 0.21969330937499998 0.22367313437499997 0.223863203125 0.2279422984375 0.2413020296875 0.2290379265625 0.2604873234375 0.24254899531250002 0.26310819687500003 0.25164563906250004 0.2706075484375 0.2535026109375 0.2707048671875 0.25404656718749996 0.2704055171875 0.2531268328125 0.238796321875 0.254889496875 0.225499184375 0.2760086296875 0.19408860156250002 0.2833850578125 0.170565340625 0.26838817187499997 0.1353492125
1 0.1931631328125 0.046622334375000005 0.1852292890625 0.05098850781249999 0.17499457031250001 0.0686236109375 0.1738230125 0.0759564203125 0.173986596875 0.08157845625 0.17773270624999998 0.0888513796875 0.18855271093749998 0.0913312203125 0.19843564375 0.09854391875 0.199651425 0.1033896046875 0.20797545624999997 0.1124333921875 0.2123839734375 0.1346614890625 0.21245024843750002 0.17387710781250001 0.215615115625 0.190301665625 0.218529146875 0.1981055328125 0.22714055625000001 0.1985568375 0.2307581640625 0.15666510312499998 0.23489664375000002 0.15114362812499998 0.2402595734375 0.1322968125 0.24856440625 0.12221171875 0.24193862500000002 0.1161261140625 0.24061136093750002 0.10744901093749999 0.2446104890625 0.09713826406250001 0.2524885921875 0.0908563828125 0.2559495046875 0.08051743125000001 0.2456763828125 0.05989476875000001 0.23911501406250002 0.037553846875000005 0.23629969062499998 0.0123839421875 0.20099123125 0.0105335046875 0.1986096734375 0.030649081249999998 0.1931631328125 0.046622334375000005
1 0.0071218109375000005 0.0403558859375 0.0026486265625 0.037409640625000004 0.004108490625 0.0875818875 0.0170699328125 0.0882611671875 0.038838059375 0.07856074843750001 0.0796342875 0.067263978125 0.08035723593750001 0.059240981250000005 0.064781 0.0498263859375 0.0071218109375000005 0.0403558859375
1 0.09926447187500001 0.15016272656250002 0.048231962499999996 0.13835255625 0.033848482812500004 0.1370613578125 0.0052001046875 0.1250982640625 0.006746065625 0.1782294953125 0.008297053124999999 0.179251046875 0.0168197171875 0.18185509375 0.019787790625000003 0.18201064375 0.034913390625 0.17365985 0.0789277140625 0.174354365625 0.0951329359375 0.17251668281250002 0.11303462187499999 0.163244415625 0.10801044687500001 0.1549202234375 0.09926447187500001 0.15016272656250002
1 0.02485200625 0.2236483609375 0.020963565625 0.23791123125000002 0.021154899999999997 0.244486984375 0.0592856890625 0.24648533437500003 0.059233235937499996 0.24170889843749999 0.0520308390625 0.1973373234375 0.0338238734375 0.1810808359375 0.0235612828125 0.197758084375 0.02485200625 0.2236483609375
1 0.0313860859375 0.25433350312499997 0.0323602421875 0.2725560375 0.031517346875000005 0.278914646875 0.0318372953125 0.28991056249999997 0.03356735 0.29557274843750003 0.032182315625 0.3017681234375 0.0323146625 0.30631660156249996 0.0418183046875 0.3390428828125 0.0452045953125 0.3409145328125 0.05500008125 0.34142789218749997 0.05691614375 0.340790521875 0.069758315625 0.3204228890625 0.0685512046875 0.29740617343750003 0.073914134375 0.27855935781249996 0.0713686609375 0.2564289 0.0313860859375 0.25433350312499997
1 0.1061912953125 0.2937355234375 0.10310136875 0.29835555625 0.098304521875 0.31818843281250003 0.090261059375 0.3741941234375 0.0786817375 0.419494178125 0.058480475 0.42704301874999995 0.0547059703125 0.4324428765625 0.0549652828125 0.44135487968750003 0.055158915625000006 0.44217124375 0.059037890625 0.44620010624999995 0.063502865625 0.44796148281250003 0.12191726562500001 0.4510228515625 0.1231478015625 0.3778304328125 0.1254765484375 0.3655193578125 0.12515076875 0.335854078125 0.11904399843749999 0.310667796875 0.11443171562500001 0.299905746875 0.1061912953125 0.2937355234375
1 0.0938804828125 0.4102243625 0.08878572812499999 0.401349815625 0.081677475 0.39715171250000003 0.0769450390625 0.40072927031249994 0.06421435 0.42492832031249994 0.0664142734375 0.4451278828125 0.0628502875 0.49787388125 0.06380436874999999 0.5306635015625 0.09899772812499999 0.5325079078125 0.099191396875 0.500403709375 0.096202421875 0.471555253125 0.0974912828125 0.441974590625 0.1010636796875 0.4354670578125 0.0938804828125 0.4102243625
1 0.095801725 0.5182351546875 0.0925992921875 0.50678208125 0.074212134375 0.49936974218749997 0.05790965625 0.49603199218749994 0.0479041046875 0.49550762343750004 0.016062890625 0.49842798125 0.017384009375000002 0.5438318875 0.017464828125 0.5438361234375 0.0246986828125 0.5397662453125001 0.057140449999999995 0.5371673046875001 0.0683841359375 0.529158284375 0.0836001828125 0.5261939765625 0.095801725 0.5182351546875
1 0.077967390625 0.5598220578124999 0.0715924453125 0.562357140625 0.06400171875 0.5600465421874999 0.0585682640625 0.5651813046874999 0.0586131734375 0.566724740625 0.06480997031249999 0.5878243203125 0.071547234375 0.5977413421875 0.0712877296875 0.6072916796875 0.0881587625 0.6330420906249999 0.096604809375 0.6832172046875 0.0946941234375 0.7098960953125 0.10302145 0.7261733312499999 0.1044831359375 0.726249934375 0.12029671875 0.7217582015625 0.12435158906249999 0.713363165625 0.13033448125 0.6419471828125001 0.129136040625 0.60075944375 0.1409383265625 0.5631222250000001 0.077967390625 0.5598220578124999
1 0.0459874234375 0.6689833875 0.0464855640625 0.686103365625 0.05276465625 0.713872684375 0.05467720625 0.7426647296875 0.0624100265625 0.7646080265624999 0.1035171546875 0.766762359375 0.0790342875 0.6932523609375 0.06754538437499999 0.6677840140625 0.0635827984375 0.6608815890625 0.055936331250000006 0.656655278125 0.045988990625 0.6656978984374999 0.0459874234375 0.6689833875
1 0.0811792015625 0.7365918 0.041653884375 0.734520365625 0.0417223703125 0.7368740609375 0.058217303124999994 0.79085925625 0.0702722875 0.8173136624999999 0.07834427031249999 0.8247275640625 0.0806666234375 0.8248492734375 0.0881448046875 0.8220758968749999 0.0912626 0.8184137187499999 0.09299739375 0.8041587281250001 0.09029579531250001 0.7667177859375001 0.083251953125 0.746264365625 0.0811792015625 0.7365918
1 0.1024588953125 0.84356314375 0.10489912500000001 0.8350834875 0.1139930046875 0.833647290625 0.11858608749999999 0.8252804593749999 0.103265284375 0.8158699875 0.09970155625 0.8042064953124999 0.0996976046875 0.80324989375 0.0545056171875 0.8008814828125 0.0545657875 0.802949396875 0.0562177765625 0.8057531796875 0.0605705515625 0.82606556875 0.0598843171875 0.8394191187500001 0.065971884375 0.8454765171874999 0.068431315625 0.8561257421875 0.06680800625 0.8742121484375 0.07984713593750001 0.9160204328124999 0.089856840625 0.9282986546875 0.09729855937500001 0.9286886593749999 0.10975543593749999 0.9281081921875 0.11967490781250001 0.91810771875 0.1224582546875 0.9029512859375 0.12195658125 0.88570990625 0.1078880984375 0.863931946875 0.1024588953125 0.84356314375
1 0.05358230625 0.8763848265625 0.053633828125000005 0.8781555140625 0.056270735937500004 0.884176871875 0.05700404375 0.8909100578125001 0.054178128125 0.8968619296875 0.054474168749999996 0.9070361671875 0.059092485937499994 0.907278203125 0.0673886484375 0.9153641374999999 0.07289279374999999 0.956777528125 0.0902963578125 0.9922865 0.0989846828125 0.9927418359375 0.09973036874999999 0.992614203125 0.10916737031249998 0.9845012296875 0.1146417828125 0.9694858312499999 0.116078665625 0.926523415625 0.10058490625000001 0.878848128125 0.05358230625 0.8763848265625