1 0 0 0 0.0203104375 0.036706579687500004 0.019669721875 0.085290284375 0.00989450625 0.0859007171875 0.0048224140625000005 0.0859287734375 0 0 0
1 0.0625360546875 0.063247240625 0.056373089062500006 0.0550683640625 0.035744157812499996 0.0425384078125 0.032718923437500005 0.028780460937500002 0.025008518749999997 0.019707878125 0.0167215890625 0.0207732453125 0.015616749999999999 0.032761848437500005 0.025663359375 0.08506734218749999 0.028087443750000003 0.1119983078125 0.07590799375 0.11116359687499999 0.075908509375 0.1110750765625 0.069066621875 0.0971997703125 0.0625360546875 0.063247240625
1 0.045743175000000004 0.1087776671875 0.0327978578125 0.10992434375 0.0270614203125 0.11739020781250001 0.01645766875 0.16084898593750002 0.0155684390625 0.17627282187499999 0.0505352890625 0.17566247343750002 0.0507120015625 0.14528813125 0.0483150953125 0.11149492187500001 0.045743175000000004 0.1087776671875
1 0.033085459375 0.22105320312500001 0.033175007812500004 0.2056610203125 0.006328024999999999 0.2061296359375 0.006231596875 0.222704221875 0.00827520625 0.227272134375 0.0176134046875 0.22342626718749997 0.021663118749999998 0.23900776562499998 0.030920960937500002 0.24897405312499998 0.032923223437499996 0.24893910468749997 0.0329994578125 0.23583565 0.0310334609375 0.2296370375 0.033085459375 0.22105320312500001
1 0.050009818750000004 0.26598316093749996 0.050038503125 0.2610528203125 0.0121700296875 0.26171381718750003 0.0112805796875 0.26633292656249996 0.01012216875 0.2875296328125 0.0183662421875 0.2938307484375 0.0259855765625 0.31855710625 0.0334849359375 0.32438251406249996 0.035618396875 0.324345275 0.049561429687500005 0.269347596875 0.050009818750000004 0.26598316093749996
1 0.015371899999999999 0.3966173921875 0.01677914375 0.3981041578125 0.0205001 0.3980392078125 0.0329970296875 0.39170615937500003 0.042895684375 0.3804847765625 0.054993303125000004 0.34712780625 0.0551058015625 0.327790790625 0.055924328125 0.32354000156249996 0.055931821874999996 0.322252071875 0.0206838984375 0.3228673265625 0.0149868203125 0.3779648109375 0.0149845265625 0.3783589265625 0.0169568390625 0.39106542499999997 0.015371899999999999 0.3966173921875
1 0 0.435089521875 0.0093709 0.4325354328125 0.038842853125 0.43098590625 0.0434679828125 0.427282353125 0.0425772859375 0.42212244375 0.04722650625 0.41427810468750004 0.056982909375 0.4101291734375 0.05703510625 0.401157275 0.0454872703125 0.39671190625 0.039077734375 0.39061323593749997 0.027125267187500003 0.3877165921875 0 0.3904596234375 0 0.435089521875
1 0.0222282140625 0.48886389374999994 0.030708001562499997 0.45464935781250004 0.040547726562500004 0.4535568875 0.0456701390625 0.46267464374999995 0.0504627984375 0.4566662015625 0.05049090625 0.4518349921875 0.0500447828125 0.4469460984375 0.0042073531249999995 0.44774619375 0.020851159375 0.5073969734375 0.021859253125 0.5073793765625 0.02368458125 0.5054113765625 0.0222282140625 0.48886389374999994
1 0 0.5711568796875001 0.004525207812499999 0.5675720875 0.0092746625 0.551837 0.014962887499999999 0.5526584296875 0.029364570312499998 0.5680592328125 0.037619359375 0.572518728125 0.0377827515625 0.5444340140625 0.040949946875 0.5337904875 0.050025448437499995 0.5318403859374999 0.050032901562499996 0.53055928125 0.0486316875 0.5235285171874999 0 0.5243773859374999 0 0.5711568796875001
1 0.05177135468750001 0.6465892046875 0.0540399609375 0.612483084375 0.057433171875 0.60127923125 0.057448684375 0.5986128328125 0.0122385921875 0.599401978125 0.008896406249999999 0.632606121875 0.0186664890625 0.6434841859375 0.0221878921875 0.6609163390624999 0.028939709375 0.6713016265625 0.0404363890625 0.6711009515625 0.0465525140625 0.6540460343750001 0.05177135468750001 0.6465892046875
1 0.0035717781249999998 0.654663796875 0.0034129624999999996 0.6647944546875 0.0059527390625 0.6730365734375 0.0058134531250000005 0.6969776421875 0.0078034921874999994 0.7107536578125 0.011378465625 0.7189777078125 0.0356573734375 0.72684036875 0.038282865625 0.720349521875 0.0390415328125 0.6789040234375 0.042729009375 0.6677910578125 0.0473766765625 0.6695513656250001 0.06005507812500001 0.6876992234375 0.06017407968750001 0.667244521875 0.0548788171875 0.6537682296875 0.0035717781249999998 0.654663796875
1 0.0169566265625 0.740301075 0.0127783390625 0.746819025 0.005559025 0.7873229953124999 0.032918459375 0.786845434375 0.0330207046875 0.7692708609375 0.0252274859375 0.741998140625 0.0169566265625 0.740301075
1 0.0383020296875 0.78265486875 0.032938546875 0.8149735765624999 0.025035287499999996 0.839050165625 0.020117860937500003 0.86831061875 0.054320760937500004 0.86771360625 0.054341609375 0.864129840625 0.053503195312499995 0.83855325625 0.0383020296875 0.78265486875
1 0 0.9045956296875 0.0088414078125 0.9044413015625 0.052207557812500006 0.901073740625 0.0770995484375 0.8954637921874999 0.091769 0.87595579375 0.091791778125 0.87204069375 0.09105624531249999 0.8703779796875001 0.0699017 0.8666068656249999 0.056998309375 0.8689022796874999 0.049640860937499996 0.8674780656250001 0.0460660265625 0.8489088171875 0.0396324 0.8469509343749999 0.030418275 0.848146859375 0 0.8635495593750001 0 0.9045956296875
1 0.04667154375 0.9554974953125001 0.06318577343750001 0.9552092375000001 0.0632519078125 0.9438417796874999 0.0486382078125 0.8983787265625001 0.0114535171875 0.8990277875 0.010627159375 0.923901565625 0.0145911609375 0.9542160265625 0.022253351562500003 0.9715759015625001 0.036945867187499995 0.9836301437499999 0.0406000890625 0.983566359375 0.044456507812500004 0.9803955109375 0.04667154375 0.9554974953125001
1 0.061871598437499994 0.9286860656249999 0.05509996406249999 0.9361699984375 0.050329078125 0.955588328125 0.048135471875 0.9768031015625 0.04238831875 0.9861105875 0.0428523453125 0.9953096546875001 0.044735157812499995 0.99911759375 0.06293217031250001 0.9987999640625 0.0633326296875 0.9299667812499999 0.061871598437499994 0.9286860656249999
1 0.316067521875 0.9923549546875 0.3041301125 0.9868703203125 0.2617638046875 0.989162465625 0.245204275 0.98686378125 0.220327340625 0.9898857421875 0.1982730625 0.9825075125 0.1825831515625 0.98899193125 0.155894709375 0.9868700484374999 0.13284735 0.9919302546875001 0.12361515625 0.9962317687500001 0.12315891875 0.997748703125 0.3176196703125 0.9943543781249999 0.31762293750000004 0.9937928375 0.316067521875 0.9923549546875
1 0.3066041015625 0.94837025 0.306649271875 0.940606275 0.3186499171875 0.9352213453125 0.32268165781249997 0.929903540625 0.32270098593749996 0.9265815015625 0.31413921562499997 0.9192561609375 0.29665285468749997 0.9180087484375001 0.272744909375 0.9127330609375001 0.2644817078125 0.908736928125 0.25895082343750003 0.9098685609375 0.2497577765625 0.907441296875 0.2052341828125 0.911323734375 0.190813871875 0.91054035 0.18710955 0.9142278312500001 0.1751179390625 0.9180599656249999 0.150271115625 0.9159059390625 0.1253580453125 0.9251390765625 0.1170436515625 0.9299421171875 0.1133152390625 0.9377703828125 0.1150966359375 0.9480902046875 0.12519844687499998 0.9525717890625 0.140849209375 0.95281615 0.1546402859375 0.9561982468749999 0.1656900109375 0.9560053734375 0.1799866609375 0.9516154562500001 0.19884219218750002 0.9549091531249999 0.22651881718750003 0.955323675 0.26303472499999997 0.9546862859375 0.311187075 0.951913075 0.3066041015625 0.94837025
1 0.2341925453125 0.9490984687499999 0.2398241515625 0.9390851484375 0.23988740156250002 0.9282133828125 0.22912039062499998 0.8423838546875 0.2322902671875 0.831279921875 0.23239205312500003 0.8137845265625 0.22375359218750002 0.7863138078125 0.2072225890625 0.7810780562499999 0.19681169375000002 0.7913876640625 0.195135684375 0.8125934062500001 0.191448209375 0.8237063734375001 0.192065553125 0.8955115078125001 0.189327559375 0.9213393703125 0.1954423140625 0.9378055390625001 0.196359653125 0.9580452968750001 0.19789101874999998 0.9617014328125 0.20360603125 0.9579188109375 0.209448759375 0.961806290625 0.2154143625 0.9742855968749999 0.22028330000000002 0.97730529375 0.231959446875 0.9771014859375 0.23206858281249998 0.9583427109375 0.2341925453125 0.9490984687499999
1 0.24466581718749997 0.898114696875 0.2416245125 0.8871191796875 0.24378597656249998 0.871429265625 0.24185486875 0.8475243375 0.2450515296875 0.831816353125 0.24252246562500002 0.8217326140625 0.2443002609375 0.783031475 0.2413232421875 0.7609862374999999 0.236238328125 0.745422809375 0.2289223078125 0.7575198296875 0.2222310296875 0.7511916078125 0.2151239390625 0.7273770265625 0.20737603437500002 0.724750115625 0.20166638125 0.727611928125 0.20257836562499998 0.748772496875 0.2009130703125 0.7681366171875 0.202763821875 0.8058537015624999 0.2057622703125 0.8242156984375001 0.1999186875 0.8500977703125001 0.2091926015625 0.857301628125 0.21004565625 0.8885911078125 0.2264266609375 0.9196095468750001 0.23444591875 0.9270631625 0.2361554125 0.9270333234375 0.2429737375 0.9220828687499999 0.24466581718749997 0.898114696875
1 0.253455046875 0.7829959546875 0.26008955624999996 0.7828801484375 0.263423975 0.7809539296875 0.25977385625 0.7753246390624999 0.2616365578125 0.7716693046875001 0.2837600953125 0.7671427703125 0.296711665625 0.7565657859375 0.28207506250000003 0.7402598031250001 0.26552155625 0.736925925 0.24618755 0.7367458546875 0.22591165468750002 0.740205046875 0.178053609375 0.7369000453125001 0.175309246875 0.733842675 0.1679427640625 0.7339712578124999 0.1623606875 0.7439020609375 0.149460309375 0.7456798765625 0.1181949171875 0.738979975 0.099736553125 0.7465478078125 0.0867639015625 0.7607479828125 0.086715721875 0.76902955625 0.09313429375 0.7735754312500001 0.1115444765625 0.774289171875 0.1253204953125 0.780259259375 0.1870147859375 0.77918238125 0.2186926625 0.7836027343749999 0.23958508125 0.78323805625 0.2486940203125 0.780693496875 0.253455046875 0.7829959546875
1 0.2051030109375 0.7527037921875 0.20928129687500002 0.746185840625 0.2170667015625 0.7423670796875 0.2175601265625 0.7377910328125 0.21760365468749998 0.730308940625 0.21308662968749997 0.7148150484375 0.2012803375 0.6091386953125 0.199722184375 0.6100866093749999 0.19360743125 0.593620440625 0.172967784375 0.5829321046875 0.168293328125 0.5857758484375 0.16566248125 0.5931875046874999 0.16453621093749998 0.6088593484375 0.16756680156249998 0.6216964859375 0.165378553125 0.6419904515625 0.16688313125 0.6502506390625 0.1657032921875 0.6751305875 0.1781236125 0.7642233203125001 0.18793119687499998 0.7686557125 0.192002340625 0.7805539687499999 0.193315421875 0.7809210125 0.199027221875 0.7808213125 0.20186349374999998 0.7757782578125 0.2051030109375 0.7527037921875
1 0.1869162078125 0.634159775 0.1869334203125 0.6312011562500001 0.185181878125 0.6264844984375 0.18303674375 0.5504090453125 0.18469310781249998 0.5325799156250001 0.18215333125 0.5243377953125 0.1723564625 0.5180637828125 0.168685059375 0.52641431875 0.164010603125 0.5292580625000001 0.160771084375 0.552332528125 0.14929820625 0.5672642578125 0.1481130109375 0.5930650156249999 0.1501298328125 0.6022369796875 0.14849668124999998 0.6160762390625 0.15144048593749998 0.6438305015625 0.150747175 0.674042115625 0.1547111765625 0.7043565765625 0.1603067265625 0.7143165046875 0.1702376828125 0.7141431593750001 0.17695719062499998 0.70580970625 0.1869162078125 0.634159775
1 0.19095645 0.638159271875 0.2029522859375 0.6222976984375 0.2043161671875 0.597341275 0.204431628125 0.5774952 0.2001788359375 0.565261665625 0.200285978125 0.546845459375 0.20192984531249997 0.53116458125 0.20473013906249998 0.5261854968749999 0.20475139531250003 0.5225318296875 0.2019941296875 0.5201148578125 0.19946238593750001 0.5104915234375 0.20159974531249997 0.49894525468750006 0.1964880484375 0.48798587812500005 0.1950638234375 0.4659135359375 0.190475078125 0.4540243140625 0.1796323 0.44960999062499996 0.1697443609375 0.458989753125 0.167465040625 0.49493749375 0.16376685 0.5078920828125 0.165287503125 0.5133898390625 0.1636757796875 0.5235458578125 0.164330621875 0.58890531875 0.16782524062499998 0.610941525 0.1662028015625 0.6229391625 0.1766281390625 0.66247435 0.18398647031249998 0.662345909375 0.185123584375 0.662199721875 0.19095645 0.638159271875
1 0.24070817656250001 0.515375571875 0.2610111734375 0.5072579953125 0.282976778125 0.5039138984375 0.28297985 0.503385875 0.273941665625 0.5003041953125 0.24817704375 0.4976486453125 0.2427093953125 0.4879107140625 0.2436753765625 0.48013066562500006 0.23999815624999998 0.479159759375 0.21883457812499998 0.4769414421875 0.19303984375 0.479461875 0.18568239375 0.4780376609375 0.1396328453125 0.480394096875 0.0788653859375 0.4804197046875 0.0622637 0.48536740156249997 0.051159771875 0.49487704375 0.053868000000000006 0.5041455953125 0.070352246875 0.5193842375 0.086938878125 0.5170245328124999 0.111791721875 0.5181433625 0.11917627187499999 0.5149091890624999 0.1302259953125 0.5147163156250001 0.152307375 0.517436159375 0.162415209375 0.5208825453125 0.185426434375 0.5220335203124999 0.1988108703125 0.526163453125 0.21817126406249998 0.525825515625 0.23423239218749997 0.5206640640625 0.24070817656250001 0.515375571875
1 0.19900153125 0.5237644390625 0.20836320000000003 0.42692576562499995 0.21010884999999999 0.393749490625 0.20927186718750002 0.359697578125 0.2010974359375 0.34142592656250004 0.19282121875 0.340649671875 0.18968884375 0.34530793125 0.1759420015625 0.3952665921875 0.173225440625 0.41741121249999996 0.1600444109375 0.45907354375000003 0.15518245625 0.49414564843750003 0.1638316296875 0.5197747484375 0.1637030578125 0.5418741953125 0.1665123421875 0.5564117109375 0.170018640625 0.556350509375 0.1838304640625 0.5516507546875 0.19900153125 0.5237644390625
1 0.2205211875 0.41032973906250003 0.2518437953125 0.40719527031249997 0.29332844062499996 0.3981904203125 0.305338121875 0.391252696875 0.3026148375 0.3845721359375 0.2824443375 0.3699153859375 0.2750929125 0.3674559765625 0.2640401765625 0.3681664484375 0.21889939218749999 0.3725772046875 0.19676983125 0.3781389359375 0.1120131234375 0.386864009375 0.0935186234375 0.400643021875 0.096232875 0.408876378125 0.132126409375 0.411355128125 0.16435778125 0.41027498281249997 0.1764936828125 0.41250208437499997 0.17842623124999998 0.41246835156249995 0.1938207 0.4102782515625 0.2205211875 0.41032973906250003
1 0.2279449515625 0.43134672656250006 0.223975590625 0.40195307500000005 0.23055378593750003 0.3841763125 0.23065457656250002 0.3668516859375 0.22080775625000001 0.323747440625 0.211630271875 0.299968996875 0.21114481562499998 0.294453171875 0.21378102187499998 0.28612070312500004 0.2184554796875 0.2832769609375 0.2153981015625 0.27504387656249996 0.20761805625 0.277941828125 0.20249028593750001 0.26974488124999996 0.201049990625 0.2504349703125 0.192955915625 0.2183511640625 0.1816942546875 0.21243161875 0.180827884375 0.212446740625 0.17013873125 0.22611517499999997 0.1699030171875 0.266630828125 0.173840234375 0.3015493421875 0.179938915625 0.3207779421875 0.1862284109375 0.3961669375 0.1892965 0.40255840000000004 0.20629688906250002 0.416072409375 0.2114085890625 0.4270317859375 0.2134039828125 0.4398869921875 0.218014153125 0.44809297187499997 0.2209938203125 0.4492215234375 0.22340871093749998 0.449179371875 0.22682403906249998 0.4460977625 0.2279449515625 0.43134672656250006
1 0.2096628140625 0.3610062421875 0.2128219765625 0.35174393125000003 0.22476959531250001 0.3441696515625 0.2253943359375 0.3257444109375 0.2294031078125 0.313417359375 0.229422925 0.3100110921875 0.225321378125 0.24932618906249998 0.22228007343749998 0.238330671875 0.22232828750000003 0.23004337968750002 0.22651193125 0.22260461875 0.216768634375 0.2071225046875 0.2189408109375 0.1895909703125 0.21593165 0.1730705921875 0.209806184375 0.15844604375 0.20732533437499998 0.14007501093750002 0.2001164578125 0.133755825 0.19441751875 0.1347760171875 0.18138113281249998 0.15157646875 0.175467909375 0.189429075 0.179506909375 0.2068521921875 0.16957075625 0.22451924843749999 0.1756962203125 0.239143796875 0.1808614921875 0.2408950703125 0.1829051 0.24546298437499997 0.181623475 0.2878383265625 0.1835063703125 0.3200305484375 0.189663978125 0.3291302359375 0.20256643749999997 0.33535004062499996 0.2068431328125 0.36978911718749996 0.2083303265625 0.3697631578125 0.20961995781249998 0.368372725 0.2096628140625 0.3610062421875
1 0.1379593921875 0.1975667484375 0.144432165625 0.192795853125 0.169303078125 0.19080909375 0.1785443046875 0.1849547828125 0.20064977499999997 0.1835338390625 0.2614021765625 0.1860962234375 0.269701515625 0.1838811734375 0.3037190078125 0.16115134375 0.303724834375 0.16014975625 0.30121684531250004 0.1476204125 0.29199368593749997 0.1503691328125 0.2450715046875 0.14446006718749999 0.1944179046875 0.1468968671875 0.170452746875 0.1514555453125 0.143767315625 0.1488160671875 0.13823342031250002 0.1504652984375 0.137282496875 0.15565735625 0.1326633875 0.1583257109375 0.12070489843750001 0.1564642640625 0.11143958125 0.166459359375 0.093917084375 0.1714231296875 0.0874413 0.176711621875 0.0818411546875 0.1897480171875 0.10295655468750001 0.2002479078125 0.110489525 0.20117577031249997 0.11897344843749999 0.2010276828125 0.129660053125 0.199781796875 0.1379593921875 0.1975667484375
1 0.33524180000000003 0.113716771875 0.335299975 0.10371741718750001 0.331701915625 0.10175128281250001 0.2857427078125 0.0885797671875 0.1873183859375 0.07270121406249999 0.163386353125 0.0715663109375 0.1596699875 0.0773241859375 0.1504317703125 0.082660896875 0.12920495468749998 0.09131214374999999 0.11995168125 0.0992368453125 0.1373928734375 0.1082482328125 0.1806257890625 0.11525678749999999 0.20456986718749998 0.11432129531249999 0.24595212968750002 0.1229147890625 0.2877689484375 0.12308896250000001 0.31940475 0.1225367578125 0.333456209375 0.116729490625 0.33524180000000003 0.113716771875
1 0.22431535937499997 0 0.2227450921875 0.010240021875 0.22876341562500002 0.043280778125 0.2318261484375 0.050593051562500005 0.23323430156249997 0.0754278265625 0.23676641874999999 0.09101835781249999 0.24132301875 0.10843244062499999 0.24911495156250002 0.1206389890625 0.2525265015625 0.12057943906249999 0.2602367796875 0.11588882812500001 0.26091100156249997 0 0.22431535937499997 0
1 0.37457963906249997 0 0.3748221828125 0.0052105953125 0.3931751515625 0.015758703125000002 0.3996178140625 0.0161637921875 0.40786596093750005 0.022747915625 0.43728370781250003 0.030515159375 0.43448213124999996 0.03729215625 0.4386799015625 0.040775395312500004 0.44619169062499997 0.0406442765625 0.457493353125 0.03844313125 0.46396010624999995 0.0347074328125 0.5819563234375 0.0098757875 0.5855055515625 0 0.37457963906249997 0
1 0.4726213046875 0 0.46836043437499997 0.0209373671875 0.4636806203125 0.024701921874999998 0.456978628125 0.020215321875 0.44827052656250005 0.0047151375 0.44205398906250004 0.0057443609375 0.44051547968750004 0.0111336953125 0.44040696874999996 0.029785306249999997 0.44600191875000006 0.0388212546875 0.45358375312500004 0.06999328437499999 0.46022145937500003 0.08552960937500001 0.463608934375 0.1259820203125 0.459873246875 0.14538228125 0.468350990625 0.200477309375 0.47117291874999995 0.208941090625 0.47223626249999995 0.2089225296875 0.48908706874999996 0.1945910578125 0.4958854890625 0.1825030734375 0.49803623906250005 0.16865477812500002 0.5006369875 0.077458421875 0.5149871421875 0.0127577625 0.515061365625 0 0.4726213046875 0
1 0.49743892343749996 0.23806495 0.50320215 0.225995034375 0.4986294765625 0.21134338125 0.5007588000000001 0.2011783296875 0.5059829953125 0.1928006890625 0.50139425625 0.18091146875 0.5014692546874999 0.1680201234375 0.5116357640625 0.11075822500000002 0.5133599875 0.081265190625 0.5113217375 0.0757764671875 0.49738408281249996 0.0695747328125 0.49276319687500003 0.0632103734375 0.49130682812500004 0.046662890624999995 0.4872196125 0.037527065625 0.47067253750000004 0.0350537453125 0.46904474374999994 0.0479721953125 0.47156309375000005 0.059897553125 0.4688251015625 0.0857254171875 0.44920993593749997 0.0768606328125 0.4445301234375 0.0806251875 0.44077300625 0.1037086875 0.44372859687500005 0.1294371671875 0.45085176093749996 0.15048931875 0.4580338515625 0.16141255625 0.4620835671875 0.1769940546875 0.4542713765625 0.1854168671875 0.4485724390625 0.1864370609375 0.44801198124999997 0.1938125765625 0.46249938124999995 0.194480415625 0.46556746875000005 0.20087187968750003 0.46499094375 0.211009828125 0.45920629062499996 0.226762984375 0.46481415937500004 0.24139656875 0.46719858125 0.27634218593750004 0.4806779296875 0.27751819843750003 0.4850708234375 0.27744152031249997 0.492096871875 0.266700415625 0.49743892343749996 0.23806495
1 0.4541558 0.3411903453125 0.45991366874999995 0.3300412390625 0.46101315156249995 0.318973446875 0.4672189734375 0.3197858390625 0.4747826609375 0.29760994375 0.4748036296875 0.29400559375 0.47412989375 0.2883608375 0.4701283921875 0.264492046875 0.46396542500000004 0.25631317187499997 0.45486829687499997 0.2187225734375 0.45752057500000004 0.20762767499999998 0.448737475 0.205018834375 0.4431188921875 0.1922268734375 0.44266022187500004 0.18210699375 0.446918865625 0.1617768890625 0.44128956874999997 0.150826546875 0.44084161406250005 0.1388650484375 0.42747512812500005 0.12344617499999999 0.4181047859375 0.132816903125 0.40966250000000004 0.16058576875 0.40548421250000005 0.1671037171875 0.4054359984375 0.1753910109375 0.40999795624999996 0.1918842828125 0.40731889218750006 0.20758323281250002 0.41285711718749996 0.23418735000000002 0.4091267875 0.25266679999999997 0.3996493046875 0.28045373281249997 0.3990299203125 0.29795816406250003 0.4015911265625 0.3025170421875 0.4073382796875 0.29320955625 0.41561449531249994 0.2939858125 0.4374855109375 0.35989566093750003 0.4495087921875 0.3671157140625 0.45130110312499994 0.367084428125 0.4535149890625 0.3623780171875 0.4541558 0.3411903453125
1 0.524110946875 0.3471608546875 0.54621039375 0.3467751078125 0.550826490625 0.34462435 0.5510786390625 0.3420847796875 0.5511266906250001 0.33382545 0.5481513875 0.3296622171875 0.5315978828125 0.3263283390625 0.5224229031250001 0.320795484375 0.5298435875 0.3113501328125 0.529885746875 0.30410375625 0.5234521203125 0.30214587187499997 0.4571296875 0.3074439 0.43138915625 0.3006475609375 0.34937681249999997 0.3124300078125 0.338309021875 0.315728471875 0.33182119062500004 0.323087359375 0.33637405 0.3318061671875 0.381358246875 0.3543105234375 0.3869071984375 0.3500733015625 0.3988927890625 0.3472763625 0.428319571875 0.3534908109375 0.43075902031249996 0.35806894375 0.4318776140625 0.35804941874999996 0.435674009375 0.355432621875 0.524110946875 0.3471608546875
1 0.4468043625 0.3829420609375 0.43233839375 0.37859098125 0.42167775625 0.34286910625 0.419693078125 0.32817228125 0.41198803125000005 0.3181788875 0.4021643765625 0.31650892812500003 0.39485907187499997 0.3267643265625 0.3936042328125 0.36453561875 0.40428629843749997 0.39657425 0.390630528125 0.43087913437500003 0.383687465625 0.4678289984375 0.387801465625 0.47236077343750005 0.406003121875 0.45731159374999997 0.4137724546875 0.4562552609375 0.4173474296875 0.46447931093749995 0.41677090312500004 0.474617259375 0.41979077968749995 0.4892960171875 0.4243955921875 0.4984228078125 0.4280080671875 0.500201184375 0.43272537968749997 0.4899909578125 0.43437460312500004 0.47338926875 0.4334572625 0.4531495109375 0.438287075 0.42360227031250003 0.4596211078125 0.403894828125 0.4601207578125 0.4008840921875 0.46014651406249996 0.3964569265625 0.457108115625 0.391048659375 0.4468043625 0.3829420609375
1 0.4648870828125 0.47478954375000004 0.451120096875 0.46726666093749997 0.43916762968749995 0.464370015625 0.4032530171875 0.4655144546875 0.3645699515625 0.4677423078125 0.30741045 0.4806435828125 0.2981662109375 0.487015490625 0.299959653125 0.49526491874999995 0.30729300937500004 0.5008299171874999 0.3137326609375 0.5017526046875 0.3772384578125 0.505819565625 0.3910235109375 0.5102368578124999 0.4048356671875 0.509995765625 0.41499469375000003 0.5046429828125001 0.43712124374999994 0.49959885000000004 0.454622659375 0.49825826875 0.49520155312499997 0.4866815015625 0.5128003546875 0.476515065625 0.5128083796875 0.47513566718750005 0.48701061875 0.470263009375 0.4648870828125 0.47478954375000004
1 0.44929699375 0.6500689859375 0.44931856875 0.64636066875 0.44728266093749997 0.6320710109375 0.4426885625 0.6211026000000001 0.4455015515625 0.5823833953124999 0.44089673749999997 0.5732566046875001 0.438016146875 0.5346367796875 0.42529582968749996 0.497109421875 0.42028591718749997 0.4686546515625 0.41313596874999997 0.452206553125 0.41106021718749997 0.4531634984375 0.407351315625 0.467959709375 0.41034440781250003 0.48724251875 0.40696024687500004 0.5351788625 0.4101495078125 0.609701253125 0.4074275890625 0.632766684375 0.417042315625 0.6703482468749999 0.4329485 0.68143538125 0.4354694125 0.6813913781250001 0.4409107671875 0.6598037390625 0.44929699375 0.6500689859375
1 0.42388700312500005 0.7296023468749999 0.41979443125 0.72138733125 0.4193732609375 0.7048217796875 0.42148115468749997 0.6983399703125001 0.4235729765625 0.6946205890625 0.4323775046875 0.6935461890625 0.43970093749999994 0.688229 0.43971519531250003 0.68577838125 0.43059639687500006 0.6438585703124999 0.43115149375 0.6374038640624999 0.4379606296875 0.6234742578125 0.43861215624999994 0.600444965625 0.4309499671875 0.583085090625 0.42855483124999993 0.5499810921875 0.422509721875 0.521544390625 0.4163896109375 0.5059990296875 0.4117472984375 0.5033179125 0.4050024484375 0.50619779375 0.39925529531250004 0.515505278125 0.3881768015625 0.5516066109375 0.38706660625 0.5645160234375 0.391682134375 0.57180119375 0.3926744734375 0.5791496078125 0.38950459843749996 0.5902535390625 0.385854625 0.594920834375 0.3817138375 0.5949931109375 0.3750172015625 0.5895857 0.372402425 0.5942349250000001 0.3748939890625 0.6107643375 0.39424665625 0.664748828125 0.3945713984375 0.6978889640625 0.40065936406249997 0.718959184375 0.40406291093749996 0.7566491656250001 0.408166196875 0.763022559375 0.4089005640625 0.7630968890625 0.41663257500000006 0.762961925 0.4237423609375 0.754464225 0.42388700312500005 0.7296023468749999
1 0.4248043984375 0.7834054218750001 0.42389777500000003 0.7613240421875 0.42928268437500006 0.72532209375 0.4301883453125 0.7120426734375 0.43084884375000004 0.5985127125 0.4279837171875 0.592761546875 0.420251884375 0.58737220625 0.41141521406250003 0.5939714687500001 0.401479059375 0.6116385234374999 0.3988107109375 0.6254958515625 0.38887455625 0.6431629078125 0.396088790625 0.64856128125 0.3980574 0.666020540625 0.3947375234375 0.7029071625000001 0.3944268109375 0.7563141609375 0.40621371718750005 0.7763641890625 0.4180817421875 0.8238679421875 0.41876589218750004 0.8238559999999999 0.422557221875 0.8138283 0.4248043984375 0.7834054218750001
1 0.5112501968750001 0.7953875234375001 0.5186708828125 0.785942171875 0.5297537296875 0.780055715625 0.5516783984375 0.776082278125 0.551680184375 0.7757752203125 0.5427414374999999 0.76326755 0.5188274703125 0.7590270578125 0.5103021234375 0.7519528703125 0.4966866296875 0.7521905296875 0.48479663593750005 0.7528929734375 0.4617552984375 0.75691798125 0.41202551875 0.758821109375 0.38718471875 0.7556318875 0.373348475 0.760013765625 0.35494431406250004 0.758264828125 0.34660884062499997 0.7666910578125 0.3400397046875 0.7880251 0.3547395453125 0.793461515625 0.474727615625 0.7994440640625 0.49635634375000004 0.799066534375 0.5011032156249999 0.798669915625 0.5112501968750001 0.7953875234375001
1 0.5357278156249999 0.8488853000000001 0.5419216671875 0.8418598625 0.5419241078125 0.8414403015625 0.5339434109375001 0.8390830781249999 0.5090785203125 0.8400346421875 0.48699413125 0.8378323968749999 0.4649247953125 0.8330421593749999 0.46402657031250005 0.8291762453124999 0.4751350140625 0.8188902046875001 0.4972826421875 0.810222884375 0.49169343281250005 0.8085219734375 0.478761734375 0.808747696875 0.467825746875 0.8091844187499999 0.4595053296875 0.81502265625 0.43921437656249995 0.8210698390625 0.4115087625 0.835527178125 0.391238890625 0.8379511734375 0.3709991328125 0.835199184375 0.3548608609375 0.8396212453125 0.346116175 0.8392563390625 0.32949943125000003 0.8467920265625001 0.3220938015625 0.8536493875 0.3266376265625 0.863920990625 0.33306824218750003 0.866396471875 0.352396225 0.8676117390625 0.3698524734375 0.8740351343749999 0.3799844 0.873340734375 0.393775475 0.8767228312500001 0.40208685781250003 0.8724373890624999 0.4195882765625 0.8710968093749999 0.46007080624999996 0.8760831859374999 0.487823171875 0.8773325468750001 0.5029765328125 0.8770680437499999 0.5356766234375 0.857684471875 0.5357278156249999 0.8488853000000001
1 0.467689459375 0.97974028125 0.46439385 0.96519368125 0.466075215625 0.9430671296875 0.464565278125 0.9357277515625 0.4652221609375 0.911777646875 0.4622022859375 0.8970988921874999 0.463285696875 0.888793528125 0.46082091875 0.8676600656250001 0.4547115234375 0.8502730859375 0.45276970156249996 0.828209778125 0.44813274375 0.8246078484374999 0.44451491406250004 0.82375028125 0.43513385781249997 0.8349626296875 0.4271823828125 0.8673265109375 0.4254635171875 0.8958987359374999 0.42595764531249997 0.9888825078125001 0.42677148125000003 0.992449125 0.46735992499999995 0.9917406515625 0.467652603125 0.9860755203125 0.467689459375 0.97974028125
1 0.4636308171875 0.9751681921875001 0.4865281296875 0.96417183125 0.486536303125 0.962766990625 0.4772115859375 0.953754653125 0.4542196609375 0.9025958375 0.4558474546875 0.8896773890624999 0.45175488125 0.8814623734374999 0.4460922734375 0.8764986218749999 0.44609075625 0.8764986484374999 0.4454180703125 0.9921236484374999 0.46282391250000005 0.9918198281249999 0.46200302187500003 0.988086640625 0.4636308171875 0.9751681921875001
1 0.7859105343749999 0.9842120375000001 0.6966822734375 0.9702431515625 0.6829243234375 0.9611674718750001 0.67005706875 0.9572517062499999 0.6553331375 0.9559560765624999 0.6461009437499999 0.9602575874999999 0.6433294796875 0.9618586015625 0.64510485 0.9732136203125 0.6386621906250001 0.9728085328124999 0.608242325 0.979032515625 0.594378978125 0.98807278125 0.5944537999999999 0.9895222203125 0.7894946703125 0.98611776875 0.7894959312500001 0.9859009171875 0.7859105343749999 0.9842120375000001
1 0.68953519375 0.9579164234374999 0.6895673359375001 0.9523915625000001 0.6937777656249999 0.9403487500000001 0.6976152375 0.9034530937499999 0.7049901875 0.8812271609375 0.7074206375000001 0.8606316328125001 0.7075202421875 0.8435109875 0.7042549874999999 0.8296798531249999 0.7018759234374999 0.793813425 0.6941976640624999 0.7792159796875 0.678578640625 0.7951407953125 0.6697901828124999 0.7934527671875 0.6681034609375 0.816500128125 0.6612621828125 0.835954596875 0.656448440625 0.86273940625 0.6563787984375 0.8747099421875 0.6516454140625 0.8876826 0.6433531265625 0.8896687734375 0.635626653125 0.883358625 0.628892515625 0.884396884375 0.6257494265625 0.8908967656250001 0.6251836125 0.8991930937499999 0.628262415625 0.9037429375 0.652482396875 0.9217345109374999 0.6550275328125 0.92905581875 0.6565321140625 0.937316009375 0.649044665625 0.9788789578125 0.6504606140625 0.9885446171875 0.6889235234375 0.9878732453125 0.6926086406249999 0.963387078125 0.68953519375 0.9579164234374999
1 0.7882627453125 0.8140924984375 0.8112890265624999 0.81265548125 0.8131426921875 0.8105529421875 0.8139856546875001 0.8046301187499999 0.8139900578124999 0.8038731328125 0.8048644328125001 0.8091448015625 0.78368880625 0.8089968796875 0.7680862234375 0.8004709453125001 0.7469346875 0.796182234375 0.7220908781250001 0.793510609375 0.70459246875 0.794333590625 0.6907652578125 0.797162675 0.5968064703125 0.8050132812499999 0.5719054453125 0.8121760265625 0.5654356843749999 0.8164293218750001 0.56170125 0.825292784375 0.5773038328125 0.8338187187500001 0.6015556906249999 0.83628880625 0.7143640046875 0.8343197296874999 0.7375188046875001 0.8320572484375001 0.7882627453125 0.8140924984375
1 0.7344567 0.7886611109375 0.7406033890625 0.7885538203125 0.74558131875 0.7867218296875 0.7511393046875 0.7809318109375 0.75943563125 0.7792343609375 0.77048535625 0.7790414875 0.7778337703125 0.7820184953125 0.804546303125 0.7799995890625 0.80476038125 0.779057803125 0.804810225 0.77049046875 0.80368571875 0.7696636953125 0.789876575 0.7693871875 0.7788509421875001 0.7654392765625 0.769639828125 0.766117603125 0.765047821875 0.764127571875 0.7669827921875 0.748049878125 0.7633206296874999 0.7444909828124999 0.72651833125 0.739957909375 0.7210356265625 0.7328079703125 0.6887952203125 0.7354409109375 0.681437771875 0.7340166984375001 0.6736643171875001 0.728790934375 0.6728867265625 0.7288045078125001 0.665768940625 0.736877928125 0.6565578249999999 0.7375562546875 0.6229348875 0.7296764203125 0.61179265 0.729870909375 0.590241415625 0.7418190874999999 0.5883335468750001 0.7532383953124999 0.5938192609375 0.7598707390625 0.63520754375 0.7674290359375 0.6480597421875001 0.77393279375 0.674772275 0.7719138875 0.6913077140625 0.7783533546875 0.6977232734375 0.7834168296875 0.7203769296875 0.788906875 0.72317245625 0.788858078125 0.7290037203125 0.7875287390625 0.7344567 0.7886611109375
1 0.7081272390625 0.8099983234374999 0.7055821046874999 0.8026770140625 0.7163733531250001 0.726989875 0.725824053125 0.7038069921875 0.7349782234375 0.6891271609375 0.73499575625 0.6861135953125 0.7264809375 0.6798568890625 0.7268452203125 0.6172417875 0.7320587015625 0.61070576875 0.727416390625 0.60802465 0.720153940625 0.6109135671875 0.715522340625 0.606390828125 0.7134733765625 0.6027437234375 0.712577465625 0.5788207265625 0.710496359375 0.5806984859375001 0.7088203484375 0.6019042265625 0.7046420609374999 0.6084221765625 0.6961408453125 0.6463199562499999 0.6867115781249999 0.6658195953125 0.6829276765625 0.6935071484375 0.6827508921875001 0.7238938890625 0.6777710781249999 0.7792238203124999 0.6740782484375 0.791257596875 0.668886190625 0.7941103765624999 0.6698785328125 0.8014587890625 0.6807105984375 0.8077147328125 0.6853154109374999 0.8168415234375 0.6897275109375001 0.819126346875 0.6945284296875001 0.819042546875 0.6997974515625 0.818430171875 0.7081272390625 0.8099983234374999
1 0.723593403125 0.65333665 0.7282946453125 0.6458888546875 0.732521146875 0.6310836109375 0.73386850625 0.6113276859375001 0.7338995796875001 0.6059865734375001 0.7300938671874999 0.603504475 0.7258479796875 0.5326833921875 0.7284520437500001 0.5298757890625 0.7285001624999999 0.521604715625 0.728483953125 0.5216049984375 0.7201704703125 0.5300203453125001 0.711797825 0.545818675 0.705458075 0.568026540625 0.6960234484375001 0.5884469906249999 0.686706678125 0.588609615625 0.6789962734375 0.579537034375 0.6727368796875 0.5879327421875 0.6776075078125 0.6403285828125 0.6754835421875 0.649572825 0.6655741734375 0.662635828125 0.6721958109374999 0.680934584375 0.668983078125 0.6994049984374999 0.6621793 0.7124137968750001 0.6672642125 0.7279772234374999 0.6676318109375 0.753750878125 0.6706784734375 0.7638255828125 0.675833028125 0.7674184765625001 0.68619500625 0.7707554265625001 0.68686769375 0.770743684375 0.6939650421875 0.7643398312499999 0.723593403125 0.65333665
1 0.7383612875 0.545556690625 0.70242860625 0.5498067203125 0.66565641875 0.5400976640625 0.6490788234375 0.5409045734375 0.6426211046875 0.5430874765625 0.6232931234375 0.5418722109375 0.59104669375 0.5455403484375 0.5762806046875 0.5514910953125 0.5734940828124999 0.5556801 0.5752724671875 0.5665175203125 0.5905905015624999 0.5712532578125 0.60739844375 0.583553315625 0.6147769703125 0.5813543390625 0.6341139874999999 0.5810168109375 0.6405385796874999 0.5845274890625001 0.7463444390625 0.59768946875 0.7528051687499999 0.5949889671874999 0.755920915625 0.5804517890625001 0.7559496890624999 0.5755058953125001 0.7457217484374999 0.54646330625 0.7383612875 0.545556690625
1 0.7201639546874999 0.5524891203125 0.7264662046875 0.5367269296875 0.728147571875 0.5146003765625 0.72638253125 0.462150328125 0.724344284375 0.45666160468749994 0.7236948 0.39038133125 0.720664209375 0.3775441953125 0.7130880375 0.373451309375 0.7123126609375 0.37346484375 0.7102908109375 0.38140813125 0.70403141875 0.3898038390625 0.7050130453125 0.3989938734375 0.7006633296875 0.4349777546875 0.69490010625 0.4470476703125 0.685615478125 0.4416854328125 0.6784280296875 0.43168300468750004 0.6701571703125 0.42998593906250004 0.667035509375 0.4328025796875 0.668491875 0.4493500609375 0.685261909375 0.5024589140625 0.6810514796875 0.5145017265625 0.6707102265625 0.5128407984375001 0.6706620125 0.5211280921875 0.68561879375 0.5300741890625 0.68706623125 0.5481566609375 0.6853562953125001 0.5751938937500001 0.6861986359375 0.6083249953125 0.6902322812499999 0.6266689249999999 0.7029867796875 0.639225653125 0.703147078125 0.63922285625 0.7209259390625 0.5994323765625 0.7201639546874999 0.5524891203125
1 0.6401641703125 0.5295296046875 0.6446779125 0.5543101703125 0.648795140625 0.5589298234375 0.6617261265625001 0.5587041125 0.6664116875 0.5548515234375 0.6758463124999999 0.534431071875 0.6700369171875 0.46547871562500004 0.6722787375 0.43597664687500004 0.6788050484375 0.4083603390625 0.67890199375 0.3916966140625 0.67521494375 0.376078803125 0.660306375 0.3588454125 0.6572704265625 0.3469290875 0.650104409375 0.33324341875 0.645435309375 0.33516635156249996 0.6381246468749999 0.3463425625 0.6348938000000001 0.4568849734375 0.637763678125 0.49734641718750006 0.6328749625000001 0.5153052312499999 0.632857009375 0.518391090625 0.6339904890625 0.52319235 0.6401641703125 0.5295296046875
1 0.6929638875 0.3300188125 0.6891498828125 0.2739216625 0.68453435625 0.2666364921875 0.6705377718750001 0.27056366875000004 0.6564126171875 0.29659029531250003 0.648595071875 0.3059339203125 0.6464764640625 0.31425735 0.6485254281249999 0.3179044546875 0.642751490625 0.331815990625 0.6271378249999999 0.3468199953125 0.6358834265625 0.355874509375 0.6378788203125 0.368729715625 0.637329078125 0.3742636109375 0.625317175 0.39288761562499996 0.6237054515625 0.403043634375 0.6255776328125 0.43707747656249996 0.629174034375 0.44161828437499995 0.63218051875 0.4585990671875 0.630560759375 0.47013630156249997 0.6341732343750001 0.471914678125 0.645080296875 0.465279278125 0.6512539796875 0.47161653281250004 0.65831285625 0.5037184078125 0.6604368203125001 0.49447416562499996 0.6703729734375 0.47680711093749995 0.681035653125 0.42321941875 0.6872575484375 0.42126938125 0.6882552453125 0.427696984375 0.70014929375 0.42933080625000003 0.703743003125 0.41858859531250003 0.7038324546875 0.40321307968750003 0.6881555015624999 0.3558828140625 0.6929638875 0.3300188125
1 0.6901955703125 0.23398585 0.6881948203125 0.2220514546875 0.6898708296875 0.2008457140625 0.687832578125 0.195356990625 0.6825869515625 0.207417871875 0.6722564140625 0.20391532343750002 0.6712533609375 0.19840853281249998 0.6629450015625 0.2031571390625 0.659641196875 0.237281328125 0.6523358921875 0.247536728125 0.6482165328125 0.24392576406250002 0.6368240140625 0.24504533906249998 0.63625284375 0.2542624765625 0.6413431125 0.2689050953125 0.642783409375 0.28821500625 0.6375324265625 0.30119669843749997 0.6374788546875 0.3104048015625 0.6483002046874999 0.318502365625 0.652915734375 0.3257875359375 0.653331546875 0.343273896875 0.649088975 0.360841571875 0.6576095765625001 0.40857011718749997 0.6622411765625 0.41309285625000003 0.6705495359375 0.40834424843750006 0.6762913312500001 0.3999575734375 0.681099715625 0.3740935734375 0.68631855625 0.36663674375 0.7033638437499999 0.2834747046875 0.7092813062500001 0.27226614531250004 0.7093399859375 0.2621797515625 0.706139334375 0.2512011703125 0.6901955703125 0.23398585
1 0.738350396875 0.1535826125 0.7306882078125 0.1362227375 0.7289017421875 0.0874559296875 0.7070608265625 0.1053307828125 0.7075141390625 0.11637147187500001 0.6996269515625 0.1376856296875 0.69080099375 0.142443271875 0.6897925828125 0.1378572890625 0.6877221890625 0.137893428125 0.6818089656249999 0.1757460328125 0.6856229671875 0.2318431859375 0.68352374375 0.325792940625 0.686020665625 0.34140154218749996 0.6947501968750001 0.3532184875 0.70456849375 0.355809259375 0.7124128234375 0.3418615828125 0.72217959375 0.264350890625 0.7290422999999999 0.2412131828125 0.738957025 0.22722936875 0.7472125796875 0.1974818671875 0.7473315734375 0.1770286 0.736765459375 0.1591345796875 0.738350396875 0.1535826125
1 0.753001525 0.24968512656250003 0.753626265625 0.2312598859375 0.75734588125 0.21462205625 0.7635784890624999 0.2108303984375 0.771833278125 0.21528989531249998 0.7791278687500001 0.20687611718749999 0.78159873125 0.1949652125 0.7816928015625 0.178795859375 0.777789359375 0.17007080624999998 0.7804362796875 0.15989671875 0.7810503062499999 0.1433130984375 0.7759118218750001 0.136957775 0.7651868984375 0.11228562499999999 0.7616601390625 0.09577428125000001 0.76327721875 0.08469745625 0.7679891750000001 0.0754080390625 0.7557918140625 0.036950840624999995 0.7470515703125 0.026975515625 0.73977840625 0.0317060546875 0.7309042359375 0.0447509875 0.7274290046874999 0.10834110625 0.7242805578125 0.1157618 0.712306153125 0.12794013125 0.698655740625 0.161324203125 0.7062857874999999 0.1842089421875 0.727325178125 0.21514606875000003 0.7293205703125001 0.228001275 0.729148615625 0.25755771250000004 0.732916134375 0.2574919515625 0.7400508515625 0.251752615625 0.753001525 0.24968512656250003
1 0.7588929281250001 0 0.7557709234375001 0.017701582812499998 0.7479587343749999 0.026124396875 0.7468967515625 0.03074651875 0.73754248125 0.037354814062500005 0.7271798 0.0393771296875 0.7229908 0.0477367015625 0.7249969078125 0.058750284374999996 0.7352470890625 0.0760649875 0.742984278125 0.08053351875 0.7485867890625 0.09608791093749999 0.751569165625 0.11721234062500001 0.7478120484375 0.1402958421875 0.7513495234375 0.1549655625 0.752763034375 0.1788795265625 0.7608478390625 0.1898237234375 0.7689520671875 0.1896822640625 0.7692618953125 0.1896401390625 0.78018503125 0.1802423078125 0.7825875671875 0.12311593125 0.7852184140625 0.1157042734375 0.78743345 0.09080625625 0.793250246875 0.0695282375 0.8011719046874999 0.05314632500000001 0.8012141187499999 0.0458902328125 0.79911525625 0.0399629265625 0.79138878125 0.033652775 0.7873069218750001 0.0235961375 0.7883903328125 0.0152907765625 0.79463365625 0.009657496875000001 0.786680196875 0 0.7588929281250001 0
1 0.760233859375 0 0.76156969375 0.0029858828125 0.7594510859375 0.0113093125 0.7593493015624999 0.028804707812500004 0.761360765625 0.038897484375 0.7592100171875 0.052745778125 0.7589743046875 0.0932614296875 0.7692726984375 0.1022888375 0.7789269609375 0.1171160953125 0.779608321875 0 0.760233859375 0
1 0.9289581 0 0.927567203125 0.007937153125 0.929946265625 0.04380358125 0.9309546765625001 0.0483895640625 0.9366536156249999 0.047369375000000005 0.9423204125 0.05187404375 0.943545478125 0.055398053125 0.9652068437500001 0.055019953125 0.965526940625 0 0.9289581 0
1 0.9655681890625001 0.0740893625 0.9765663234374999 0.0518001859375 0.9776979484374999 0.03520753125 0.97423466875 0.0067257625 0.914717021875 0.0077646468750000005 0.9218883999999999 0.0205295046875 0.9249029171875 0.036129071875 0.9305429296875 0.04523779375 0.93643268125 0.1003779953125 0.944507096875 0.1147502390625 0.9464705140625 0.11471596718749999 0.9523978734374999 0.11391007500000001 0.9655681890625001 0.0740893625
1 0.97294543125 0.17218662812500002 0.99137368125 0.169794778125 0.997348878125 0.16969048125 0.997663546875 0.115603340625 0.9935254656250001 0.1164500015625 0.9861650078125 0.1155433875 0.9732315046875 0.12301478437499999 0.938165428125 0.136565509375 0.9243502625 0.1373241984375 0.875496125 0.14697523125 0.8671847406250001 0.1512606734375 0.8625355203125 0.1591050109375 0.8799737015625 0.1686339984375 0.8956124203125 0.17094875 0.937960659375 0.171762196875 0.9525635906250001 0.1802279484375 0.9558933484375001 0.1801698265625 0.9637042031249999 0.1780409375 0.97294543125 0.17218662812500002
1 0.932561125 0.2012256046875 0.9371284375 0.2167980671875 0.9364661968749999 0.2416689796875 0.9467217359375001 0.258062871875 0.9638881953125 0.24303176093749998 0.9698282046875001 0.2005751046875 0.9694766781249999 0.1720390203125 0.9723904390625 0.1629830046875 0.9723916156250001 0.162780971875 0.9307787359375 0.1635073265625 0.932561125 0.2012256046875
1 0.9450401203125001 0.271413365625 0.9265907906249999 0.277428403125 0.9044943546875001 0.2772965515625 0.8841612453125001 0.2905901125 0.88135665625 0.2978847078125 0.8849977390625 0.3050667921875 0.9180957187500001 0.31328734375 0.92639505625 0.31107229531249997 0.9349618234375001 0.3133342 0.9366869124999999 0.31330408906249996 0.9484914921875 0.31120414531249996 0.9696671171875 0.3113520703125 0.9981205734374999 0.30559086406249997 0.99831856875 0.2715583171875 0.9689691437500001 0.2730658640625 0.9450401203125001 0.271413365625
1 0.9185114562500001 0.42373979687499996 0.937182496875 0.41696887499999996 0.9408271140625001 0.413222390625 0.9412618234375 0.41120813125 0.9413023578124999 0.40424064375 0.9372896390625 0.39855266875 0.917669115625 0.39060869375 0.9055038984375001 0.346626634375 0.8965031968750001 0.2924614484375 0.8914397125000001 0.27321478125 0.888477803125 0.268837684375 0.8881142421874999 0.2688440296875 0.8805647921875 0.27432531875 0.876365075 0.28452651093750003 0.8710498078125 0.308557925 0.8714013359375 0.3370940109375 0.8739196843749999 0.349019371875 0.8775354734375 0.4391865046875 0.8803336312500001 0.4517737765625 0.91155309375 0.4512288390625 0.9121824203125 0.4441060390625 0.9185114562500001 0.42373979687499996
1 0.90487706875 0.4654679 0.9324893328125 0.467056109375 0.9766972609375 0.4647318203125 0.9956277124999999 0.46553369062499994 0.9958305796875001 0.43066362031249994 0.9455914671875 0.43059920625 0.881098609375 0.4379354828125 0.8617706281249999 0.43672021718750004 0.8377542765625 0.45007806875 0.8340439343750001 0.4548007453125 0.8376880281249999 0.46146523281249996 0.8459482203125 0.4659789609375 0.8657444859375 0.4707765265625 0.8717585359375001 0.47067155156249996 0.876319903125 0.46803655156249996 0.90487706875 0.4654679
1 0.9720089062499999 0.49710676875 0.972020159375 0.49517239531249996 0.96917050625 0.4759025078125 0.9630611124999999 0.45851552812499996 0.9522076171875 0.455942828125 0.9438564015625 0.46805791562500004 0.9401474999999999 0.4828541234375 0.9318016421875001 0.494048403125 0.9274787124999999 0.5254282328125 0.9201626953125001 0.5375252515625 0.911861365625 0.565274375 0.9568792609375001 0.564488584375 0.966234303125 0.5358003515624999 0.9720089062499999 0.49710676875
1 0.9086946296875 0.6739365171875 0.915701978125 0.625936928125 0.931369215625 0.60172481875 0.9309051875 0.5925257515625 0.9371699390625 0.5832092296875 0.9419246796875 0.565816240625 0.9419530453125 0.56094060625 0.9373252953125 0.5565057312499999 0.93006820625 0.5584738375 0.9156129515625 0.5522811375 0.9151864234374999 0.5366363953125 0.91109385 0.5284213828125 0.9100497437499999 0.5238360234375 0.8836179796874999 0.5242973921875 0.8836611390625 0.5289002218750001 0.8810035046875001 0.54091593125 0.8794399953125 0.5427846546875 0.8634587312500001 0.5320150078125 0.8592858015625 0.5376121453125 0.8587360625 0.54314604375 0.8755221640625 0.593492465625 0.8752918078124999 0.6330873078125 0.8826539999999999 0.702012559375 0.8867465734375 0.7102275765625 0.903114928125 0.7154118109375001 0.9033048546875 0.7154084968750001 0.9111326234374999 0.69967403125 0.9086946296875 0.6739365171875
1 0.969087175 0.6771069421875 0.9424348671875 0.668773884375 0.9148165781250001 0.6682208703125 0.8863045843749999 0.6630255453125 0.8688061765624999 0.6638485265625 0.8595408578124999 0.6738436234375 0.8631819421875001 0.681025709375 0.8696065359375 0.6845363890625 0.8934873781249999 0.6944704625 0.9752919406249999 0.7184023015625 0.9907600171875 0.7216936671874999 0.9941377593749999 0.721634709375 0.9943884171875 0.6785503859375 0.9819694828125 0.6784347187499999 0.969087175 0.6771069421875
1 0.9538306140625 0.7386781625000001 0.9345297312499999 0.7328045109375 0.8986271640625001 0.7318785546875 0.884802965625 0.7341900421875 0.8811016546875001 0.7373599234375 0.877367221875 0.7462233859375 0.8846855250000001 0.7543763765625 0.9094841640625001 0.764811975 0.9937571109375 0.7870627796874999 0.9940619234374999 0.7346698515625001 0.9786653890625001 0.74290258125 0.9538306140625 0.7386781625000001
1 0.950606834375 0.8202509499999999 0.9424038578125 0.805902853125 0.9340894625 0.8107058921875 0.9321966500000001 0.8195372093750001 0.9238943015625001 0.8222698578125 0.9045843859374999 0.8179489999999999 0.8844018421875001 0.80536264375 0.86782725625 0.8056519546875001 0.853076225 0.8090147078125 0.8428900953125 0.8190258781249999 0.8409400687499999 0.8376915640625 0.8528533890625001 0.8473169859375 0.89238198125 0.8580130203125 0.9098894234375001 0.85563724375 0.9200062906250001 0.8575308359375 0.9254980296875001 0.8631279796875001 0.9383953953124999 0.8618677640625 0.957711334375 0.8651534249999999 0.9888083296874999 0.8826488906250001 0.993201453125 0.882572209375 0.9935549609375001 0.8218094 0.9616384890624999 0.8231636671875 0.950606834375 0.8202509499999999
1 0.958694703125 0.9058182109375 0.9587405499999999 0.8979376953125 0.9567633015625001 0.863066096875 0.9511554328124999 0.8484325140625 0.9418868765624999 0.8403078453124999 0.9336160171874999 0.8386107796875001 0.9168493 0.8738906828124999 0.9124781578125001 0.913557803125 0.9046713265624999 0.9210598078125001 0.8989777437500001 0.9211591890624999 0.899447128125 0.929437446875 0.9030274593750001 0.9367406859375 0.9024723609375 0.9431953937499999 0.8863874453125 0.981371628125 0.8863787609375 0.9828643093749999 0.9381449140625 0.981960728125 0.9432822734374999 0.95629380625 0.958694703125 0.9058182109375
1 0.9364354765625 0.9722430296875 0.93656553125 0.9498882890625 0.934778521875 0.9289805984375 0.9337861828125 0.921632184375 0.9296828953125 0.9152587890625 0.925032546875 0.9139588875 0.9246264609375 0.983759034375 0.9332850140625 0.9836078984375 0.9360634624999999 0.9749940078125 0.9364354765625 0.9722430296875