1 0.9659342499999999 0.9139772640625001 0.959081609375 0.913232421875 0.9501378390624999 0.9132844562500001 0.9475030328124999 0.92478040625 0.9415575734375 0.9310542765625 0.9386418843750001 0.9390931734375 0.93696773125 0.9676253421875 0.9375710500000001 0.9946130671875 0.9769461703125 0.994383990625 0.975531725 0.9629443546875001 0.9659342499999999 0.9139772640625001
1 0.9210821734374999 0.866531371875 0.9295923140625 0.9071892796875 0.9340917796875001 0.949055421875 0.9374508875 0.9588404640625001 0.9869694125 0.9585523734375 0.9858297109375 0.9558850265625001 0.98315625625 0.9416393640624999 0.9718638859375 0.9194219140625 0.9649606078125 0.8864830140625 0.958849215625 0.8784966390625 0.9386438421875001 0.8661356250000001 0.9354792546875 0.8527841468749999 0.9284897187500001 0.8446557468749999 0.9211620921874999 0.8446983781249999 0.9208285765625 0.8447374125 0.9210821734374999 0.866531371875
1 0.9476035265625 0.8332264421875 0.9510688703125 0.872424621875 0.9536075046875 0.8750838312500001 0.966134746875 0.8741196234374999 0.9715683296875 0.8669574046875 0.9811109921875 0.8250095703125 0.9827246281249999 0.7849611984375 0.9451372546875 0.7851798750000001 0.945155740625 0.78676848125 0.94661459375 0.7913398765624999 0.9476035265625 0.8332264421875
1 1 0.7348573078125 0.9662627453124999 0.7350535859375 0.9633500343750001 0.7363886828124999 0.967020134375 0.7453950234375 0.951915303125 0.7494952078125 0.9432538171875 0.7576076859375 0.9432883953125 0.7605792453125 0.9547174828125 0.760512753125 0.960933 0.7584704375 0.971657365625 0.7609157375 1 0.7624384078124999 1 0.7348573078125
1 1 0.6694838671875 0.981934775 0.6662077546875 0.95670201875 0.6663545546874999 0.9518203937499999 0.6727572484375 0.92784375625 0.68041981875 0.9221276406250001 0.6877986546875 0.9221510625 0.6898115375 0.97534343125 0.7027127046875 0.9949804515625 0.7051061515625 1 0.7054662015625001 1 0.6694838671875
1 0.9325984203125 0.6476251468750001 0.9327172171875 0.6578345828125001 0.934202425 0.6664412125 0.9328747390625001 0.6713719499999999 0.9328811671875 0.6719243374999999 0.9351424406250001 0.6742930125 0.9356327046875 0.6742901609375 0.9497594359375 0.6672420296875 0.959163571875 0.6564914078124999 0.970324825 0.624338740625 0.9701070390625001 0.6056221609375 0.972459 0.5922385890624999 0.976367328125 0.58330259375 0.9819149906250001 0.5859442953125 0.9828868859375 0.5832646640625 0.98279736875 0.5755716015625 0.9398049421874999 0.5758217234375 0.9373536843749999 0.592442825 0.9325984203125 0.6476251468750001
1 0.9423754000000001 0.5478266328125 0.942497234375 0.5582970984375 0.9441253453125 0.5643766328125001 0.9454602218750001 0.592891296875 0.94902260625 0.597327203125 0.9540272812499999 0.5964067609375 0.9616017031249999 0.600819321875 0.9657278171874999 0.6105999015625 0.973762259375 0.611444484375 0.9786321140625001 0.5989375921875 0.9845775734375 0.59266371875 0.9874517796875001 0.5810597609375 0.9834538187499999 0.5391907 0.9802878937499999 0.5287080265624999 0.943211275 0.5289237328125 0.9433438296875 0.54031538125 0.9423754000000001 0.5478266328125
1 0.9641778203125 0.5407670703125 0.9624866328125 0.5247330421874999 0.970126984375 0.49170953281249996 0.9796452 0.4907628296875 0.984763953125 0.4996463109375 0.989706403125 0.49337827343749996 0.9868981265625001 0.4675461625 0.983296290625 0.45993587031249994 0.9382305375 0.46019805625 0.9382781375 0.46428885937500003 0.9617014109375001 0.54345545625 0.9641778203125 0.5407670703125
1 0.97953645625 0.4208465828125 0.9740095375 0.4199874125 0.95979110625 0.40491759062500005 0.95213675 0.4007381328125 0.9517178875000001 0.40074056875 0.952031490625 0.42769154687500005 0.9491417249999999 0.43795860781249996 0.941115996875 0.43959385624999997 0.9411741499999999 0.4445914765625 0.9443755796875 0.4593781578125 0.9503550671875001 0.47271325937500003 0.9973562859375 0.4724398140625 0.9955808953125 0.463536884375 0.9957090515625 0.4314484046875 0.9930044828125 0.41452894687499997 0.9944260296874999 0.40739006875 0.9921895812500001 0.40050511093749996 0.990392765625 0.400515565625 0.9838736921875 0.405668809375 0.97953645625 0.4208465828125
1 0.9347207265625 0.307083109375 0.9307520421875 0.3546578265625 0.930866478125 0.36449245937499997 0.939663390625 0.37418857656250004 0.9433709671875 0.3911021984375 0.9510283562499999 0.4026448875 0.9610480750000001 0.4016952671875 0.966869084375 0.3847262078125 0.9718011640625001 0.3775669078125 0.9734234609374999 0.344578409375 0.9816171718750001 0.3160083125 0.9818215515625001 0.31199032031249996 0.9817664781250001 0.307257303125 0.9816072609375001 0.30681033125 0.9347207265625 0.307083109375
1 0.9495982968750001 0.297545796875 0.946212215625 0.3082614078125 0.9416779328124999 0.3065051359375 0.9284210281249999 0.287864415625 0.9284158671875 0.28817736250000003 0.928634103125 0.3069325984375 0.9441298953124999 0.344817884375 0.9445729578125001 0.34659795937500004 0.9844293687500001 0.34636608125 0.9843680406249999 0.311604728125 0.9817671812500001 0.303597925 0.9814975406249999 0.28042501875000003 0.9793359593750001 0.2670677078125 0.975732090625 0.259066740625 0.9553380359375 0.252271959375 0.9516354390625 0.2522935 0.949633115625 0.257435928125 0.9495982968750001 0.297545796875
1 1 0.214509584375 0.9794048359374999 0.214629403125 0.9609688375 0.21541354375 0.9334329703125 0.22359835781249998 0.9324089171875001 0.22846923437500002 0.9324509328125 0.23208007031250003 0.938029353125 0.235608540625 1 0.2459564328125 1 0.214509584375
1 0.9362766234375 0.1696772046875 0.9311541671875 0.2035773921875 0.93065555 0.2120752046875 0.9307848671875 0.2231887109375 0.966546640625 0.2229806546875 0.963859371875 0.1695167328125 0.948507403125 0.1163649953125 0.9480131359374999 0.116367871875 0.9435295515625001 0.1464605359375 0.9362766234375 0.1696772046875
1 0.9316095578124999 0.081153728125 0.933760765625 0.0936197765625 0.9323392203124999 0.1007586546875 0.9143265406250001 0.1044287515625 0.9137968375 0.10614121875 0.9139640015625 0.12050719218749999 0.9345489484374999 0.1613559609375 0.9370376796875 0.178276675 0.9714205343750001 0.1780766421875 0.9702905890625001 0.172735259375 0.9649059 0.097895209375 0.9596108421875 0.0738602140625 0.9411625062500001 0.06015391875 0.9363765703125001 0.0601817625 0.9353830656250001 0.060631278125 0.9316095578124999 0.081153728125
1 0.9375672921874999 0.0983355125 0.933669334375 0.1081627765625 0.9339408296875 0.1099438484375 0.974181115625 0.10970973749999999 0.9742808296875 0.10703517968750001 0.9716592281249999 0.0972458453125 0.9722370343750001 0.060698121875 0.9678827609375 0.0313096984375 0.960163146875 0.0144194171875 0.943959440625 0.0011437968749999998 0.9384947453124999 0.0056322203125 0.936768740625 0.0297080625 0.9207215734374999 0.029801421875 0.9208479437499999 0.040661659375 0.9364294624999999 0.0867548953125 0.9375672921874999 0.0983355125
1 0.918812196875 0 0.9188675390625001 0.0047561468750000006 0.9331746031250001 0.0328313796875 0.9359517687500001 0.05598969375 0.942595775 0.0666469515625 0.9442804625000001 0.07733306250000001 0.9447262437499999 0.07733046875 0.943826421875 0 0.918812196875 0
1 0.7503430828125001 0 0.75125029375 0.0078269921875 0.745646190625 0.0243412296875 0.7457539078125001 0.033598353125 0.7501709828124999 0.044377634375 0.7479642125 0.070238925 0.7527370234374999 0.0924943046875 0.75685276875 0.10138362031249999 0.7638980296875 0.1034223921875 0.7626946015625 0 0.7503430828125001 0
1 0.6737036328125 0.046721001562499996 0.673791165625 0.054243568750000005 0.66226306875 0.0593260234375 0.6586043671875 0.064225815625 0.6586458171875 0.067788015625 0.6669002984375 0.07484673750000001 0.68385185 0.07625273125000001 0.707088946875 0.0816344640625 0.715157021875 0.08559983437499999 0.72049294375 0.08456571406249999 0.7271741656249999 0.08640055937499999 0.7385028671875 0.0863346515625 0.7724773046875 0.08376173906249999 0.7864524328125 0.0846835109375 0.789976646875 0.0811522375 0.8015222515625 0.0775743 0.8256156000000001 0.0799418203125 0.8495805671875001 0.071276240625 0.8575494375 0.066716034375 0.8610269671875 0.0591727265625 0.8591277249999999 0.04915300625 0.8492712843750001 0.044696501562500005 0.8341139328124999 0.044283146875 0.8207041015625001 0.040850395312499996 0.8100089140625 0.0409126171875 0.79624098125 0.0450050234375 0.7779291859375 0.041600790625 0.7529364296875001 0.040935110937500005 0.7143196203125 0.041159778125000004 0.66920645625 0.043236398437500004 0.6737036328125 0.046721001562499996
1 0.7417478078124999 0.0486675640625 0.7383617265625 0.059383174999999996 0.740173659375 0.12889605625 0.7391799875 0.140087059375 0.7393831484375 0.15754668593750001 0.7441612484375 0.16987385156249998 0.745392415625 0.1894758578125 0.7469384109375 0.19303216875 0.752413478125 0.18943501093749998 0.7581419656249999 0.1932637984375 0.7641347578125 0.205410684375 0.7712076734375 0.20982616406250001 0.7802243843750001 0.2088823828125 0.7800065968750001 0.19016580624999999 0.7819089078125 0.181241478125 0.7882936453125 0.16961709687499998 0.7751893437499999 0.0778867625 0.7780739203125 0.06717406875000001 0.777876875 0.0502400234375 0.7690401734375001 0.0235516546875 0.7552229984375 0.019045328125 0.7521599125 0.0190631484375 0.74301379375 0.028159703125 0.7417478078124999 0.0486675640625
1 0.73580075625 0.0904433140625 0.73451403125 0.10916864531249999 0.7369452515625 0.14569886406250002 0.7401616953125 0.1635066703125 0.73504911875 0.18795110625 0.7350565312499999 0.18858820781250002 0.7440455765625 0.1955718078125 0.7454011921875 0.225869003125 0.7618019453125 0.2560786671875 0.7704208593749999 0.2640504578125 0.7778812015625001 0.2586590984375 0.779116075 0.23547744218750002 0.7759825984375001 0.22479975937500002 0.7778123124999999 0.2096365734375 0.775536653125 0.1864753390625 0.7783693765625 0.17130631875 0.7757477749999999 0.161516984375 0.7768167140625 0.12407507656250001 0.7735587875000001 0.10270220781249999 0.7683674390624999 0.08757986875 0.7614811968749999 0.09920716874999999 0.754889040625 0.0930062390625 0.7475983375 0.06987418281249999 0.74097760625 0.067568984375 0.739367153125 0.067578353125 0.7345592187500001 0.06995004218749999 0.73580075625 0.0904433140625
1 0.7664896984375 0.1584728296875 0.7662059796875 0.17719232499999998 0.7694431640625 0.1967826625 0.7659704109375001 0.24315181406250003 0.7638407359375 0.2450765171875 0.7639381625 0.25344927500000003 0.772666275 0.2582654 0.774315978125 0.2707343640625 0.7676475234375 0.30107824375000003 0.7748760015625 0.31886270781250003 0.7885618156249999 0.3312616484375 0.7965858890625 0.33121496562499997 0.8010268343750001 0.324949846875 0.8018224249999999 0.3071187015625 0.8076849171875 0.2937147046875 0.8069900734375001 0.23399990937499998 0.8125621828125 0.1956404765625 0.8124688453125 0.1876190859375 0.8088027500000001 0.1742705265625 0.81272145 0.16622579531249998 0.809138321875 0.160007359375 0.8036632578124999 0.1636045171875 0.8001319828125 0.161842409375 0.795871046875 0.140475375 0.7871284953125001 0.1298047171875 0.783739009375 0.12982443593749998 0.7698135546875 0.142409625 0.7664896984375 0.1584728296875
1 0.7635194875 0.21746844375 0.7637920609375 0.240893403125 0.7652779109375001 0.2467630046875 0.7640216734374999 0.2606261828125 0.764125128125 0.269517046875 0.7650979015625 0.274395153125 0.764437659375 0.2963759625 0.7644689484375 0.299064959375 0.7779184875 0.3848449828125 0.7874989265625 0.3892458765625 0.791645784375 0.40080898749999994 0.7976845796875 0.40255650625 0.8011225156249999 0.3962972234375 0.803872271875 0.3739980765625 0.8078117125000001 0.3677358765625 0.8152927968749999 0.36412705 0.8161817265625 0.35431729375 0.8109696359375 0.3374124234375 0.797740884375 0.23498690312499998 0.796246740625 0.23588692187500002 0.7900420125000001 0.219879153125 0.77041865 0.2095948265625 0.7693588140625 0.2096009921875 0.7653749546874999 0.2120007296875 0.7635194875 0.21746844375
1 0.827367046875 0.3066325546875 0.8286710609375 0.2893929625 0.8260702015625 0.2813861625 0.8184944609375 0.27650717812500003 0.8159083328125 0.2765222234375 0.813051825 0.28324455312499996 0.8085693968750001 0.2859446078125 0.805819640625 0.308243753125 0.7949524734375 0.3225681921875 0.79458266875 0.3355214359375 0.79474730625 0.3496704453125 0.7963495734375 0.3564304484375 0.795000621875 0.3698081859375 0.7983228484375 0.3967069015625 0.7981615078125001 0.42594333124999995 0.8025157796875 0.455331753125 0.808146409375 0.46510358125 0.8176749937500001 0.4650481453125 0.8241012156249999 0.456988825 0.832679784375 0.386619375 0.8326642171874999 0.38528148125 0.8307318921875 0.3802962203125 0.827367046875 0.3066325546875
1 0.7780090656249999 0.38837964375 0.7788222765625 0.45826680625 0.7825756484374999 0.47960230625 0.7812059546875 0.4911975125 0.792193865625 0.530351928125 0.8002075671875 0.52941398125 0.805454475 0.506208978125 0.816812775 0.4909903578125 0.8183417359374999 0.44998046875000003 0.8131607578125 0.43574939687500003 0.8129533406249999 0.41792408437499995 0.8142815499999999 0.402763815625 0.8182106203125 0.39561035 0.8141571000000001 0.39206863125 0.8115406843749999 0.38272493124999996 0.81341706875 0.3715724375 0.8082775734375 0.36090642812499996 0.8065241593750001 0.33952480625 0.8018757984375 0.32796461250000003 0.7912923484375 0.32356955625 0.7818674718749999 0.33253765 0.780265915625 0.367308678125 0.7778675265625 0.3762157765625 0.7779509609375 0.3833861265625 0.7784673140625 0.385145659375 0.7780090656249999 0.38837964375
1 0.81007245 0.4016205515625 0.8006060890625 0.40702358125 0.7930731515625 0.4061760796875 0.792111625 0.409746978125 0.7908873375 0.42081561250000005 0.7911642890625 0.4446166625 0.7921390328125 0.45520444062500004 0.7913345015625 0.4592447234375 0.7915955828125 0.48168200156249996 0.7927405390625 0.5068978453125 0.792470125 0.5568400062500001 0.79257979375 0.56626489375 0.7971222203125 0.5817437328125 0.8061353484374999 0.5922254484375 0.8068179515624999 0.5922214765625 0.8152697203124999 0.5896600875 0.8301281796875 0.5735297765625 0.8279354874999999 0.5574986656250001 0.8291599890624999 0.5334257421874999 0.8260679953125001 0.5263131234375 0.8259435453125 0.5156179359374999 0.8287036734375001 0.49421005625000003 0.8321001265625 0.48438571093749994 0.8333453687500001 0.46209531718749997 0.8386648734375 0.4451291765625 0.8390626703124999 0.436213603125 0.8322942109374999 0.4148611578125 0.8272065718749999 0.408651475 0.8194558453124999 0.3890873984375 0.816235725 0.3671514546875 0.8160737609375 0.367152396875 0.8127910953124999 0.376647609375 0.81007245 0.4016205515625
1 0.7293824375 0.5478704921875 0.8230645296875 0.5558516203125 0.8551675968750001 0.5571694640625 0.8881327515624999 0.5559746015625 0.9058646953125 0.5478468249999999 0.9066625937499999 0.53981756875 0.9021712515625 0.53683446875 0.8538911859375 0.5240753546875 0.8324716328124999 0.521692275 0.79221879375 0.5093880000000001 0.75829818125 0.5050714968750001 0.7334419484375 0.5137422609375 0.712051575 0.51386670625 0.6982466515625 0.5166951546874999 0.6982970296875 0.5210246890625 0.7024752375000001 0.5334824203124999 0.7293824375 0.5478704921875
1 0.765414734375 0.568614984375 0.73514088125 0.571298803125 0.6951272984375 0.5795562109375 0.6849822078125001 0.5853617671875 0.6850302046875 0.5894866453125001 0.686366365625 0.59264718125 0.706143440625 0.6070767359375 0.7133027421875 0.609542778125 0.7239920953125 0.6089790500000001 0.767623259375 0.6052144421875 0.788955278125 0.6000749515625 0.8708700171875 0.592576846875 0.888543603125 0.5794340250000001 0.8857764375 0.5714255078125 0.8509820671874999 0.5686187078125 0.8197936078125 0.5693016937500001 0.809033771875 0.56720689375 0.8044895640625 0.56723333125 0.791267271875 0.5689661171875 0.765414734375 0.568614984375
1 0.7964882265625 0.6247177890625 0.7234803109375 0.6316625375 0.7172764625 0.6347078609375 0.7041000515625 0.6513352875 0.69346321875 0.6564125562500001 0.68100884375 0.65849116875 0.6730399734375 0.663051375 0.6718587 0.6661403609375001 0.6718827625 0.6682082796875 0.6749217078124999 0.67156658125 0.6891936296875001 0.6724866281249999 0.71766744375 0.6683086640625 0.7382540843750001 0.6757119703125001 0.746275475 0.675665303125 0.7933841703125 0.6643573859374999 0.8164520359375 0.6551954890625 0.8217937937500001 0.6546628734375 0.8298443625 0.6571237296875 0.8325706796875 0.6616217140625 0.8405570546875 0.6585660203125 0.837795725 0.6510590078125 0.8457587609375 0.6459972953124999 0.864457834375 0.6443838937499999 0.8955587609375 0.6361783359375 0.9016634015625 0.6246074375 0.8894959281249999 0.6151795578125 0.8402432046874999 0.6154661015625 0.8151347765624999 0.618590846875 0.7964882265625 0.6247177890625
1 0.768738365625 0.6245716171875 0.7636470171874999 0.6611456 0.7678561 0.6780563046875 0.7596765624999999 0.6929483921874999 0.7597333234375 0.6978263453125 0.764708546875 0.7092710249999999 0.769744334375 0.7110243796875 0.7718022062500001 0.7154690375 0.7712762546875 0.7564730890625 0.7736452500000001 0.7876557140625 0.7797670140624999 0.7965333593749999 0.792377221875 0.8026992765625 0.7972952234374999 0.837432375 0.7997716328125 0.834743990625 0.799688665625 0.827613865625 0.8025939875000001 0.8186837046875001 0.8140456234375 0.8114864734375 0.8143397109375 0.7936582421875 0.81820655625 0.7811571828125 0.8129774296875001 0.7196861171875 0.8098439546874999 0.709008434375 0.8097506171875001 0.70098704375 0.813679684375 0.693833578125 0.8039747953124999 0.6787374984375 0.8057837687499999 0.6617917828125 0.8025880671875001 0.64576650625 0.7964040796875 0.63154126875 0.793689140625 0.6137305468750001 0.7870873796875 0.6079623234375 0.7839227734375 0.607980734375 0.781089303125 0.60845589375 0.768738365625 0.6245716171875
1 0.76939943125 0.7227896203124999 0.7694151437500001 0.724139925 0.7710081515625 0.7384915875 0.7731075078125 0.74650130625 0.7776936437499999 0.75271390625 0.7794781671875 0.7767693234374999 0.7850984265625 0.7856498859375 0.786350334375 0.8070344265625 0.783524278125 0.8658783765625 0.78562363125 0.8738880968749999 0.8075720453124999 0.9067394656250001 0.8205800515625 0.9039898093750001 0.8179688203125 0.895091740625 0.82395946875 0.8495992671874999 0.821884559375 0.8005884109375 0.8176028828125 0.777438846875 0.8203111546875 0.7515746390625 0.81874441875 0.7462357984375 0.8137190015625 0.745373709375 0.8111596249999999 0.7409319703125 0.8130308218750001 0.729333846875 0.803398528125 0.7204766265625 0.7986879421874999 0.7035688375 0.7936003015625 0.69735915625 0.7816929984375001 0.6923744187499999 0.7808528781249999 0.69237930625 0.770707396875 0.7126448843750001 0.76939943125 0.7227896203124999
1 0.6599975265625 0.8554037796875 0.6600869203124999 0.8630862015625 0.6602776921875 0.8646398609375 0.663866096875 0.8666251390624999 0.7085869359375 0.8799064984375 0.8041507640625 0.8964028328125 0.8273411765625 0.8977725296875001 0.8308420484375001 0.8922352390625001 0.839696346875 0.8871683421875 0.8601020875 0.879025009375 0.8689272109375 0.8714505890625001 0.851888125 0.8625220265625 0.809911109375 0.855243165625 0.7867440390625 0.8558794859375001 0.746532046875 0.847085740625 0.6831526921875 0.8460830765624999 0.6766619890625 0.8461208375 0.6619143359375 0.852091878125 0.6599975265625 0.8554037796875
1 0.7738860843750001 0.961108778125 0.7717971 0.9539903234375 0.77415943125 0.9414980171874999 0.778129984375 0.9379096125 0.7720393343749999 0.9317057656250001 0.7691377203124999 0.8978522609375 0.7546703906250001 0.8613920671875 0.74429034375 0.8566656281249999 0.7416067390625 0.856681240625 0.7360836109375 0.8588262234374999 0.7326560468750001 0.8659767734375 0.73047001875 0.89362059375 0.7266031749999999 0.9061216546875 0.7297677640625 0.9194731328125 0.7251997859375 0.9529817843749999 0.725207871875 0.95367660625 0.7315382140625 0.98542095 0.7346302062500001 0.9925335687500001 0.7348719546875 0.9957923359375 0.7695279734375 0.9955907140625 0.76853546875 0.9754011203124999 0.7738860843750001 0.961108778125
1 0.5031381890625 0.879743415625 0.4905487234375 0.8753600296874999 0.48533663281250006 0.8584551578124999 0.48762636718749997 0.8397239953125 0.486626253125 0.8331629812499999 0.4811543953125 0.833194815625 0.4780251875 0.8335405703125 0.47348719843750003 0.8745679640624999 0.47461465625 0.8852573156249999 0.47127005781250003 0.8995379890624999 0.46878994374999994 0.9450100390625 0.47179526406249994 0.9877762015625 0.4693996734375 0.997336809375 0.5284312375 0.9969933734374999 0.5265318531250001 0.993697034375 0.5031381890625 0.879743415625
1 0.4472232375 0.8637078703125001 0.4455515796875 0.8732468265625 0.430417575 0.8748394875000001 0.4250524734375 0.8733660875 0.4117301734375 0.8774559015625 0.40378464531249997 0.8840221265625001 0.3931069640625 0.8855888640625 0.3916106515625 0.8881742234375001 0.39163614375 0.890364946875 0.41550531562500004 0.8954893234375 0.44046075 0.8953441359375001 0.4708338078125 0.9011858921875 0.47445139062499997 0.9056786921875 0.4700709234375 0.9122241765625001 0.4550186140625 0.920837903125 0.45597990624999996 0.926850771875 0.46134500625 0.9283241734375001 0.4791703171875 0.92822046875 0.4880187828125 0.9226520671875 0.51823428125 0.9149532015625 0.533309934375 0.9083454937500001 0.5724847703125 0.9046068109375 0.591242196875 0.9080084546875 0.644618928125 0.8991717640625 0.6534965703125 0.8961108828125001 0.6390379140625 0.8791426937500001 0.6273755999999999 0.8726905421875 0.613983271875 0.8707623046874999 0.5257246375 0.8692696234374999 0.4661646359375 0.8567211109375 0.44573669374999997 0.85683995625 0.4409201875 0.8582276171875 0.4472232375 0.8637078703125001
1 0.5005771171875 0.73278200625 0.49519538750000003 0.744400553125 0.4998748609375 0.7586345437500001 0.4979829203125 0.7684501359375 0.4930612140625 0.776500703125 0.497709575 0.788060896875 0.497854765625 0.8005386140624999 0.488969171875 0.8558525171875001 0.4883043265625 0.8720275046875001 0.488468246875 0.8861147671875 0.48986476718749994 0.88971769375 0.503477984375 0.895877775 0.5080641203125 0.902090375 0.5097553078125 0.918124403125 0.5138710515625 0.9270137171874999 0.5299503109375 0.9295941484375 0.53130963125 0.9171076765624999 0.5286672890624999 0.9055358124999999 0.530884428125 0.8805657874999999 0.550045309375 0.8893675734375 0.554517365625 0.8857762515625 0.557768625 0.8634741874999999 0.5544692171875 0.8385362578125 0.5472096265624999 0.8180779953125 0.5400641125 0.8074236546875 0.5358757734374999 0.7922954828125001 0.543305003125 0.7842303265624999 0.54881118125 0.7833069671875 0.5492297203125001 0.7761739234375 0.5351772218749999 0.775364353125 0.5320956 0.769143 0.5324830265625 0.7593361609375 0.5378232703125 0.7441525515625 0.5321407890625001 0.729924396875 0.5292391750000001 0.6960708921875 0.5228693953125 0.6954428171875 0.511446715625 0.695509271875 0.5052706671875 0.7051235953125 0.5005771171875 0.73278200625
1 0.5413748046875 0.6331595250000001 0.5359827046875 0.6438868046875 0.53510414375 0.6545878265625 0.5290757187499999 0.6537315734375 0.5234673515625 0.670970175 0.523667546875 0.6881749875 0.5271904453125 0.7072220984375 0.5333018375 0.7152084765625 0.542754121875 0.751697846875 0.5403710484375 0.762407621875 0.5489277375 0.76503181875 0.5545894796875 0.7774774453125 0.5552050625 0.7872784484375 0.551421184375 0.8069096328124999 0.557062184375 0.817572725 0.5576985078125001 0.8291562609375 0.57091393125 0.8442319171875001 0.5798373046874999 0.8352667437499999 0.5875502515625 0.8084820921875 0.5914896921875 0.8022198906250001 0.5913963546875001 0.7941985015624999 0.5866961390625 0.7781819796875 0.5890273578125 0.7630158765624999 0.5832100546875 0.73720126875 0.5865131703124999 0.71935553125 0.5952291265625 0.692565046875 0.5955335859375 0.67562808125 0.592974209375 0.6711863421875 0.5875613671875 0.68013109375 0.5795269234375 0.6792865109374999 0.55721553125 0.615240846875 0.5474894328125 0.6093562640625 0.54313166875 0.6093816171875 0.5416377781249999 0.612657496875 0.5413748046875 0.6331595250000001
1 0.551415434375 0.557681790625 0.54600259375 0.566626540625 0.5368925453125 0.559548934375 0.5298714828125 0.5595897812499999 0.527938059375 0.5658403109375 0.5326967953125 0.6299880921875001 0.52638830625 0.65341645 0.5264470484375 0.658464753125 0.5369192078125 0.7342486609375001 0.540052684375 0.7449263421875 0.5471463437499999 0.7511243546874999 0.5556200671875 0.7466184265625 0.5776796 0.7028151171875 0.5736053390625 0.6974908640625 0.5709629953124999 0.685919 0.5771506875 0.657360571875 0.5821346203125 0.6546575984375 0.5790737390625 0.6502187765625 0.5715585828124999 0.5646952093750001 0.5713096828124999 0.543304834375 0.5692759234375 0.538912253125 0.5583966203124999 0.5389755484375 0.5547392921875 0.5416185859375 0.551415434375 0.557681790625
1 0.54235436875 0.525204709375 0.55324894375 0.556337734375 0.540593546875 0.5893904203125 0.535373990625 0.6199042140625 0.5354463578125 0.62612348125 0.5385527109375 0.6295119609375 0.5559394359375001 0.6151495921875 0.5634516328125 0.6142145625000001 0.5670555015625001 0.622215528125 0.5666680765625001 0.6320223687500001 0.5698430375 0.6462651125 0.5744602859375 0.655151509375 0.577991559375 0.6569136171875 0.5823910203125 0.6470834359375 0.5837088578125 0.6310319015625 0.5824776921875 0.61142989375 0.5866593671875 0.5828831359375 0.6070032640624999 0.5640469328125 0.607933678125 0.5578022390624999 0.6043505515625001 0.5515838046875 0.5942271234375001 0.5436207671875 0.5801331421875 0.539246134375 0.5691970859375 0.504548046875 0.5670251359375 0.49029946718749995 0.5593884874999999 0.4805393109375 0.5543072687499999 0.47962031875 0.54925156875 0.47964973281249995 0.5429321765624999 0.48865698437500005 0.54235436875 0.525204709375
1 0.5721644296874999 0.3961521859375 0.571234015625 0.4023968796875 0.56693455625 0.46392338281249995 0.5633757828125 0.47486208906250005 0.5635787015625 0.49230093124999996 0.5678612640625 0.50046235625 0.5726237046875 0.5218264718750001 0.573823759375 0.53875468125 0.58481166875 0.5779090984375 0.5955610515624999 0.596564403125 0.6007664765625 0.5697943421875 0.5965055421875001 0.5484273078124999 0.603872546875 0.5350145609375 0.606746753125 0.5234106015625 0.6058407859375 0.48865416093749997 0.6039007 0.45122975781249997 0.5917231046875 0.396038396875 0.585658871875 0.3872441796875 0.5852252874999999 0.387246703125 0.577598009375 0.3889899671875 0.5721644296874999 0.3961521859375
1 0.5465971265625 0.3628948796875 0.5445251796874999 0.40034262187499997 0.5491424281249999 0.40922901874999995 0.5525870281249999 0.44664466875000003 0.5655498453125001 0.4831136171875 0.5708863859375 0.5107136734375 0.5779344140625 0.526361034375 0.5788900796875 0.5263554734375 0.5800897703125 0.5258126703125 0.5834343703125 0.511531996875 0.5802075546875 0.4928329265625 0.5826773000000001 0.4464696078125 0.57832673125 0.37429751875 0.580574984375 0.35200129062499996 0.5706211953125 0.3155148375 0.552923346875 0.303139234375 0.5476660671875 0.325452971875 0.5398670765625 0.33458898125 0.53992416875 0.339495425 0.5419591359375 0.35222595 0.5465971265625 0.3628948796875
1 0.551973984375 0.3392736515625 0.519894259375 0.339961825 0.4994651765625 0.34609914218750004 0.4629641359375 0.3498222671875 0.45677196249999996 0.3538705984375 0.455968228125 0.361398353125 0.46496841718750004 0.36886906875 0.4890325875 0.3687290671875 0.49700729375 0.36467036406250003 0.5130442390625001 0.36407552656250003 0.5193064421875 0.3660452453125 0.5228948453125 0.3680305234375 0.5238853156250001 0.376550915625 0.5293204421875 0.3840423703125 0.571990315625 0.37426489375 0.5782350109375 0.3747301 0.5916798546875001 0.38117188281250003 0.61396733125 0.3815437578125 0.63081384375 0.37392266875 0.662870228125 0.37122847812500004 0.690429434375 0.3650496796875 0.705510925 0.3589434796875 0.7081322015625 0.35441438281250004 0.7053825421875 0.34791037812500003 0.6964056953125 0.34244568124999997 0.6615237921875 0.3321163125 0.6490344015625 0.331185896875 0.641956796875 0.33574091875 0.6348383421875 0.336785409375 0.62410814375 0.33383860468750004 0.6196109671875 0.3303539984375 0.6195642828125 0.3263419625 0.6248360140625 0.3197912921875 0.62209985625 0.31827751875 0.6141052015625 0.3183240296875 0.6043369046875 0.319910553125 0.551973984375 0.3392736515625
1 0.5620982062500001 0.20498393906249998 0.563350115625 0.22636847968749998 0.55873953125 0.2611570140625 0.5566986968750001 0.301278553125 0.5581335734375 0.3814895390625 0.562238946875 0.3894875890625 0.5698237390625 0.3947914171875 0.5782767203125 0.3885029578125 0.5876082609375 0.3715134765625 0.5899602203125001 0.358129903125 0.5992917609374999 0.341140421875 0.5922084734374999 0.335833675 0.590005409375 0.3189113 0.5925996046875001 0.28324316875 0.5919980984375 0.2315497640625 0.5802353359375 0.212009028125 0.5678139453125 0.16545797812500002 0.56742533125 0.16546023906250001 0.5637619875000001 0.1755605046875 0.5620982062500001 0.20498393906249998
1 0.477581634375 0.19265067656249998 0.47055654999999996 0.2017192390625 0.459925553125 0.2072980109375 0.4399812609375 0.210693734375 0.4400069953125 0.21290535 0.447634571875 0.2234187484375 0.4708599984375 0.22779747343749998 0.4798601859375 0.2352681890625 0.5039126875 0.234125178125 0.526153478125 0.230485015625 0.57427015 0.2292020046875 0.59837516875 0.2325725359375 0.61169746875 0.228482721875 0.629546121875 0.23038503437500002 0.63747414375 0.2223142953125 0.643473746875 0.20171631250000002 0.62914930625 0.196282728125 0.5141318218750001 0.1892093796875 0.4906623828125 0.1893459203125 0.48735054375000003 0.1895846109375 0.477581634375 0.19265067656249998
1 0.5589959734375001 0.0454766546875 0.5519023140625 0.039278643749999995 0.5494881296874999 0.047314621875000004 0.550269646875 0.071375875 0.5480110218750001 0.0927808375 0.5432448765625 0.1142003890625 0.5394939640625 0.1151135375 0.5295901765625 0.1044752453125 0.5213172046875 0.08313155312500001 0.5198091703125 0.08800685625 0.5200533187499999 0.10898892499999999 0.5201445578125 0.11166080625000001 0.52575444375 0.11965010000000001 0.5314991515624999 0.13922585 0.5453508984375001 0.165885040625 0.547585075 0.1854812125 0.5448042046875 0.2051065625 0.5489977296874999 0.22068036875 0.54859475 0.22915030937499997 0.5558024859375 0.24515224375 0.5624050125 0.2522444390625 0.5723832468750001 0.2477297578125 0.574818175 0.241476309375 0.5761049 0.22275097812500003 0.5824274140625 0.20577900312500003 0.58181183125 0.1959779984375 0.5851668 0.182588590625 0.5810614265625 0.1745905421875 0.5798613718750001 0.15766233125 0.58492160625 0.1184145515625 0.5869020109374999 0.0794810453125 0.586886696875 0.078164959375 0.56752155 0.0454270546875 0.5589959734375001 0.0454766546875
1 0.5172225125 0 0.5174303578125 0.017862265625000002 0.5200382968749999 0.028565475 0.5187826828125 0.049964603125 0.5203701640625 0.057085976562499995 0.5201382999999999 0.08026180000000001 0.523313259375 0.0945045421875 0.5224035875 0.10253176875 0.5251496390625 0.123016290625 0.531364740625 0.139915321875 0.53361965625 0.1612940265625 0.53817468125 0.1648328296875 0.5413252843749999 0.16561208593750001 0.5417736078125001 0.1656094765625 0.5505982140625 0.1549559671875 0.5577578046875 0.1237179078125 0.558940821875 0.0960799203125 0.5568903609375 0.006067929687499999 0.5554020265624999 0 0.5172225125 0
1 0.42532614375 0 0.430357628125 0.013678704687500001 0.4660374296875 0.015978818750000002 0.4919366515625 0.0203419875 0.500825965625 0.018284115625 0.5133211906249999 0.0197160375 0.5242848140625 0.042723021875 0.5339720234375 0.03263589375 0.583620296875 0.0097778171875 0.5961155234375 0.0112097390625 0.6040902296875 0.0071510359374999995 0.6103291171875 0 0.42532614375 0
1 0.2672055875 0 0.2686074828125 0.120478540625 0.2691755234375 0.107747384375 0.27553951875 0.09434047031250001 0.28957868593749997 0.0078001765624999995 0.2947345484375 0 0.2672055875 0
1 0.22043351718749998 0.0541211 0.20697774062500002 0.061341896875 0.20699050312499997 0.0624387359375 0.22158738281249998 0.0766836171875 0.21990405468750002 0.0852195640625 0.24220320156250003 0.086594446875 0.26099564062499997 0.0930051140625 0.28689486249999996 0.097368284375 0.298481315625 0.0973008765625 0.31101155468749997 0.101741821875 0.312887453125 0.109755525 0.306736128125 0.117314390625 0.3077032546875 0.1238287625 0.313977128125 0.12680149375 0.322004353125 0.12725633125 0.32642566875 0.124221378125 0.343976709375 0.1005469609375 0.35107765625 0.09799795781250001 0.359081540625 0.0964467765625 0.399270190625 0.10323450468749999 0.4321886609375 0.09802760625 0.4428196578125 0.0924488328125 0.444485478125 0.082408371875 0.44172998437500005 0.07540286562500001 0.435444440625 0.0714271265625 0.41219567343749997 0.06504238125 0.3845197546875 0.0611910890625 0.379207175 0.0642312265625 0.3738595828125 0.0642623375 0.36222644531250003 0.06031770937499999 0.326534971875 0.057014585937499994 0.30506289999999997 0.050117971875 0.2882530921875 0.048326378125 0.2671236 0.0484493046875 0.2551636984375 0.0514113515625 0.22043351718749998 0.0541211
1 0.20978693750000002 0.17038871875 0.1875169671875 0.1715213578125 0.186398234375 0.17280365312499998 0.18647250937499998 0.179186865625 0.1937966765625 0.174995590625 0.21430162031250002 0.1753778359375 0.2295523390625 0.18381526406249998 0.25010396875 0.1882095453125 0.274203153125 0.19107856875 0.2911313625 0.1904785453125 0.3044711703125 0.1878932453125 0.3953102328125 0.18134629687499998 0.4192985421875 0.1746867375 0.42549071875 0.1706384046875 0.4289565765625 0.16209208749999998 0.41370585625 0.1536546578125 0.38915762656249997 0.15087131250000002 0.2825137265625 0.15149174999999998 0.25861397343750003 0.1535538796875 0.20978693750000002 0.17038871875
1 0.208531790625 0.2142861203125 0.21927366250000002 0.218235934375 0.22818048124999998 0.217682575 0.23266015156250003 0.21966266874999998 0.231058521875 0.235219678125 0.2346644328125 0.23870947031249998 0.2703734140625 0.24351710624999998 0.2758027046875 0.25050705624999997 0.3069736578125 0.24831955468750003 0.3141212890625 0.2497825890625 0.3222068703125 0.2552524703125 0.32924362500000004 0.247186915625 0.338150446875 0.24663355937500003 0.37211774375 0.25496209687500004 0.3810303984375 0.2549102453125 0.40228655625 0.2432511953125 0.40394070624999995 0.232207725 0.39851725 0.2257192796875 0.3583169296875 0.2179285421875 0.34576335 0.2114815765625 0.31993415468749997 0.21313646249999998 0.3038155109375 0.2067102375 0.297518296875 0.2017314890625 0.274275365625 0.19584825156250002 0.267162746875 0.197394246875 0.2582267484375 0.19544008125 0.25112580156250003 0.1979890859375 0.2458423984375 0.20353674375000003 0.23783851406249998 0.2050879265625 0.22714332812500002 0.20515015 0.21997819062500001 0.20218260312499997 0.19414899375 0.20383748750000003 0.1930695140625 0.20897199843749997 0.19310883125 0.21235088750000003 0.1951569703125 0.2138623953125 0.208531790625 0.2142861203125
1 0.29824800156250003 0.1884449765625 0.294308559375 0.1947071765625 0.286709690625 0.23129575 0.277900396875 0.2500648453125 0.2747009875 0.27682323593749997 0.275043225 0.306235 0.2711519328125 0.35973719531250004 0.267776221875 0.3713440703125 0.263739015625 0.3735335984375 0.263823725 0.380813525 0.2638782671875 0.381171334375 0.27448245625 0.38734892187500003 0.27909970624999997 0.39623532031250003 0.2841458625 0.398879940625 0.29316257343749996 0.39793615625 0.3010933078125 0.38986808281249996 0.29850281875 0.38275254531249997 0.307682503125 0.3096104140625 0.3164503140625 0.28727625625000003 0.32629373125 0.2711751234375 0.316682178125 0.2641004328125 0.3159769625 0.20349437187500002 0.3209194125 0.1972263359375 0.31637475937500004 0.19457879843749998 0.3093848078125 0.1972934421875 0.3048194125 0.192863375 0.3027719125 0.1893099828125 0.301546734375 0.1670070765625 0.300536565625 0.167012953125 0.299513984375 0.1679371140625 0.29824800156250003 0.1884449765625
1 0.31025185781250003 0.23676764375 0.3044827046875 0.25819303125 0.29568378125 0.277853390625 0.28665669843749997 0.2779059078125 0.2790304234375 0.26903701875 0.2731057046875 0.27709342187499997 0.2787118890625 0.3278663828125 0.2768095765625 0.3367907109375 0.2674261828125 0.349323865625 0.2741531578125 0.3671112453125 0.2713515484375 0.3849540640625 0.265566675 0.3963122765625 0.2656012984375 0.3992877640625 0.27016852812500003 0.4125920515625 0.2709604171875 0.43754456875000003 0.274083521875 0.4473309859375 0.27914005 0.4508668703125 0.2897131296875 0.45437066406250004 0.29666159531249997 0.4480909546875 0.3235013515625 0.3409756953125 0.3279319265625 0.3338193109375 0.331778028125 0.3195357203125 0.33300253125 0.295462796875 0.32895938125 0.292812340625 0.3236472875 0.22421114687500002 0.326123696875 0.22152276249999997 0.32605135 0.2153052921875 0.324246828125 0.215315790625 0.3180996265625 0.22156944531249997 0.31025185781250003 0.23676764375
1 0.358443309375 0.387142321875 0.3597300359375 0.368416990625 0.3563580296875 0.3372402015625 0.350675546875 0.3230120453125 0.348267146875 0.3214332359375 0.3402576890625 0.321479834375 0.336121546875 0.3222053921875 0.3314463515625 0.3370883203125 0.31943337031249996 0.35349888906250004 0.32152235625 0.36061734375 0.3217401421875 0.3793339203125 0.3183022078125 0.385593203125 0.3056392109375 0.4828872875 0.3057223671875 0.490033675 0.3075313375 0.49439763125 0.324623975 0.4978634921875 0.3545897953125 0.4869932453125 0.3555098390625 0.47985728437499997 0.3515948453125 0.44511835 0.3610451546875 0.41002195468749997 0.360973990625 0.40390616718750005 0.360521921875 0.393369509375 0.358443309375 0.387142321875
1 0.25432053906249996 0.44417808125 0.1901610875 0.445554428125 0.17771838281250002 0.448636046875 0.1740603140625 0.45538546875 0.17407749374999998 0.45686191093749995 0.18140015468749998 0.458645396875 0.18949157187500001 0.464616784375 0.19839255625000002 0.46356192343749997 0.23319859843750002 0.467371734375 0.2448492421875 0.47282087656250005 0.2396066890625 0.4818790703125 0.229884465625 0.4889571703125 0.228195303125 0.4969916125 0.2309041109375 0.499985084375 0.2469293859375 0.4983872359375 0.29843021875 0.48153684375 0.31006335625000003 0.485481471875 0.308397534375 0.49552193281249995 0.316418925 0.495475265625 0.3251623515625 0.4808797828125 0.342673365625 0.479273290625 0.368834365625 0.48062570625 0.40090825625 0.479436028125 0.418686884375 0.47532028750000005 0.43101871249999996 0.46271008281250003 0.392495884375 0.4458818921875 0.347053009375 0.44714934843750004 0.3318314671875 0.4412194453125 0.3185630328125 0.44036408906249996 0.2959437015625 0.440495684375 0.259644790625 0.4421409515625 0.25432053906249996 0.44417808125
1 0.32257734375 0.44250250781249995 0.3293732078125 0.509312415625 0.32769905625 0.5378445859375 0.322196125 0.562884903125 0.322420675 0.582182696875 0.3258656359375 0.5957914375 0.3406063125 0.6126408718749999 0.343750159375 0.62420981875 0.3509267859375 0.63753795625 0.3554195859375 0.635729165625 0.36231619843749996 0.62499313125 0.36357922343750004 0.5180266703124999 0.36011387968749997 0.47882849062500005 0.3649111375 0.4600827359375 0.3633340296875 0.4538526296875 0.3572433796875 0.44764878281250003 0.3524498265625 0.4236108703125 0.34768380468750004 0.41831818906249996 0.336807184375 0.4183814671875 0.3313762671875 0.422842146875 0.32257734375 0.44250250781249995
1 0.3140234890625 0.61647548125 0.30980033125 0.6414571765625 0.31444498906249996 0.6958010359375 0.319024846875 0.7028791734375 0.31913928281250004 0.70287850625 0.3325406328125 0.6992610625 0.345790871875 0.6742268499999999 0.35320973125 0.665270428125 0.3551224125 0.6572373671875 0.3530749109375 0.6536839750000001 0.3584358984375 0.640282896875 0.3733151015625 0.62593511875 0.3646858171875 0.6170720625 0.36253460625 0.6046060140625 0.3629738859375 0.599255503125 0.374301075 0.5813630859375001 0.3756915078125 0.5715504109375 0.3733017703125 0.538585253125 0.369739384375 0.5341493484375001 0.366538496875 0.5176784421875 0.3679133765625 0.50652886875 0.36438210312499997 0.5047667609375 0.35392310312499997 0.5110668921875 0.347832453125 0.5048630453125 0.3404484125 0.473709596875 0.3385461015625 0.4826339234375 0.3292145609375 0.4996234046875 0.319785978125 0.5513751625000001 0.313788665625 0.55319270625 0.3127130609375 0.5469596812499999 0.3011577171875 0.54524425625 0.29713598281250003 0.5578617312499999 0.2972299578125 0.5659379062500001 0.29793756875 0.57022011875 0.3140234890625 0.61647548125
1 0.422051628125 0.6628706109375 0.3970436703125 0.65850225625 0.38985519062499996 0.65352869375 0.3094545515625 0.6379472203125001 0.296309890625 0.6311314593749999 0.292984125 0.6311508078125 0.2782310765625 0.63562118125 0.26147793125 0.651266340625 0.24991482187499997 0.6533397671875 0.22939820625000001 0.6519545140624999 0.2248088125 0.653710478125 0.2248157515625 0.6543068187500001 0.23571876249999998 0.6589392796875 0.2322704109375 0.6689901109374999 0.22693448906250002 0.67002423125 0.2314841875 0.6780223765625 0.264496025 0.6808395515625 0.274381646875 0.6878035765625 0.27086326562499996 0.691836353125 0.271882915625 0.70286426875 0.28080140781249996 0.7033139203125 0.2950032984375 0.6982159125 0.31370237031250003 0.6966025078125 0.3262384453125 0.7015449593749999 0.3351510984375 0.7014931078125 0.34304994375 0.6909148453125 0.35012755 0.6863598234375 0.3670557609375 0.6857597984375 0.3840364890625 0.689673315625 0.4302830984375 0.68087810625 0.4344639640625 0.67656845 0.434456578125 0.6759337328125 0.43013720937500005 0.6683404937499999 0.422051628125 0.6628706109375
1 0.2824765484375 0.642865103125 0.27519250624999997 0.6634079765625 0.2667187859375 0.6679139046875 0.265663921875 0.6634634125 0.26365790312500004 0.6634750828125 0.25963595 0.692367028125 0.2599079640625 0.7157439250000001 0.2632112125 0.7543929265625 0.2627645234375 0.8453107703124999 0.26544835 0.8604476984374999 0.274108746875 0.87198455 0.2836684453125 0.8746029125 0.29103545 0.8611901625 0.2991913828125 0.7862713343750001 0.3054516703125 0.7639517640625 0.31482469687500003 0.7505273453125 0.3229872921875 0.7192834484375 0.3222887421875 0.7023523203125001 0.31154973125 0.6845882796875 0.3129920203125 0.6792319328125 0.305272409375 0.6623416515625 0.30282030781249997 0.6170301296875 0.30035786249999996 0.61704445625 0.28185059218749997 0.632172834375 0.2824765484375 0.642865103125
1 0.22764452968749999 0.8054503203125 0.2273297 0.8214960187499999 0.2324173421875 0.8277056999999999 0.2432289484375 0.8517086 0.24692615468749998 0.8677309578125 0.245546090625 0.8784348984375001 0.24113625781249998 0.8873738124999999 0.2536079421875 0.9247369453125 0.26223339375 0.9344752312500001 0.262272803125 0.9344750015625 0.2692168046875 0.929994090625 0.277597190625 0.9174667703124999 0.27989063281250004 0.8559519375000001 0.2828166921875 0.8488043078124999 0.294216475 0.8371507499999999 0.30688224375 0.804989328125 0.2991004046875 0.782751453125 0.2781861140625 0.752568046875 0.276034903125 0.740102 0.275692665625 0.710690234375 0.2741777828125 0.7098077218750001 0.26523366875 0.7169903640624999 0.2527167953125 0.7188458375 0.2524227078125 0.73667406875 0.24909885156249997 0.752737271875 0.24312228125000002 0.7563373453125 0.235046353125 0.7519277015625 0.228118628125 0.7599899390625 0.224691959375 0.7779581828125 0.22476509375 0.7842432734375 0.23003797499999998 0.7956318078125 0.22764452968749999 0.8054503203125
1 0.25455883749999997 0.942709171875 0.26198806874999997 0.9346440156250001 0.262939225 0.9301818531249999 0.271893709375 0.923890475 0.2819030578125 0.9220495906249999 0.2856579390625 0.914341159375 0.2856436328125 0.9131116328125 0.28369128906249996 0.9033213437500001 0.273464153125 0.88644565 0.26588973125000004 0.8820330859375 0.26019687812500003 0.866913665625 0.25694932187499997 0.8464320640624999 0.26020058281249997 0.82413 0.25652411875 0.8098901749999999 0.2547499640625 0.7867260218750001 0.2472531328125 0.7767392 0.23779881249999998 0.7767942031249999 0.2281494828125 0.7850981265625 0.22678645468749997 0.8403682640625 0.22436189999999998 0.847512978125 0.22263589218750002 0.8715888187499999 0.2173578734375 0.8921200218750001 0.20903795625 0.9098464515625 0.20906634999999998 0.912286678125 0.2121731890625 0.9206726156249999 0.21976835156250002 0.926867709375 0.2238944671875 0.9366482906250001 0.2229847953125 0.944675515625 0.2170289671875 0.9500581218749999 0.2251671171875 0.9598153609375 0.230891084375 0.977608578125 0.23496534531250002 0.9829328296875 0.23696349374999998 0.9986890828125 0.2526694265625 0.998597709375 0.2512868359375 0.963228703125 0.25455883749999997 0.942709171875
1 0.3174351890625 0.990709590625 0.3529107453125 0.975457046875 0.3582116546875 0.9714138968749999 0.358164971875 0.9674018625 0.34647347812499996 0.9584421890625 0.33215487499999996 0.9535101078125001 0.31428871406250003 0.95010328125 0.274216775 0.95334564375 0.2643720046875 0.9498921484375 0.2609943296875 0.9454206796875001 0.2585968015625 0.945434628125 0.2536943234375 0.9514588859374999 0.2448283515625 0.955522775 0.23678361875 0.9535634234374999 0.21984957343749997 0.9536619421875001 0.21006899375 0.9557249984375 0.19667666718750001 0.9537967593750001 0.15746098125000002 0.9540249093750001 0.1486650359375 0.9641068515625 0.10886153125 0.9904184203125 0.099948875 0.990470271875 0.08657507656249999 0.9943233328125001 0.0865791625 0.9946745015625 0.12272855625000001 0.9993536828125 0.24515785625 0.998641409375 0.2924680796875 0.98985176875 0.3174351890625 0.990709590625
1 0.0943664390625 0.9316976406249999 0.0933115765625 0.927247146875 0.0878053984375 0.9281705062500001 0.08223699375 0.9237462734375 0.07964650625 0.9166307359375001 0.078969290625 0.9136649484375001 0.0340735796875 0.9139261453125 0.034159045312500004 0.9212710562499999 0.04322335 0.9328865078125 0.05779438906249999 0.9782593578125001 0.0594440921875 0.990728321875 0.0628133890625 0.999702259375 0.09203956875 0.9995322265625 0.097278425 0.966442409375 0.0943664390625 0.9316976406249999
1 0.046178628124999996 0.8792820890625 0.0517988875 0.8881626499999999 0.058439190625000005 0.941603575 0.0666291953125 0.9558171421875 0.0741413921875 0.9548821109375 0.086233059375 0.9164847484375 0.0965157546875 0.8950331031250001 0.0973320890625 0.8789844859375 0.0925842984375 0.8448310843750001 0.0348361015625 0.8451670546875001 0.0348933953125 0.850090884375 0.0429932984375 0.8641480796875 0.046178628124999996 0.8792820890625
1 0.0294342234375 0.8454401078125 0.0418302421875 0.8383464515625001 0.075552446875 0.8256118000000001 0.0889155953125 0.8250325171874999 0.1360534671875 0.8162321234375 0.14402817343750002 0.8121734203125 0.14839696875 0.804624925 0.13135204843749998 0.795194859375 0.11617135468749999 0.7927754859375 0.07515563125 0.7915094921875 0.062449340625 0.7840647796875 0.05401692031250001 0.7841138375 0.050124332812500005 0.7851351203125 0.041275865625000005 0.790703521875 0.023473896875 0.7928132453125001 0.00922618125 0.7928961359375 0.009854446875 0.8468891031249999 0.022292426562500002 0.84447858125 0.0294342234375 0.8454401078125
1 0.0436619546875 0.7625239421875001 0.0434404625 0.78659103125 0.05365722656250001 0.8025754578125 0.07004094375 0.788218925 0.075080434375 0.7471886140625 0.0742574359375 0.7195622984375001 0.0789325875 0.7042759890625 0.03632478125 0.7045238734375 0.0363529125 0.706941390625 0.038972109375 0.7473986859374999 0.0436619546875 0.7625239421875001
1 0.0789638640625 0.655835028125 0.0690986765625 0.655892421875 0.062910403125 0.65692523125 0.042405459374999996 0.6565429875000001 0.0092760609375 0.6628926578125001 0.009649721875 0.6950050937500001 0.043728553125 0.6936491375 0.0669248015625 0.6955203390625 0.084685921875 0.689900084375 0.10608213281250001 0.69027714375 0.12554408749999998 0.6776254546875 0.1281361875 0.6705888359375 0.124489428125 0.663588515625 0.09422154687499999 0.6557462609375 0.0902801546875 0.6557691906249999 0.0843066125 0.657302290625 0.0789638640625 0.655835028125
1 0.0411617578125 0.6215922078125 0.047610696875000004 0.639610075 0.0512166078125 0.6430998640625 0.058364239062500003 0.644562896875 0.065436009375 0.6395063703125 0.07323565 0.62040253125 0.11587634531249999 0.60811753125 0.1683559765625 0.5987845218750001 0.187014196875 0.5936605859374999 0.1914355125 0.590625634375 0.18600038593749998 0.5831341765625 0.17614978125 0.579179178125 0.15291851875 0.5742989484375001 0.125295121875 0.5749611953125 0.11373784687499999 0.5775361265625001 0.026440503124999997 0.582056315625 0.0083845875 0.5862797125 0.008715368749999999 0.6147068875 0.0214838890625 0.615688228125 0.0411617578125 0.6215922078125
1 0.10252130468750001 0.534699415625 0.1042161984375 0.5079497765625 0.1022138859375 0.46517777968749996 0.103500434375 0.438490075 0.0696159421875 0.438687209375 0.0693464515625 0.44219452343750004 0.0692955046875 0.4493505765625 0.069939296875 0.5046780390625 0.075709703125 0.5580298734375 0.074422975 0.5767552031250001 0.08723022968750001 0.5998551671875 0.091785253125 0.603393971875 0.09826333125 0.5997909796875 0.1026835328125 0.5917433296875 0.10819597031249999 0.56948811875 0.1081797921875 0.5680978015625 0.10484881718750001 0.5623169765625 0.10252130468750001 0.534699415625
1 0.03358844375 0.46936362656249997 0.033824545312499996 0.4896540390625 0.035440390625 0.49943258593750006 0.0416554890625 0.5163316203125 0.050389953125 0.5184919578125 0.052533315625 0.5184794875 0.0601074484375 0.5073110109375001 0.063452046875 0.4930303359375 0.0713516703125 0.4822884671875 0.0750110984375 0.4519620953125 0.08189734062500001 0.4403347953125 0.0916885375 0.40574407343749996 0.04828329375 0.4059965984375 0.037273809375 0.4414857328125 0.03358844375 0.46936362656249997
1 0.0797572640625 0.2849594375 0.078273490625 0.286750721875 0.062602403125 0.2761459828125 0.05951589375000001 0.2803430015625 0.0596392265625 0.290942215625 0.07533335468749999 0.335790753125 0.07577930000000001 0.3741151734375 0.084079678125 0.440916328125 0.0881850515625 0.4489143765625 0.10412341875 0.4541125078125 0.10432310468749999 0.454111346875 0.111641684375 0.43897332499999997 0.1088437796875 0.41403247656250003 0.11482405625 0.36764873593749997 0.12959955 0.3443883 0.1289943375 0.33547856249999997 0.134908684375 0.3265308953125 0.14018670312499998 0.305999690625 0.13460793124999998 0.3006841921875 0.1276076078125 0.30250757031250003 0.1134928859375 0.29635040625000003 0.1128150765625 0.281201809375 0.1087097046875 0.27320375937499997 0.1059428453125 0.2619014125 0.08182615625 0.2620417203125 0.082129965625 0.273358396875 0.0797572640625 0.2849594375
1 0.05723769375 0.24942017500000002 0.0490128703125 0.27531647812500004 0.048320984375 0.3020602796875 0.04312593125 0.329721609375 0.043824481250000005 0.3466527359375 0.053456775 0.3555099578125 0.06043635625 0.351904046875 0.063874290625 0.3456447640625 0.073634740625 0.32241350625 0.0972854578125 0.2429479015625 0.1025529046875 0.21881433125 0.10252720468750001 0.2166057171875 0.058901262499999996 0.216859525 0.058597015625000005 0.23693370468750002 0.05723769375 0.24942017500000002
1 0.08074423281250001 0.2588520109375 0.08497776093750001 0.23476158125 0.090778028125 0.216009990625 0.0918780796875 0.1812418796875 0.0897165 0.167884565625 0.086665990625 0.164337009375 0.078098928125 0.16082154843750002 0.0701578234375 0.1679983546875 0.0599062421875 0.1921237984375 0.036079909375000004 0.28060961562500003 0.03609941875 0.282286221875 0.09304998125 0.28195489218750003 0.08074423281250001 0.2588520109375
1 0.057887193749999996 0.06216745312500001 0.0593075765625 0.1009230109375 0.056422998437500003 0.11163570468749999 0.0424742078125 0.11973878906249999 0.0470810859375 0.1277339203125 0.05562740625 0.129466853125 0.058228265625 0.1374736546875 0.053932514062500006 0.15621648906250002 0.041623057812499996 0.1758972765625 0.041809731249999996 0.19194005625 0.04498469375 0.20618280000000003 0.0546273578125 0.2159312859375 0.0727022625 0.2176087796875 0.082096028125 0.20596689375000002 0.09268317968749999 0.167578284375 0.09048011875 0.15065590625 0.09237205468750001 0.140840315625 0.09782638125000001 0.13546062812499998 0.09667818125 0.1229887453125 0.099970925 0.10425174374999999 0.11766210937499999 0.0729524125 0.11797315625 0.066837390625 0.11794940625000001 0.06479625781250001 0.115233628125 0.06183382187499999 0.057887193749999996 0.06216745312500001
1 0.0648731640625 0.0744411515625 0.057433560937499996 0.0816150421875 0.051917010937499994 0.0816471359375 0.052511854687500005 0.089665609375 0.056105353125 0.096775309375 0.055676443750000006 0.1030170875 0.0391737609375 0.1436244578125 0.0392313109375 0.148570384375 0.0895605234375 0.148277578125 0.0954508625 0.116155575 0.10991523125 0.066157171875 0.1069410234375 0.0260648078125 0.1012585390625 0.011836653125 0.0921381203125 0.0038677812499999997 0.0863679515625 0.0026227375 0.083860353125 0.0026373265625 0.068439253125 0.036093389062499995 0.0648731640625 0.0744411515625
1 0.0015626062499999999 0 0.0016257875000000002 0.00542985625 0.0063305671874999995 0.0051321515625 0.0437929 0.00742189375 0.070630071875 0.015791912499999998 0.08223403124999999 0.01722901875 0.1151758453125 0.0140281390625 0.1222943 0.012983646875 0.1284864734375 0.008935315624999999 0.13102474375 0 0.0015626062499999999 0