1 1 0 0.9715919218750001 0 0.9720841531250001 0.008688790625 0.9832620125 0.062321637500000006 0.9947745484375 0.06330495 1 0.0631529046875 1 0
1 0.9105431546875 0 0.903641534375 0.0015696859375 0.8757104390625001 0.005063453125000001 0.8768902000000001 0.055750765625 0.890993840625 0.0482755625 0.9271015484375 0.0400535984375 0.93577110625 0.0331816484375 0.9489833609374999 0.010731559375 0.9636122578125 0.0069960546875 0.9714729140625 0 0.9105431546875 0
1 0.806796025 0 0.807522865625 0.0312280203125 0.8360550140624999 0.0303978203125 0.8755801156249999 0.0262096421875 0.8784571375000001 0.023367723437499998 0.8771559734375 0.00961455 0.8691716953125 0.0037788140625 0.8510923421875001 0 0.806796025 0
1 0.747539203125 0 0.7383336875000001 0.0027204671874999998 0.728894540625 0.0118763125 0.7289702484375 0.0151290234375 0.7415571437499999 0.01476278125 0.748368565625 0.0123580265625 0.760197425 0.014772046875 0.770851521875 0.0150959078125 0.7739376578125 0.0150061109375 0.7735883859375 0 0.747539203125 0
1 0.65982155625 0 0.6600270171875 0.0088274328125 0.66819106875 0.014833273437499999 0.677076196875 0.041063259375 0.685405234375 0.047289746875 0.6874926109375 0.047229010937499996 0.6980712765625 0 0.65982155625 0
1 0.5915373796875001 0 0.5887660015625 0.0372981046875 0.588934203125 0.0445246765625 0.590955803125 0.055464412500000004 0.5894389125 0.061394882812499996 0.592087159375 0.06407704843749999 0.59263411875 0.064061134375 0.608067928125 0.0559475546875 0.618268190625 0.0438780859375 0.6301258734374999 0.0082150390625 0.629934665625 0 0.5915373796875001 0
1 0.53313486875 0 0.5348253374999999 0.028907607812500003 0.5387983078125 0.0336972859375 0.5442881671875 0.0325564921875 0.5526712796875 0.0372178484375 0.55733243125 0.047873840625000004 0.55747059375 0.047885148437500004 0.5665406875000001 0.0476212359375 0.5713687515625 0.0347116953125 0.5778242359375 0.0276564671875 0.5808351984375 0.014815125000000002 0.57924579375 0 0.53313486875 0
1 0.462647540625 0 0.47817592812500004 0.050192387500000005 0.479354 0.050158109375 0.48115991874999997 0.048128121875 0.4790953765625 0.0305291828125 0.48576093125 0 0.462647540625 0
1 0.37838108125000003 0 0.3786730171875 0.012542728125 0.3808371625 0.0251258734375 0.3793659109375 0.03301713125 0.3818957046875 0.040485390625 0.38395147500000004 0.0404255734375 0.390988175 0.0346410703125 0.39556166406250004 0.017830040624999998 0.40164842968750003 0.018633990625 0.417471853125 0.0348515296875 0.42584783593750003 0.039206514062499996 0.42639910312499996 0.0391904734375 0.4257102578125 0.0095948859375 0.42827985625 0 0.37838108125000003 0
1 0.2970706203125 0.044641090625000004 0.3050420671875 0.0499255578125 0.3413679 0.051075148437499995 0.3561760296875 0.0550401671875 0.3550355640625 0.0060411359375 0.319663378125 0.003713896875 0.3081424578125 0.0145303046875 0.2896048234375 0.0189311828125 0.27738617187500003 0.027341170312500003 0.277480053125 0.0313746875 0.2782892 0.038567878124999996 0.2970706203125 0.044641090625000004
1 0.2267159375 0 0.22685655625 0.006041590625 0.22908431875000002 0.0126182125 0.229677609375 0.03810840625 0.2322249625 0.0527501296875 0.23628920937500003 0.061461378125 0.26077198749999997 0.0690266609375 0.26261282812500003 0.0689730984375 0.265000778125 0.06258806875 0.26452519531249996 0.018454378125 0.2681102453125 0.00657739375 0.27311729375 0.008393815625 0.28792945625 0.028565001562499998 0.288003440625 0.01326446875 0.2878957609375 0.0086380859375 0.2842303828125 0 0.2267159375 0
1 0.2050388828125 0.0159755953125 0.198073490625 0.0117651359375 0.1549221328125 0.0055798609375 0.1555966890625 0.034561553125 0.174824309375 0.0340020875 0.2032833921875 0.0248529328125 0.2050388828125 0.0159755953125
1 0.160442834375 0.04124120625 0.1604421359375 0.0412111921875 0.1260690109375 0.0367059734375 0.10038635 0.02917864375 0.0693795953125 0.025049548437500003 0.070204703125 0.060499579687500006 0.0984408078125 0.059677992187499994 0.10109205000000002 0.059498379687500005 0.160442834375 0.04124120625
1 0.0312711640625 0 0.03193863125 0.028677109375 0.034512324999999996 0.0594380484375 0.040641115625 0.0857482328125 0.0625229109375 0.10137560937500001 0.064000390625 0.10133261874999999 0.06744425781249999 0.099684184375 0.0713295671875 0.07700684218750001 0.06880503125000001 0.0633455140625 0.07027628281250001 0.0554542546875 0.090030653125 0.05095523749999999 0.0920759921875 0.044028331250000004 0.0907452671875 0.0342564890625 0.07288990937499999 0 0.0312711640625 0
1 0.11729116718749999 0.238976084375 0.09862522343749999 0.2378642828125 0.0729938875 0.2325420265625 0.064067709375 0.22838862031249998 0.058211018749999996 0.22966231406249998 0.04834294375 0.22719124062499998 0.0053869765625000005 0.2314464765625 0.0058188140625 0.25 0.1264193703125 0.2464908828125 0.11729116718749999 0.238976084375
1 0.08774504375 0.258561096875 0.10546197500000001 0.2580455875 0.1192447078125 0.25242891875 0.140787675 0.2506988 0.14467075000000001 0.24893089218750003 0.1406080421875 0.2429810515625 0.14471066875 0.2366099265625 0.1579599890625 0.2297884109375 0.16268231875 0.2219280296875 0.16147096875 0.21203373281250001 0.140882734375 0.2126327890625 0.1310274890625 0.2107129828125 0.1181155875 0.20391734375 0.017443139062499998 0.22008600312499998 0.005601446875 0.217120715625 0.0050539109375 0.217136646875 0.006064775 0.260567490625 0.074236484375 0.257600015625 0.08774504375 0.258561096875
1 0.0918524515625 0.1844530859375 0.092252603125 0.201645190625 0.09390975781250001 0.21670216718750002 0.09275708906249999 0.223320021875 0.0931741578125 0.2412389359375 0.09399741874999999 0.2441691875 0.09368013750000001 0.26297790781249997 0.09435015625 0.2917646734375 0.09715726875 0.30882695 0.10305786875 0.3253332109375 0.11047897343749999 0.312363553125 0.1178051890625 0.319017775 0.12611623125 0.34428340625 0.1325864578125 0.3463791625 0.135796446875 0.34628576093749996 0.140449196875 0.343866359375 0.1388218265625 0.32134941875 0.13999643281250002 0.3007130640625 0.1368557890625 0.260581146875 0.133091803125 0.24106954374999998 0.138516821875 0.2134421203125 0.128411446875 0.20588770781250001 0.1265330703125 0.1725864546875 0.10811665468750001 0.1397664109375 0.0985397296875 0.131215565625 0.09074984999999999 0.137080846875 0.091514625 0.1699386921875 0.0929285453125 0.174545303125 0.0918524515625 0.1844530859375
1 0.11220652499999999 0.18784327812499999 0.11033555625 0.19175920625 0.0869087921875 0.1968539859375 0.07517363125 0.206808125 0.0752529078125 0.21021416406250001 0.08953678281250001 0.2254628640625 0.107273659375 0.2288082625 0.1278747234375 0.2287604734375 0.14936636718750002 0.2248252828125 0.20044940625000002 0.227752046875 0.202740721875 0.230198134375 0.2117395171875 0.2299362953125 0.216949271875 0.2201006140625 0.23063626718750002 0.218047440625 0.264149234375 0.224795290625 0.28357744375 0.21650700937499998 0.29695649999999996 0.20122340468750002 0.29675120625 0.19240311875 0.2897729828125 0.1876413921875 0.2701394765625 0.18710938593749998 0.255279625 0.18092206875 0.18959335 0.18283334375 0.14728251718750002 0.17744476874999998 0.13845898750000002 0.1777015078125 0.1238429203125 0.1819882796875 0.11530941875 0.1780175890625 0.11457623125000001 0.17803892187499998 0.108143815625 0.18189343593750001 0.11220652499999999 0.18784327812499999
1 0.17284162187500002 0.231068109375 0.1960818609375 0.2303918875 0.20400201562500003 0.22824074687499998 0.222820934375 0.22961385937499998 0.227139528125 0.2294882015625 0.23440700468750003 0.2279076921875 0.2609032546875 0.2282400125 0.3556805203125 0.21169124374999998 0.36033869531249996 0.2010745203125 0.3729811453125 0.1962935328125 0.374787959375 0.1896212671875 0.3678353984375 0.185962075 0.3432486078125 0.18336763125 0.336283215625 0.17915717343749998 0.332169184375 0.17100226093749998 0.3213592078125 0.1702135171875 0.302860065625 0.176268196875 0.190422909375 0.19277917656250002 0.19144179375 0.1944044515625 0.1739487078125 0.20153314687499999 0.16311209843750002 0.2231005078125 0.1631480546875 0.22464530312500003 0.1657538921875 0.22880201093750002 0.17284162187500002 0.231068109375
1 0.32443658124999997 0.2433763046875 0.32322393437499997 0.2623783484375 0.3261856421875 0.27112167343750004 0.3368194671875 0.2776796546875 0.3404729703125 0.26874384375 0.34536592499999996 0.26565830468749996 0.3481030609375 0.24105225937500002 0.3598658515625 0.22501310000000002 0.360329459375 0.1975300390625 0.3578961984375 0.187790278125 0.35920772031250003 0.17303627500000002 0.35521098281249996 0.1435246734375 0.3550137921875 0.111351771875 0.3498506265625 0.0791271515625 0.3435356703125 0.0685192796875 0.3330615796875 0.0688240453125 0.32610046718749996 0.0778560984375 0.31783808593749996 0.15307629843749998 0.3179486453125 0.15782633125 0.319793871875 0.162410428125 0.32443658124999997 0.2433763046875
1 0.440846384375 0.16541831406250002 0.3928480578125 0.166814921875 0.36675470312499997 0.16798789375 0.34331510781249996 0.1725314046875 0.330531515625 0.17124844374999998 0.2888438828125 0.18372697031250002 0.2890577421875 0.192915259375 0.314480734375 0.19819425468750002 0.3314425109375 0.21038846718749998 0.3722180421875 0.21119482343749998 0.37719474375 0.2110500171875 0.3921498390625 0.2053122171875 0.4117576828125 0.20474168593750003 0.42846284062500006 0.2059105390625 0.4350305296875 0.2093671671875 0.4370709703125 0.20930779687499998 0.440227546875 0.20556822187499998 0.45045751093749997 0.2025123546875 0.4627637375 0.2043608453125 0.474400134375 0.198505846875 0.4978910515625 0.1961674078125 0.5105206718749999 0.1908351515625 0.515153184375 0.17911589375 0.5051054749999999 0.1689270671875 0.4668188578125 0.16783452968749998 0.4554705671875 0.16499279375 0.450568609375 0.1651354265625 0.44715969062500005 0.1661999875 0.440846384375 0.16541831406250002
1 0.37297238125 0.17588539375 0.379098521875 0.1861883265625 0.37831059375 0.194485871875 0.3822578234375 0.1954743015625 0.39337804374999996 0.1965071078125 0.422278046875 0.195666203125 0.4322706546875 0.19457071718750002 0.43610320781249995 0.19526393125 0.4653156390625 0.1944139375 0.48913339999999994 0.1929161796875 0.5363483671875 0.1923470953125 0.554919190625 0.1918067390625 0.571396525 0.1866610796875 0.582930275 0.1763959390625 0.5797581421875 0.1665586953125 0.56172615625 0.15053413437500002 0.5441304203125 0.153252684375 0.5176213390625 0.152369096875 0.5098551890625 0.1559049140625 0.4980904828125 0.1562472328125 0.47448408437499995 0.1536242625 0.46360995625 0.1500791765625 0.4390616578125 0.14913853593749998 0.42029306718750004 0.1436165921875 0.410476315625 0.1433505890625 0.3871137046875 0.151201709375 0.38037926875 0.1569140734375 0.35900310625 0.165810675 0.3354239375 0.1696909640625 0.335433759375 0.170112946875 0.3454444171875 0.17337652812499998 0.37297238125 0.17588539375
1 0.49820202968749994 0.2816754453125 0.5015205328125 0.296555321875 0.507116559375 0.2963924953125 0.5199524859375 0.291834190625 0.5352546890625 0.2619572578125 0.5422302625000001 0.158743396875 0.5430625859375 0.12340115781250001 0.54111575 0.087158728125 0.5318390875000001 0.0678075296875 0.52299598125 0.06708378125 0.5198024671875 0.0720819828125 0.5067017218750001 0.12544020625000002 0.5044930359375 0.1490498203125 0.4917381859375 0.19356847500000002 0.48836252656249995 0.2244033859375 0.48857409531249996 0.23349322031250003 0.4976543765625 0.25814603593749996 0.49820202968749994 0.2816754453125
1 0.5583218125 0.2210321140625 0.56185399375 0.2542852453125 0.5717011296875001 0.29814625 0.5787247234375 0.3099444921875 0.5809757296875 0.30987899375 0.5862622843749999 0.3075331234375 0.6017470390625 0.285499328125 0.6043208265625 0.2775759890625 0.6034957328125 0.265827325 0.59851873125 0.21790039062500002 0.5924584 0.1945313828125 0.5826413125000001 0.10455986875 0.56785196875 0.08536907031249999 0.5591001390625 0.088566890625 0.5566824687499999 0.1268984265625 0.5580323953125 0.16119611250000002 0.555961053125 0.172930946875 0.5560859859375 0.1782986015625 0.5582113328125 0.19258470156250002 0.5583218125 0.2210321140625
1 0.5803466125 0.231719390625 0.6105964234375 0.2272459875 0.6310306890625 0.220031715625 0.71125604375 0.2105260609375 0.718041803125 0.20701876718749998 0.732324265625 0.1883990296875 0.7439606624999999 0.18254403125000002 0.7576348281249999 0.17993958906250002 0.766342878125 0.17472143906249998 0.7681881859375 0.169702975 0.7641639703124999 0.1654069375 0.748452034375 0.164760825 0.7171821328125 0.1700838171875 0.69444065 0.1624709078125 0.6856171203125 0.16272764687500002 0.633938615625 0.17636744375 0.6086793734375 0.18703195625 0.602809853125 0.1877543828125 0.59392216875 0.18525478281250002 0.590865515625 0.18037894999999998 0.5821189718750001 0.1839432953125 0.5852526109375 0.192126734375 0.576557390625 0.197896153125 0.5560076484375001 0.2001490125 0.521899215625 0.209967728125 0.5164206328125001 0.22071099218749998 0.51649041875 0.22370930000000003 0.5292470140625001 0.2332062359375 0.5803466125 0.231719390625
1 0.6190559453125 0.2172846671875 0.6593931640624999 0.22217902656250002 0.67791796875 0.2172268828125 0.6932695609375 0.22530655156249998 0.701375971875 0.2250706796875 0.7123215093749999 0.22008732812499998 0.714153984375 0.214517596875 0.719004621875 0.21216989375 0.7641283234375 0.211960209375 0.798390725 0.2087567109375 0.808040675 0.20185623125 0.8145826484375001 0.1878748484375 0.8527024640624999 0.181800903125 0.8496971328124999 0.17913014375 0.8418539953125 0.17935835625000002 0.8319730890624999 0.1763360109375 0.8238348406249999 0.1638850609375 0.8042141656249999 0.1639043234375 0.790386028125 0.159893553125 0.7228544484375 0.166823290625 0.711166728125 0.1704732171875 0.7023431984374999 0.17072995625 0.6943974140625 0.1665480234375 0.677974534375 0.1775070640625 0.659295759375 0.17584399687500002 0.6417256859375 0.1796650796875 0.6261933828124999 0.18673672187499998 0.60664969375 0.1900635890625 0.6003141453125 0.19756926875 0.60037486875 0.20017818593749998 0.6010881140625 0.204016446875 0.6190559453125 0.2172846671875
1 0.7284569359375 0.171780484375 0.6927341546875 0.1965404859375 0.696008934375 0.2107878703125 0.7057487015625 0.2077462640625 0.755915503125 0.2134579 0.8097985796874999 0.2102351359375 0.835186128125 0.20508330312499998 0.8636944859375 0.2075636421875 0.869538346875 0.20573867968749998 0.8703904296875 0.2001974734375 0.8752282359375 0.197298503125 0.8880246578125 0.1991327296875 0.897584790625 0.188373375 0.9160967640625 0.182869959375 0.9228312015625001 0.1771575953125 0.92839278125 0.1632047390625 0.9055743125 0.152284221875 0.8937711140625 0.150972734375 0.877142940625 0.153111490625 0.8683707343749999 0.1555733 0.8616234671875 0.160734396875 0.8351913718749999 0.163158415625 0.8255285906250001 0.169507628125 0.8020248390625 0.1712948 0.7372291421875 0.169318675 0.7284569359375 0.171780484375
1 1 0.2119425921875 0.987759640625 0.20585381875 0.9414887468750001 0.1989255453125 0.9160113796875 0.20021850312499997 0.8716627765625 0.1915793734375 0.795153696875 0.1921506375 0.778641 0.1992508015625 0.7758153015625 0.20429779374999998 0.7770009890625 0.21308955312500003 0.78097388125 0.21518051875 0.8303399234375 0.22863842656250002 0.935678134375 0.2443292 0.9434600515625 0.244607240625 0.9619235609375 0.2440700078125 0.9649872515625001 0.23906326406249997 0.9746628640624999 0.23326531875 0.997006590625 0.223788921875 1 0.2211247609375 1 0.2119425921875
1 1 0.20689864062500002 0.98782453125 0.20545624999999998 0.9526843828124999 0.2130984203125 0.9449182328125 0.2166342390625 0.918486134375 0.21905825937499998 0.9019092859375 0.22340208437500003 0.8833973125 0.2289054984375 0.8689095546875001 0.2387049515625 0.879098403125 0.2549577234375 0.882331225 0.2557672578125 0.8841056406250001 0.2557156265625 0.8947590171875 0.2533987640625 0.9191780484375001 0.254695125 1 0.2523434453125 1 0.20689864062500002
1 1 0.48848409843749996 0.8985527125000001 0.5111464421874999 0.8939715218750001 0.5250707718750001 0.87547238125 0.5311254546875 0.854819990625 0.528968171875 0.8472818109375 0.5302513765625 0.847345071875 0.5329693093750001 0.8482010343749999 0.5396419484375 0.8492047640625 0.5397351718750001 1 0.535347478125 1 0.48848409843749996
1 0.8883337125 0.5656676515625 0.898853440625 0.5673236703125 0.9008951625 0.5839422187500001 0.8993782749999999 0.589872690625 0.9041307 0.6044502515625 0.9115025515624999 0.6130652578125 0.913430184375 0.6247818421875 0.9172025859374999 0.626879453125 0.9186053640624999 0.6268386359375 0.9238850703124999 0.5999512328125001 0.923246140625 0.5725002531250001 0.929085515625 0.5389744375000001 0.93395565 0.5349085062500001 0.941236228125 0.5396019453124999 0.950995703125 0.5559959250000001 0.9575880984375 0.55482305 0.9591049890625 0.548892575 0.9586486125 0.5292847328125 0.9523564765625 0.5196572546875 0.943311615625 0.486564525 0.9357572125000001 0.47010638125000004 0.9308943046874999 0.42708140937500005 0.934273984375 0.40638089062500005 0.9235332968750001 0.347830046875 0.9199975 0.3381223671875 0.90161949375 0.354354009375 0.8947496562499999 0.36730763125 0.8928868671875 0.382077675 0.8929408625 0.479200659375 0.8804405546874999 0.54417271875 0.8809959890625001 0.5680364124999999 0.8824294968749999 0.5727068390625 0.8883337125 0.5656676515625
1 0.726897396875 0.4941985390625 0.7544125328125 0.4961561375 0.745096184375 0.5173895828124999 0.74913323125 0.5222368859375 0.769588446875 0.5248526296875 0.7791133046875001 0.524575484375 0.801106846875 0.5212762515625 0.8234762328125 0.512902390625 0.8350613062500001 0.5048423234375 0.8516253265625 0.49994722812500003 0.8606413203125 0.507959509375 0.8617628515625 0.5139949296874999 0.86961881875 0.5143179859375 0.8702399453125 0.49885395624999995 0.8770257062500001 0.4953466625 0.88782285 0.495584140625 0.9046306578125 0.5011631375000001 0.920175790625 0.494642765625 0.9573665390625001 0.49080241874999997 0.9588910734375 0.47200225625 0.9469467343750001 0.464626825 0.9164262671875001 0.45999846718750004 0.90354003125 0.45430536562499996 0.887969234375 0.4597232 0.877133596875 0.4578319171875 0.8681817578125001 0.45257597812499994 0.8555521390624999 0.45790823593749996 0.8418266484375 0.45830760625 0.780798546875 0.4496021578125 0.74938750625 0.4488612015625 0.7435564765625 0.45123743281250006 0.7370401656250001 0.466321353125 0.7302928984375 0.47148244687499996 0.7126843328125 0.47364973125 0.7029830578125 0.4783451375 0.70233240625 0.48290279687500004 0.7026435546875 0.496270984375 0.7142164531249999 0.49732572499999994 0.726897396875 0.4941985390625
1 0.6326119265625 0.4671572765625 0.644517771875 0.47287890624999995 0.656308140625 0.4736391234375 0.65548171875 0.4802828640625 0.677087625 0.486891615625 0.6884548968749999 0.4865608609375 0.688981853125 0.48647944687500005 0.714369403125 0.48132761406249996 0.7230389609375 0.47445565937499995 0.7630040828125 0.463363253125 0.7748329453125 0.46577727187500007 0.77755599375 0.4563201390625 0.7911403453125 0.449856821875 0.801911828125 0.4489917640625 0.8235831031249999 0.4527743203125 0.8352066671875 0.44636805781250005 0.8479389359375 0.4454459453125 0.8642719984375 0.430628028125 0.8542371203125001 0.420990471875 0.8246200625 0.41302597968750004 0.8176546703125 0.4088155203125 0.808831140625 0.40907225937499997 0.791299559375 0.4145471484375 0.774568740625 0.41227575781250003 0.74627850625 0.419166975 0.7265808453125 0.41587862812500004 0.696938125 0.40681160156249996 0.6782978421875 0.4068023375 0.6734600390625001 0.40970130937500004 0.6834050984375 0.4154799921875 0.68263 0.42432880624999997 0.6125934953125001 0.45008723437500003 0.6049343578124999 0.46324925156249996 0.6049764203125 0.46505640000000004 0.6100500765625 0.4672621171875 0.6326119265625 0.4671572765625
1 0.6272806906249999 0.5421149875 0.62782834375 0.5656443984374999 0.6301475078125 0.5704821984375 0.637036109375 0.5709255796875 0.64111031875 0.5708070328125 0.646065821875 0.5670758546875 0.6495139578125 0.549316515625 0.655349715625 0.53933615 0.665455090625 0.5468905625 0.673172840625 0.546666 0.6752181796875 0.53973909375 0.6691650765625 0.46927917968750005 0.6762439 0.4416036359375 0.6631876609375 0.3546695390625 0.6596062265625 0.343001075 0.65172874375 0.33636289375 0.6424712828125 0.3415375390625 0.6187823515625 0.390298565625 0.6233294093749999 0.396052596875 0.6263823937499999 0.40871749218750003 0.6199461140625 0.440298565625 0.6154052921875001 0.4428854765625 0.61544820625 0.4447292265625 0.6179235937499999 0.44820586406249996 0.6272806906249999 0.5421149875
1 0.5449614453125 0.4880228609375 0.553207646875 0.48680186562500005 0.557271890625 0.49551311406250004 0.5569716312499999 0.5063134671875 0.560644340625 0.5219035 0.5658339421874999 0.531563059375 0.5673896468749999 0.532299571875 0.57025365625 0.5322162374999999 0.57444885625 0.5224828859375 0.5756919234375 0.5047877062499999 0.5740873718749999 0.48325115937499996 0.578318578125 0.4517342484375 0.600441365625 0.43048836250000005 0.60138416875 0.42359353593750004 0.5973655609375 0.41684307187499997 0.5861348328125 0.4083403484375 0.5705852359375 0.40388751562499997 0.558118675 0.365989065625 0.5555485015625 0.350366953125 0.5470284750000001 0.33982324375 0.5365087453124999 0.3381672234375 0.529042003125 0.3491761015625 0.5288750421875 0.389404259375 0.5412503296875 0.4233811390625 0.5277616609375 0.4600726953125 0.5227301171875001 0.4917921234375 0.5229447328125 0.5010129109375 0.5260321718750001 0.5042705453125 0.5449614453125 0.4880228609375
1 0.4642881265625 0.45528213125 0.465824221875 0.47387750000000006 0.478404878125 0.516677909375 0.489976315625 0.536115628125 0.49061199687499996 0.53609713125 0.49584008281249997 0.50734109375 0.49088228593750005 0.483940003125 0.4988090203125 0.46899351562499997 0.5018199828125 0.456152178125 0.5003787796875 0.41793292187500003 0.49776658124999995 0.37680457343749996 0.4836726484375 0.316389184375 0.47682924531250004 0.3067777484375 0.46805459687499995 0.3089951765625 0.46217319999999995 0.3170147546875 0.461230396875 0.32390958125 0.45729222187499996 0.3917170421875 0.4534549765625 0.404053571875 0.4538934375 0.42289165781250004 0.4587790625 0.43189708125 0.4642881265625 0.45528213125
1 0.2915717578125 0.47465560937499995 0.3067358859375 0.4717673828125 0.344483003125 0.4731160484375 0.375517784375 0.472213028125 0.4371152109375 0.46742208906249993 0.46168917187499997 0.46946526562499996 0.5016414609375001 0.45782159062499994 0.5149178703125 0.4381278421875 0.49026692499999996 0.43277705781250003 0.4792644859375 0.42371929374999995 0.46070119218750005 0.42701763593750003 0.4490519625 0.4323213671875 0.4078113375 0.43076313906249997 0.3981228953125 0.43600981718750004 0.357023409375 0.4405155359375 0.31714810312499997 0.45546682031249996 0.2868842546875 0.461863821875 0.2704805765625 0.46959377656249995 0.270543378125 0.472292046875 0.2826994625 0.47491376562500004 0.2915717578125 0.47465560937499995
1 0.3098583453125 0.30202481875 0.2991716546875 0.3405969578125 0.298388584375 0.35435452968750003 0.303532546875 0.36205330468749997 0.30481763281249996 0.369864359375 0.301783853125 0.38172530781249997 0.2980390703125 0.38673955000000004 0.293628928125 0.386867871875 0.2863255328125 0.3811940421875 0.2841539359375 0.38528875625 0.2842474234375 0.389305303125 0.2868503671875 0.40374306249999997 0.3091448609375 0.46097667031249995 0.310517609375 0.49625474687500004 0.3176576578125 0.5186112828125 0.3224521078125 0.5586950828125 0.3270219828125 0.56542950625 0.3307792234375 0.5657647203125 0.3357535515625 0.5656199828124999 0.34335465 0.5561247671875 0.342738540625 0.5296541796875001 0.338123028125 0.5209589703125 0.33716101875 0.503327953125 0.339206359375 0.496401046875 0.3413201546875 0.492415315625 0.350668890625 0.4911622390625 0.35840625 0.4853365015625 0.3583576296875 0.48324755625 0.34723160000000003 0.438285225 0.347623134375 0.4314064390625 0.354447334375 0.41649203281249997 0.35442813125 0.3919661890625 0.345725553125 0.3735793421875 0.342147734375 0.338365425 0.334825134375 0.308165753125 0.327821996875 0.29169156875 0.3233946671875 0.289229790625 0.3219418421875 0.2892720625 0.315694103125 0.2920444546875 0.3098583453125 0.30202481875
1 0.229928315625 0.3921703984375 0.2275334625 0.43148232656249996 0.2288569578125 0.488345071875 0.242038134375 0.5095447734375 0.256197 0.5601170515625 0.2568334296875 0.5600985328125 0.26061428124999997 0.5492275640625001 0.26206633125 0.5168104625 0.26041614062499996 0.49331312968749996 0.265038884375 0.454917434375 0.26676837343750004 0.4107195859375 0.26416340625 0.32250032968750003 0.25954789375 0.313805125 0.2511419625 0.308163375 0.24193013749999998 0.3152988046875 0.23188960625 0.33423102031249996 0.22947555 0.349017103125 0.2211334875 0.364746721875 0.22123826093750001 0.3692482125 0.227289684375 0.3736071078125 0.229928315625 0.3921703984375
1 0.1848653203125 0.4980867046875 0.23045405156249998 0.496760209375 0.2389198609375 0.493896928125 0.2465320421875 0.4837458953125 0.2581556078125 0.4773396296875 0.281595203125 0.4727961203125 0.271470509375 0.4592996859375 0.24586483593750003 0.45507996406249995 0.23586844999999998 0.447096209375 0.209423525 0.44896896249999996 0.18500353593750002 0.45354099843749995 0.132088021875 0.4561839671875 0.10552761718749999 0.45309530625 0.09092438124999999 0.457933346875 0.0712652140625 0.45629880468749995 0.06264698125 0.46537583125 0.05811781875000001 0.48167340000000003 0.058285490625000005 0.4888772921875 0.072137715625 0.49378502187500006 0.1848653203125 0.4980867046875
1 0.0931032078125 0.5727417015625 0.1002070109375 0.5787279203125 0.10117555625 0.5786997375 0.10353166250000001 0.5704761546875 0.10236428281250001 0.5440216046875 0.10457297031249999 0.5204119921875 0.1095379953125 0.496722178125 0.1136496859375 0.495621484375 0.12467323593749999 0.5070734046875 0.1340411765625 0.530346171875 0.13608651562500002 0.5234192656250001 0.13496477812500002 0.498925503125 0.128695459375 0.490278415625 0.12212949843750001 0.46888623125000006 0.106560696875 0.439907553125 0.10385360937499999 0.41840308750000005 0.10665920312499999 0.39673821875000004 0.101849728125 0.379709678125 0.1021842171875 0.3703799125 0.0940557265625 0.3529574171875 0.0867066921875 0.345322803125 0.075795428125 0.35054556875 0.073198821875 0.357488515625 0.07202421249999999 0.3781248703125 0.06529128906250001 0.39696084531250003 0.06609356562499999 0.40772911875 0.0625769734375 0.42254728437500005 0.0671924859375 0.43124248906249996 0.06872858125 0.4498378609375 0.0636686640625 0.49315155781250003 0.062316418750000005 0.5277087484375 0.06256463281249999 0.5383730140625 0.083731653125 0.5730143859375 0.0931032078125 0.5727417015625
1 0.11971392656249999 0.4793753734375 0.0852077359375 0.4721047828125 0.05477708906249999 0.47133529999999996 0.011011443749999999 0.473096515625 0.011455790625 0.4921875 0.131386540625 0.488697871875 0.11971392656249999 0.4793753734375
1 0.026987942187500003 0.8301825468749999 0.036405132812500005 0.8318706468749999 0.037488465625 0.8073127234375 0.0441757515625 0.7865159640625 0.048475415625000004 0.7579402296875 0.04817876875 0.7451951328125 0.052820715625 0.731325278125 0.061595365624999995 0.72910785 0.0700241171875 0.735729990625 0.07716778125 0.734541075 0.08031565625 0.7275820890625 0.080661553125 0.7187425203125 0.07723985156249999 0.7139368015625001 0.050873881249999996 0.6950828515625 0.047934990625 0.6873199125 0.046075818750000004 0.6785445046875 0.05276671875 0.63420229375 0.046409742187500005 0.5980881874999999 0.0400719671875 0.5864999234375 0.032558690625 0.585386959375 0.0273622125 0.5855381625 0.021351678125000002 0.588025684375 0.017101267187499998 0.5950167515625 0.014120418749999999 0.6066707499999999 0.019493028125 0.8375 0.020113253125 0.837481953125 0.026987942187500003 0.8301825468749999
1 0.130956125 0.8406336187499999 0.1326291328125 0.86511134375 0.1348446734375 0.86697833125 0.1414771171875 0.866785346875 0.1363282765625 0.8581363156249999 0.1363547109375 0.8355712562500001 0.14533834375000002 0.8186319078125001 0.1497749203125 0.7959385250000001 0.1523907203125 0.7701188890624999 0.1523002296875 0.766231021875 0.151481590625 0.7507602828125 0.14838296875 0.7361346015625 0.139440228125 0.636327084375 0.131657634375 0.610065021875 0.12708776093750002 0.6033305984374999 0.1176249296875 0.5996817140624999 0.10864129687499999 0.6166210640625 0.105743425 0.6469122703125 0.1082875265625 0.756217259375 0.11150924531249999 0.7872413796875 0.130956125 0.8406336187499999
1 0.1232881109375 0.7520702781249999 0.137180403125 0.7588373890625 0.16557328437500002 0.7563563203125 0.18338714375 0.763009325 0.19037819843749998 0.7683223171875 0.2149922234375 0.7739599015625 0.21727643593749998 0.7738934375000001 0.22382700937500002 0.7723138281249999 0.23003077656249998 0.773522325 0.235988015625 0.7733489859375 0.24146123749999998 0.7712490843750001 0.24720245156249998 0.7650139765625 0.2559874875 0.7631034359375 0.2677521921875 0.7627611187500001 0.275672315625 0.7658405109374999 0.304065196875 0.7633594390625 0.3058206859375 0.7544821015625 0.3028281859375 0.752362609375 0.288109471875 0.7522392375 0.27624211875000004 0.7481714125 0.2664510296875 0.749007946875 0.2614977453125 0.7469455078125 0.263060771875 0.7297991500000001 0.2590493859375 0.7260543796875 0.21970538906249998 0.7216827609375 0.21364340624999997 0.7141361671875 0.179381003125 0.717339665625 0.171499371875 0.7159140749999999 0.1625347046875 0.7101068671874999 0.1548968609375 0.719155365625 0.1451057703125 0.7199918984375 0.10763274375000001 0.7117043515625 0.097828821875 0.7119896171875 0.0745945203125 0.7253534125 0.0733766578125 0.7341943640624999 0.073469384375 0.7381782828125 0.0789651703125 0.7445336859375 0.1232881109375 0.7520702781249999
1 0.1370088671875 0.72612141875 0.1273204234375 0.7313680953125 0.1250150875 0.7359562562499999 0.125163253125 0.742322071875 0.1257189046875 0.74686065 0.13474772968749998 0.7554241968750001 0.1425267140625 0.7524396453125 0.2231754875 0.76112583125 0.24791624687499997 0.7703354921875001 0.26492965156250003 0.7803246609375 0.26621769687499997 0.7802871828125 0.273419275 0.7701450703125 0.34008594062499997 0.7682052671874999 0.3470769953125 0.7735182625 0.3499026953125 0.768471271875 0.346781884375 0.7608391 0.3515683671875 0.75573505625 0.35543861250000003 0.753415878125 0.3802396421875 0.75161970625 0.3802215890625 0.750844059375 0.3788910390625 0.749423634375 0.356303528125 0.7484259421874999 0.34933813593749996 0.7442154828125 0.3089367625 0.7365647828124999 0.28811757031249996 0.727241015625 0.25861599062499996 0.7242379375 0.22626304687499998 0.7251793125 0.16732404218750002 0.7219294890625 0.154489125 0.7184414593749999 0.15156041250000002 0.7132632515624999 0.14962705468749998 0.71331950625 0.14360216406249998 0.7143451062499999 0.1370088671875 0.72612141875
1 0.302195084375 0.7665686375 0.3101537 0.7713018375 0.325942621875 0.7752555562500001 0.35245170312499996 0.77613914375 0.35529023125000003 0.771643421875 0.43066495 0.764485471875 0.43367028124999996 0.76715623125 0.442493809375 0.7668994921875 0.4334649875 0.75833594375 0.41659302499999995 0.7500006078125 0.3929096421875 0.744070028125 0.37111005937499997 0.7347747890624999 0.370879103125 0.7248519671875 0.3804905609375 0.716297684375 0.37151306093750003 0.70993920625 0.3157590171875 0.717077896875 0.305903771875 0.7151580890625 0.29193449375 0.7050833703125 0.272493453125 0.7128203828124999 0.2528086234375 0.7100833046874999 0.23891633125 0.70331619375 0.22237797499999998 0.7093138234375 0.194939825 0.7106638328125 0.184232496875 0.71428523125 0.1804392375 0.7199120171875 0.177985453125 0.7277667812499999 0.1781075453125 0.7330123656249999 0.183829496875 0.7391208140625001 0.302195084375 0.7665686375
1 0.3787061046875 0.7989039203125 0.386031940625 0.798690759375 0.41614338125000006 0.7870076593750001 0.41706336562499996 0.779132440625 0.412314553125 0.74100943125 0.42242715625000005 0.7014729390625 0.42146514843749994 0.6838419203125 0.4191003453125 0.6770433359375 0.420274953125 0.65640698125 0.416168684375 0.6221894953125 0.409739634375 0.606679665625 0.40526103437499994 0.6038668109375 0.3937300453125 0.606164440625 0.3887812625 0.622659696875 0.3757855984375 0.641023534375 0.378173221875 0.6488025109375 0.37865241875 0.6693907453125 0.37495327500000003 0.6763657734375 0.36223360625 0.7841290171875 0.3624044421875 0.79146879375 0.3645067453125 0.7963585828124999 0.3787061046875 0.7989039203125
1 0.33443345468749996 0.730132059375 0.344211715625 0.728744259375 0.3825496578125 0.7320418671875 0.39543589375 0.7377349703125 0.38978449843749996 0.747828953125 0.37917981875 0.75586049375 0.377424328125 0.764737834375 0.3800981375 0.7675922515625 0.384460515625 0.7674653203124999 0.39805105625000003 0.76579258125 0.45449037968750006 0.745946203125 0.46733812500000005 0.749985503125 0.465633959375 0.7610679140625 0.47445748906249996 0.760811175 0.4838893140625 0.7445391406249999 0.5031321953125001 0.74232430625 0.531928528125 0.7431413421874999 0.5671969859375 0.7410118515625 0.58670218125 0.7360311796875 0.6000108187500001 0.72195175625 0.6000075015624999 0.72180923125 0.5575137859375 0.704333640625 0.507539446875 0.706891028125 0.4907188109375 0.7007607640625 0.46715090625 0.6997915953125 0.41131987812500004 0.703622678125 0.4054888484375 0.7059989078125 0.3349262734375 0.7091553515625 0.3212777703125 0.71286233125 0.3169858625 0.721052825 0.3170060125 0.7219185312499999 0.32545595625 0.7237735828125 0.33443345468749996 0.730132059375
1 0.61568855 0.6876183375 0.6283566625 0.683939884375 0.64271826875 0.6758865640625 0.642706415625 0.6753773328125 0.6408066515625 0.6708898796875 0.6288623125 0.663514446875 0.5111510984375001 0.6641812859375 0.46809082812499997 0.6687440578125 0.44737428437500004 0.6638304374999999 0.4405500328125 0.665683925 0.43384125781250005 0.672498828125 0.407486146875 0.6782304531250001 0.4007645421875 0.6844940859374999 0.40200155156250006 0.6954909171875 0.407044653125 0.7014122328125 0.4288442375 0.7107074718749999 0.502219678125 0.7019527703125 0.5336435515625 0.7032449921875 0.5627979859375001 0.70911525 0.5811022390625 0.7085826515625 0.5974331953124999 0.7041471109375 0.61568855 0.6876183375
1 0.49283690937499997 0.70556300625 0.50283329375 0.7135467609374999 0.511708146875 0.71549509375 0.5155783921875 0.713175915625 0.5304254140625 0.7188119656249999 0.546496615625 0.734893578125 0.5560824109375 0.725236759375 0.569756578125 0.7226323171875 0.5756517624999999 0.7230124265625 0.5955547171875 0.7351210578125 0.603305096875 0.7360806609375 0.6140899203125 0.7357668546875 0.642600709375 0.7332005171875 0.6474128546875 0.7291990109375 0.6654731234375 0.7253636625000001 0.6777665171875 0.7266608859375 0.6796374859375 0.72274495625 0.672505290625 0.7113680171875 0.679214065625 0.704553115625 0.7133481578125 0.6958369359375001 0.7034929125 0.69391713125 0.684621675 0.68398504375 0.6275023125 0.674614221875 0.62538755625 0.6680560609375 0.632224640625 0.6667538390625001 0.6338903140625 0.6540176234375 0.6170953375 0.6489898937499999 0.6063495171875 0.650957490625 0.5557668828125 0.6695301734375 0.528200425 0.6653675046874999 0.46849915 0.6715177640625 0.4613554953125 0.676315190625 0.46141658437500005 0.678939840625 0.46503949375 0.691477515625 0.49283690937499997 0.70556300625
1 0.6577328765625 0.7744136968750001 0.66023459375 0.7870946328125 0.6591056234375 0.8096917734375 0.66089870625 0.8141463265625 0.66201184375 0.8141139374999999 0.66666364375 0.8026044640625001 0.6777802765625001 0.8062052281250001 0.6790197250000001 0.8120554999999999 0.68772591875 0.8068968953125 0.690189228125 0.77052614375 0.6976559703125 0.7595172671875 0.7021573890624999 0.7633105140625001 0.7142624640624999 0.7619772359375 0.7145855421875 0.752157275 0.7087077625 0.736631403125 0.7065747609375 0.7160912875000001 0.7117679765625 0.7022053953125 0.7115397875 0.6924014734374999 0.6997577921875 0.6839147890625 0.6946138296875 0.6762160140625 0.6936290031250001 0.657604603125 0.6976055875 0.63884883125 0.68704745 0.5881411234375 0.6819719453124999 0.583383525 0.673265753125 0.5885421296875 0.6674071765625 0.5975421015625 0.6630846921875 0.62513744375 0.657754565625 0.633140984375 0.6421676921875 0.721889565625 0.6347552999999999 0.7368259921875 0.634818446875 0.7395390749999999 0.6402100140625 0.75628349375 0.6577328765625 0.7744136968750001
1 0.7721885937499999 0.8523884015625001 0.779932778125 0.829598778125 0.7891902375 0.8244241328124999 0.79040686875 0.8292940124999999 0.792611940625 0.8292298515625 0.7977403125 0.7888573296875 0.7919382171875 0.72918173125 0.791264496875 0.6291336109375 0.788120234375 0.6125471453125 0.778452034375 0.6000747328125 0.7679094890625 0.59743831875 0.759982753125 0.6123848062499999 0.751976715625 0.695026471875 0.7453807046875001 0.7197447968749999 0.7352488984375001 0.734755446875 0.7266760031249999 0.7693418546874999 0.7276608312499999 0.7879532671875 0.7396938359375 0.8072242640624999 0.73817694375 0.8131547375 0.7468795218750001 0.8315415843749999 0.75019333125 0.8819082359375001 0.7521623890625 0.8818509421874999 0.7730136890625 0.8641370671875 0.7721885937499999 0.8523884015625001
1 0.7405183765625 0.7812109875 0.8082424218750001 0.7825502671875 0.81616254375 0.7856296640625 0.8292027531249999 0.7979379828125001 0.8648304734375 0.81124399375 0.8891478140625001 0.8022618125 0.9219550812499999 0.778689928125 0.935629246875 0.7760854859374999 0.9679821890625 0.7751441109375 0.9689240874999999 0.7734617781249999 0.9608499937499999 0.7637671687500001 0.9585684375 0.750042525 0.9389477625 0.7500617859375 0.9212108890625 0.7467163875 0.9171353484375 0.740215278125 0.921832015625 0.731252359375 0.912828853125 0.723791346875 0.8882035703125 0.7195431 0.873651659375 0.726586209375 0.8628031921874999 0.7241436625000001 0.8451433015625 0.724105871875 0.838408865625 0.7298182359375 0.8122077265625001 0.7421650765625001 0.7946504828125 0.7465374296875 0.7828472843750001 0.7452259437500001 0.7729278859375001 0.7405497984375 0.73205935625 0.754978340625 0.7229317953125001 0.7633449890625 0.7230152999999999 0.7669327234375001 0.7265747625000001 0.7722388046875001 0.7405183765625 0.7812109875
1 1 0.76221596875 0.9952106953125 0.7621816109374999 0.9873034031250001 0.75965348125 0.9607814921875001 0.758218625 0.9380913312500001 0.7528107875 0.917272140625 0.743487021875 0.90657764375 0.7476596890625 0.8999073609374999 0.75612839375 0.8892256953125001 0.760852328125 0.880376503125 0.76000653125 0.8743401796875 0.7535624734375 0.8637611609375 0.762696553125 0.8442944578124999 0.7693310296875 0.8385147515625 0.7739123328125 0.7954929749999999 0.780128909375 0.79569826875 0.7889491953125 0.8036055609374999 0.7914773234375 0.82033638125 0.7937487125 0.8605067999999999 0.7914765906250001 0.883145634375 0.79467935625 0.892161628125 0.8026916359375 0.89708925 0.8036515390625001 0.9041829515625001 0.813374678125 0.9064003546875 0.8243429828125001 0.9124404281249999 0.8271534656249999 0.9229011109374999 0.8268490921874999 0.9270399125000001 0.8259489984374999 0.9454107453124999 0.8143816359375 0.95012024375 0.8059699859375 0.9666457703125 0.7994210859375 0.989117803125 0.7954573703125 1 0.796848946875 1 0.76221596875
1 1 0.7837338984375 0.9946018953125 0.7825488296875001 0.975974446875 0.7830908328125 0.9652414546875001 0.785609696875 0.95048425 0.783832521875 0.9073469953125001 0.7850876875 0.8977996921875 0.7963983125 0.8742524046875 0.8126290421875 1 0.8089701609375 1 0.7837338984375
1 1 0.9315449015624999 0.9772094515624999 0.9405518140625 0.9742328609375001 0.9463234999999999 0.9743277062500001 0.950398428125 0.9766139875000001 0.9571183781249999 0.9924670640625 0.9638284374999999 1 0.964885634375 1 0.9315449015624999
1 0.95326376875 0.9542558359375001 0.9520909140624999 0.9460153437500001 0.909613278125 0.9334602859375 0.903508315625 0.9306662359375 0.9043797874999999 0.96810824375 0.9058430171875 0.9680656687500001 0.9377827875 0.963532546875 0.95326376875 0.9542558359375001
1 0.84253090625 0.9090977125 0.83791539375 0.9004025062500001 0.8295322796875 0.8957411484375 0.8194917484375001 0.9146733640625 0.817123328125 0.9314202328125001 0.8167010640625 0.9629755359375001 0.816988890625 0.9753417343749999 0.85393188125 0.974266803125 0.8531118624999999 0.9607858125 0.84253090625 0.9090977125
1 0.775986625 0.9467550906250001 0.7568615624999999 0.9447462765625 0.7575775234375 0.9755068703124999 0.7763150015625 0.974961665625 0.7920963203125 0.9644905078124999 0.775986625 0.9467550906250001
1 0.6919475375 0.9687195546874999 0.7131953921874999 0.9543102749999999 0.7159569359375 0.94650694375 0.7118557359375 0.9389033 0.6763434921875 0.9305586984374999 0.6675712859375 0.9330205093749999 0.6577032109375 0.9305494328125 0.6564688750000001 0.9307845312499999 0.657432053125 0.9721665734375 0.658799196875 0.9721267921875001 0.66840529375 0.9688529234375001 0.6919475375 0.9687195546874999
1 0.5529904546875 0.9389592 0.5760953 0.9432620671875 0.6084168 0.9423216078125 0.6089882859375 0.9422946015625 0.6216692296875 0.9391674171875 0.6667190875 0.93578513125 0.6656766421875 0.8909974249999999 0.6189257609375 0.905597128125 0.5613135796875001 0.9172030140625 0.5408536546875 0.92331475 0.537520075 0.9256985234374999 0.5375934453125 0.9288508578125001 0.54210349375 0.9348628484375 0.5529904546875 0.9389592
1 0.4922861390625 0.9150777812499999 0.4671167140625 0.9296011656250001 0.46421377656249996 0.9334723078125 0.46428075937499996 0.9363501546874999 0.46739899375 0.9417290625 0.47633800156249995 0.946433734375 0.499524209375 0.951744290625 0.5030950421875 0.9516403906249999 0.508755096875 0.9482487 0.53909593125 0.9451593062500001 0.56855901875 0.9465085828124999 0.5724773796875 0.9462566593749999 0.5716100890625 0.9089942921875 0.5690835703125 0.9090678078125001 0.5129128656249999 0.9161325265625001 0.4922861390625 0.9150777812499999
1 0.4828043046875 0.9560170546875 0.4757555328125 0.9375820859375 0.4641104484375 0.9349777546875 0.455586809375 0.9479794968749999 0.452093034375 0.963778053125 0.44354657499999994 0.975799403125 0.44241252500000006 0.9862407921875 0.4857144765625 0.9849808343750001 0.486613928125 0.9774894390625001 0.4828043046875 0.9560170546875
1 0.3157371328125 0.9530262484375 0.389074084375 0.9426177421874999 0.3977949640625 0.937950859375 0.4032667265625 0.9201391265625001 0.3864075984375 0.912355059375 0.3590207734375 0.9159101421875 0.307873578125 0.9102270375 0.2819984546875 0.8944306890625 0.2722073640625 0.8952672203125 0.26464070156249997 0.8904573078125001 0.2661524359375 0.9554076 0.27082197343750003 0.9552717296875001 0.2735802703125 0.9542528875 0.3157371328125 0.9530262484375
1 0.2395777296875 0.95228656875 0.2653245453125 0.9625702374999999 0.30820154375 0.9745103515625001 0.30974893125 0.9744653281250001 0.3088194640625 0.9345316765625 0.28723201875000004 0.9343507328125 0.256698721875 0.9291711062499999 0.2380841015625 0.930264378125 0.2298218125 0.9395630875000001 0.22991587343750003 0.9436043312500001 0.23262516875 0.9486273781250001 0.2395777296875 0.95228656875
1 0.1717923609375 0.9491949937499999 0.16922054687500002 0.955782196875 0.1693185625 0.9599933593750001 0.1761373484375 0.9672727265625 0.20287738593750002 0.9780791375 0.22904344999999998 0.9846314078124999 0.22951808593749998 0.984617596875 0.2285652890625 0.9436815796875001 0.199602384375 0.943271984375 0.187617734375 0.9436207015625 0.17563694375 0.945773278125 0.1717923609375 0.9491949937499999
1 0.1300479140625 0.995329675 0.1267371796875 0.9947362015625 0.1237754703125 0.9859928734375 0.12825768437500001 0.9652602765625 0.1415373671875 0.9432906421875 0.14112662812500001 0.9256435828124999 0.1374539171875 0.91005355 0.12672881875 0.8995740015625 0.1068375359375 0.898190665625 0.096660090625 0.9112405296875 0.085513409375 0.953750278125 0.08815204062500001 0.97231356875 0.08619797500000001 0.9831620421875 0.0808619609375 0.9886166796875001 0.08105082031250001 0.9967308125000001 0.081053359375 0.9967552703125 0.1300479140625 0.995329675
1 0.0633257484375 0.9744919078125 0.0788708828125 0.9679715375000001 0.08746345625 0.9577919749999999 0.08921894531249999 0.9489146359375 0.0515534546875 0.9323580703125 0.021721078125 0.9332261031250001 0.022766112499999998 0.978125 0.0241481015625 0.9780847874999999 0.0633257484375 0.9744919078125