1 0.0269287578125 0.0430684875 0.0244215359375 0.031267103125 0.026872174999999998 0.0239691796875 0.0554198171875 0.010082134375 0.0545839375 0.0031424265625000004 0.001577309375 0.0003644671875 0.0042190515625 0.0507719140625 0.0107367265625 0.0519835671875 0.01913811875 0.052423865624999996 0.023559026562499998 0.050848696875 0.0269287578125 0.0430684875
1 0.8609923546875 0.1056312765625 0.8611097015625001 0.1078704125 0.8662534546874999 0.1197644453125 0.8822249 0.13098953124999999 0.8880187046874999 0.16056860312500001 0.8889616484375 0.1785610265625 0.89356475 0.1855102984375 0.895373471875 0.1856050890625 0.9023587781250001 0.1811518796875 0.9105576453124999 0.16552729375 0.9169126249999999 0.14508423125 0.911813446875 0.0477861171875 0.8786924265625 0.04605031875 0.878439128125 0.048631043750000005 0.8719988921875 0.07756895781249999 0.861537478125 0.1006299171875 0.8609923546875 0.1056312765625
1 0.40968603750000004 0.054193114062500006 0.45595777968749995 0.05527540156250001 0.46818475781249996 0.054324828125 0.47837841093750005 0.050615425000000006 0.48840480781249995 0.043714529687499996 0.49987911875 0.028402253125 0.506964584375 0.026651771875 0.29531685625000004 0.015559784375 0.29532243125 0.0156661671875 0.3092602765625 0.0311432390625 0.3179223859375 0.034249471875 0.39977241874999997 0.05367356250000001 0.40968603750000004 0.054193114062500006
1 0.0172873671875 0.1763867890625 0.015345271875 0.18100685156250002 0.013763528124999999 0.1913120140625 0.0188981609375 0.1981916890625 0.0263449703125 0.198581959375 0.0346214640625 0.2046819265625 0.044089045312500005 0.2335091640625 0.054110170312500004 0.24253366718749997 0.056673396875000004 0.2429342328125 0.063603240625 0.243297409375 0.071018190625 0.231142984375 0.073902321875 0.2208447578125 0.0717218875 0.17923958125 0.0172873671875 0.1763867890625
1 0.43754865625 0.2465142796875 0.43466893906250004 0.2624176296875 0.42989570468749994 0.27255553125 0.44345571875 0.28837608124999997 0.447540521875 0.30558879375000003 0.45367249374999996 0.310486328125 0.4690989140625 0.3112947921875 0.4725901515625 0.307845959375 0.47926453281250003 0.273254103125 0.471491953125 0.24640443437499998 0.4721587546875 0.23888443124999997 0.468159209375 0.213176865625 0.47284081718750004 0.1709256234375 0.47199713125000003 0.1548271390625 0.47000435625000003 0.1471677515625 0.4565079703125 0.1426829609375 0.451990509375 0.1273363109375 0.44338061250000005 0.12499634687500001 0.43741629218750006 0.11240697656250001 0.4331113453125 0.1112369953125 0.4288980234375 0.1421803546875 0.41156823593749997 0.1525010359375 0.41163113281249997 0.153701165625 0.41929429687499997 0.1917285890625 0.42003109531250005 0.2361525359375 0.4240026421875 0.2410825203125 0.43754865625 0.2465142796875
1 0.062561725 0.3675679703125 0.0576396046875 0.37486496406250003 0.04734870625 0.380936221875 0.033263146874999996 0.405695984375 0.02825576875 0.4214878296875 0.027239070312500002 0.426818453125 0.0675708515625 0.4289321515625 0.06856804375 0.41132371250000005 0.07753296875 0.3900730625 0.071604278125 0.3680418703125 0.062561725 0.3675679703125
1 0.9158296953124999 0.35511989375 0.9247946203125 0.3338692453125 0.9209732203125001 0.2609525765625 0.9255835687499999 0.237584975 0.9273854578125 0.2112370828125 0.913698190625 0.17274501250000002 0.9132580406249999 0.15005709375 0.9018849234375 0.14946105468749998 0.9006840875 0.167341128125 0.8950811671875 0.1717693359375 0.8885276718749999 0.1884245171875 0.8863427546875 0.21758544375 0.8897531265625 0.2725375625 0.887612784375 0.3162554734375 0.8879297421875 0.32230336249999997 0.8919291546875 0.3444236296875 0.896728296875 0.3555208171875 0.9066905890625 0.35604291875 0.9158296953124999 0.35511989375
1 0.9014825 0.661849940625 0.9136344671875 0.6912900468750001 0.9157653124999999 0.7117056484375001 0.9188715437500001 0.72036775625 0.9200130015625 0.7421480593750001 0.922339175 0.7460474453125 0.9235175218749999 0.6875583359374999 0.9346241078125 0.67680798125 0.94370991875 0.637620659375 0.941135603125 0.6289864281249999 0.9338236796875 0.6210482749999999 0.9305685640625001 0.6095452578125 0.933015625 0.5955079703124999 0.9418952921875 0.5827521703125 0.9465196421875 0.5697733609375 0.943066009375 0.5544824625 0.9360518578124999 0.5522261296875 0.9320306828125 0.546349175 0.9338325718749999 0.5200012828125 0.9313931406249999 0.50381916875 0.9242797328125001 0.4996688953125 0.9170314390625001 0.503066503125 0.912513928125 0.49055295625 0.8830448750000001 0.48900854843749997 0.876471021875 0.5084957718750001 0.87249184375 0.5337851890625 0.8638603187499999 0.5512758375 0.8535604046874999 0.5882014015625 0.8539015765625001 0.5947113374999999 0.8564338796875001 0.601882546875 0.8772421874999999 0.614305490625 0.8810788484375 0.6267833546875 0.9014825 0.661849940625
1 0.442128078125 0.558958071875 0.460245803125 0.56326059375 0.4626044078125 0.563384203125 0.4700650546875 0.515092484375 0.46797302500000004 0.5055391593749999 0.46922136875 0.498994 0.4768030625 0.49183639062499995 0.4850019296875 0.47621180625 0.501761065625 0.46198021406249995 0.515874621875 0.45799802968750003 0.50744924375 0.44905715625 0.4842575015625 0.4620072609375 0.4732718046875 0.45482094375 0.46933588593750003 0.44044913750000003 0.47341432031249997 0.41705366093749996 0.4698334328125 0.37909124375 0.46071324999999996 0.35689279375 0.460649625 0.34555703437499996 0.45408975937499996 0.3216040265625 0.4511540453125 0.2959522140625 0.4487286140625 0.290158890625 0.44723212500000004 0.2919692015625 0.44681346718750004 0.3042240546875 0.4418060890625 0.320015896875 0.4427846625 0.3285665015625 0.43468505156250004 0.346085025 0.424896809375 0.4022341703125 0.419875428125 0.40763722500000005 0.40566261406250004 0.40972546875000004 0.4036437765625 0.41754679218749996 0.40398686718750004 0.42409335937500003 0.4255330875 0.5155917703124999 0.42481665937499996 0.5221648046875 0.428071775 0.533667825 0.442128078125 0.558958071875
1 0.8808305624999999 0.33751772343750003 0.8680646062499999 0.33684868749999997 0.8670219749999999 0.33961284375 0.8670794390625 0.340709346875 0.883986421875 0.347126803125 0.8896033437499999 0.353087384375 0.88822648125 0.407788615625 0.890800796875 0.4164228484375 0.89111256875 0.43249345625 0.8812466999999999 0.46691805156250005 0.8870125046874999 0.4757195453125 0.891529965625 0.491066196875 0.8993941718749999 0.55002920625 0.9042946625000001 0.5625628234375 0.90421405 0.56315485625 0.9395471656250001 0.5650065859375 0.947174884375 0.5204247484375 0.9420975109375 0.484272640625 0.935885046875 0.466948421875 0.9314032140625 0.44215995 0.9328717031249999 0.4195720609375 0.9356165375 0.41121659218750006 0.9345387078125 0.40077204999999994 0.9363545953125 0.3848129453125 0.9221354093749999 0.346293 0.9140670578125001 0.3377310015625 0.913584053125 0.3377056875 0.911397853125 0.34384153125 0.9020219015625001 0.34712763281250003 0.8952841359375 0.3467745203125 0.8808305624999999 0.33751772343750003
1 0.5018519625 1 0.5016432609375 0.9696687031250001 0.49702654218750003 0.9524281125 0.4950553953125 0.9249381140624999 0.5037085515624999 0.88761685625 0.5032122671875 0.878147159375 0.497801490625 0.8457550546875 0.4925179703125 0.83603446875 0.488532421875 0.8207156937500001 0.48822065156249994 0.8046450859375 0.492547228125 0.7859844578125 0.48983165937499995 0.7442899140625 0.48078910468749997 0.7438160140625001 0.48061859062499995 0.760805715625 0.47604386875 0.774731496875 0.4678806296875 0.7809142609374999 0.45772461875000003 0.7794376375 0.45419972968750005 0.78303038125 0.45171703750000003 0.8065094890625 0.4425179703125 0.8334140796874999 0.44442548593750003 0.8495683171874999 0.44346728124999996 0.8920146953125 0.45167251875 0.9169983015625001 0.45270072031249997 0.9264958765625 0.4519842890625 0.9330689109374999 0.4459983390625 0.94031015 0.44401237968749996 0.9499665187499999 0.44405535625 0.9507865625 0.46083470000000004 0.970363121875 0.4735464578125 1 0.5018519625 1
1 0.9148512156249999 0.8528268078125001 0.9144325578125001 0.8650816609374999 0.9207423218749999 0.8850120125000001 0.9529805874999999 0.8867015484375 0.9540067734375001 0.8813211890625 0.9555605203124999 0.8502384484375 0.9538375203125 0.8274832984374999 0.956568353125 0.808739040625 0.9630365875000001 0.8005787078125 0.9627604453125 0.775066278125 0.9688316531250001 0.7593301875 0.9596758453125 0.7465735578125 0.956974271875 0.7152678046875 0.9577263296874999 0.6992529484375 0.9398117390625 0.681315446875 0.9286415265624999 0.6807300406250001 0.907194415625 0.6966046828125 0.9115489921875 0.6987216375 0.9163502250000001 0.7093613140625 0.9147328515625001 0.7291082953125 0.9161224515624999 0.7556234468749999 0.90486698125 0.763532890625 0.9019586546875 0.7683853078125 0.902322784375 0.775333321875 0.9120223859375001 0.7988495343750001 0.9133979875 0.8149758968749999 0.9115324703125 0.8299880281249999 0.9148512156249999 0.8528268078125001
1 0.1240551234375 0.78618738125 0.11885685937499998 0.767971946875 0.1188428609375 0.7575831562500001 0.11285054218749999 0.7242162046875 0.09801418281249999 0.69416323125 0.094745065625 0.6722714234375 0.0846386828125 0.6717417703125 0.077255503125 0.6826872578125001 0.0755032421875 0.709982121875 0.069187015625 0.725519134375 0.0709535734375 0.7592270609375 0.07146680625 0.76454396875 0.0758647125 0.78619655625 0.125616009375 0.7888039109375 0.1240551234375 0.78618738125
1 0.0802187125 0.9175463234375 0.1036412359375 0.895964328125 0.1292094171875 0.8973043 0.144945509375 0.8912330921875 0.1445273625 0.88325436875 0.11979381250000001 0.8618008890625 0.10990596875 0.8533258796875 0.08584145625 0.8446383562499999 0.053811745312500006 0.8461424734375 0.0458364046875 0.844878303125 0.0495545765625 0.9158252640625 0.0547341609375 0.9178020984374999 0.0693055546875 0.9214169421875 0.0716400984375 0.9215392906250001 0.0802187125 0.9175463234375
1 0.38411744375 0.6169245890624999 0.39905335937499997 0.617707346875 0.4041500046875 0.6119073828125 0.416321228125 0.60989298125 0.5071466890624999 0.6130615781250001 0.5815391484375 0.6090035125 0.5849334796875 0.6061975984375 0.5849137328125 0.6058208265625 0.5822073515625 0.6037339937499999 0.5638525343749999 0.5958761578125 0.552461021875 0.5947486984375 0.5389525578125001 0.5892666640625001 0.52185135 0.587309521875 0.490071696875 0.5755653953125 0.445341109375 0.5689775312500001 0.4414138484375 0.5661194453125 0.44280600937500003 0.5566442312500001 0.43690118125 0.5520911421875 0.420245996875 0.558644634375 0.4099408359375 0.56022638125 0.40417538906250006 0.558332865625 0.3896650328125 0.5697728515625 0.29555346875 0.57598020625 0.28718617812499997 0.5739945390625001 0.2872187 0.5746151046875 0.29020616875 0.5820654140625 0.32471522343750003 0.5918307656249999 0.3461897171875 0.6051566375 0.38411744375 0.6169245890624999
1 0.9741777703125001 1 0.9751957265625 0.99252395625 0.9781390734375 0.9879563656249999 0.9833794687499999 0.9245647078125 0.9831164796874999 0.9195465859375 0.9666163515624999 0.869306390625 0.9500633609375001 0.8571064578125 0.9393754359375001 0.8556019593749999 0.9326234265625001 0.8684692640625 0.935162115625 0.88654531875 0.9293530484374999 0.9174050484375 0.9335294796875001 0.9667311015625 0.930181475 0.993942334375 0.930130934375 1 0.9741777703125001 1
1 0.35594850624999996 0.7445143937500001 0.3573136234375 0.7525427453125 0.36433268124999996 0.7603369546875001 0.372660271875 0.7570602078124999 0.3916832953125 0.759648521875 0.40672330624999997 0.7583149203125 0.4173908609375 0.76364806875 0.4246608078125 0.7762295109374999 0.4291447203125 0.7782216328125 0.4447102453125 0.7790373875000001 0.5335057390625 0.7628374906250001 0.5570406 0.76141863125 0.5642539625 0.7549007671875 0.5618861234375 0.74575895625 0.49685102499999995 0.73015016875 0.4674949640625 0.7286116828125 0.45409800625 0.725257309375 0.4458253359375 0.7115624078125 0.444180625 0.6801794296875 0.4338754625 0.681761175 0.432539884375 0.71033569375 0.4244353046875 0.717867759375 0.3968338 0.71376895625 0.3789528828125 0.714953671875 0.3692601734375 0.7102020671875 0.34539079687499996 0.7052379484375 0.34398780625 0.7063977265625 0.344119521875 0.7089110296875 0.34477834375 0.7115713 0.35828680625 0.717053334375 0.363439803125 0.7252802 0.35594850624999996 0.7445143937500001
1 0.0696613765625 0.5829372187499999 0.0793771 0.6164993062499999 0.079543953125 0.616544653125 0.088071090625 0.6169915406250001 0.0899594 0.575501675 0.09895995625000001 0.5448092046874999 0.0995168125 0.5193404312500001 0.05670585625 0.5170968046875 0.05752733125 0.5327714859375 0.062271828125 0.5532745171875 0.062385084375 0.5655572484375 0.069746634375 0.57444236875 0.0696613765625 0.5829372187499999
1 0.0503874734375 0.419481140625 0.057721025 0.40758868125000003 0.06748000781249999 0.4014895453125 0.0732178140625 0.3895134578125 0.0769854515625 0.36887152031250003 0.07688951875 0.3670410328125 0.0362554515625 0.364911490625 0.0292664125 0.40977446874999995 0.0295244859375 0.4146988140625 0.032550509374999995 0.4232681875 0.0315332578125 0.4286017109375 0.0333631171875 0.428697609375 0.0503874734375 0.419481140625