1 0.0873858734375 0 0.0899581578125 0.0052373796875 0.0975952921875 0.034314815625 0.09955766875 0.0484450609375 0.0987282390625 0.07403181875 0.1017324078125 0.09001885468750001 0.111541278125 0.1152341125 0.1203791359375 0.1191836109375 0.12356367500000001 0.119072403125 0.1249492078125 0 0.0873858734375 0
1 0.5619953468750001 0 0.5609329265625 0.09130421250000001 0.5614863890625 0.091284884375 0.5727351328125 0.0822947625 0.5803031515625 0.0716180484375 0.584679678125 0.0610527828125 0.5864186703125001 0.0486864515625 0.5868054875000001 0.0391702828125 0.587261275 0 0.5619953468750001 0
1 0.949952671875 0.1864683546875 0.9498660203125 0.19391516250000002 0.9554577046875 0.197790715625 0.9599467718750001 0.1976339546875 0.966880528125 0.195979496875 0.9830656640625 0.1879705171875 0.9958818921875 0.1847622203125 0.996384665625 0.1415539203125 0.9742140062500001 0.13934672343750001 0.9299793031249999 0.1408914328125 0.9201509812499999 0.1444414546875 0.9067943765625 0.15341505625000001 0.907636125 0.162424540625 0.9160474437499999 0.17170138906250001 0.9443636937500001 0.1786880453125 0.949952671875 0.1864683546875
1 0.52299303125 0.0938254234375 0.5096510828125 0.0980776734375 0.5079671875 0.10570915624999999 0.5077798640625 0.12180764375 0.5141989031249999 0.1641798046875 0.511241815625 0.1898408625 0.5122174937499999 0.1973794703125 0.5055259828125 0.2241175203125 0.51362891875 0.25885820000000004 0.517969396875 0.2630478265625 0.5317866875 0.2625653171875 0.5386399374999999 0.2570382109375 0.54202976875 0.2398813078125 0.5549720296875 0.22428399531249998 0.5497740906249999 0.21405307968749998 0.5462380078125 0.198084615625 0.559590975 0.192885396875 0.563369475 0.188020525 0.5622916234375 0.1435686734375 0.567202153125 0.113160421875 0.567311403125 0.1037715859375 0.5506415859375 0.0938065015625 0.5451541484375 0.06276082656250001 0.5408878109375 0.06385639374999999 0.535425415625 0.07635274843749999 0.5268927390625 0.078543884375 0.52299303125 0.0938254234375
1 0.9368179156249999 0.309910203125 0.9277753625 0.3102259765625 0.9227346921875 0.332173453125 0.9325876390625 0.3536008328125 0.9354375390625 0.3828454453125 0.93809284375 0.3967539765625 0.9793751328125 0.39531236718749996 0.979430265625 0.3905742421875 0.9734018390625 0.364481175 0.967738096875 0.3485870140625 0.952610078125 0.32355750156249996 0.9420489140624999 0.3173002125 0.9368179156249999 0.309910203125
1 0.06683893125 0.1412391984375 0.0697218875 0.16764289999999998 0.075297475 0.19111282031250001 0.0744490140625 0.2640294859375 0.084301959375 0.2854568671875 0.0980850671875 0.2870817015625 0.10317985625 0.2869037875 0.10781640625 0.275169875 0.1110847 0.2519283625 0.1111241171875 0.2485408171875 0.107058103125 0.203255903125 0.108229121875 0.1483130859375 0.1048473046875 0.1190870484375 0.098806915625 0.1050992109375 0.0780711015625 0.1058233203125 0.06683893125 0.1412391984375
1 0.14947085625 0.6097247140625 0.1400506546875 0.5968014875 0.1370244515625 0.582708390625 0.13981625312499998 0.5712518796875 0.1468192984375 0.5634346484375 0.149046128125 0.554837621875 0.1383387140625 0.5154549671875001 0.1267688140625 0.5044999781249999 0.12319667187500001 0.44593645625 0.12102493750000001 0.449798634375 0.12077150156250001 0.4715789375 0.11801275468750001 0.4801945390625 0.116712015625 0.5005915375 0.10573763750000001 0.5298456109374999 0.0867239359375 0.564586640625 0.0833891984375 0.5770086953125 0.06304420468750001 0.5890781765625 0.060200492187499996 0.5981158093750001 0.060167232812500006 0.600974059375 0.0725555609375 0.63986161875 0.08192066875000001 0.6575196937500001 0.08565988906250001 0.67642000625 0.14373560624999998 0.6743919578125 0.14395636875 0.6723918875 0.1410734125 0.6459881859375 0.1448629296875 0.6401763453125 0.15179986406249998 0.63804093125 0.1546357390625 0.6227965421875 0.14947085625 0.6097247140625
1 0.5186038640625 0.3279759984375 0.515595840625 0.34243690625 0.509852128125 0.34795446874999997 0.4528854015625 0.36270456093750003 0.43478775625 0.37237542343749996 0.4262712203125 0.3721411296875 0.41010464999999996 0.3785543640625 0.39778166718749997 0.380048090625 0.3958691578125 0.381709971875 0.4015262203125 0.3836392171875 0.4270758328125 0.384342103125 0.45068818281249995 0.38883452812499997 0.4620580078125 0.3879057875 0.48374547031250004 0.395123925 0.5216056890625 0.3953969125 0.5453418250000001 0.3892510421875 0.559509234375 0.391946496875 0.566014234375 0.4023533125 0.5515311656249999 0.4267855171875 0.5588195046875 0.43342647031250003 0.560329834375 0.433373728125 0.5648630156250001 0.4199395734375 0.5802187812499999 0.40185727968749996 0.596422484375 0.39225255468750003 0.604091084375 0.3840092796875 0.6107384390624999 0.38218205312500003 0.6201895687500001 0.383447109375 0.6688376671875 0.371791709375 0.6688834625 0.367856046875 0.665996909375 0.35154065156250003 0.6415242421875 0.3396344859375 0.630191553125 0.3373717390625 0.6235503859375 0.33866705 0.529057665625 0.3244207515625 0.5186038640625 0.3279759984375
1 0.08591091875 0.2938283078125 0.07783302656249999 0.3026296578125 0.0651582234375 0.34093566875 0.0676304765625 0.356941278125 0.066977353125 0.3673765203125 0.07006966875000001 0.3757877984375 0.072464790625 0.398422196875 0.0689868078125 0.42315485781250006 0.063469315625 0.4403860609375 0.060079614062499995 0.47427761718749994 0.0600438 0.4773555515625 0.0639875078125 0.49600047187499996 0.1101197 0.49438950000000004 0.1144229546875 0.44807256874999996 0.1183226640625 0.43279103125 0.12374098281250001 0.42408255468749995 0.112446559375 0.3894533234375 0.11210196406249999 0.3733734125 0.114328796875 0.3647763859375 0.11071257812499999 0.31000074375 0.11609784218750001 0.304133175 0.1324130828125 0.2981405734375 0.132437315625 0.2960580359375 0.1316335625 0.2941248078125 0.11886760468749999 0.29457060468749996 0.1047615203125 0.3035824640625 0.09802375468749999 0.30381775312500003 0.08849336249999999 0.3003642203125 0.08591091875 0.2938283078125
1 0.5951894921875 0.805309234375 0.5875394625 0.8119567640625001 0.5808982953124999 0.8132520781249999 0.5714347875 0.8130508515624999 0.5468940375 0.8069957484374999 0.504243265625 0.8116753390625 0.48815715937500004 0.8111736796875 0.4605712515625 0.8227709765625001 0.43685368281250003 0.82732110625 0.433022478125 0.831176784375 0.43385185000000004 0.8412500968750001 0.42712403125 0.8499922203124999 0.4128575921875 0.8558074 0.3957997578125 0.857466471875 0.3956945390625 0.866509025 0.437355015625 0.8655859093749999 0.4563563046875 0.85960538125 0.472460978125 0.85851129375 0.48757535625 0.8611736796875 0.49698935000000005 0.8656302265625 0.51938205625 0.8674402875 0.54265046875 0.8666277359375 0.576615265625 0.85593754375 0.604071196875 0.8555104625000001 0.6210733281249999 0.858638625 0.6561297734375 0.8558193296875001 0.6636622062499999 0.85927818125 0.6772452796875 0.857280534375 0.67725003125 0.8568721234375 0.6628266453125 0.8497367828125 0.6611245765625 0.8333135593750001 0.6573862125 0.8291905171874999 0.62439081875 0.817581971875 0.60563710625 0.8022859015625 0.5951894921875 0.805309234375
1 0 0.754238753125 0.020671959375 0.755453440625 0.0358544203125 0.752264765625 0.051946715624999994 0.752234509375 0.0782118546875 0.7610208125 0.0799271921875 0.7609609125000001 0.08692270156250001 0.7563301078125 0.09558159375 0.7443303609374999 0.1220967453125 0.74340443125 0.1420140546875 0.740050409375 0.152381209375 0.7439419703125 0.15422563281249999 0.7481311515625 0.17117051249999998 0.7256733093750001 0.17131003125 0.713683065625 0.154813625 0.6975992359375 0.138696571875 0.699757153125 0.1074589515625 0.699784596875 0.095247375 0.6917038546875001 0.079068428125 0.69918091875 0.0534878671875 0.701137609375 0.044884678125 0.7083501234375 0.025901959375 0.7127349078125 0.0031808749999999997 0.71299664375 0 0.7134320609375 0 0.754238753125
1 0.8502597749999999 0.69233856875 0.8720153203125 0.6937056421875 0.9012166453124999 0.705978378125 0.9343110703124999 0.7090762875000001 0.9447339250000001 0.7081806140625 0.9626768359375 0.7118076234374999 0.9757595609375 0.7187447 0.9864425609374999 0.7183716421875 0.9896846578125 0.7173512140625 0.9902789656250001 0.666276565625 0.9443378125 0.6608732578125001 0.9083715328125 0.66053413125 0.8893331078125 0.6697061484375 0.86183385 0.6738566359375 0.8503773734375001 0.6822321859375 0.8502597749999999 0.69233856875
1 0.888639346875 0.8499238890624999 0.8958106796875 0.8733380828125 0.9036792140625 0.8825291562500001 0.923084134375 0.9048842484374999 0.9318741171875 0.9045772953125001 0.93869744375 0.8888789718749999 0.93899495625 0.8633107890625 0.962153790625 0.837890859375 0.9665158171874999 0.8293075156249999 0.9665585812499999 0.8256323703125 0.9640470499999999 0.8122669515625001 0.953604434375 0.7804477296875 0.893379140625 0.78255084375 0.8903092203125 0.7978034046875 0.8922054828125001 0.81761546875 0.888639346875 0.8499238890624999
1 0.5475140125 0.4940467234375 0.5351036640625 0.5096254609375 0.5366332953125 0.51525155625 0.5343844265625 0.5257425203125 0.5267392765625 0.5430480234374999 0.5309284812499999 0.54858124375 0.5405249859375 0.54635295625 0.5431404875 0.5500479609375 0.5468779125000001 0.5944069375 0.5566206671875 0.625304015625 0.5574861578125 0.6423123187499999 0.5621191249999999 0.655402721875 0.5625188140625 0.6667477828124999 0.569224346875 0.684498734375 0.5713189468750001 0.68726534375 0.5745545125 0.683366015625 0.5834037359375001 0.6082767859375 0.5860573046875001 0.5173119703125 0.5888601265625 0.5049084890625 0.5955138062499999 0.49881645625 0.595660134375 0.486241046875 0.5858088796875001 0.4472733625 0.5738172546875 0.4268672515625 0.566235215625 0.39305496562500003 0.5582895484375 0.3904926796875 0.5597861234375 0.3989596828125 0.5475140125 0.4940467234375
1 0.046494609375 0.85990795625 0.044325878125 0.9092061046875 0.051409059374999996 0.9401960562499999 0.0496039546875 0.9582442062500001 0.056793785937499994 0.9710586703124999 0.0589963453125 0.9709817562499999 0.0675458140625 0.9699232656250001 0.0836354890625 0.9580023828125 0.09716484375 0.91129248125 0.097340209375 0.896221515625 0.0903320109375 0.839445421875 0.08719561718749999 0.8348220218750001 0.08303846875000001 0.8113025703125001 0.0410507359375 0.812768815625 0.042026928125 0.832613009375 0.046494609375 0.85990795625
1 0.5851546375 0.6431773546875 0.5804886109375 0.6329278625 0.582792575 0.6177020468750001 0.5814172109375 0.598818378125 0.585239784375 0.590165625 0.5778701093749999 0.5837968859375 0.56990240625 0.5831285390625001 0.5501223828125 0.5923385375 0.5421987546875 0.5878823125 0.5375657859375 0.574791909375 0.532789571875 0.574012115625 0.5311717890625001 0.575961778125 0.5346197187499999 0.599505996875 0.5387648484375 0.6088270953125 0.536427828125 0.6268938187499999 0.5387678499999999 0.654263065625 0.5306899578125 0.6630644171875 0.5019334953125 0.6669083687499999 0.49972615468750003 0.677205609375 0.4997239171875 0.6773979625 0.5310676062499999 0.6763034171875 0.544277325 0.683414803125 0.546782634375 0.6965795046875 0.5464410453124999 0.7259355640625 0.557925796875 0.7899022828125 0.563750740625 0.7909213734375 0.5675665296875 0.7907881234375 0.5739493578125 0.7836632171875 0.5768844078125 0.7598961015625 0.5997837984375 0.66538453125 0.5998939890625 0.6559148343750001 0.597311546875 0.64937891875 0.5851546375 0.6431773546875
1 0.9184519625 0.4983281796875 0.9188847062500001 0.5068323328125001 0.911870640625 0.5155965328125001 0.912259309375 0.5278885640625 0.9065985734374999 0.5574303734375 0.9069341874999999 0.588389603125 0.9521570109375 0.5868103875 0.952210003125 0.582256159375 0.9493721453124999 0.5370049890625 0.939097475 0.5061264875 0.935349028125 0.4627144796875 0.9268163515625 0.4649056171875 0.9184519625 0.4983281796875
1 0.9052316578124999 0.3822828640625 0.9107750828125001 0.38075908593749996 0.915102978125 0.38193815 0.930186815625 0.38141141093750003 0.9857032875 0.36804026093750003 0.9937648812500001 0.36669765781249997 0.994257009375 0.32440430937500003 0.9472550828124999 0.3369492765625 0.9348702031249999 0.3437621515625 0.9281238171874999 0.3541000171875 0.9157203703125001 0.3625086359375 0.904283825 0.3823159625 0.9052316578124999 0.3822828640625