1 0.0312303953125 1 0.03137210625 0.9965221281250001 0.029336865625000003 0.9908013656250001 0.0214621109375 0.986711428125 0.009607196875 0.9882049203125 0.00222896875 0.9850860578124999 0 0.980406696875 0 0.9998581890624999 0.004060934375 1 0.0312303953125 1
1 0 0.20798122187499998 0.0055609109375 0.2257453296875 0.0090365875 0.23254285624999999 0.011828609375 0.23355683593749998 0.0169539921875 0.23373581875 0.0290379 0.2284726375 0.040256984375 0.20311354062500003 0.0441286890625 0.1870352296875 0.0446411328125 0.16130225 0.047364559375 0.14709131250000002 0.056597540625 0.11784791562500001 0.069345003125 0.09444966406250001 0.06978125625 0.09229514062500001 0.07004028906250001 0.0859380078125 0.06637381249999999 0.0752711859375 0.0512760578125 0.0642528640625 0.048196406250000004 0.0345795015625 0.04893373125 0.0164842625 0.044426198437499995 0.0086969671875 0.035628046875 0.0141121453125 0.025867693749999997 0.0299848203125 0.0175193046875 0.05067548125 0.005431546875 0.0578832578125 0 0.0963590015625 0 0.20798122187499998
1 0 0.6232878625 0.0435846984375 0.61807344375 0.08044398593749999 0.6263298140625 0.1074378484375 0.6192310562500001 0.1159548296875 0.61036006875 0.1160812484375 0.60725755 0.1046753546875 0.59340209375 0.0962129921875 0.5904261140625 0.013988428124999999 0.5720080515625 0 0.5719263625 0 0.6232878625
1 0.173738890625 1 0.17386031875000002 0.9970199671875 0.1799017984375 0.9891895359375 0.208800425 0.9821572921874999 0.21776448906249998 0.9728206406250001 0.21884034375 0.9654482484375 0.21891432187499998 0.9636326734375 0.20610336875000002 0.954722334375 0.194827490625 0.9505759171875001 0.16339891875 0.9494784062500001 0.1613403203125 1 0.173738890625 1
1 0.20563092656249998 0.6751313640625 0.214756978125 0.6432495421875 0.2150093828125 0.6370550890625 0.21029468125 0.613301378125 0.2116757953125 0.6057197203125 0.2100469140625 0.5799119625 0.218752521875 0.53729784375 0.21941223281250002 0.52110736875 0.218116690625 0.5134322375 0.2048886171875 0.509155359375 0.20176220156250002 0.4937864046875 0.19327450468750001 0.491582534375 0.1884256671875 0.479014640625 0.184181821875 0.47791270625 0.177012553125 0.5091356421875 0.15834558906250001 0.519928609375 0.162643171875 0.559181865625 0.15921326875 0.6038876875 0.162766559375 0.6087804515624999 0.175955825 0.6140097124999999 0.171548790625 0.630069328125 0.1657686 0.6403585765625001 0.17799566093750002 0.6560453328125 0.18050913125 0.6733003546874999 0.18775683125 0.6793876328125 0.1992342171875 0.67978843125 0.2006189046875 0.6797250203125 0.20563092656249998 0.6751313640625
1 0.3976358390625 1 0.404151665625 0.9873088328125 0.40457576562500003 0.9769006812500001 0.40191599218749996 0.9619445921875001 0.39281535 0.961626790625 0.38715157968749997 0.9690588953124999 0.3761732953125 0.9753516796874999 0.35994576562499997 1 0.3976358390625 1
1 0.329527875 0.13063360468750002 0.32998150000000004 0.1195008375 0.30835463125 0.1161506984375 0.3038326703125 0.110095759375 0.2869951984375 0.102002471875 0.25762408125 0.097224153125 0.202364171875 0.09583052656249999 0.1549414421875 0.089349646875 0.1300486578125 0.09169693281249999 0.11747138906250001 0.0960825703125 0.11956507187500001 0.114918959375 0.1410553859375 0.125855196875 0.21438871874999998 0.12841605312499998 0.2379582984375 0.13513615 0.2501749 0.1370436109375 0.27017113125000003 0.13774189375 0.30306921249999996 0.128832375 0.329527875 0.13063360468750002
1 0.654377503125 0.1920885 0.6602444796875 0.18854072500000002 0.6867802671875001 0.19268393749999999 0.7030361843749999 0.19164332343749998 0.7071292765625 0.1848170421875 0.7036251390625 0.1771893625 0.7189846281250001 0.1729453765625 0.720148825 0.144373921875 0.718310884375 0.1444643953125 0.6976857 0.13570274375 0.67218954375 0.12945146093749998 0.65448694375 0.1191835875 0.6140798890625 0.10437020156250001 0.603472821875 0.10721635624999999 0.5912153499999999 0.127159875 0.5787035203124999 0.1299395125 0.5436543453125 0.14747884687499999 0.514170465625 0.15717111875 0.49365065 0.15752673749999999 0.48497015625 0.1599040765625 0.46306539375 0.1591391453125 0.45916861718749996 0.1611474421875 0.5180417312500001 0.1674920859375 0.5289904125 0.1796684828125 0.5685323390625 0.1923072828125 0.57719101875 0.1904652765625 0.5850936375 0.18377202343750002 0.5966312765625 0.181494459375 0.610786109375 0.1852053203125 0.623726809375 0.19530690312500001 0.63559833125 0.20057403906250001 0.63975266875 0.2007191125 0.652189171875 0.1989812984375 0.654377503125 0.1920885
1 0.3692189078125 0.6079258484375 0.3763218359375 0.5974520156249999 0.3907384296875 0.5947388921875 0.4143298234375 0.600923659375 0.4524905 0.6006479765625 0.47472245781250005 0.5933829296875001 0.4861292171875 0.5943173578125001 0.510156871875 0.589795484375 0.535936596875 0.5890874515625 0.5409297343749999 0.58741624375 0.540969246875 0.5864465156249999 0.5398988124999999 0.585473159375 0.5275614859375 0.58397014375 0.5116109546875001 0.5775161093750001 0.5030177109375 0.5777521203125 0.485293296875 0.568019578125 0.428673953125 0.5531761390625001 0.42317779843750003 0.5476232734375001 0.4209096109375 0.5330695375000001 0.4105642984375 0.5294917109374999 0.3146063703125 0.5438318765625 0.30798333125 0.54252840625 0.29644569375 0.544805971875 0.271160275 0.5567892328124999 0.266521853125 0.5769988140625 0.3156312140625 0.5888995296874999 0.32522046250000003 0.5876261125 0.3318216890625 0.5894649125 0.339113540625 0.5977609546875 0.35493319375 0.6074269796875 0.3694514578125 0.625625059375 0.373247103125 0.638923396875 0.375072659375 0.6389871453125 0.3825230328125 0.632514653125 0.3692189078125 0.6079258484375
1 0.322544003125 0.1411187984375 0.37760759374999997 0.147330409375 0.38626627343750003 0.145488403125 0.4024349375 0.14658911875 0.43719314374999996 0.1595969625 0.445982703125 0.1545429640625 0.46137349062500005 0.15132776718750002 0.5206174265625 0.1485717671875 0.533172884375 0.144721465625 0.5370268609375 0.1455847453125 0.5384712359375 0.11013725625 0.49026509375 0.0976551328125 0.4539437390625 0.09960332499999999 0.4365827515625 0.10435800312500002 0.41168996875 0.106705290625 0.38894189218749997 0.1032304421875 0.380501340625 0.099719128125 0.3700033375 0.0998886234375 0.35392192499999997 0.0966465796875 0.3153249890625 0.10762889843750001 0.3064263625 0.11535955625000001 0.3129839625 0.1182690203125 0.31640085 0.12803802656250002 0.31612454375 0.134819075 0.3069787109375 0.14861665 0.306455196875 0.161464615625 0.3088185734375 0.16256234218750001 0.31042096875 0.1626183 0.3166115859375 0.14627257031250002 0.322544003125 0.1411187984375
1 0.9319614765625 0.5915996734375 0.9043206156249999 0.5911705265625 0.8666616406250001 0.579133575 0.85713783125 0.5788009953125 0.8246041859375 0.5814175515625 0.814884059375 0.585902959375 0.7995150843750001 0.588582825 0.7833464218749999 0.587482109375 0.764516934375 0.58146363125 0.7225903578125 0.5805356171875 0.7222195359375 0.589636259375 0.7393187671875 0.591305565625 0.75338635 0.5971577531250001 0.7597040078124999 0.60595586875 0.758337178125 0.6160939171875001 0.7619940093750001 0.619974271875 0.785650840625 0.6245530421875001 0.8128336265625 0.6362241578125001 0.8290677296875 0.6357188781249999 0.8717939937500001 0.640427475 0.89683946875 0.6343328640625 0.906385090625 0.6341301109375 0.9130081328124999 0.6354335812499999 0.9203654218749999 0.6421236265625 0.9274163609375 0.644192903125 0.9317829109375 0.6443453875 0.9504345593749999 0.6297713218750001 0.97612291875 0.6209063125000001 0.977353046875 0.590716825 0.949257025 0.5884509921875 0.9319614765625 0.5915996734375
1 0.7866293671875 0.156750565625 0.801758396875 0.15995935156250002 0.8247027906250001 0.15861621406249998 0.8370401187500001 0.1601192296875 0.8591848234375 0.154995509375 0.8605318125 0.155224065625 0.861803528125 0.12401391875000001 0.8529181890625 0.12153886875 0.8216204953125 0.117229365625 0.7987415421875 0.116966509375 0.7798466125 0.11255402968749999 0.7715587562499999 0.10529539218749999 0.74588809375 0.1033267671875 0.7302139671875 0.0959121828125 0.7298298328125 0.0958987671875 0.7172512265625001 0.1039350265625 0.685779028125 0.10390818125000001 0.66965399375 0.1017368 0.651813115625 0.1182687796875 0.6513550421875001 0.12951075 0.6675817484375 0.15259333125000002 0.669661015625 0.1483771921875 0.680311709375 0.1444603734375 0.70020264375 0.14783544843750002 0.7268693109375 0.14876666875 0.7349608515625 0.1608432921875 0.7412415015625 0.165145096875 0.7444267265625 0.165256328125 0.7704170765625 0.1567205140625 0.7866293671875 0.156750565625
1 0.6789608640625 0.9960940078125 0.7124687015625 0.9929753781249999 0.7425378375 0.9806230765624999 0.7627973906250001 0.9793551078125 0.7632681156250001 0.9678026750000001 0.7538429265625 0.9606463 0.72635475625 0.9564698296874999 0.7076561484375 0.9472393609375 0.6714002328124999 0.9475815578125 0.6589423796875 0.9490364781249999 0.65702055 0.99620155625 0.6625007875 0.9963929296874999 0.6685064859375001 0.9951928390625 0.6789608640625 0.9960940078125
1 0.8937763484374999 1 0.8802104765625 0.9842427515625 0.881258253125 0.9585284656249999 0.8749586484374999 0.9420949640625 0.8669286703125 0.9418145515624999 0.8456158953124999 0.9649136953124999 0.8371978515625 0.9741570921875 0.828733040625 0.997704896875 0.82886671875 1 0.8937763484374999 1
1 0.5882779390625 0.6477446875 0.5939267874999999 0.6495502296875 0.6096665828125001 0.6377697234374999 0.7053627546875 0.629853540625 0.7128167984375 0.6315232234375 0.7129301 0.6287426140625 0.71133879375 0.6236291046875 0.677380278125 0.61440184375 0.6569296 0.6013575359375001 0.61453053125 0.5886189609375 0.605959103125 0.588319640625 0.598987053125 0.59558148125 0.5864970359375 0.5978257890625 0.49500302500000004 0.5962390281250001 0.4194377328125 0.6016416359375001 0.4154973296875 0.6047205953125 0.41826722031249997 0.606961696875 0.4360788890625 0.614552909375 0.44748564531249996 0.6154873375000001 0.46062266249999995 0.6207709343750001 0.4777218921875 0.6224402390625 0.508736015625 0.6337090562500001 0.553323415625 0.63955483125 0.5570238734374999 0.6423645234375 0.5547264765625 0.65193398125 0.5582336437500001 0.6547716078125 0.563924528125 0.6549703390625 0.577714496875 0.6495201796875001 0.5882779390625 0.6477446875
1 0.9559410515625 0.103521465625 0.906351803125 0.1033980515625 0.8789290718749999 0.0976155859375 0.8437782296874999 0.09424371718749999 0.829333590625 0.09764512343750001 0.8278752296875 0.1334358859375 0.846860525 0.1356305625 0.8808844812500001 0.1432518296875 0.8855155078125 0.1466301109375 0.943852403125 0.15657319218750002 0.957103803125 0.1570359421875 0.99540395 0.1477159171875 0.9968760765625 0.11158733750000001 0.9870642390625 0.112113621875 0.9559410515625 0.103521465625
1 0.8111207421875 0.6456614015625 0.817290084375 0.6404361765625 0.817677609375 0.6309256453125001 0.817489421875 0.6298009921875 0.75322921875 0.615226821875 0.7237054078125 0.614195828125 0.7104811390625 0.6110535593749999 0.7034074203125 0.597404196875 0.70469439375 0.5658196156249999 0.69413095 0.56759510625 0.6900958984375001 0.59640325625 0.6811972749999999 0.6041339125 0.65368729375 0.600492775 0.6355048015625 0.602002203125 0.6261554968749999 0.59738696875 0.602498665625 0.5928081984375 0.6005284640624999 0.5943476796875 0.6012845265625 0.5991989234374999 0.6144215421875 0.6044825203124999 0.61885625 0.612678790625 0.6094777375 0.6321867484375 0.610102921875 0.640249984375 0.6164642046875 0.6479774375 0.625188325 0.644529434375 0.6441705046874999 0.6468005890625 0.6594958531249999 0.6451913859375 0.669775725 0.6503752109375001 0.675940690625 0.6629206484375 0.681372453125 0.6653306031249999 0.694014896875 0.6657720874999999 0.7872021515625 0.6475066140625 0.8111207421875 0.6456614015625
1 0.542433659375 0.9920791859375001 0.551288659375 0.9854191906249999 0.5598382749999999 0.9862538437499999 0.5934988046874999 0.9793878906250001 0.5957104953125001 0.9710477843750001 0.5957171531250001 0.9708843765624999 0.55211755625 0.9650765781249999 0.5211252484375 0.9532724312499999 0.5049837484374999 0.951505075 0.5032537875 0.9939613484375001 0.50906768125 0.9941643750000001 0.530074521875 0.9911115015625 0.542433659375 0.9920791859375001
1 0.4067639859375 1 0.40795734218749996 0.9707129515625 0.37076464374999996 0.9616518390625 0.360157575 0.96449799375 0.353556346875 0.9626591921875001 0.364177834375 0.9828655703125 0.3762315890625 0.9913278984374999 0.381442978125 1 0.4067639859375 1