1 0 0.04884494375 0.0253772375 0.0625867953125 0.0276706859375 0.069572821875 0.025322303125 0.0805508671875 0.028476128125 0.08803589687499999 0.0345510453125 0.09053090625 0.056871073437499996 0.08753689375 0.0841467609375 0.0745628421875 0.107069534375 0.0738051796875 0.10987296718749999 0.0203125 0.10733915000000001 0.0203125 0.06345075781250001 0.0296526625 0.006765471875 0.028654659375000002 0.00021982812500000003 0.035141684374999996 0 0.036962381249999995 0 0.04884494375
1 0 0.9740220296875 0.006373770312500001 0.9865082015625 0.014079039062500001 0.99182735 0.0189417421875 0.9847351515625 0.019824498437499997 0.9678911796874999 0.025256800000000003 0.9404089109375 0.0402389265625 0.9306571375000001 0.0438408140625 0.9225097265625 0.044376700000000005 0.9122844125 0.0348446328125 0.8907635203125001 0.028799885937500002 0.86328125 0.027500790625 0.849983378125 0.029254234375 0.8260472078125 0.02705005625 0.8109762859374999 0.018823459375 0.787040115625 0.00702165 0.78125 0.004866365625 0.78125 0.0005926890625 0.7826074921874999 0 0.783570771875 0 0.9740220296875
1 0 0.549833778125 0.0056140109374999995 0.549833778125 0.0114282578125 0.543628103125 0.017301034375 0.52678413125 0.0328750828125 0.515259309375 0.04037218125 0.505507534375 0.044875265625 0.4957557625 0.04630438125 0.4879164796875 0.049744125 0.42228224687499993 0.040739025 0.3556848390625 0.0386621640625 0.3477061171875 0.026030426562499997 0.3359375 0.0245833203125 0.3359375 0.014895909374999999 0.3441600171875 0.006109978125 0.3689827125 0.010785032812500001 0.4035571796875 0 0.45542355468749995 0 0.549833778125
1 0.1901157015625 0.042012020312499995 0.1792943453125 0.0455050328125 0.1664645703125 0.053489065625 0.1669065171875 0.061972099999999995 0.1744145140625 0.0709541359375 0.200617984375 0.0784391671875 0.205544859375 0.085924196875 0.20517873749999999 0.092910225 0.211149046875 0.097401240625 0.22100542656250002 0.09540523437500001 0.2364424703125 0.08841920625000001 0.2714092140625 0.0809341765625 0.2831535578125 0.0829350609375 0.28634430625 0.022051940625 0.2674029 0.022051940625 0.27634397499999996 0.0375210015625 0.276065015625 0.042843857812500004 0.26695569531249996 0.047501042187499995 0.226463221875 0.042012020312499995 0.1901157015625 0.042012020312499995
1 0.2251813015625 0.4453836 0.2209317390625 0.4418905859375 0.1791866171875 0.4433875921875 0.1431267671875 0.4378985703125 0.131599315625 0.45486463906249996 0.1020563296875 0.4603536609375 0.1027336421875 0.46434567656250003 0.11399694687499999 0.469335696875 0.115351571875 0.477319728125 0.1293529078125 0.4808127421875 0.13224521875 0.49328779218749996 0.1392589625 0.49478479843749995 0.154329884375 0.49478479843749995 0.194563471875 0.488297771875 0.21836888437500002 0.49079278281249994 0.22551338593749998 0.489794778125 0.24809732499999998 0.4953125 0.2519790859375 0.4953125 0.2832421046875 0.4877987703125 0.28791009375 0.48330775312499996 0.28926773125 0.4731123859375 0.2893130109375 0.472248390625 0.2835847046875 0.46434567656250003 0.2677841671875 0.4613516640625 0.25422740781250003 0.44937561718749996 0.24421412031249998 0.4543656359375 0.22896013593750003 0.45785865000000003 0.2251813015625 0.4453836
1 0.4117281828125 0.07616907187500001 0.427086771875 0.0706800484375 0.45178133593750003 0.056208992187499994 0.4585100421875 0.046228951562499995 0.46499537812499997 0.0418281875 0.46548050312499994 0.032571434375 0.45253803281250005 0.0296875 0.4430195640625 0.0296875 0.42526667500000004 0.0377459171875 0.3976274984375 0.040739929687499996 0.34835340625 0.0505710125 0.3463755125 0.088311453125 0.361455153125 0.0881451203125 0.4117281828125 0.07616907187500001
1 0.178344453125 0.9732269499999999 0.1836011703125 0.977659575 0.185085871875 0.9998226953125 0.19529628906250002 0.9998226953125 0.195809521875 0.9732269499999999 0.206842690625 0.9427476234375 0.20777386875 0.9249796796875 0.20695288750000002 0.9129432625 0.2026253859375 0.8907801421875 0.20620286718749997 0.8225177312499999 0.1977904265625 0.8021276593750001 0.1839298734375 0.8 0.1802295859375 0.8 0.17536973125 0.8109929078125001 0.1711677390625 0.834042553125 0.17333571718750002 0.8783687953125 0.1701419890625 0.9297872343750001 0.17219471875 0.9572695031249999 0.178344453125 0.9732269499999999
1 0.5960589140625 0.8420776140624999 0.594625834375 0.8355905874999999 0.5805721953125 0.8330955765624999 0.5678993328125 0.8380855984375 0.55501725625 0.8470676328125 0.5415624734375 0.8500616453125 0.5310549328125 0.8475666359374999 0.5243027046875001 0.8410796078124999 0.5164285890625 0.8390836 0.4786453609375 0.84956264375 0.4674317296875 0.8605406859375 0.412257978125 0.8645327015625 0.415699471875 0.8665287109375001 0.4360895421875 0.8665287109375001 0.44393750781249997 0.8690237203125 0.46294548906250005 0.870021725 0.4894614609375 0.8800017656250001 0.5204610515625 0.8974668359375 0.531828965625 0.9004608453125 0.5414735015625001 0.9194229234375 0.5510683656250001 0.922416934375 0.5898427234375 0.9099418859374999 0.607157421875 0.9009598484374999 0.6313551093750001 0.8959698296875 0.6512509296875 0.8884847984375 0.6549824 0.888801253125 0.6563534390625 0.8626402750000001 0.6404609796875 0.8575466765625 0.6443732 0.8505606468750001 0.6411670734375 0.844073621875 0.6261746046875001 0.8425766140625001 0.6011949999999999 0.8455706281250001 0.5960589140625 0.8420776140624999
1 0.2982841484375 0.45666224062499994 0.282925559375 0.46215126250000005 0.2713484328125 0.463149265625 0.26949692812500003 0.46464627187499996 0.274711471875 0.46664227968749994 0.2985691875 0.46813928593750004 0.32047079375 0.47312930625 0.331135240625 0.47263030468749995 0.351133040625 0.48011533437500004 0.3865155765625 0.481612340625 0.4089402125 0.47662232031249996 0.4220811765625 0.4796163328125 0.4277638171875 0.4895963734375 0.41328912500000003 0.5120514625 0.420875575 0.5195364921875 0.42601429062499996 0.5060634375 0.4410616890625 0.4895963734375 0.4565771890625 0.48111333749999996 0.46406166249999997 0.473628309375 0.47034578906249996 0.47213130156250005 0.47913258281250004 0.473628309375 0.52567449375 0.46415831093750004 0.525690115625 0.46386021250000004 0.523176415625 0.4451851953125 0.500754409375 0.433209146875 0.4902468671875 0.43071413593749996 0.48398889062499995 0.4317121421875 0.3982248734375 0.415625 0.39494205 0.415625 0.3862907296875 0.4182390890625 0.3829250609375 0.4317121421875 0.377344396875 0.4367021609375 0.32352526875 0.44867820781249995 0.3062367203125 0.4571612421875 0.2982841484375 0.45666224062499994
1 0.3787768984375 1 0.37925642656249997 0.999445921875 0.3785371859375 0.9941267734375 0.38313319218749997 0.98260195 0.390504778125 0.9276374109375001 0.394741165625 0.9134530140624999 0.400149334375 0.9054742906250001 0.3908903390625 0.872672871875 0.391181171875 0.85760195 0.39359532656249996 0.8496232265625 0.3922980375 0.7982047875 0.3975668203125 0.7928856390625 0.4134058921875 0.7876999875 0.413462640625 0.786617171875 0.4125024875 0.7840203906250001 0.40052644062500004 0.7840203906250001 0.3869680734375 0.7919991140625 0.380647215625 0.7919991140625 0.3718510203125 0.7884530140625 0.3698788421875 0.7828125 0.3691214296875 0.7828125 0.3617780578125 0.7902260640625001 0.3484425828125 0.8256870562499999 0.35014775781249996 0.840757978125 0.3491376890625 0.8505097515625 0.351713553125 0.858488475 0.35309350156249997 0.8797650703125001 0.34889151093750004 0.902814715625 0.3430651953125 0.9187721625 0.3383056734375 0.95246010625 0.34636705156250003 1 0.3787768984375 1
1 0.7712370109375 0.48604353749999996 0.7786430281250001 0.48005551406249997 0.7849010062499999 0.479057509375 0.7937401015625001 0.47955651093749996 0.8164497765625001 0.48604353749999996 0.856500303125 0.48304952500000004 0.871518921875 0.4840475296875 0.8977511734375 0.47406748906249996 0.92009735625 0.470574475 0.9238265171875 0.4670814609375 0.923436871875 0.45760042343749996 0.9300609703125 0.44961639218749994 0.9436203578125 0.444626371875 0.9595627015625 0.44363256875 0.96000754375 0.435144475 0.9210937453125 0.43464633125 0.9031017328125 0.43963635156249997 0.8880046593750001 0.44013535312499996 0.8739771718749999 0.4371413421875 0.8653472890625 0.4326503234375 0.839935828125 0.4296875 0.824611603125 0.4296875 0.79053923125 0.43913735000000004 0.7648561625 0.4386383484375 0.749081778125 0.435145334375 0.71620190625 0.4366423390625 0.7092927687499999 0.43314932656250005 0.6959714734375 0.43464017187500004 0.6959696375 0.43467520156250006 0.7097085625 0.44213136249999996 0.7106709140625 0.45760042343749996 0.7140078015625 0.46159243906249997 0.7444085312500001 0.47356848749999997 0.7613544812499999 0.488538546875 0.7712370109375 0.48604353749999996
1 0.6999529015625 1 0.6996938 0.9968251328125 0.7062514203125 0.9764350625 0.7058574078125 0.9649102390625 0.708968475 0.9436336421875 0.7072168375000001 0.9294492468750001 0.7085056734374999 0.914378325 0.717227165625 0.893671409375 0.7176420015625 0.8857558859375001 0.7152147421875 0.88157690625 0.7046548453125 0.87359818125 0.705955746875 0.8487754875 0.704436415625 0.8301584656250001 0.7089395 0.8204066921875001 0.7130244359375 0.8186336437499999 0.693468571875 0.803125 0.6819509828125 0.803125 0.665619246875 0.8186336437499999 0.6663264203125 0.8337045640625 0.663795209375 0.8629598843749999 0.6552071875000001 0.8744847078125 0.6609043796875 0.889555628125 0.6606479421875 0.9134918000000001 0.6667168218749999 0.9214705234375 0.6692806203125 0.9392010203125001 0.6676665578125001 0.9604776156250001 0.6691273640625 0.9897329328125 0.67106603125 1 0.6999529015625 1
1 0.7073899078125 0 0.7070046765625 0.0006261078125 0.7076533203125 0.0263353296875 0.6969281031250001 0.0786402921875 0.6936655843749999 0.1123282359375 0.7007204 0.1300587328125 0.70236705 0.1557679515625 0.7092945515625 0.16640625 0.7187755874999999 0.16640625 0.7218401921875001 0.1460161796875 0.7357555296875 0.118533909375 0.741373675 0.087505540625 0.7413857390625 0.0777537671875 0.746260509375 0.060909796875 0.7536907359375 0.048833668749999996 0.754254509375 0.038076234375000004 0.751159415625 0.024562278125 0.7512300109375001 0.004172206249999999 0.7516621609375 0 0.7073899078125 0
1 0.9407671515624999 0.08673042656249999 0.942800015625 0.047941065625 0.9385831 0.0475742328125 0.8947014328125 0.0390911984375 0.8759798062499999 0.04108720625 0.8557024312499999 0.0390625 0.8428689609375001 0.0390625 0.8234656296875 0.045079221875 0.8142081078125001 0.052564253125 0.7915869546875001 0.0710876453125 0.7911601234375001 0.0792320578125 0.8053899046874999 0.085498384375 0.8293260734375 0.085498384375 0.8512512015624999 0.1069554703125 0.859881084375 0.1114464875 0.875108915625 0.10845247656250001 0.9407671515624999 0.08673042656249999
1 0.5496326046875 0.40631045156249995 0.5441042421875 0.41030246718749996 0.5454065625 0.419284503125 0.5417297046875 0.4217795125 0.4998538265625 0.42577152968750004 0.47010162656250004 0.4352525671875 0.454091878125 0.4362505703125 0.44144516562499997 0.4407415890625 0.430780715625 0.441240590625 0.41359677499999997 0.44772761718750004 0.4108325921875 0.449723625 0.4142217828125 0.4527176375 0.48386497031250003 0.46020266718749997 0.5688928984375 0.4616996734375 0.5802869625 0.4641946828125 0.5861265140625 0.4711807109375 0.5941052375 0.4711807109375 0.6345480375 0.46070166874999996 0.6546530703125 0.4492246234375 0.6869602390625 0.44173959218750003 0.6879088390625 0.43941303437499996 0.688161159375 0.4345984609375 0.6819549078125 0.43575156875000004 0.5938516093749999 0.42527252656250003 0.5802687 0.41379548125000004 0.5748710953125 0.41529248750000003 0.565223928125 0.4132964796875 0.5496326046875 0.40631045156249995
1 0.8263029140624999 0.980463209375 0.82684906875 0.9999667562500001 0.8595836 0.9999667562500001 0.8620538140624999 0.9923848515625 0.864180784375 0.95179983125 0.8610731515625 0.9263851953125 0.8649861187500001 0.8802859046875 0.859533296875 0.8510305859375 0.8619130593750001 0.8341866140624999 0.8556283921875 0.821875 0.8544495124999999 0.821875 0.8455509796875 0.822661790625 0.830023390625 0.8333000875 0.814041453125 0.8811724296874999 0.819225771875 0.9441156921875 0.8219874796875001 0.9485483171875 0.8263029140624999 0.980463209375
1 0.6012443765625 0.4154318359375 0.594672578125 0.42241786406250004 0.5933937796875 0.42990289375 0.6004048953125001 0.44836596875 0.595579996875 0.4558509984375 0.5829332859374999 0.46034201562500005 0.5818113968749999 0.46483303437499995 0.5835059921875 0.46633004062500005 0.6058521734375 0.4628370265625 0.614926634375 0.45884500937499995 0.6316659984374999 0.46084101874999994 0.6575059765625 0.4583460078125 0.6650924265625 0.4658310375 0.666339815625 0.49277714531249994 0.67598698125 0.494773153125 0.677529925 0.4653320359375 0.6852759140625 0.45285698593749996 0.6978180203125001 0.45036197656250004 0.7253002890625 0.45036197656250004 0.7861854640625 0.4388849296875 0.7864212937499999 0.43798281875 0.7868945468749999 0.42895260312500005 0.7816508609375 0.4239148703125 0.7596184984375001 0.4214198609375 0.6754745078125 0.4015625 0.6625313515625 0.4015625 0.6577230765625 0.4034557890625 0.6509159171875 0.41493283437499995 0.6409287796875 0.4194238515625 0.6268489890625 0.41742784374999997 0.6090400390624999 0.41892484999999996 0.6012443765625 0.4154318359375
1 0.5329099703125 0.08691821718750001 0.5405487250000001 0.09340524375 0.5520997000000001 0.0929062421875 0.5793204515625 0.09789626093750001 0.6433824765625 0.0964556078125 0.64537295 0.0584751046875 0.6354644421875 0.0584751046875 0.62174516875 0.05625 0.5869909718749999 0.05625 0.563682084375 0.05797610156250001 0.5339037296875 0.0679561421875 0.4929143765625 0.0719481578125 0.4942690015625 0.0799321890625 0.524905096875 0.0874172203125 0.5329099703125 0.08691821718750001
1 0.9830393671875 0.0045082671875 0.9788959046875 0.016919615625000002 0.9809727640625001 0.0248983390625 0.9796718625 0.049721034375 0.9813426453125 0.0559267078125 0.973892009375 0.06479195625 0.977140653125 0.078976353125 0.9767912921875 0.1046855734375 0.9862946578124999 0.12330259375 0.9907392156249999 0.12418911875000001 0.993290971875 0.1280158703125 0.9999181125 0.0015625 0.9831937484375001 0.0015625 0.9830393671875 0.0045082671875
1 0.380479371875 0 0.3810983125 0.0174146734375 0.3923171140625 0.0794714109375 0.39770114843750004 0.0909962328125 0.4068569609375 0.0972019078125 0.41373800000000005 0.1087267296875 0.43164354375 0.11936502812500001 0.43047176406250004 0.113159353125 0.433586175 0.1044944921875 0.43372764999999996 0.10179499843749999 0.424661128125 0.0431238921875 0.42122220156249995 0 0.380479371875 0