1 1 0.0080659015625 0.9983298171874999 0.006323003125 0.9380661625 0.007381204687499999 0.932800971875 0.00625 0.9296875 0.00625 0.9296875 0.06284237499999999 0.9418326406249999 0.068756865625 0.9649544015625 0.071875 0.965513825 0.071875 0.9719644687500001 0.06928596718749999 0.975730946875 0.061349459375000005 0.9738477078125 0.049709246875 0.9766725656249999 0.0423018390625 1 0.0300397078125 1 0.0080659015625
1 1 0.8838343296875 0.99772035625 0.883881771875 0.9835960625 0.88176536875 0.9544058546875 0.8738288609374999 0.930865365625 0.86218865 0.924274028125 0.861130446875 0.9120329734375 0.865892353125 0.9016751578125 0.88123626875 0.8724849499999999 0.8854690734374999 0.8625 0.8854690734374999 0.8625 0.90419710625 0.8687184718750001 0.9076912953124999 0.889434103125 0.9150987031250001 0.8969670593749999 0.9267389125 0.9234501109375 0.9293844171875 1 0.9293844171875 1 0.8838343296875
1 0.9681464953125 0.3386740828125 0.953125 0.4188735890625 0.953125 0.43168843125 0.95438988125 0.4752089234375 0.9559771828124999 0.4874499765625 0.9602099875000001 0.49780779218750004 0.96761739375 0.5081656078125001 0.9834904109375 0.5204066625 0.988781415625 0.5382974328125 0.9946015218750001 0.544888771875 0.9998925265624999 0.544888771875 0.9998925265624999 0.40656037031250003 0.9972470234375 0.389521540625 0.9998925265624999 0.37539724531249996 0.9998925265624999 0.33873685625 0.9961888234374999 0.32643302812499997 0.985798609375 0.3171875 0.985415015625 0.3171875 0.970791996875 0.33019950625 0.9681464953125 0.3386740828125
1 0.7775362078125 0.026506871874999997 0.771886490625 0.0344433796875 0.743637903125 0.042379887500000005 0.7351633265624999 0.051903696875 0.734375 0.059434087499999996 0.734375 0.060996848437499994 0.74740438125 0.0693640140625 0.758703815625 0.07306771875 0.7973102187500001 0.07306771875 0.821792328125 0.06977809375 0.821792328125 0.026303371875 0.81049289375 0.02386136875 0.7944853593750001 0.0164539625 0.7904283624999999 0.015625 0.7823454953125 0.015625 0.7775362078125 0.019099464062499998 0.7775362078125 0.026506871874999997
1 0.7719537484375001 0.4290615046875 0.76724565 0.432765209375 0.7625375531249999 0.445992721875 0.7465300187499999 0.44228901875000004 0.736172203125 0.43699801406249994 0.721106290625 0.44969642656250003 0.7041571375 0.45287102968750004 0.6984375 0.4602170671875 0.6984375 0.47211250312499997 0.6985074203125 0.47297684999999995 0.7032155171875 0.47773875468749993 0.73805544375 0.4862043625 0.764420790625 0.47985515625 0.7719537484375001 0.48091335781250005 0.7973774765625 0.4782678546875 0.8397503593750001 0.48514616093749996 0.8557578921875001 0.48514616093749996 0.8632908468749999 0.483558859375 0.867057325 0.470331346875 0.8821232390624999 0.46662764218749997 0.8840064796875 0.458162034375 0.896247534375 0.45287102968750004 0.8971891546874999 0.448638225 0.8661157062499999 0.44281811875 0.8559052984375001 0.4265625 0.8433154953124999 0.4265625 0.81620986875 0.43064880624999996 0.7719537484375001 0.4290615046875
1 0.5745919546875 0.04161664375 0.565625 0.0609343921875 0.565625 0.068212840625 0.5693009499999999 0.08493114375000001 0.5782956578125 0.08493114375000001 0.5835866640625 0.0773981875 0.5941686749999999 0.07080685 0.6095125890624999 0.045383121875 0.6153326953125 0.029375589062500002 0.622030540625 0.0015625 0.5799532421875 0.0015625 0.5777665578125 0.012426435937499999 0.5745919546875 0.04161664375
1 0.6859375 0.893580425 0.6859375 0.9064245578125 0.6860524 0.906438253125 0.6907604984375 0.9122583593750001 0.7077096515625 0.9196657671875 0.73689985625 0.9233694703124999 0.7915137921875 0.9228403703125 0.838594771875 0.9276022749999999 0.8630768812499999 0.924427671875 0.8753179375 0.9196657671875 0.872493078125 0.9011472484375 0.850835828125 0.8910943390625 0.7783311187499999 0.8910943390625 0.7547906296875 0.8852742328125001 0.73434573125 0.8828125 0.7261186140625 0.8828125 0.6907604984375 0.8937398406250001 0.6859375 0.893580425
1 0.3412311671875 0.843785659375 0.33558145 0.847489365625 0.3092161 0.8443147625 0.2984375 0.8453835656249999 0.2984375 0.90004580625 0.30074152656250003 0.9009285171875 0.3261652546875 0.906219521875 0.344056025 0.915743334375 0.38454566875 0.928970846875 0.3949034828125 0.92579624375 0.40620292031250005 0.905690421875 0.4184439734375 0.9025158187500001 0.45234227968749996 0.8839973000000001 0.48106167656250004 0.8734152890625 0.5013064984375 0.872357090625 0.509781071875 0.8697115859375 0.5314383234375 0.8697115859375 0.5352048015624999 0.8675951859375 0.4768243890625 0.86336238125 0.4655249515625 0.8517221703125 0.42597693124999997 0.84061105625 0.41750235468749997 0.8427274609375001 0.4099693984375 0.849605765625 0.3986699609375 0.8522512703125 0.38454566875 0.8490766671875001 0.3713629953125 0.8395528578125001 0.3584622359375 0.834375 0.357535940625 0.834375 0.3431144078125 0.8369073531250001 0.3412311671875 0.843785659375
1 0.5780464609375 0.379597753125 0.5764591593749999 0.3861890890625 0.5685226515624999 0.3937220453125 0.5595279421875 0.409729578125 0.5420676249999999 0.4247954921875 0.528125 0.42939051875 0.528125 0.4298699390625 0.5357184187499999 0.43797816718749993 0.5595279421875 0.42385387343750003 0.570109953125 0.430445209375 0.57328455625 0.44456950156249997 0.5679935515625 0.4681099921875 0.569580853125 0.505774775 0.5775173609375 0.5274320265625 0.576988259375 0.5387314625 0.582279265625 0.56227195 0.5838665671875 0.5876956812499999 0.58598296875 0.5933453984375 0.5875702703125001 0.5914621578125 0.588628471875 0.579221103125 0.5944485796875 0.5632135703125 0.5939194765625 0.5547389953125 0.6029141859375 0.5368482218749999 0.6156125984374999 0.48035104687499997 0.6209036046875 0.47470133125 0.63518931875 0.47187647187500004 0.638363921875 0.4615186546875 0.6209036046875 0.36735669843749996 0.6219618046875001 0.3607653609375 0.619316303125 0.3494659234375 0.6066178890625 0.3249838171875 0.5900227421875 0.321875 0.5863770453125 0.321875 0.5764591593749999 0.37018155625000004 0.5780464609375 0.379597753125
1 0.671000778125 0.8822568453124999 0.6163868421875 0.878024040625 0.607912265625 0.8801404453125 0.5919047328125 0.8796113421875 0.5570648078125 0.8679711328125 0.5485902328125001 0.8732621359375001 0.53352431875 0.8769658421875001 0.4796875 0.8813571390625 0.4796875 0.9248465187500001 0.5071589703125 0.93093409375 0.5429405140625 0.927759490625 0.5598896671875 0.9224684875 0.5843717765625 0.9192938843749999 0.606970646875 0.9219393859375 0.6154452234375001 0.9251139875 0.6258030375 0.9245848875 0.641810571875 0.9272303921875 0.6794753546875001 0.915061078125 0.68794993125 0.9071245703124999 0.68135859375 0.9044790671875 0.677592115625 0.8949552578125 0.677592115625 0.8882531421875001 0.6860666921874999 0.8743203375 0.6860666921874999 0.8616219265625 0.6844426296874999 0.8609375 0.6819989375 0.8609375 0.6766504953125 0.8769658421875001 0.671000778125 0.8822568453124999
1 0 0.4742451234375 0.0030532578125 0.47458825156250006 0.010586215625000001 0.4708845484375 0.045426139062499996 0.47247184999999997 0.062375290625 0.4687681453125 0.08968226093750001 0.46823904531249994 0.12734704218749998 0.47882105625 0.1367632390625 0.47882105625 0.16877830625 0.4751173515625 0.17819449999999998 0.470355446875 0.1932604140625 0.46718084375 0.20926794843750002 0.4677099453125 0.2281003390625 0.47300095000000003 0.2695316015625 0.47247184999999997 0.2695316015625 0.46347714062499995 0.2525824484375 0.46241893906250003 0.23845815468749998 0.457127934375 0.23186681718750002 0.44866232500000003 0.2328084375 0.43860941562500005 0.229041959375 0.4349057125 0.20550146875 0.4312020078125 0.17819449999999998 0.420619996875 0.1621869671875 0.42167819843750004 0.1198140875 0.41850359531250003 0.0953319765625 0.4253819015625 0.08591578125 0.42591100312499997 0.07932444375 0.42485280156250005 0.0717914875 0.41850359531250003 0.0614336734375 0.41585809218750003 0.04260128125 0.431731109375 0.00964459375 0.44442952187499996 0.0058781171875 0.44866232500000003 0.003994878125 0.4650644421875 0 0.4671688875 0 0.4742451234375
1 0.192763540625 0.8811269734374999 0.1767560078125 0.879539671875 0.1609375 0.8953414421874999 0.1609375 0.9090643999999999 0.1767560078125 0.929804221875 0.178639246875 0.9255714171875 0.18899706249999998 0.9213386140625 0.20877107343749998 0.9239841156249999 0.235136421875 0.9239841156249999 0.24361099843749998 0.9356243281250001 0.2511439546875 0.9403862328124999 0.2784509234375 0.930333321875 0.29445845625 0.929804221875 0.3095243703125 0.932449725 0.3321232390625 0.930333321875 0.34436429375 0.9313915234374999 0.347189153125 0.9306323796875 0.347189153125 0.8916127843749999 0.3274151421875 0.88959258125 0.304816271875 0.8901216828124999 0.2859838796875 0.886417978125 0.277509303125 0.879539671875 0.252085575 0.8784814703125001 0.24034699843750001 0.8734375 0.23342563906249997 0.8734375 0.2238369875 0.880068771875 0.192763540625 0.8811269734374999
1 0.1921875 0.0470630625 0.1921875 0.09913292968750001 0.1945402890625 0.09979394999999999 0.203014865625 0.09926485 0.21619753749999998 0.0918574421875 0.2340883125 0.0876246390625 0.24444612656250003 0.0881537390625 0.2774028125 0.083920934375 0.3065930203125 0.070693421875 0.3282502703125 0.06857701875 0.3282502703125 0.058524109375 0.3169508359375 0.050587601562499994 0.2896438671875 0.0474129984375 0.27106754843749997 0.0390625 0.2682166015625 0.0390625 0.23502993125 0.040534690625 0.1921875 0.0470630625
1 0.0703125 0.0422203546875 0.0703125 0.046514865625 0.07446263125 0.0547213390625 0.0972139546875 0.0792034484375 0.0972139546875 0.10462717656250001 0.10409226093749999 0.12063470937500001 0.11202876875000001 0.12063470937500001 0.1321345890625 0.09709422031250001 0.140071096875 0.087678025 0.14747850468749998 0.064137534375 0.1443039015625 0.03212246875 0.146420303125 0.0123484578125 0.144359671875 0.0015625 0.08219689531249999 0.0015625 0.0728753296875 0.029297610937500003 0.0703125 0.0422203546875
1 0.40255596562499996 0.4510493734375 0.4929514453125 0.44946207187500004 0.5673393921875001 0.44152556406250004 0.5711058703125 0.43835096093750003 0.5682810125 0.4362345578125 0.5503902390625 0.4293562515625 0.5390908046875 0.42882714999999993 0.52590813125 0.42406524531249995 0.508958978125 0.4230070453125 0.47788553125 0.41295413437499995 0.4336294109375 0.40872133125000004 0.4298629328125 0.406075828125 0.431746171875 0.39655201875 0.4260964546875 0.3923192140625 0.40914730156249995 0.399726621875 0.39878948593749997 0.4018430234375 0.39313976875 0.40025572187499997 0.37807385625 0.412425034375 0.28391189687499996 0.4235361453125 0.2754373203125 0.42194884374999997 0.2782621796875 0.42988535156249996 0.312160484375 0.43782185937499996 0.332876115625 0.449991171875 0.3746205875 0.4609375 0.3838702015625 0.4609375 0.39031491093750004 0.45369487499999994 0.40255596562499996 0.4510493734375
1 0.10070505156250001 1 0.106652746875 0.9682453499999999 0.10982734999999999 0.9635372515625 0.11875 0.89721785625 0.11875 0.896425778125 0.1045363453125 0.845834803125 0.088663328125 0.8345353687499999 0.0868610875 0.834375 0.07764233125 0.834375 0.0706739109375 0.846776425 0.0722612125 0.8646671953125 0.06485380625 0.89574064375 0.0664411078125 0.944704859375 0.061679203125000005 0.9720118281250001 0.0609375 0.9842216453124999 0.0609375 1 0.10070505156250001 1
1 0.29942542968749997 0.41591778437500004 0.291488921875 0.40744320937499995 0.29413442343749996 0.380136240625 0.29201802187500003 0.36224546874999997 0.2962508265625 0.3528292734375 0.2999545296875 0.3292887828125 0.2989736265625 0.328125 0.2947288375 0.328125 0.2936053234375 0.32834716406250003 0.28884341875 0.3415298375 0.28090691093750003 0.34623793593749996 0.26133019062499996 0.337763359375 0.25339368281249997 0.3387049796875 0.245986275 0.345296315625 0.2496899796875 0.3537708921875 0.24810267812500003 0.372603284375 0.2502190796875 0.387669196875 0.245457175 0.3980270125 0.23328786250000003 0.40461834999999996 0.23125 0.40969573906249995 0.23125 0.4232370484375 0.2523354828125 0.513846221875 0.254980984375 0.5373867109375 0.2618592921875 0.54491966875 0.27085400000000004 0.5430364296875 0.2830233125 0.479006296875 0.2830233125 0.449816090625 0.285668815625 0.43663341562499997 0.298896328125 0.429100459375 0.3296875 0.429100459375 0.3296875 0.4270167640625 0.3279968578125 0.41874264375000003 0.29942542968749997 0.41591778437500004
1 0.42144710781250005 0.07907481718750001 0.4336881609375 0.0796039171875 0.4421627390625 0.07272561093749999 0.450637315625 0.0732547109375 0.4835939984375 0.065318203125 0.48547724062500003 0.0568525953125 0.4421627390625 0.052619790624999996 0.4110892921875 0.0420377796875 0.3709986515625 0.0390625 0.3640625 0.0390625 0.3640625 0.08373211875 0.39225690156250004 0.084365821875 0.42144710781250005 0.07907481718750001
1 0.55 0.01727925625 0.55 0.01757769375 0.5610993734374999 0.0368077984375 0.5733404281250001 0.04474430625 0.5799317640625 0.05479721562499999 0.59217281875 0.061146421875 0.637370559375 0.0716679640625 0.637370559375 0.029740854687500002 0.630779221875 0.0288712890625 0.5742217593750001 0.0171875 0.561712365625 0.0171875 0.556391275 0.0188183796875 0.55 0.01727925625