1 0.9181060625 0.044670190625 0.9100489062499999 0.04845109375 0.907547484375 0.055136801562500004 0.9075551031250001 0.05539865625 0.911495803125 0.07946518281250001 0.9265028671875 0.10869973125000001 0.9275043109375 0.1248163703125 0.9845688796875001 0.12548037812499999 0.98452835 0.1240874796875 0.974789409375 0.0840763265625 0.9740742687499999 0.0220735 0.9667962937500001 0.015208164062499998 0.952606878125 0.014074390624999999 0.9376857109375001 0.04392935625 0.9301450234375 0.0467476046875 0.9181060625 0.044670190625
1 0.0453132203125 0.1223274078125 0.0475351640625 0.1395685390625 0.11654630625 0.14037155625 0.1162946171875 0.13172157499999998 0.10368563593749999 0.1075080078125 0.0946416625 0.0773741796875 0.092040090625 0.062813946875 0.09182349375 0.03665749375 0.088076209375 0.0201465984375 0.079953546875 0.00093034375 0.05138288437500001 0.00059789375 0.0425501328125 0.027366167187500002 0.042541171875 0.045770682812500005 0.044973575 0.054516965625000004 0.0453132203125 0.1223274078125
1 0.5027970093749999 0.12916243125 0.5040747375 0.15436256875 0.5022062296875001 0.16499613125 0.5039392265625 0.1714327875 0.5152419921875 0.17156430625000002 0.5207247484375 0.1652116140625 0.5256356703125 0.1468641390625 0.5416090078125 0.1344573703125 0.5489241359375 0.12388718437499999 0.5529712921875001 0.113278971875 0.5542387468750001 0.1007010859375 0.55423869375 0.09839281093749999 0.5524272546875 0.036137685937500004 0.5459941078125 0.0063532171875 0.5062337593749999 0.0058905625 0.5075553734375 0.0120094359375 0.49826026875 0.0855197546875 0.49890875 0.10780657656249999 0.5027970093749999 0.12916243125
1 0.92589556875 0.1993268234375 0.9312608499999999 0.209075896875 0.9265665249999999 0.2535798234375 0.9277225124999999 0.29330850625 0.9318734859375001 0.3049807765625 0.9409828093750001 0.3186480734375 0.9502138734375001 0.317786821875 0.9597640421875001 0.309179971875 0.9670881328125001 0.28020526874999996 0.9750888984375001 0.27448638125 0.9827141718749999 0.274575109375 0.987160175 0.2682189015625 0.9871109703125001 0.2665278390625 0.9849299765625 0.25716493749999997 0.9768253937500001 0.2406033421875 0.9675558625 0.2027175765625 0.9685022890624999 0.195947940625 0.9030883453125 0.19518678125 0.9035112671875 0.209721665625 0.92008565625 0.19925921875 0.92589556875 0.1993268234375
1 0.4852430734375 0.2171130234375 0.44534006249999997 0.21065945312499998 0.43425098906250004 0.22904266875 0.4024485734375 0.23466187187499998 0.40354435000000005 0.2390304453125 0.4162997296875 0.2446236453125 0.41849128281250003 0.25336079218749996 0.4341060953125 0.25735383437500003 0.43837826562500004 0.2710154921875 0.4461777484375 0.27273968125 0.462650615625 0.272931359375 0.5060492421875 0.26635813750000004 0.5322912734374999 0.2693858796875 0.540011515625 0.26838675625 0.5673334750000001 0.2752384109375 0.6029326203125 0.2669409984375 0.607429221875 0.262307409375 0.6070301765624999 0.2485931046875 0.60121876875 0.2413305953125 0.5836818203125 0.237859665625 0.567797590625 0.22460736718750002 0.55729715625 0.22992996250000003 0.5409352234375 0.23355091875 0.5356940625 0.21987798593750002 0.5307381640625 0.2160089734375 0.4852430734375 0.2171130234375
1 0.9564885421874999 0.500279709375 0.9675791515625001 0.507189409375 0.9727204671875 0.5142732828125001 0.98264905625 0.5143888109375 0.9860030906249999 0.4968597703125 0.985832115625 0.4909837625 0.975767009375 0.470475446875 0.9716249953125 0.4403986609375 0.9611300046875 0.3947493234375 0.9184608046875 0.3942528234375 0.9188106749999999 0.40297487031249996 0.933461478125 0.45739054375 0.9399320765624999 0.473933125 0.9564885421874999 0.500279709375
1 0.0899602015625 0.3212508328125 0.09046364375 0.321256690625 0.094972978125 0.3087889734375 0.0973351171875 0.28534773593749996 0.0972210984375 0.281429165625 0.0911961859375 0.23512654843749997 0.0902747859375 0.18765128281250001 0.0499764828125 0.1871823703125 0.051425565625 0.1968858734375 0.0581217203125 0.22118039375 0.060292720312500006 0.295792796875 0.071289784375 0.3182000359375 0.0899602015625 0.3212508328125
1 0.139286359375 0.6117125453125001 0.12696545312500002 0.5999452078124999 0.1208600765625 0.5398169859374999 0.11879420468749999 0.5436676046875 0.1194426859375 0.5659544265625 0.1169731296875 0.5746436671875 0.11648999062500001 0.595464325 0.1064566875 0.624891834375 0.0884085203125 0.6595537359375 0.085507078125 0.6721126078124999 0.06514824531249999 0.68349968125 0.06235306875 0.6935365250000001 0.062386123437499996 0.6946725625 0.071685940625 0.7209027625 0.160021453125 0.7219306390625 0.16000270156250002 0.721286165625 0.154633071875 0.7087575359375 0.1444344265625 0.695077565625 0.14074352968749998 0.68050465625 0.143128503125 0.6689084375000001 0.149983553125 0.661238890625 0.15190845 0.6525433109375001 0.139286359375 0.6117125453125001
1 0.485727934375 0.42977641875000006 0.42796875312499993 0.4421718015625 0.40982731718750004 0.45121683125 0.401090540625 0.45057069062500005 0.38479199999999997 0.45637029843750004 0.37222679531249997 0.45731304375 0.37033635625 0.45892447968749994 0.3762137015625 0.46117078125 0.4024240375 0.4631092 0.42680732343749994 0.46883770468749997 0.43841938281250004 0.46842834375000003 0.46094392500000003 0.476857609375 0.49975115781249996 0.47894260624999996 0.5238174843750001 0.4737778640625 0.53844745625 0.4772149671875 0.5455473625 0.488187140625 0.5317256421875001 0.5125278140625 0.5382915859375 0.5185900703125 0.5413396953125 0.5186255375 0.54510135625 0.506149721875 0.560082246875 0.48835626875000004 0.5762856984375 0.4792886890625 0.583799915625 0.4712089546875 0.5905353171875001 0.46965389531249996 0.6002727828125 0.471400634375 0.6491612859375 0.4618718609375 0.6489668296875 0.45518882187500004 0.645881071875 0.44089609375 0.6203069203125 0.42753104375 0.6085997734374999 0.42467242812499995 0.6018485250000001 0.425682825 0.5044263140624999 0.4065814453125 0.49386248593750004 0.4097253921875 0.4913834078125 0.42439744687500003 0.485727934375 0.42977641875000006
1 0.073808221875 0.5245701578124999 0.056548196875 0.5301813046875 0.058294960937499994 0.5340762859375 0.07136685625 0.5342283906249999 0.085455696875 0.525674353125 0.092354934375 0.5257546328125 0.102271634375 0.5297446796874999 0.104700746875 0.535412378125 0.10622856875 0.53543015625 0.1131084921875 0.52793345 0.12450793281250001 0.4893195265625 0.12130531093750001 0.472814971875 0.12153982968749999 0.46216239375 0.1180181015625 0.4534034375 0.11461811562499999 0.430115934375 0.117153025 0.4049601625 0.1220921421875 0.3875816796875 0.1221494765625 0.386621540625 0.12206466406250001 0.383706703125 0.06826204218750001 0.383080653125 0.06616109375 0.392742846875 0.0609682234375 0.4014004015625 0.073994 0.43739254375 0.075017975 0.45387174999999996 0.07309307968749999 0.462567328125 0.0790856765625 0.5188195796875 0.073808221875 0.5245701578124999
1 0.5773964921875 0.9098798406249999 0.5676907234375 0.9092224281249999 0.5422909 0.9018486593749999 0.4987813359375 0.9046092484375 0.48227677187499995 0.9033282437500001 0.4544929578125 0.9138945062499999 0.4303790875 0.9174252624999999 0.4266140546875 0.9211927984375 0.42788416093750004 0.93155265625 0.42135478437499996 0.9401883281250001 0.4069783796875 0.9454658203124999 0.389568215625 0.9463521937499999 0.3898376328125 0.955611453125 0.43248913906249997 0.956652225 0.45171050468749996 0.9514311078125001 0.468167525 0.951078121875 0.48376648906249997 0.9545265 0.49359904375 0.9595412140624999 0.5120606125 0.9618846031249999 0.5422862359375 0.9622363093749999 0.57478836875 0.9534077249999999 0.602904990625 0.95427936875 0.6204577890625 0.9582949609375 0.65626295625 0.9570781578125 0.66412583125 0.96098099375 0.6777016765625 0.9596083 0.6776846625 0.9590235968749999 0.6628715734374999 0.9511658000000001 0.6604422999999999 0.934258715625 0.656439546875 0.9298563156249999 0.622144465625 0.9163897890625 0.602289178125 0.8998244124999999 0.5917095046874999 0.9024236968749999 0.5841477421875 0.9088694421874999 0.5773964921875 0.9098798406249999
1 0.0766371734375 0.73284051875 0.059715484375 0.7500795703125 0.061828784375 0.766571453125 0.0616698875 0.7985355203125 0.053321821874999994 0.8110310171874999 0.0608817453125 0.8275862765625 0.062732328125 0.8537617421875 0.0700666921875 0.8625650625000001 0.07017020625 0.8630244843750001 0.11501553281250002 0.86354630625 0.1150481046875 0.85533915625 0.12408226093750001 0.8288172109374999 0.12401482187499999 0.8264995203125001 0.11945152187500001 0.81954981875 0.107215196875 0.810689459375 0.1064257421875 0.7835576765625001 0.10311034062499999 0.76317715 0.10715749687500001 0.7525689375 0.11145840468749998 0.7506816546875 0.08807508124999999 0.7329736109375 0.0766371734375 0.73284051875
1 0.9191622234375 0.8768147781250001 0.9276704953125 0.88853775 0.9380190796875001 0.8886581671875 0.9395492484375 0.866396696875 0.9522917671875 0.8365163796875 0.9556622484374999 0.8026523531249999 0.9548074453125001 0.7919870999999999 0.9586290421875001 0.7736269484375 0.9655645703125 0.7606996734375 0.9652061109375 0.7483802296875 0.9607410281250001 0.73393629375 0.9592298937500001 0.7145454265625 0.9111387437499999 0.7139858359375 0.913411796875 0.735322896875 0.90636069375 0.7923920359375 0.9057981093749999 0.829194728125 0.9150766015625 0.8486759749999999 0.9191622234375 0.8768147781250001
1 1 0.9230034093749999 0.98051329375 0.9190743843750001 0.9602278484375001 0.9210162515625001 0.9271870234374999 0.9173649203125 0.903184090625 0.9247083109374999 0.8937318890625001 0.9327654937500001 0.870109309375 0.95318078125 0.8703470296875 0.961350715625 0.8870259218750001 0.968623003125 0.9131887125 0.9689274359375 0.939063978125 0.9926410718750001 0.9488965328125 0.9976557843749999 0.9652743125000001 0.9945794906250001 1 0.9831972890625 1 0.9230034093749999
1 0.5197763828124999 0.603225334375 0.5179078765625 0.613858896875 0.510790109375 0.6312120296875 0.515316578125 0.637076684375 0.5250641093749999 0.6352527796875 0.5279002 0.6391604359375 0.5335826546875 0.6847537734375 0.5448616656249999 0.716850934375 0.5464584968749999 0.7343054703125 0.5517551843749999 0.747928403125 0.552638184375 0.759562646875 0.5602544953125 0.7780558906249999 0.56153089375 0.7797096375 0.563549546875 0.7797331265625 0.5656729234375 0.777150275 0.57161546875 0.700694953125 0.57054275625 0.6076907109375 0.5728995359375 0.5951255 0.57945405625 0.5892184015625 0.579077640625 0.5762818359375 0.5673670171875 0.5359726078125 0.5542194984375 0.5145090109375 0.5450345515625 0.479530225 0.5367800328125 0.4765281828125 0.5386677718749999 0.485268125 0.53004934375 0.5820342578125001 0.517973228125 0.5973923671875 0.5197763828124999 0.603225334375
1 0.11031951874999998 1 0.1093679984375 0.9672983515625001 0.10249781093749999 0.9415499265625 0.103596096875 0.9231580859375 0.0955760984375 0.9095034671875 0.084711046875 0.91034570625 0.0687095140625 0.9217834796875 0.0555261515625 0.97393794375 0.059785379687499994 1 0.11031951874999998 1
1 0.46117757968750006 0.8036474546875001 0.5552915515625 0.826496165625 0.5688510953125 0.8266539453125 0.574151209375 0.8245632296875 0.5805696499999999 0.8121149234375 0.5910859328125 0.8073369890625001 0.6066532 0.809696040625 0.6259855015625 0.808287559375 0.6348173671875 0.812201671875 0.6413784421875001 0.8046553265625 0.6421097125 0.7964966687499999 0.632802403125 0.7762426859375 0.6374096453125 0.7681291265625 0.650131778125 0.7636328140625 0.6499405406250001 0.7570603921875 0.649673734375 0.7568377953125001 0.6255598640625 0.76036855 0.6159967265625 0.764613096875 0.59752248125 0.76222021875 0.5695009468750001 0.7646165484375 0.560542296875 0.7563451359375 0.5567795234374999 0.7268995453125 0.5473556265624999 0.724875709375 0.54606489375 0.7248606890625 0.546992253125 0.7567319453125 0.539636515625 0.7702583 0.5261498640625 0.772823759375 0.49611110468749997 0.7724742265625 0.4305841375 0.784234740625 0.42891556875000003 0.79347145 0.4368735328125 0.8006422625 0.46117757968750006 0.8036474546875001
1 1 0.6114680359375 0.9866193875 0.6091741640625 0.9353737359375 0.6123892125 0.9037139515625 0.6229103765625 0.85926709375 0.6267490125 0.861458646875 0.6354861609375 0.8956110953125 0.6440507281250001 0.9043161765625 0.6436075437500001 0.9132431328124999 0.65078963125 0.9258241843749999 0.650391546875 0.9475284578125001 0.6545575343750001 1 0.6551680953125001 1 0.6114680359375
1 0.92157089375 0.40023735781249997 0.9186130625000001 0.41085824843749996 0.9341468671875001 0.4769081625 0.9403465140625 0.5154585484374999 0.98499740625 0.5159781078125001 0.9849306125 0.513682525 0.9839841234375 0.5055793343749999 0.9662152796875001 0.4375660828125 0.9593128015625 0.4248931296875 0.948766853125 0.41798976718749997 0.9402303859375 0.405297803125 0.9197395421874999 0.3934354 0.92157089375 0.40023735781249997