1 1 0.0409901578125 0.94699023125 0.041305057812500004 0.900833790625 0.03093515 0.9030623 0.0856266671875 0.9254245671874999 0.08662520625 0.9529882796875 0.10011092031249999 0.9756346546874999 0.1034125078125 0.9818377515625001 0.10095296093749999 0.9851317281249999 0.09339610781249999 0.9828758078125001 0.0822302578125 0.985289525 0.07516950781250001 1 0.0674367546875 1 0.0409901578125
1 1 0.8757709531250001 0.9452643765625 0.8764537906250001 0.9379777718750001 0.8745671796875 0.9295253921875 0.8744688265624999 0.919977225 0.8746405109375001 0.8906809734375001 0.8849328734374999 0.884519159375 0.8884055906249999 0.884270675 0.8892815781250001 0.88459105 0.897144121875 0.889787409375 0.9072016749999999 0.9145039296874999 0.917109840625 0.9299430937500001 0.9203275625 0.9542467765625 0.9201040171875 0.9678428578125 0.9222876031249999 0.9960804109374999 0.9302113593750001 1 0.9321572734375 1 0.8757709531250001
1 1 0.4362240296875 0.9927324390625 0.434788221875 0.97317564375 0.43456065781250003 0.9378950171874999 0.435176996875 0.92624523125 0.436560478125 0.91650045625 0.44049784843750006 0.9068795312500001 0.4474747359375 0.8957870734375 0.462536025 0.8788763749999999 0.46740270781250004 0.8735247171875 0.47224361718749996 0.8739721406250001 0.483224153125 0.8795781968749999 0.48462661875 0.8894055375000001 0.4827155875 0.9128496015625001 0.48349472968749996 0.9327932734375001 0.4867648671875 0.95351399375 0.48700597500000004 1 0.48028154531249995 1 0.4362240296875
1 0.7615528265625 0.043535803125 0.756457046875 0.0510716890625 0.7297396468749999 0.0583559859375 0.7220030921875 0.0673801796875 0.7214849421875 0.0754836859375 0.7215066218749999 0.076015778125 0.7343959812499999 0.084233784375 0.745351284375 0.087905678125 0.782288221875 0.088335478125 0.8235026031249999 0.0832452515625 0.8327042625000001 0.08807804531249999 0.8329244484375 0.09348179375 0.823654434375 0.1090706359375 0.843474253125 0.10930125937499999 0.8442595609374999 0.1064748625 0.8418465359375 0.047255004687500005 0.8284259109375001 0.0493773953125 0.7929811499999999 0.0413697765625 0.7773768484375 0.03409936875 0.7693479484375 0.0323785609375 0.76684983125 0.03234949375 0.7612638421875 0.0364436046875 0.7615528265625 0.043535803125
1 0.830451853125 0.45897377656250005 0.8062307375 0.46122366562500006 0.7654218546875 0.45416631875 0.7501065390625 0.453988109375 0.74296125625 0.455424003125 0.7398736968749999 0.46804671249999996 0.725603775 0.471425084375 0.7241322421875 0.4795094890625 0.7131512953125 0.4842144046875 0.71333679375 0.48876686874999997 0.741847971875 0.494399646875 0.7532959 0.51165184375 0.75399831875 0.5116600171875 0.7900704796875 0.5066067109375 0.8324747468749999 0.508619165625 0.8368347593750001 0.50512548125 0.84082321875 0.49251325625 0.8562830281249999 0.496237565625 0.8663993546875 0.501418734375 0.8803183656250001 0.48942840624999995 0.8964107328124999 0.486577584375 0.9023867703124999 0.4785455953125 0.9010317499999999 0.4673902296875 0.89634146875 0.46277854375 0.8662273484374999 0.45518082968750007 0.8591663687500001 0.45509866875 0.8377003437500001 0.460070809375 0.830451853125 0.45897377656250005
1 0.5392415359375 0.04899473125 0.5454055609374999 0.053276442187499995 0.552124703125 0.0634815359375 0.5770476375 0.07845555781249999 0.5925900125 0.0842062078125 0.6435358671875 0.09695130625000001 0.6588580625 0.0972983796875 0.6572968859375 0.058984376562499996 0.6073406625 0.048427321875 0.5792888828125 0.0450628375 0.5603086140625 0.0361932046875 0.553796971875 0.0361174359375 0.538844940625 0.0392616015625 0.5392415359375 0.04899473125
1 0.8165240718750001 1 0.8185856421875 0.9983015671875 0.8250170796875 0.9821678781250001 0.827425203125 0.9542812125 0.8247895015625 0.9020230640625 0.827513328125 0.8570310718749999 0.82351938125 0.83357228125 0.8190821890625 0.8232074109375 0.8093973921875 0.8230947171875 0.800862525 0.8243039062499999 0.792081703125 0.8449126281250001 0.7949082890625 0.914281996875 0.7902535687500001 0.9367396796874999 0.7886379515625 0.956970290625 0.78891915 0.9638713859375001 0.8008551453124999 0.9980952546875 0.800869759375 1 0.8165240718750001 1
1 0.4657292953125 0.86593041875 0.45414143593749995 0.8688336546875 0.422431465625 0.886186765625 0.39536682343749996 0.895998746875 0.3760387375 0.8967865375 0.3680338390625 0.8992251187500001 0.34731311875 0.8989840109375 0.3443650484375 0.9006455062500001 0.3443802171875 0.90101779375 0.39981307187500004 0.905671046875 0.4110780015625 0.9169417265625001 0.44934931562499997 0.92802030625 0.4573748578125 0.9260883124999999 0.464313721875 0.9195865640625 0.4750213234375 0.9171794296875 0.48865868749999997 0.9203761874999999 0.501642853125 0.929641490625 0.5144618828125 0.9348541062500001 0.5287730890625 0.93248890625 0.530306546875 0.9259242578125001 0.5355674593749999 0.9224410578125 0.5609165359375 0.92577409375 0.5761699250000001 0.9244325468750001 0.577003740625 0.9227966249999999 0.5765857453125001 0.9125382656250001 0.575612596875 0.9107547328125 0.5765019390624999 0.9104815281249999 0.575050746875 0.8748667187500001 0.5668159734375 0.8716637765625 0.5422852312499999 0.8663148828124999 0.5247965609375 0.8569971656250001 0.48688360468749997 0.8443300765625 0.48414797812500004 0.8442982453125 0.47575571875 0.8468059625000001 0.4657292953125 0.86593041875
1 0.63302946875 0.4598477390625 0.6271359999999999 0.46990607031250003 0.6137463359375 0.472788340625 0.591017396875 0.4674604109375 0.5550432859375001 0.46856085 0.534632190625 0.47591852812499996 0.5238007390625 0.475286146875 0.501484634375 0.4800899296875 0.477222234375 0.4813266484375 0.47413093906250003 0.482466940625 0.47422911718750005 0.48487639062500004 0.48551611875 0.48598026406250006 0.5010584953125 0.4917309171875 0.5091459609375 0.49131867656250006 0.5266139875 0.5001298078125 0.5811634453125001 0.5129168375 0.5867752671875001 0.5180455921875 0.5900353 0.531754853125 0.6000690578125 0.534909678125 0.6894779718749999 0.5192406468749999 0.695825559375 0.5203271984375 0.7065331625 0.517920065625 0.7294611843750001 0.5060345671875 0.7322803999999999 0.4868262453125 0.6850413578125 0.47665600625 0.676094275 0.478070934375 0.6697260421875 0.47647779687499997 0.6622092078125 0.4687951484375 0.646542984375 0.4600049828125 0.631447390625 0.44311993125000004 0.6268060484375 0.4305302828125 0.625219475 0.430511821875 0.6185870765625 0.43689414375 0.63302946875 0.4598477390625
1 0.6520521671874999 1 0.6566995484375 0.9743914203124999 0.6522650953125 0.9401218171875 0.6465384796875 0.9238466546874999 0.6425445359374999 0.9003878640625 0.64419645 0.878795715625 0.6469055828125 0.870722975 0.6459952 0.8608071718750001 0.647904075 0.8455213296874999 0.6347842515625 0.809349715625 0.6279081796875 0.8022417890625 0.6264664453125001 0.8022250124999999 0.6245791203125 0.807430021875 0.615607415625 0.810927521875 0.6091904953125 0.8108528546875 0.595520196875 0.802589521875 0.5833621421874999 0.80244805 0.58252551875 0.8046332187499999 0.5825909421875 0.8062388281249999 0.5984202140625 0.8116280015624999 0.6037063234375 0.8170923546875001 0.6017827546875 0.86929745 0.6041394765625 0.8774291375000001 0.6042569421875 0.89273855625 0.5944702890625 0.925942209375 0.599866525 0.9341092625 0.603999965625 0.9485649390625 0.61028823125 1 0.6520521671874999 1
1 0.05226047968750001 0.46335468750000003 0.0488220109375 0.46736544062499996 0.047660103125 0.483048628125 0.034031134375 0.4902290015625 0.03404380625 0.490540028125 0.04713075625 0.4921566859375 0.054193468749999994 0.48869445 0.0875887296875 0.4906020765625 0.10366045156249999 0.48724466875 0.1297659375 0.4870420875 0.166214809375 0.4975931171875 0.17522381874999998 0.49769794687499996 0.2057099546875 0.49450826875000004 0.21453318906250002 0.49005382812500003 0.2288237515625 0.48718204062500003 0.244159709375 0.4878668359375 0.2623841453125 0.49314235 0.30200314375000004 0.4930970140625 0.30165223281250003 0.48448505781250006 0.28539473437499996 0.48328319375 0.2716748015625 0.47806009375 0.2650382265625 0.46988134375 0.265546934375 0.46026670000000003 0.2617988375 0.45667866874999996 0.2391318234375 0.452870496875 0.2125928609375 0.4424347796875 0.1973188296875 0.443269740625 0.15665443750000002 0.43975849531250005 0.1334993578125 0.4460715515625 0.12451099218749999 0.44647330781249994 0.1181634015625 0.44538675625 0.11070849218750001 0.439223865625 0.1019882 0.43691754843749997 0.10032097343749999 0.4368981484375 0.083296609375 0.4515635359375 0.05226047968750001 0.46335468750000003
1 0.37766141875 0.8926702359375 0.36791664062499996 0.8966076093750001 0.3488945140625 0.8938545390625 0.3236692875 0.8935610171875 0.3151070625 0.8823217874999999 0.308504228125 0.8781749046874999 0.30641124999999997 0.8781505515625 0.281980146875 0.8869997749999999 0.26668547343750004 0.8873281515624999 0.2521678484375 0.8846274953125001 0.2306287953125 0.8864022484375 0.2188758 0.8852528 0.21107104531249998 0.8872831703124999 0.2125148453125 0.9227165375 0.23672271718750001 0.9254617546875 0.25832369375 0.9252067593750001 0.27648620625000003 0.9289625171875 0.28486265781250003 0.9356424765625 0.3092282671875 0.9369386875 0.3248119234375 0.943702509375 0.33619336718750004 0.9357334171874999 0.36588181249999996 0.935066184375 0.3812590546875 0.9367641499999999 0.39672571093750003 0.92083379375 0.3962834921875 0.9099809640625001 0.37929808593750003 0.8886385171875 0.37766141875 0.8926702359375
1 0.218098596875 0.0675480046875 0.19188990625 0.0652176578125 0.19163610312499998 0.065360696875 0.1934753171875 0.1104982453125 0.197330628125 0.1103457078125 0.2180926328125 0.1115999875 0.234494625 0.11634795 0.24258209218750001 0.11593571093749999 0.2549057171875 0.10899027343750001 0.2718577015625 0.10513676406250001 0.281788253125 0.1057586609375 0.31315465 0.1020728796875 0.340566534375 0.089733209375 0.3612046875 0.087947975 0.36081249375 0.07832284843750001 0.34969205468750003 0.07059826875 0.3234420796875 0.06725475 0.306981940625 0.0597953890625 0.2863389421875 0.0595551859375 0.2709214828125 0.060061128124999995 0.218098596875 0.0675480046875
1 0.0936296671875 0.06653129062499999 0.06930534375 0.0662482515625 0.054494446875000005 0.0725551265625 0.054816653125 0.08046260937500001 0.0778749078125 0.0997667640625 0.08719354375 0.107470378125 0.110005053125 0.11482465 0.14051183125 0.11214155625 0.1595133171875 0.114388040625 0.2042074515625 0.10630023125000002 0.20869607812500002 0.10596296406250001 0.207094953125 0.066668528125 0.14042789375 0.0437839484375 0.13258051875000001 0.042148453125 0.1220963375 0.0420264578125 0.11616549375 0.045020665625 0.0936296671875 0.06653129062499999
1 0.4667694125 0.42777112187500005 0.380344853125 0.42828451718749994 0.3094833078125 0.43505515 0.3067485765625 0.43741094374999995 0.3067986625 0.43864016875 0.308788825 0.44011052343749996 0.326174284375 0.4468953125 0.3370057390625 0.44752769375 0.3498041265625 0.452233725 0.36606162656249996 0.4534355875 0.3961835484375 0.46340665156250005 0.4386910265625 0.467952034375 0.442397840625 0.47052689531249997 0.4409675875 0.47962446875 0.4465381296875 0.4837400515625 0.462465359375 0.47683654531249997 0.47229270156250003 0.474925515625 0.477760034375 0.47650817031250003 0.49169968593749996 0.465024428125 0.5813563 0.45543442343749996 0.5895263328125 0.4570485265625 0.5865140015625 0.44941829375 0.5537719437499999 0.4414421234375 0.5334773625 0.42956002968749996 0.49692308125 0.41964840312499996 0.4834216359375 0.41949129999999996 0.478377915625 0.425374471875 0.4667694125 0.42777112187500005
1 0.10123993281250002 0.9347928859374999 0.10586828749999999 0.9378848156249999 0.1701831625 0.9472410578125 0.2182744828125 0.934129325 0.228466040625 0.9190575515624999 0.22895410625 0.908936321875 0.21605250625 0.9016973625 0.198997315625 0.9030179437499999 0.1689786 0.8955798078124999 0.122193678125 0.896554453125 0.095881778125 0.8916911781250001 0.064352478125 0.88941326875 0.06592865 0.9280952875 0.0685597984375 0.9283364734375 0.10123993281250002 0.9347928859374999
1 0.3156141125 0.368301059375 0.3081988703125 0.3727171421875 0.289124821875 0.36439093125 0.2815627484375 0.365203415625 0.274727509375 0.37142719375 0.2786039921875 0.379576565625 0.2778184125 0.3975769 0.280432096875 0.4120148921875 0.2762766234375 0.42187175000000005 0.2648821171875 0.4280424796875 0.26286433124999997 0.43360727812500005 0.26331084531250004 0.44456550312500004 0.28737743125000004 0.532759190625 0.29082808125000004 0.5553111859375 0.2976872109375 0.5625736859375 0.297807421875 0.5625750843749999 0.3062459046875 0.5608934328124999 0.3154011671875 0.4997677484375 0.3142631921875 0.4718398203125 0.3162821953125 0.45925668125 0.3286531640625 0.452196840625 0.3585417140625 0.452544625 0.3561115765625 0.44261113593749996 0.328645825 0.43959012187499996 0.3207166609375 0.43139359375 0.32218503125 0.405296940625 0.3194612203125 0.3881562453125 0.32314681562500003 0.37919439375 0.3257751921875 0.35671313437499996 0.324424728125 0.3551708359375 0.3228040453125 0.355151978125 0.3196594578125 0.355741496875 0.3156141125 0.368301059375
1 0.40472258281249995 0.0645569859375 0.39688281718749996 0.0710482515625 0.3887540671875 0.07044732031249999 0.3575321625 0.077679203125 0.356380553125 0.0840059953125 0.35645391718749997 0.085806471875 0.3976672046875 0.09029850625 0.4278097703125 0.10077615625 0.47570201093750003 0.1048778515625 0.500762103125 0.1011186859375 0.5115729124999999 0.10124448125 0.5100024859375 0.0627034484375 0.48570708125 0.061875043750000004 0.4390693984375 0.061332365624999996 0.4164549359375 0.0651998515625 0.40472258281249995 0.0645569859375
1 0.0746386796875 0.069952309375 0.05528628437500001 0.0590938671875 0.029118873437499998 0.0577766921875 0.014539325 0.053556281250000004 0.0058193015624999995 0.060543650000000004 0.0024214625 0.059426939062499996 0.00298141875 0.0731692625 0.07560461562500001 0.074014309375 0.0746386796875 0.069952309375
1 0.643922353125 0.09771709687499999 0.6537084125 0.0947928953125 0.66007664375 0.096386034375 0.6485020875 0.0775165703125 0.6364807484375 0.0697815078125 0.6297822484375 0.060083 0.6178228359375 0.0538676953125 0.5541611625 0.038442907812499996 0.545482034375 0.037582442187499995 0.537210840625 0.037486196875 0.5388680015625 0.0781558453125 0.582145046875 0.08433961718750001 0.643922353125 0.09771709687499999