1 1 0.021314776562500002 0.9514991187499999 0.03174603125 0.8950617281250001 0.03075396875 0.8888888890625 0.03720238125 0.8880070546875001 0.05009920624999999 0.9153439156250001 0.0644841265625 0.9179894187500001 0.071428571875 0.9162257500000001 0.0823412703125 0.9197530859375 0.08978174531250001 0.9259259265625 0.0922619046875 0.94797178125 0.0892857140625 0.9744268078125 0.07638888906249999 1 0.0755427171875 1 0.021314776562500002
1 0.151675484375 0.07291666718749999 0.175485009375 0.0734126984375 0.190476190625 0.07043650781250001 0.2142857140625 0.06101190468749999 0.22045855312499998 0.0481150796875 0.21869488593750003 0.0426587296875 0.2125220453125 0.0391865078125 0.1834215171875 0.028769840624999998 0.1666666671875 0.028273809374999997 0.15873015937499999 0.0302579359375 0.0970017640625 0.028769840624999998 0.0573192234375 0.0327380953125 0.05026455 0.04365079375 0.030864196875 0.0505952375 0.015873015625 0.059027778125 0.0105820109375 0.0669642859375 0.017636684375 0.071428571875 0.034391534375 0.071428571875 0.061728395312499997 0.075396825 0.071428571875 0.08978174531250001 0.08289241562500001 0.09424603125 0.08906525625 0.09325396875 0.1111111109375 0.0823412703125 0.138447971875 0.07490079375 0.151675484375 0.07291666718749999
1 0.651675484375 0.057539682812500006 0.6640211640625 0.04365079375 0.655202821875 0.033730159375 0.6305114640625 0.0262896828125 0.5961199296874999 0.0327380953125 0.5291005296875 0.022321428125 0.5088183421875 0.022321428125 0.4894179890625 0.02529761875 0.46649029999999997 0.0257936515625 0.45679012343750003 0.0238095234375 0.450617284375 0.02529761875 0.450617284375 0.0352182546875 0.45679012343750003 0.040674603125 0.4735449734375 0.0456349203125 0.48500881875 0.0605158734375 0.4947089953125 0.0674603171875 0.5044091703125 0.071428571875 0.515873015625 0.07291666718749999 0.5670194000000001 0.0744047625 0.6437389765625 0.060019840625 0.651675484375 0.057539682812500006
1 1 0.20208333281250002 0.9964726625000001 0.19097222187500001 0.9770723109375 0.19097222187500001 0.9867724875 0.20634920625 0.9867724875 0.21164037656249998 0.9779541453125 0.21626984062500001 0.9373897703124999 0.2108134921875 0.9012345671875 0.2108134921875 0.8906525578125001 0.2142857140625 0.878306878125 0.222222221875 0.8791887125000001 0.2306547625 0.8871252203125 0.23958333281250002 0.9135802468750001 0.247023809375 0.9188712515624999 0.25446428593750003 0.9188712515624999 0.2614087296875 0.9250440921875 0.265873015625 0.9347442687499999 0.2638888890625 0.94973545 0.25694444375000003 0.984126984375 0.24950396874999997 1 0.2521825390625 1 0.20208333281250002
1 0.5643738984375 0.24255952343749998 0.58906525625 0.2485119046875 0.621693121875 0.240575396875 0.6261022921875 0.23611111093749998 0.6269841265625 0.2251984125 0.6208112875 0.2172619046875 0.604938271875 0.2142857140625 0.5908289234375 0.20238095312499998 0.5811287484375 0.2073412703125 0.566137565625 0.2108134921875 0.5617283953125 0.1984126984375 0.5573192234375 0.1949404765625 0.515873015625 0.196428571875 0.4797178125 0.19097222187500001 0.46913580312500003 0.2078373015625 0.4400352734375 0.2132936515625 0.44091710781250004 0.2172619046875 0.45238095312500004 0.222222221875 0.4541446203125 0.2301587296875 0.46825396875 0.23363095312499998 0.4717813046875 0.2460317453125 0.47883597812499995 0.24751984062500001 0.49382716093749995 0.24751984062500001 0.5335097 0.24107142812500001 0.5573192234375 0.2435515875 0.5643738984375 0.24255952343749998
1 1 0.3782777 0.982363315625 0.37847222187499996 0.9329805999999999 0.390376984375 0.9179894187500001 0.3958333328125 0.89417989375 0.41021825468750006 0.8880070546875001 0.4201388890625 0.88095238125 0.42509920625 0.88095238125 0.43353174531249994 0.9012345671875 0.43799603125 0.9215167546874999 0.428571428125 0.9488536156249999 0.42559523749999995 1 0.41528962343750003 1 0.3782777
1 0 0.2474906625 0.029100529687499998 0.246527778125 0.0643738984375 0.2574404765625 0.08906525625 0.25446428593750003 0.1111111109375 0.2490079359375 0.17901234531250002 0.2490079359375 0.1992945328125 0.23958333281250002 0.2019400359375 0.222222221875 0.190476190625 0.2177579359375 0.1675485015625 0.2147817453125 0.12345679062499999 0.21924603125000003 0.07231040625 0.21875 0.0449735453125 0.222222221875 0.029100529687499998 0.22916666718749998 0.024691357812500002 0.234623015625 0 0.23756914375 0 0.2474906625
1 0 0.5911111109375 0.019400353125 0.597222221875 0.015873015625 0.6041666671875 0.019400353125 0.6106150796875001 0.034391534375 0.612103175 0.0590828921875 0.609126984375 0.0643738984375 0.61259920625 0.066137565625 0.61904761875 0.0802469140625 0.621527778125 0.0925925921875 0.6165674609375 0.104938271875 0.6076388890625 0.118165784375 0.6046626984375 0.1287477953125 0.6071428578125 0.13580246875 0.6135912703125 0.1437389765625 0.615575396875 0.1807760140625 0.6051587296875 0.19135802500000001 0.59424603125 0.2460317453125 0.590277778125 0.242504409375 0.5882936515625 0.222222221875 0.5882936515625 0.2142857140625 0.5858134921875 0.195326278125 0.5848214281249999 0.168430334375 0.57490079375 0.136684303125 0.5575396828125 0.1252204578125 0.5545634921875 0.1146384484375 0.5357142859375 0.104938271875 0.5327380953125 0.06701939999999999 0.5451388890625 0.05026455 0.5540674609375 0.0264550265625 0.559027778125 0.007054673437500001 0.5664682546875001 0 0.565873015625 0 0.5911111109375
1 0.5634920640625001 0.4429563484375 0.55026455 0.46527777812500004 0.5582010578125 0.47271825468750006 0.5626102296875 0.459325396875 0.5767195765625 0.4429563484375 0.5917107578125 0.434523809375 0.5987654328125 0.4270833328125 0.604938271875 0.42559523749999995 0.6137566140625 0.4270833328125 0.6596119921875 0.41765872968749995 0.65608465625 0.3988095234375 0.6331569671875 0.3869047625 0.62257495625 0.384424603125 0.6164021156249999 0.3854166671875 0.5282186953125 0.36904761875 0.51851851875 0.372023809375 0.515873015625 0.3854166671875 0.5105820109375 0.390376984375 0.45767195781250003 0.40228174531249994 0.44091710781250004 0.41071428593750003 0.43298059999999994 0.41021825468750006 0.41798941875000006 0.415674603125 0.40652557343750007 0.4166666671875 0.4047619046875 0.41815476250000005 0.41005290937499994 0.4201388890625 0.43386243437500005 0.421626984375 0.45590828906249997 0.4265873015625 0.46649029999999997 0.42609127031250005 0.4867724875 0.43353174531249994 0.5220458546875 0.435019840625 0.5440917109375001 0.4300595234375 0.5573192234375 0.43303571406249997 0.5634920640625001 0.4429563484375
1 0 0.42768959375 0.0035273375000000004 0.43055555625 0.0088183421875 0.4295634921875 0.0202821875 0.43353174531249994 0.0749559078125 0.43799603125 0.08906525625 0.44146825468750006 0.0970017640625 0.446428571875 0.1296296296875 0.43551587343750003 0.1446208109375 0.435019840625 0.15255731875 0.43700396875 0.20370370312500002 0.43303571406249997 0.20899470937500003 0.43799603125 0.2142857140625 0.45386904687499996 0.2178130515625 0.45238095312500004 0.2178130515625 0.440476190625 0.20987654375 0.42741418593749997 0.20987654375 0.42113095312500004 0.21340387968750002 0.41220238125 0.2195767203125 0.40972222187499996 0.21164021093750002 0.40228174531249994 0.17636684375 0.390873015625 0.1613756609375 0.393353175 0.151675484375 0.3928571421875 0.1437389765625 0.3958333328125 0.12257495624999999 0.3983134921875 0.09964726562500001 0.3953373015625 0.08377425 0.390376984375 0.05026455 0.38740079375 0 0.398551028125 0 0.42768959375
1 0.4955908296875 0.8685515875 0.5044091703125 0.8730158734375 0.534391534375 0.8764880953124999 0.5432098765625 0.8764880953124999 0.5784832453125001 0.8665674609374999 0.6040564374999999 0.8670634921874999 0.6199294531249999 0.8705357140625001 0.65255731875 0.86904761875 0.6596119921875 0.872519840625 0.67283950625 0.8710317453125 0.658730159375 0.8635912703124999 0.656966490625 0.8482142859374999 0.653439153125 0.84424603125 0.62257495625 0.8323412703124999 0.604938271875 0.8174603171875001 0.5952380953125 0.8199404765624999 0.588183421875 0.8258928578125 0.5820105812499999 0.8268849203125 0.573192240625 0.8263888890625 0.55026455 0.8199404765624999 0.5105820109375 0.8229166671874999 0.4955908296875 0.821924603125 0.4700176359375 0.8318452375 0.44797178125 0.8353174609374999 0.44444444375 0.8387896828124999 0.44532627812500003 0.8482142859374999 0.4391534390625 0.85615079375 0.42592592656250006 0.8611111109375 0.41005290937499994 0.862103175 0.41005290937499994 0.8705357140625001 0.44885361562500004 0.8710317453125 0.46649029999999997 0.8660714281249999 0.48148148125 0.865575396875 0.4955908296875 0.8685515875
1 0 0.749338625 0.006172839062499999 0.7485119046875 0.0264550265625 0.7539682546875001 0.037918871874999996 0.752976190625 0.0590828921875 0.7549603171875 0.073192240625 0.752480159375 0.088183421875 0.752976190625 0.1137566140625 0.76240079375 0.1208112875 0.7579365078125 0.1287477953125 0.747023809375 0.153439153125 0.747023809375 0.171957671875 0.7445436515625 0.1816578484375 0.7485119046875 0.1834215171875 0.752480159375 0.1992945328125 0.731646825 0.1992945328125 0.721230159375 0.1834215171875 0.7053571421875 0.168430334375 0.7068452375 0.13932980625 0.705853175 0.1278659609375 0.6979166671875 0.1128747796875 0.7043650796875001 0.08906525625 0.7053571421875 0.0811287484375 0.7118055562500001 0.06349206406249999 0.715277778125 0.0423280421875 0.7147817453124999 0.0132275125 0.7177579359374999 0 0.7209467125 0 0.749338625
1 1 0.7053571421875 0.9964726625000001 0.703373015625 0.9708994703125 0.7053571421875 0.9188712515624999 0.697420634375 0.8853615515625 0.6959325390625 0.8677248671875001 0.703869046875 0.842151675 0.7068452375 0.8315696656249999 0.7142857140625 0.8315696656249999 0.7237103171875 0.8518518515625001 0.7256944437499999 0.8791887125000001 0.7380952375 0.9100529093749999 0.7420634921875 0.9197530859375 0.7415674609375 0.9365079359375 0.7455357140625 0.9488536156249999 0.752480159375 0.9567901234375 0.752976190625 0.9726631390625 0.7485119046875 0.9929453265625 0.747519840625 1 0.7478805921875 1 0.7053571421875
1 1 0.8398962140625 0.9929453265625 0.8392857140625001 0.9488536156249999 0.830853175 0.9303350968749999 0.8328373015625001 0.900352734375 0.8298611109375 0.878306878125 0.8368055562500001 0.8694885359375 0.84424603125 0.8474426812500001 0.8630952375 0.8474426812500001 0.8705357140625001 0.8624338625 0.8769841265625 0.8862433859375001 0.8769841265625 0.9091710765625001 0.8983134921874999 0.9179894187500001 0.902777778125 0.9329805999999999 0.8998015875 1 0.8772530046875 1 0.8398962140625
1 0.6966490296875001 0.5739087296875 0.6992945328125 0.5664682546875001 0.691358025 0.5679563484375 0.603174603125 0.5575396828125 0.58906525625 0.546130953125 0.58377425 0.547619046875 0.5740740734374999 0.5456349203124999 0.5582010578125 0.5386904765625 0.552910053125 0.5426587296875 0.554673721875 0.5515873015625 0.551146384375 0.5540674609375 0.5097001765625 0.5580357140625 0.480599646875 0.5674603171875 0.46472663125 0.56845238125 0.45238095312500004 0.5729166671875 0.44179894218750004 0.5734126984375 0.42504409218749994 0.5798611109375 0.42239858906250005 0.5818452375 0.42592592656250006 0.5848214281249999 0.4955908296875 0.5922619046875 0.5802469140625 0.59375 0.5917107578125 0.596230159375 0.5978835984375 0.603174603125 0.60582010625 0.603174603125 0.6455026453125 0.5927579359374999 0.6649029984375 0.58134920625 0.6966490296875001 0.5739087296875
1 0 0.9068877546874999 0.017636684375 0.9117063484375001 0.05026455 0.909722221875 0.0758377421875 0.9052579359375 0.121693121875 0.90674603125 0.1507936515625 0.8998015875 0.1675485015625 0.9012896828124999 0.17989417968750002 0.8943452375 0.17901234531250002 0.884424603125 0.168430334375 0.8695436515624999 0.1208112875 0.85615079375 0.0582010578125 0.8645833328125001 0.0537918875 0.8675595234375001 0.022045854687499998 0.8735119046875001 0 0.875283446875 0 0.9068877546874999
1 0.6287477953125 0.733630953125 0.636684303125 0.737103175 0.6428571421875 0.7301587296875 0.6437389765625 0.7227182546875001 0.63580246875 0.7043650796875001 0.640211640625 0.696924603125 0.65255731875 0.6924603171875 0.653439153125 0.68799603125 0.651675484375 0.6865079359374999 0.6296296296875 0.689980159375 0.6208112875 0.6939484125 0.6040564374999999 0.6919642859375 0.5784832453125001 0.6944444437499999 0.5705467375 0.68700396875 0.5679012343750001 0.6602182546875001 0.5582010578125 0.6582341265625 0.5582010578125 0.6875 0.551146384375 0.69990079375 0.5388007046875 0.702380953125 0.5114638453125 0.702380953125 0.45149911875 0.7137896828125 0.44973545000000004 0.722222221875 0.45679012343750003 0.728670634375 0.47883597812499995 0.73115079375 0.566137565625 0.7514880953125 0.5749559078125001 0.7514880953125 0.5811287484375 0.7490079359374999 0.5873015875 0.73759920625 0.5970017640624999 0.7331349203124999 0.6111111109375 0.735119046875 0.6287477953125 0.733630953125
1 1 0.552579365625 0.9867724875 0.552579365625 0.9620811281250001 0.5486111109375 0.9153439156250001 0.5520833328125 0.8862433859375001 0.56200396875 0.8456790125 0.565972221875 0.8474426812500001 0.5739087296875 0.878306878125 0.58134920625 0.8862433859375001 0.580853175 0.89417989375 0.5873015875 0.9056437390625 0.5868055562500001 0.9329805999999999 0.5917658734375 1 0.5902579359375 1 0.552579365625
1 1 0.978174603125 0.9929453265625 0.978174603125 0.9805996468749999 0.97470238125 0.9726631390625 0.9771825390625001 0.94797178125 0.9771825390625001 0.9417989421874999 0.9791666671874999 0.9329805999999999 0.972222221875 0.9188712515624999 0.9761904765624999 0.8932980593750001 0.9771825390625001 0.8747795421875001 0.98759920625 0.8738977078125 0.9920634921874999 0.8628556093749999 1 1 1 1 0.978174603125
1 1 0.378673734375 0.9797178125 0.3804563484375 0.9179894187500001 0.3948412703125 0.9065255734375001 0.4007936515625 0.900352734375 0.41021825468750006 0.8888888890625 0.41765872968749995 0.878306878125 0.4360119046875 0.8844797171875 0.434523809375 0.89417989375 0.4375 0.9541446203125 0.42509920625 1 0.41904330625 1 0.378673734375