1 1 0.9407801578124999 0.977820121875 0.9293709187499999 0.97511741875 0.9223101687499999 0.9769192203125 0.9111443203125 0.9733156171875 0.9035874671874999 0.9670093109375 0.9011279203125 0.9444867875 0.9044295078125 0.9174597609375 0.9179152203125 0.9015625 0.9186260359375 0.9015625 0.9707593703124999 0.90801605 0.9706842765625 0.9408831843750001 0.9632353703125001 0.9985408421875 0.9635776328125001 1 0.9620368703125 1 0.9407801578124999
1 1 0.0612368234375 0.992387696875 0.0632278328125 0.9293246312500001 0.06244188125 0.8887840921875 0.0669662984375 0.881576884375 0.0781950453125 0.8617570640625001 0.08551786875 0.84644175 0.0943080328125 0.84375 0.0983756171875 0.84375 0.10416137968750001 0.8482435515625 0.1069517078125 0.8653606671875 0.1067525328125 0.8932885953125 0.110480246875 0.9031985062500001 0.1250559171875 0.912181278125 0.128448309375 0.921315915625 0.12834201875 0.943739046875 0.11698539999999999 0.971666975 0.1090616453125 0.9851804874999999 0.10687805937499999 1 0.1070142546875 1 0.0612368234375
1 1 0.529151475 0.93315605 0.5195433859375 0.9124353296875001 0.5197844921875 0.8926155093749999 0.52305463125 0.8691920859375 0.5238337734375 0.8592821765625 0.52192274375 0.8546875 0.523083478125 0.8546875 0.5351401234375001 0.8592821765625 0.5391466546875 0.8763992937499999 0.544013334375 0.8881110046874999 0.5590746234374999 0.8980209140625 0.5660515125 0.907930825 0.5699888843750001 0.9196425359375 0.5713723625 0.945055209375 0.5718157875000001 0.9760595546875 0.57145501875 1 0.5666891296875 1 0.529151475
1 0.8003743984374999 0.9863371375 0.79497065 0.9864000171875 0.7902426859375 0.9774460218750001 0.7958151265625 0.9359397406250001 0.7958151265625 0.899002803125 0.792269028125 0.8882332546875 0.7841636578125 0.8757149562500001 0.775551703125 0.8767160671875001 0.7664331625 0.8849302781249999 0.758834378125 0.9120457249999999 0.7512355937499999 0.9175395515625 0.7441433953125001 0.9176220765625 0.740625 0.922529603125 0.740625 0.929059765625 0.7416104671875 0.9338677656250001 0.748702665625 0.94910055625 0.75630145 0.9841472703124999 0.7551117640625 0.9912134796875 0.8160785515625 0.9905040656249999 0.8160785515625 0.97624449375 0.8003743984374999 0.9863371375
1 0.843469965625 0.4939830203125 0.8281546499999999 0.49416122968750004 0.787614109375 0.5012185734375 0.7632897859375001 0.498968684375 0.756082578125 0.5000657203125 0.730857353125 0.4942802140625 0.6975240203124999 0.502773453125 0.693019515625 0.5073851375 0.6921875 0.517687528125 0.6921875 0.518628240625 0.6984249203124999 0.52657249375 0.7146411374999999 0.5294233140625 0.7290555515625 0.5414136421875 0.7389654609375 0.5362324734375 0.7542807765624999 0.5325081640625 0.75878528125 0.545120390625 0.7632897859375001 0.5486140749999999 0.805632128125 0.5466016203125 0.8385194437499999 0.5511804421875001 0.8429525281249999 0.551128859375 0.8533798750000001 0.53439455625 0.8828125 0.528535325 0.8828125 0.5271431140625 0.8822087046875 0.524433975 0.8704969921875 0.519504396875 0.868695190625 0.5114199937499999 0.8542807765625 0.508041621875 0.8506771734375 0.49541891250000003 0.843469965625 0.4939830203125
1 0.6511437875 0.9190932984375 0.6511437875 0.9104813437500001 0.6304230671875 0.90616318125 0.609702346875 0.9160294140625 0.58177441875 0.9193938984375001 0.5390625 0.9284941234374999 0.5390625 0.9671649406249999 0.5510739015625 0.9670251750000001 0.597990634375 0.955172784375 0.61330595 0.9494221328125001 0.6376302734375 0.9344481109375 0.6439365796875001 0.9242430171875 0.6511437875 0.9190932984375
1 0.8556236984375 0.0679428796875 0.8322002749999999 0.065175921875 0.7871552312500001 0.07025933906250001 0.7349029781249999 0.0703607625 0.7069750499999999 0.0742318328125 0.690758834375 0.081512725 0.6862543296875 0.08713758125 0.675 0.08861092968749999 0.675 0.099947846875 0.690758834375 0.099243221875 0.7227908968750001 0.10877706718749999 0.737071734375 0.10861089374999999 0.7520200953125 0.1066357515625 0.77454261875 0.1008012375 0.8439119875 0.09999405156249999 0.8646327078124999 0.090127815625 0.8673354109375 0.072365871875 0.8556236984375 0.0679428796875
1 0.4369420921875 0.153181365625 0.4747799296875 0.1421027828125 0.485590740625 0.1308321046875 0.541446596875 0.126129478125 0.5378429921875 0.12414506562500001 0.517122271875 0.1243861734375 0.5090141640625 0.1219475921875 0.48964479531249994 0.12115980625 0.4621673171875 0.111347821875 0.429734884375 0.093994709375 0.4180231734375 0.091091475 0.4072123625 0.07196701718750001 0.397302453125 0.06904281718750001 0.3585637140625 0.0821582234375 0.341446596875 0.091475940625 0.31712227187500003 0.096824834375 0.303125 0.102354165625 0.303125 0.13385665 0.309915065625 0.135915790625 0.3063114609375 0.1430499203125 0.309915065625 0.149593603125 0.3252303796875 0.1509351484375 0.35045560625 0.14760211406249998 0.3558610109375 0.1510853140625 0.3576628125 0.1576499609375 0.3704714234375 0.159751675 0.372779765625 0.1597248140625 0.3846898390625 0.154802546875 0.397302453125 0.14553724375 0.410815965625 0.1423404875 0.4216267765625 0.14474761875 0.42883398437500003 0.15124936875 0.4369420921875 0.153181365625
1 0.683333846875 0.5345849390625 0.6986491625 0.5288342874999999 0.7103608734375 0.5276848390625 0.712162675 0.526144115625 0.7067572703125 0.5241806703125 0.6824329453125 0.522943953125 0.6599104234375 0.5181401703125 0.6490996124999999 0.5187725515625 0.6283788921875 0.511414875 0.5923428562499999 0.510314434375 0.5698203328125 0.5156423640625001 0.5563068203125 0.5127600953125 0.5500005140625001 0.5027017625 0.5635140265625 0.47974816562499994 0.55540591875 0.47224372812500004 0.5509014140625 0.4859739546875 0.5364869999999999 0.50285900625 0.5211716843749999 0.511649171875 0.513964478125 0.51933181875 0.507658171875 0.52092495625 0.4986491625 0.5195100296875 0.453125 0.5293931187500001 0.453125 0.536730584375 0.45540591875 0.5488885890625 0.4788293421875 0.5607740875 0.48964015312500003 0.5631812203125001 0.495946459375 0.5620946703125 0.5764960640625 0.5761043609375001 0.59180854375 0.575926184375 0.595946459375 0.574608875 0.5986491625 0.560899615625 0.6040545671875 0.5557708625 0.6581086218750001 0.54298383125 0.6752257390625 0.5341727 0.683333846875 0.5345849390625
1 0.6883098296875 0.08666614218749999 0.6802017218749999 0.0791617046875 0.6441656859375 0.067929553125 0.6288503703125 0.070640690625 0.6189404609375 0.0702494171875 0.610832353125 0.07338327812499999 0.58921073125 0.076167796875 0.5657873078125 0.0734008390625 0.5495710921875 0.0685236734375 0.5153368578124999 0.0658825140625 0.478125 0.07456746875 0.478125 0.11115062656250001 0.48470622656250006 0.1133513953125 0.5405620828125001 0.1172607234375 0.554976496875 0.12063909531250001 0.5630846046875 0.12561060468750002 0.5964179390625 0.11407785156250001 0.6117332531249999 0.113393059375 0.6198413625 0.11532505312500001 0.6720936140625 0.11066435937500001 0.6774990203125 0.11566731875 0.68267135625 0.13111889999999998 0.68456180625 0.1310969015625 0.686508028125 0.1302534703125 0.686508028125 0.118095415625 0.6783999203125 0.10484984374999999 0.6783999203125 0.0984329234375 0.6820035234375 0.0892724515625 0.6883098296875 0.08666614218749999
1 0.1710074734375 0.5069346984374999 0.17202064374999998 0.49160759218749994 0.1618889328125 0.46559935937499997 0.1583428328125 0.44311809999999996 0.1547967328125 0.439555759375 0.14517160625 0.4405686578125 0.1370662375 0.4343566671875 0.13200038125 0.4209020984375 0.130987209375 0.40469767343749996 0.12237525468749999 0.40479788125000005 0.12186866874999999 0.444443415625 0.126934525 0.4624024875 0.1274411109375 0.47771190937499997 0.124401596875 0.492161690625 0.1198423265625 0.5012237515625 0.1171875 0.5241866 0.1171875 0.544064325 0.1264279390625 0.5768227968749999 0.125921353125 0.6029548171875 0.12237525468749999 0.6192122953125 0.1238950109375 0.652527946875 0.12034891249999999 0.659776415625 0.12172777500000001 0.67202106875 0.12252910937499999 0.6720117453125 0.12946745312500002 0.6587694109375 0.14517160625 0.6567848734374999 0.1492242921875 0.6531341140625 0.161382346875 0.6214611109375 0.1765625 0.603287103125 0.1765625 0.6031983171874999 0.1740469875 0.593385815625 0.167967959375 0.5862493453125001 0.16695478749999998 0.5799548265625 0.1674613734375 0.570939925 0.1740469875 0.5474398703125 0.1710074734375 0.5069346984374999
1 0.2742485484375 0.12489994374999999 0.2814557578125 0.1202568078125 0.289563865625 0.10901757812499999 0.31478908906249997 0.10872405624999999 0.333708009375 0.1059709875 0.34361791875000003 0.10990835937500001 0.34541972187500003 0.1139400796875 0.3616359375 0.09247478906249999 0.3616359375 0.0818364921875 0.34541972187500003 0.0658144453125 0.3301044046875 0.0675124125 0.3003746765625 0.0668451765625 0.2890458953125 0.059136646875 0.288046653125 0.059148273437499996 0.27334765 0.065639909375 0.24902332500000002 0.06693611875 0.24091521562499998 0.0736160796875 0.22289719687499998 0.0773718359375 0.20127557812500002 0.077116840625 0.171875 0.080464809375 0.171875 0.1139335296875 0.185059359375 0.117325796875 0.196771071875 0.116176346875 0.21839269374999998 0.1179511 0.23280710937500002 0.11525044531249999 0.2481224234375 0.1155788203125 0.2742485484375 0.12489994374999999
1 0.28207636875 0.8333731500000001 0.27245124062500004 0.8334851484374999 0.2704248984375 0.8542294484375 0.257760259375 0.8823047421875 0.2537075734375 0.91388343125 0.25421416093750004 0.9237874453125 0.2501614734375 0.9409517203125001 0.2430692765625 0.9536468578124999 0.24256269062500002 0.9617608625 0.2471219609375 0.9779240250000001 0.2479843953125 0.995551940625 0.29270265625 0.9950315968749999 0.29119490937500003 0.9756093890624999 0.2993002796875 0.9223619218750001 0.30082003749999997 0.888110003125 0.29271466562500004 0.8701862984375 0.2896751515625 0.8440955421874999 0.28207636875 0.8333731500000001
1 0.2003371953125 0.9381044796875001 0.2003371953125 0.8959548515625 0.15709395312500002 0.88819055625 0.138175034375 0.8904370390624999 0.10812045625 0.8878044046875001 0.10736287343749999 0.8878132203125 0.08502188125 0.8951082171875001 0.07601287031250001 0.90281183125 0.0546875 0.9212870078125001 0.0546875 0.9304237875 0.068805665625 0.9363303453125 0.0931299875 0.9360473062500001 0.1165534109375 0.95755793125 0.1255624203125 0.962012371875 0.14087773750000002 0.9587946484375 0.2003371953125 0.9381044796875001
1 0.526565515625 0.5572125734375 0.5391781296875 0.5525065390624999 0.5499889390625 0.5518741609375 0.5671060578125 0.5450893703124999 0.5698087593750001 0.5430315796875 0.56620515625 0.540033996875 0.49503398593750003 0.5332633640625 0.4085474984375 0.5327499687499999 0.3968357859375 0.5303533203125 0.39052947968749996 0.5233345015624999 0.38242137187499997 0.5234288484375 0.34188083125 0.5345388765625 0.3220610109375 0.546420971875 0.2896285796875 0.554397140625 0.2875 0.56040651875 0.2875 0.56191308125 0.2950339859375 0.5604132703125 0.385124075 0.570003275 0.3995384890625 0.5814870187500001 0.40494389374999995 0.579904365625 0.41485380625 0.5818153953125 0.42753201875 0.5872127140625001 0.43313385625 0.5871475312500001 0.4364754265625 0.5846033171875 0.43467362343750005 0.5755057406249999 0.43827722812500003 0.57293088125 0.48061957031249997 0.5683855 0.5103493 0.5584144375 0.526565515625 0.5572125734375
1 0.08125 0 0.08125 0.0232226296875 0.08211436250000001 0.0374313375 0.0866736328125 0.0635044125 0.0851538765625 0.1103689421875 0.09224607500000001 0.14001614843750002 0.09072631875 0.157150946875 0.0975335625 0.16917759375000002 0.1035176125 0.1691079640625 0.10795022968750001 0.1686622421875 0.12314779687499999 0.157674590625 0.136825609375 0.1088667875 0.128213653125 0.04500303125 0.1251741390625 0.0405338953125 0.1190951125 0.0081721984375 0.118438025 0 0.08125 0
1 0.3283994515625 0.5801272156249999 0.338309359375 0.5754526328125 0.35272377499999996 0.577311246875 0.3707417921875 0.57558183125 0.37884989999999996 0.5790335843750001 0.38515620781250004 0.5718680046875 0.3860571078125 0.5642587375 0.377949 0.5456094171875 0.3824535046875 0.5379582171874999 0.39506611875000003 0.5332521859375 0.39596701875 0.5286824328125 0.394165215625 0.527183640625 0.3716426953125 0.530991815625 0.362633684375 0.5351493281249999 0.34551656875000003 0.5333221609375001 0.3193904421875 0.5361590953125 0.311282334375 0.5286546578125 0.30857963125 0.5013304828125 0.29979557031250004 0.4996365625 0.2986697203125 0.4996496625 0.2986697203125 0.5293080031249999 0.2914625140625 0.5420565078124999 0.2788499 0.5447361984375 0.250921971875 0.54506116875 0.1896607125 0.5574254765625 0.1890625 0.560291675 0.1890625 0.5671441781250001 0.19506611875 0.572560146875 0.217588640625 0.5748310015625 0.306777828125 0.594563203125 0.3157868390625 0.5944583734375 0.32209314375 0.5918520625 0.3283994515625 0.5801272156249999
1 0.42517572187499997 0.8481002109375 0.41757693749999997 0.8797201640625 0.41808352343750005 0.887822375 0.4114979109375 0.8960071171875 0.412004496875 0.9077129328125 0.4078125 0.9308720765625 0.4078125 0.97454095625 0.40824325625 0.9936871593750001 0.446958903125 0.9932366625 0.446958903125 0.990189084375 0.45101158906250005 0.9649167015625 0.44746548906249994 0.9172102140625 0.437333778125 0.887598378125 0.4332810921875 0.846204096875 0.42517572187499997 0.8481002109375
1 0 0.9984375 0.0134991875 0.9982804234374999 0.016207571875 0.9886158375 0.013674643750000002 0.980537203125 0.013674643750000002 0.955311978125 0.011648301562500001 0.94902925 0.0187405 0.9399377156250001 0.014687815625 0.925570459375 0.013674643750000002 0.899456121875 0.003036346875 0.8806609906249999 0 0.880096346875 0 0.9984375
1 0.609145453125 0.9182920187500001 0.603066425 0.9066510437499999 0.5934412984375 0.9004567359375001 0.5858425140625 0.8888334421874999 0.567098846875 0.878240734375 0.568618603125 0.8845293562500001 0.565625 0.894324415625 0.565625 0.8946961812499999 0.5782437296875 0.9555885296875 0.5832186625 0.9932136359375001 0.6248518328125 0.992729190625 0.6238364359374999 0.9811841375 0.609145453125 0.9182920187500001