1 0.933591984375 0.0548147015625 0.9220098296874999 0.052483657812499994 0.9143163968750001 0.055888384375 0.9119669109374999 0.062299521875 0.9160534703125001 0.0857048546875 0.9307899781250001 0.11419190625 0.93184021875 0.1284441140625 0.9865051859375 0.130671540625 0.9864687375000001 0.1297770359375 0.9768746828125 0.0919013421875 0.9756643781250001 0.039755276562500004 0.9475905890625 0.038611357812500004 0.9408003421875 0.052319759375 0.933591984375 0.0548147015625
1 0.0624916359375 0.0148005796875 0.0635783515625 0.07991355624999999 0.06946972343749999 0.1219834859375 0.0812795125 0.12990111875000002 0.08491818125 0.139171953125 0.112045434375 0.140277303125 0.11425910624999999 0.11916075 0.1290091390625 0.10953668750000001 0.1320278296875 0.101003 0.1315985328125 0.090467303125 0.11945667812500001 0.06731757968749999 0.11043537031249999 0.038133853125 0.107774228125 0.024082125 0.107380890625 0.0043754359375 0.060014575 0.0024454062499999997 0.060058129687499996 0.0063354453125 0.0624916359375 0.0148005796875
1 0.586317384375 0.0360141390625 0.5151063515625001 0.0221474828125 0.49369108125 0.021274878125 0.4733347765625 0.0235782859375 0.44914752187499996 0.023114875 0.438820190625 0.020605492187499998 0.432366434375 0.021908954687500003 0.43279265625 0.03236920625 0.43954476875 0.03838791875 0.45744875625 0.044338893750000004 0.47019237187499996 0.0605224828125 0.48073281406249996 0.068261990625 0.49114538906250005 0.07286342343749999 0.5033136046875 0.074925671875 0.509508865625 0.075357596875 0.5647443546875001 0.0776082703125 0.6377688265625 0.0668285546875 0.646042159375 0.0645549453125 0.6584808296875 0.050441745312499994 0.6487436203125 0.0396021015625 0.6223531906249999 0.030694609374999998 0.586317384375 0.0360141390625
1 0.9879024140625001 0.2567132 0.97993526875 0.240586165625 0.9706104453125001 0.20395365000000001 0.9712052671875 0.19933012187500002 0.9087052671875 0.1967834421875 0.909198478125 0.2088877265625 0.9249945343749999 0.1993062859375 0.930573509375 0.19953361249999998 0.9358341796874999 0.20904349687499998 0.9318262531249999 0.2516396125 0.9333817671875 0.2898146578125 0.9374981265625 0.301137021875 0.9454351593749999 0.3130669453125 0.9557687796875 0.313488009375 0.964323525 0.3059482828125 0.9710305312499999 0.2783349890625 0.9786480843750001 0.273068065625 0.985970259375 0.273366421875 0.990411796875 0.26704053125 0.9879024140625001 0.2567132
1 0.51931735625 0.1541805296875 0.507372084375 0.1685666421875 0.51301954375 0.1790218390625 0.5173256 0.19499969374999998 0.5044399828125 0.199122409375 0.5009685921875 0.203628725 0.50432078125 0.24745429843750003 0.5001231546875 0.285394921875 0.51836085625 0.29729268593749997 0.5253659921875 0.3282533640625 0.529512153125 0.3274927546875 0.5342490671875 0.3156015828125 0.5425413875 0.31408036250000004 0.5455954453125 0.2993319625 0.5585190015625 0.2961403453125 0.5597845265625 0.28875548906250004 0.55913955625 0.2729268109375 0.5506331234374999 0.2307503265625 0.552223821875 0.205717215625 0.5508742828125001 0.1982258046875 0.5560881296875 0.172410775 0.5463161734375 0.1376191453125 0.5414193625 0.1327718515625 0.5298751484374999 0.13137190781250002 0.5217725234375 0.13754862031249998 0.51931735625 0.1541805296875
1 0.940655046875 0.4466685109375 0.9470531546875 0.46273161093750004 0.96324488125 0.4884892984375 0.9739707078125001 0.49543321249999994 0.9795043484375 0.5030951140625 0.9883955625 0.503457403125 0.9916105421875001 0.4856629328125 0.9914027765625001 0.48056400468750005 0.9814202249999999 0.46041375156250003 0.9771060296874999 0.431421825 0.9669681078125001 0.3891788609375 0.9256407796874999 0.3874949015625 0.9259781421875 0.39401551874999996 0.940655046875 0.4466685109375
1 0.06883508125 0.1683045640625 0.073035459375 0.1945031953125 0.0797370828125 0.218015084375 0.08265841406249999 0.289709684375 0.09346825625 0.31152986875 0.1009981203125 0.3129767 0.11246241562499999 0.313443834375 0.11610141562500001 0.30315656875 0.1176981296875 0.2852865828125 0.1171175515625 0.27103816406250003 0.11164898593749999 0.23232913437499997 0.109971515625 0.178346721875 0.10513430625 0.149333484375 0.1033553984375 0.1455427875 0.0753277375 0.1444007484375 0.06883508125 0.1683045640625
1 0.12375231093750001 0.568534003125 0.11152016093749999 0.5649027156249999 0.09953715468749999 0.5445729671875 0.08916720156249999 0.5410175578125 0.0496627359375 0.552461478125 0.032355460937500004 0.5611548578125001 0.023123404687499998 0.562712546875 0.025501342187499998 0.6210713390625 0.044031982812499995 0.6195886453125 0.049767753125 0.6234773687499999 0.0519069953125 0.630352409375 0.06319761562500001 0.6327770359375 0.0684978828125 0.6329930046875 0.0797334015625 0.628875528125 0.0923851828125 0.6199924546875 0.1062237953125 0.61742346875 0.11750353437500001 0.620493803125 0.1252293703125 0.6275964828125 0.1336945015625 0.6300299859375 0.1723531140625 0.620640175 0.183057453125 0.6095891734375 0.240031965625 0.6077758703125 0.2400168515625 0.6074049640625 0.2368054453125 0.6055135046875 0.21539017500000002 0.6046408999999999 0.20690372968749998 0.6016843828125 0.1868424859375 0.5998226609375 0.158017753125 0.588205259375 0.12375231093750001 0.568534003125
1 0.5181948578125 0.3901989703125 0.5159769609375 0.404206490625 0.51060348125 0.40920898125000005 0.455249025 0.41948491875 0.437920440625 0.427655284375 0.429519240625 0.4267908171875 0.413924984375 0.4318989875 0.401863325 0.43245180000000005 0.400065059375 0.43394495781250003 0.405736896875 0.43626464531250003 0.4309404953125 0.43885804687499996 0.45443107187500004 0.44503665625 0.465582946875 0.4449689140625 0.487317884375 0.453686709375 0.524625765625 0.45677332187499997 0.5476901203125 0.45249168125 0.5617844671875 0.4561988453125 0.5687283812499999 0.46692467187500003 0.5557209015625 0.48989114687499996 0.5634562578125 0.4971704375 0.5646716859375001 0.4972199625 0.56850055 0.484146146875 0.5826948609375 0.4674937625 0.5981612484375 0.4592475171875 0.6052903734374999 0.45170584375 0.6117441312499999 0.45040238125 0.6211190515625 0.45235081250000003 0.6685917109374999 0.44447592656249996 0.6684688515625 0.44146072187499996 0.66459705625 0.42436018750000004 0.6398770218750001 0.41082146406250003 0.6285972796875 0.407751128125 0.6221222125 0.408531578125 0.528309075 0.387478225 0.5181948578125 0.3901989703125
1 0.0960503125 0.4230786125 0.09721829374999999 0.4389286 0.0954676984375 0.44722324531249996 0.1018522828125 0.5013974578125 0.09684979375 0.5067709390624999 0.080341028125 0.511675575 0.0820618234375 0.515463903125 0.0946141234375 0.5159753703125001 0.108045159375 0.50815666875 0.114670159375 0.5084266171875 0.12423614218750001 0.5125346109375 0.1267757890625 0.518374715625 0.12780764375 0.5184167609375 0.1346205140625 0.5110986359374999 0.14513222812499998 0.47434484374999997 0.141872196875 0.45840961093750004 0.141977878125 0.44818883749999994 0.138498346875 0.43968108125 0.1349727390625 0.41722815625000004 0.13712439062499998 0.3931474578125 0.1416716078125 0.3766007921875 0.142530378125 0.35875397656249997 0.1415335109375 0.33428911875 0.14092601093749998 0.33195187812500004 0.0925263203125 0.32997974218750004 0.0910830109375 0.3652439375 0.088028953125 0.3799923390625 0.0831402796875 0.3881591140625 0.0960503125 0.4230786125
1 0.61881609375 0.8650641734375 0.6116230375 0.871036809375 0.60514796875 0.871817259375 0.5958156703124999 0.8709148531249999 0.5713300609374999 0.8631292671875 0.5295584843750001 0.8645600703125 0.5136871843749999 0.8628690765625 0.487111546875 0.8722290859375 0.46398325468749996 0.8749416890624999 0.46040803906249994 0.8784510187500001 0.46174404999999996 0.8884261984374999 0.45556733749999995 0.896528821875 0.4418139671875 0.9011898578125 0.4250968125 0.9015529750000001 0.42545910156250005 0.9104441874999999 0.46644875625 0.9126365312500001 0.48485761875 0.90816519375 0.5006649859375 0.9082871499999999 0.51569043125 0.9120322562500001 0.5251932187499999 0.9171187625 0.54944569375 0.92089391875 0.5693712140625 0.9217058218749999 0.6031284640625 0.9135065062500001 0.6301516375 0.915129759375 0.6470605921875 0.91947375625 0.6814473109375 0.919308475 0.6890452781249999 0.923273078125 0.7021020859375 0.9223339609375 0.7020799656250001 0.9217910890625 0.6877305781249999 0.9138209125 0.6852077375000001 0.8975316453125 0.681312853125 0.8931957859375 0.64821293125 0.8793156078125 0.6289516234375 0.8628664453124999 0.61881609375 0.8650641734375
1 0.1264908125 0.6673210515625 0.0859652640625 0.6656697609375 0.0849806765625 0.6842206984375 0.08820276875000001 0.6992248328125 0.0883247265625 0.7150322 0.0794877265625 0.7416291515625 0.08449835624999999 0.749269740625 0.0963460859375 0.7581184734375 0.0974083875 0.7841892374999999 0.10082017812499999 0.8038488656249999 0.097053409375 0.8139204609374999 0.092945190625 0.8156121703125001 0.1152603625 0.8330064625 0.1268148078125 0.8334772703125 0.1426313828125 0.817636728125 0.140417375 0.8017441171874999 0.1402114 0.7710604812499999 0.147940784375 0.7595146749999999 0.14791698749999999 0.7589306671875 0.14064225625 0.743191453125 0.1385718703125 0.7180091671875 0.1314312515625 0.7093522328125 0.12701137499999998 0.6905810812500001 0.12662384375 0.668256025 0.1264908125 0.6673210515625
1 1 0.7588665203125 0.9554227328125 0.7503127921875 0.91997705 0.74730205625 0.901696053125 0.7549114703125 0.87482205625 0.7569493046875 0.8639685390625 0.764339221875 0.8643734515625001 0.774276459375 0.885873965625 0.7772411140625 0.9152708031250001 0.7914925484374999 0.9480297468750001 0.797004528125 0.958250521875 0.7968988484375 0.9761118859375 0.801803796875 0.9888860859375 0.8093275640625001 1 0.809780421875 1 0.7588665203125
1 0.9941616421875 1 0.9999214890625 0.9619598125 0.9970327093750001 0.94232149375 0.998369409375 0.9195172125 0.997899953125 0.9079959296875 0.9906101875 0.88721618125 0.9823856078125001 0.8775855281249999 0.96156264375 0.8534982375 0.9537174578125001 0.8531785703124999 0.9475632624999999 0.868730203125 0.948587625 0.8938698687500001 0.9270845109374999 0.9171620562499999 0.922756790625 0.9262812437499999 0.926539834375 0.9422377890625 0.9480064921875 1 0.9941616421875 1
1 0.47039466875 0.59463854375 0.4575510859375 0.5988145046875 0.4463992125 0.5988822453125 0.4289853828125 0.6049605609375 0.42627733125 0.6069387921875 0.4301295921875 0.610228625 0.50400605625 0.621071021875 0.5934554640624999 0.6262822406249999 0.605666303125 0.6293905140625 0.6119802765625 0.636419346875 0.622897821875 0.636864203125 0.662314146875 0.628043728125 0.6823081609375 0.61684910625 0.7155080468749999 0.6103697343750001 0.7172473171875 0.6049336171874999 0.7171587421875001 0.6027598453125 0.709665721875 0.603865946875 0.61610831875 0.589088746875 0.6007205828125 0.576452428125 0.595197925 0.5777938296875 0.5848705937500001 0.575284446875 0.5684292953125001 0.5675688328125 0.5674697234375 0.5675297328125 0.5623963578125 0.5712358265625 0.5646421562499999 0.58072593125 0.5610243171875 0.5831892375 0.5174331671875 0.5855901875 0.48711182343750004 0.5942754265625 0.47039466875 0.59463854375
1 0.1185200859375 0.8389296609375 0.108097771875 0.8394345375000001 0.09286266875 0.8499683875 0.0807900546875 0.8996723171875001 0.0923749640625 0.9661426140625 0.095702734375 0.9709259749999999 0.0985788578125 0.9836376031249999 0.14121275312499998 0.9853748015624999 0.1403105609375 0.9764618140625 0.13450320468750002 0.949268153125 0.13409939531249998 0.9009149531249999 0.1255252203125 0.869890340625 0.1263734109375 0.8522633984375 0.1185200859375 0.8389296609375
1 0.5868423093749999 0.7247632953124999 0.5828982125 0.6964067984375 0.5725708828125 0.693897415625 0.5738282390625 0.72475515625 0.566912228125 0.7375269546875 0.5539834015625 0.7396108671875 0.525119340625 0.738434746875 0.46229478593750006 0.7478841578125001 0.4607948796875 0.7566994921875 0.4685207125 0.763802171875 0.4919047359375 0.7673657171875 0.5794961046875 0.7910862953125 0.5973536078125 0.7918139328125 0.600679384375 0.7905951359375 0.6067069203125001 0.778831421875 0.6167572046875 0.7745416421875 0.6317400281250001 0.7772407218749999 0.65029806875 0.776430471875 0.6588271359375 0.7804330140625 0.665046471875 0.7733764140625 0.665657903125 0.765569165625 0.656489503125 0.745876246875 0.6608253281249999 0.7382207562499999 0.6736689109375 0.73404479375 0.674052421875 0.7316226640625 0.673944734375 0.7289798109375 0.672482078125 0.727730703125 0.649353790625 0.7304433078125 0.640213290625 0.7342480140625 0.6224371703125 0.731435115625 0.595541865625 0.7329499359375 0.5868423093749999 0.7247632953124999
1 1 0.5961149421874999 0.9950643765624999 0.595128165625 0.9458653234375 0.596778465625 0.9155652890624999 0.6059867171875 0.8729052390625001 0.6084256078125 0.8751084125 0.6168696875 0.908016534375 0.626042753125 0.9163751124999999 0.6258611953125001 0.9250320453124999 0.6330018125 0.937115015625 0.6329720109375 0.9661921890625 0.63937825625 1 0.639996771875 1 0.5961149421874999
1 0.951364790625 0.4746226546875 0.961567603125 0.481545259375 0.9699060046874999 0.493969209375 0.985608878125 0.503452496875 0.9890611015624999 0.503593165625 0.987878128125 0.49934928125000005 0.9902491609374999 0.490535084375 0.9901159343750001 0.48726548125 0.9749436781249999 0.42538757031249996 0.96867506875 0.3888795859375 0.9255757078125001 0.38712342187500004 0.9267723078125 0.39646770781249996 0.9445954265625 0.46226263906250004 0.951364790625 0.4746226546875