1 0 0.9608848578125 0.0015794265625000002 0.9572490734375 0.0312114703125 0.943213321875 0.0318757671875 0.9289505984374999 0.0318688453125 0.9286325796874999 0.030388290624999998 0.9269440328125 0 0.9257058046875001 0 0.9608848578125
1 0 0.179737184375 0.0008857265624999999 0.18006460468750002 0.0079518046875 0.180352525 0.019438543750000002 0.17543042656250002 0.0309425765625 0.14983825312500001 0.0349556484375 0.13359304375 0.0356254453125 0.107559409375 0.0384653515625 0.09319683437500001 0.04798201875 0.06366280468749999 0.0607278734375 0.040594951562499995 0.061228953125 0.029836571875000002 0.0581268765625 0.0206413 0.0429108109375 0.0094038796875 0.0421579296875 0.0017178046875 0.00104618125 0.000042628125 0 0.000658028125 0 0.179737184375
1 0 0.630400821875 0.0160827546875 0.5621983562499999 0.0162659546875 0.5582649671875 0.017183759375 0.5057311203125 0.0161419421875 0.49314081718749997 0.012301824999999999 0.4823669296875 0.0052114375 0.47146060468749995 0 0.4670746390625 0 0.630400821875
1 0.1820943828125 0.9769611218750001 0.188253190625 0.9690709765625 0.21753338437499997 0.9621229546875 0.2264412015625 0.9529487781249999 0.2269159171875 0.942756421875 0.2149665796875 0.9343386312499999 0.20358250312499998 0.9300755875 0.16408346406250002 0.9284661249999999 0.12821475625 0.9318066546875 0.1263147375 0.972600815625 0.148249540625 0.97829575 0.16427396249999998 0.9865470546875 0.17246121406249998 0.9885740234375 0.175451909375 0.988695884375 0.18174115468750002 0.9845450874999999 0.1820943828125 0.9769611218750001
1 0.20179811875000003 0.560062346875 0.2067916875 0.5564666390624999 0.21223940937500002 0.5431201203125 0.22844044531250002 0.5475794406250001 0.23878544062499998 0.5534283671875 0.2548052328125 0.541055365625 0.2722976578125 0.5385116890625 0.2789843875 0.5306600453125 0.2792608546875 0.5247241609375 0.27903676875 0.5181621703125 0.2744468890625 0.5130904890625 0.23920510625000002 0.5029706578125 0.2119273875 0.508372053125 0.2042707203125 0.5069745890624999 0.17813300625 0.5086232578125001 0.135108403125 0.49981452187500003 0.11873075468750001 0.49914718437500005 0.1109479328125 0.5004582765625 0.106463603125 0.5138440515625 0.0908727296875 0.5170079515625 0.0885422578125 0.5255968296875 0.075765865625 0.53050363125 0.0746006296875 0.5347980703124999 0.1061150015625 0.5420523203125 0.11565385312500001 0.5588872625 0.1301889484375 0.5594795234375 0.1565944265625 0.5565922171875 0.20179811875000003 0.560062346875
1 0.3605440140625 0.947364478125 0.33886539843749997 0.9361690828125001 0.31648032812500004 0.9401416203125 0.31605140781249996 0.9493507203125 0.32350623125 0.9550818812499999 0.3297453546875 0.966190903125 0.35502522812500004 0.9829604359375 0.3711253390625 0.989586603125 0.4065407796875 0.9996775 0.410547546875 0.9998407625000001 0.4125300171875 0.9572763343749999 0.3902577546875 0.9518316578125001 0.3605440140625 0.947364478125
1 0.19703621875 0.0832900921875 0.1899172796875 0.1312609921875 0.1920009140625 0.156441596875 0.1957838328125 0.16765504375 0.206108790625 0.1680757546875 0.2153875265625 0.1670467265625 0.2267120765625 0.1453081171875 0.2301671171875 0.071127 0.2372477140625 0.0472850265625 0.2416722125 0.02093181875 0.2417040375 0.02024851875 0.23897730625000002 0.009737579687500001 0.20243642031250003 0.0082486515625 0.19909700624999999 0.027391334375 0.19703621875 0.0832900921875
1 0.5576762046875 0.15148986250000002 0.5703516734375 0.148749909375 0.6059168265625 0.13120318125 0.6358048671875001 0.1215662265625 0.6565682374999999 0.121326790625 0.6653649125000001 0.11897152656250001 0.6875229078125 0.11987439687500001 0.6911343234375 0.1180389328125 0.691144209375 0.1178266921875 0.6319489921875 0.11109705624999999 0.6209433718749999 0.09870833125 0.5810107859375 0.08568366875 0.57223934375 0.0874972171875 0.564204215625 0.09422543125 0.55251736875 0.0964629265625 0.5382178859375 0.092623828125 0.5251845609375 0.08232344375 0.5119493921875 0.076356753125 0.49640898125 0.07843722812500001 0.4941542015625 0.0854009734375 0.48819724062500003 0.088957425 0.48340731718749996 0.08818074218750001 0.4804601703125 0.15145716250000002 0.4936130078125 0.1591915453125 0.5320126593750001 0.17352799218749998 0.5370378125 0.1737327515625 0.545156746875 0.1716038484375 0.5576762046875 0.15148986250000002
1 0.2711342 0.539085646875 0.2872343125 0.545711815625 0.2959300625 0.5455234 0.313805575 0.55547835 0.37100350625 0.57083474375 0.376531546875 0.57648739375 0.37874049374999996 0.5912313765625 0.384699975 0.5933320328125 0.3967745015625 0.5938240312499999 0.4863581375 0.580962484375 0.4930514140625 0.5823206937500001 0.5047382609375 0.580083196875 0.5303919640625 0.5681027484375 0.5348602 0.5491353796875 0.534931390625 0.54760688125 0.4855873375 0.5353409265625 0.4758777328125 0.5365735093749999 0.4692096875 0.5346735890625001 0.4618810171875 0.52623386875 0.4459322890625 0.51635743125 0.4313506421875 0.4978528578125 0.4272149140625 0.4830303625 0.418165934375 0.49080274375000005 0.43148142187499994 0.515768603125 0.424233071875 0.5263280531250001 0.409630821875 0.5289894953125 0.38579835 0.5225909984375 0.3471870125 0.5226459265625001 0.32465055625 0.5298687359375001 0.3131150921875 0.5288559609375 0.2887780078125 0.5332916984375 0.2626907546875 0.5338569453125 0.256829325 0.535781746875 0.25682821875 0.5358055015625001 0.25866057656249997 0.53749190625 0.2711342 0.539085646875
1 0.4132716703125 0.1869519234375 0.42013353281250004 0.1872315234375 0.43399459374999994 0.19648329375 0.44699567812499996 0.19701304687500001 0.44804213906249996 0.1948168421875 0.44812814687499997 0.1929702109375 0.43173474375 0.1867390140625 0.4265868484375 0.1807379375 0.433523040625 0.1250378359375 0.4317600296875 0.1162790234375 0.43306454375000003 0.09992344843749999 0.44664241718750003 0.064763584375 0.441629134375 0.0558723328125 0.438555084375 0.040303564062500005 0.43777849062499996 0.018071871875 0.384760171875 0.015911540625 0.38610204375 0.0478184609375 0.390711490625 0.06538023125 0.3927951234375 0.0905608390625 0.38900966718749996 0.1135718609375 0.3853555609375 0.1221099421875 0.3854036953125 0.1327293171875 0.3819323359375 0.14899659999999998 0.3925968796875 0.1880399265625 0.39969534375000004 0.1963148515625 0.40063245781249995 0.1963530359375 0.403341375 0.190408171875 0.4132716703125 0.1869519234375
1 0.9656042093750001 0.5735355828124999 0.9670469828125 0.5632823124999999 0.9633700328125 0.559333309375 0.9394618687499999 0.5545599484375 0.9120281374999999 0.5425873109375 0.8956000281250001 0.543003396875 0.8523988109375 0.5379866421874999 0.8270226421875 0.5440082609375 0.8173635000000001 0.5441574218749999 0.8106702234375 0.5427992125000001 0.8032658625 0.535984628125 0.7927947140625 0.5328442625 0.7727699718750001 0.5483105125 0.738445746875 0.5599376640625 0.7343903359375 0.5641143390625001 0.73168140625 0.5808288953125 0.7162011984375 0.588178125 0.7161921125 0.588373221875 0.7302638625 0.5905404515625 0.73814760625 0.5870625109375001 0.7737173859375 0.5901400875 0.7912350406249999 0.5870546984375 0.8191986140624999 0.5876513875 0.8572296484375 0.60005583125 0.866863559375 0.6004483828125 0.899795471875 0.5979910765625001 0.9096564578124999 0.593508221875 0.9252221 0.5908860328125 0.9415745187500001 0.5920950828125 0.9605900359374999 0.59829730625 0.9740141953125001 0.598672521875 0.9747139125000001 0.5836493140625 0.9719442578124999 0.5824777578125 0.9656042093750001 0.5735355828124999
1 0.7717770015625 0.1705311046875 0.7679368828124999 0.15975721874999999 0.7715877265625 0.1396363703125 0.7728441046875 0.11266141874999999 0.7851656 0.10447650625 0.7890868359375001 0.09885166875 0.78933151875 0.0935982234375 0.781408696875 0.0686103015625 0.7816297859375 0.0522105796875 0.7850562765625 0.0369066875 0.7848292031249999 0.032071337500000005 0.741717971875 0.0303146890625 0.741494978125 0.039957796875 0.7368055828125 0.059071109375 0.7293594921875 0.06745467968749999 0.7270645609375 0.09342209375 0.71925950625 0.10951279375 0.7273435765625 0.12239004687499999 0.72694626875 0.1542261 0.72455833125 0.17053753124999999 0.7408228968749999 0.18829821875 0.7528356390625001 0.1887877 0.776020953125 0.172634471875 0.7717770015625 0.1705311046875
1 0.733357571875 1 0.7309160625 0.9951573640625 0.727434909375 0.9766763484375 0.7284702000000001 0.9661011171875 0.7257069765625 0.9322058421874999 0.7135551718750001 0.9017888921875 0.71242035 0.8795426031250001 0.702127825 0.8791232156250001 0.6934637015625 0.8903528125 0.68891218125 0.9181587171875 0.67934738125 0.9370733734375 0.679267428125 0.973748453125 0.6820306015625001 1 0.733357571875 1
1 0.8983354218749999 1 0.89902516875 0.9982233218750001 0.9029117875000001 0.9824899968749999 0.9029452499999999 0.9817715640625 0.898611540625 0.9721455421874999 0.8764845703124999 0.9461482312499999 0.8776960781250001 0.9201366703125 0.871416625 0.9034720703125 0.86329095 0.903140975 0.84158413125 0.9263869781249999 0.8330097500000001 0.9356897921874999 0.8243040171875 0.9594655484375 0.8260286875 0.9923532843749999 0.8248483890625 1 0.8983354218749999 1
1 0.5365647921875001 0.6002149140624999 0.6291260328125 0.602358275 0.7056123921874999 0.5973337578125 0.709617340625 0.5942405078124999 0.7068280890625 0.5919558953124999 0.68885165625 0.58416779375 0.6773161937500001 0.5831550187500001 0.66405579375 0.577730040625 0.6467652140625 0.5759400234375 0.6154526890625001 0.564352078125 0.5703751515625 0.558173390625 0.5666477390625 0.555307809375 0.5690286734375001 0.5456355078125 0.5635292875 0.5411310859375 0.563306771875 0.54112201875 0.5457559015625 0.5479436546875001 0.535057675 0.5496786953125 0.529353021875 0.547818028125 0.5133584578125 0.5596493171875 0.41648950312500005 0.5670997468750001 0.4078946734375 0.565121315625 0.41040638749999997 0.5733647562499999 0.4447100078125 0.582903621875 0.46532430937499997 0.5962266078125 0.5079642265625 0.6093129234375 0.516863040625 0.6096755218750001 0.5239145546875 0.6024131546875 0.5365647921875001 0.6002149140624999
1 0.9588028765625 0.088118684375 0.927364196875 0.07923929843750001 0.8771921671875 0.078823165625 0.854819134375 0.07396784375 0.8542541109374999 0.073944821875 0.8521229734375 0.1197011921875 0.85585543125 0.12245843125 0.9238272828125 0.1344546484375 0.9765316296875 0.1219482078125 0.9888492421875 0.10616791562500001 0.989269615625 0.1030767046875 0.989647734375 0.0949583328125 0.9771829999999999 0.0872393984375 0.9588028765625 0.088118684375
1 0.6926127609375 0.6690295093749999 0.700962790625 0.6645436499999999 0.7206022921875 0.6740308749999999 0.7287728390625 0.673398578125 0.736670896875 0.6669638640625 0.7332827515625 0.65813883125 0.7358053015625 0.6389372296875 0.7343563843750001 0.6234346765625001 0.7397253687500001 0.6130360328125 0.752498834375 0.6067999765625001 0.75469498125 0.6019804171875001 0.7553777015625001 0.5873221109375 0.73820220625 0.4942519734375 0.7366154125000001 0.47005682968749996 0.729932125 0.46206275156250004 0.7206332828125 0.4636142890625 0.70512270625 0.5286172062500001 0.703731715625 0.5584823328125 0.7003949671874999 0.57185944375 0.6864932046875001 0.5790147453125 0.654532209375 0.5777124359375 0.6562054796875 0.58839803125 0.68532330625 0.59248015 0.6930451468750001 0.601481765625 0.6890353390625 0.6293097421875 0.6903496421875001 0.647702465625 0.6855672421875 0.65715979375 0.6806534937500001 0.6810900609375 0.6814559765625 0.6821317140625001 0.686886209375 0.6823529796875001 0.6871091640625 0.6823183265625 0.6926127609375 0.6690295093749999
1 0.5329598328125 0.9358572031250001 0.48207671875 0.9299846953124999 0.47334131875 0.931024371875 0.4712535203125 0.97585025 0.5116735609374999 0.9784090437499999 0.5417909921875 0.9742088359375 0.5542898453125 0.9752608640625 0.5632883640624999 0.9685719078125 0.5719336562499999 0.9694669171875001 0.6060308046875 0.9627151703125 0.6083596140624999 0.9541324140624999 0.6083599078125 0.9541261015625 0.564247128125 0.947986859375 0.5329598328125 0.9358572031250001
1 0.3789542140625 1 0.378977646875 0.9998695 0.394610971875 0.9386713796875 0.3949066765625 0.9323224984375 0.392814953125 0.9241809875 0.39475418281249997 0.91750346875 0.3741723984375 0.9282474593750001 0.3654634015625 0.9404404484375 0.354856784375 0.946764796875 0.3477729234375 0.95902400625 0.33620925156250003 1 0.3789542140625 1