1 1 0.9555903921875 0.9975640921875 0.95457225 0.9733582984375 0.9574173781249999 0.94437091875 0.9710711828124999 0.9430544421875 0.9710917374999999 0.9431814749999999 0.9929266234374999 1 0.9939183953124999 1 0.9555903921875
1 1 0.0953877828125 0.9825943374999999 0.09982497500000001 0.968072128125 0.10174991562499999 0.9419061687499999 0.10074857968749999 0.9254523140625001 0.1037290203125 0.899349728125 0.1136209296875 0.89746789375 0.1175648203125 0.8974749640624999 0.11878001093749999 1 0.12056959375000001 1 0.0953877828125
1 1 0.557954515625 0.898457353125 0.55618208125 0.8984601453125001 0.5566619984375001 0.9023180234374999 0.5616955406249999 0.913021303125 0.5695068640625001 0.9237055671875 0.5740502140625 0.9344408625 0.5756289203125 1 0.576773259375 1 0.557954515625
1 0.8487513625 0.959651515625 0.8196340640625 0.950974165625 0.8137725796874999 0.9427027484374999 0.8137282171875 0.935077478125 0.8069167515625001 0.93005711875 0.7962705125 0.9320497156249999 0.77984200625 0.939387453125 0.7522962390625 0.9448686265624999 0.7525240671875 0.98402901875 0.7937025921875 0.990277840625 0.8334312734375 0.9909713078125 0.8450369999999999 0.9873616390625 0.858552190625 0.9788838343749999 0.8575293296875 0.9696076609375 0.8487513625 0.959651515625
1 0.846492671875 0.5595785375 0.850277121875 0.5548001265625 0.8483781765625 0.5092289703125 0.8541383250000001 0.46960486562500003 0.8355521578125 0.4576537171875 0.8293748375 0.42557239375 0.8250231765624999 0.4264653296875 0.8196498406250001 0.4389671578125 0.81094651875 0.44075302812499995 0.80722408125 0.45619035625000004 0.7936300734375 0.45982864531249995 0.792041184375 0.4675520625 0.792137021875 0.48402493125 0.7994713171875001 0.527753175 0.796900215625 0.5538684296875 0.7980346390624999 0.5616393828125 0.7923890250000001 0.5855542609375 0.79242511875 0.59175828125 0.800579721875 0.6246619046874999 0.80550986875 0.6295924312500001 0.8058845031249999 0.62962925 0.8186986546874999 0.6298529203125 0.8261732125 0.624139746875 0.8293397125 0.6067549328124999 0.842321409375 0.5914792265625 0.8368127734374999 0.580725240625 0.8329043015625001 0.564185821875 0.846492671875 0.5595785375
1 0.6695932906250001 0.9325172625 0.64727795 0.9272262843749999 0.6250513343749999 0.93718585 0.5950315875000001 0.9399294953125 0.566379575 0.9452045265625 0.5666356015625 0.9892117515625 0.6126984296875 0.9789049671875001 0.6291364421875 0.9732012187500001 0.6552073390625 0.957862684375 0.661926909375 0.9470878359375 0.669647159375 0.941776521875 0.6695932906250001 0.9325172625
1 0.8277937718749999 0.075074640625 0.75318136875 0.073772275 0.730954753125 0.083731840625 0.72863015625 0.0995384078125 0.7286499671875 0.1029435828125 0.7407841015625001 0.10786612031250001 0.755671753125 0.1100554625 0.779216525 0.1104664375 0.8144180046875 0.107517584375 0.8706227249999999 0.10904324843749999 0.8774006625 0.108300728125 0.8771598656249999 0.0669114125 0.851983721875 0.06950619999999999 0.8277937718749999 0.075074640625
1 0.3840976625 0.0353897625 0.3939805078125 0.0491267828125 0.39733304375 0.063718709375 0.39467738125 0.07529908125 0.3876418703125 0.08292742656249999 0.385513959375 0.0916103265625 0.3971886390625 0.1325076515625 0.4092388578125 0.144344715625 0.41391294062500006 0.20407988437500002 0.414178134375 0.2040845140625 0.416101778125 0.2006603515625 0.4159721171875 0.1783735296875 0.418644690625 0.1697001359375 0.41961281093749997 0.148885815625 0.430334115625 0.11952169374999999 0.44919434843749995 0.084970721875 0.45238903593749996 0.0724308671875 0.4730185546875 0.0611642296875 0.47622451562499996 0.0505623578125 0.4623655484375 0.0086580125 0.46204930937500005 0.0080651 0.3811404296875 0.00665283125 0.37857211562500004 0.0217288015625 0.3840976625 0.0353897625
1 0.6550371984375001 0.5088698734375 0.6403144046875 0.5057062046875 0.6348339562499999 0.49979717968750004 0.6214238140624999 0.4414294734375 0.61205744375 0.42285700000000004 0.6125513703125 0.41414557656250006 0.6064642484375 0.3975681296875 0.6053016375 0.3849522171875 0.603656375 0.3829857109375 0.6015115515625 0.3887616359375 0.600029775 0.41489590625000006 0.5947240859375 0.439025640625 0.5953363984375 0.45066305624999997 0.5872961250000001 0.47280726875 0.585887634375 0.5115384390625 0.59147519375 0.535858315625 0.5882917812499999 0.5503361578125 0.577437996875 0.5569289609375 0.5528436328125 0.5419662562500001 0.5453316828125 0.5499029953125001 0.5453366484375 0.550756559375 0.559458503125 0.5556462328125 0.577522559375 0.5714638437499999 0.5868776546875 0.5880983328125 0.5950926875 0.5959928765625 0.5967661375 0.6028043453125 0.595188525 0.6124657453125 0.6056268859375 0.662067590625 0.6109666046875 0.6621607953125 0.6265048734375 0.6595192796875 0.6394301953125 0.6345536515625 0.6420858578125 0.6229732796875 0.6409570718750001 0.6161713203125 0.6583671843750001 0.5195858296875 0.6550371984375001 0.5088698734375
1 0.5763159203125 0.035178206249999996 0.570920034375 0.043804064062499995 0.5831111890625 0.0798659328125 0.5837516890625001 0.0963483078125 0.5816237765625 0.10503121093750001 0.5863080468749999 0.16130881875 0.580895246875 0.1670277 0.563499878125 0.17253742656249998 0.565156415625 0.1764419171875 0.5782283109375 0.17667008906249998 0.592520165625 0.16819950625 0.599419403125 0.1683199328125 0.6092458749999999 0.1723670296875 0.6114610265625 0.1778436140625 0.613260359375 0.17787502187499998 0.6201278453125 0.1706191875 0.63242958125 0.1320781640625 0.629610434375 0.1155577578125 0.630093084375 0.10490835312499999 0.626774375 0.096130378125 0.6239157640624999 0.0728270296875 0.627037165625 0.047690271875 0.6323823140625 0.030343484375 0.633983525 0.0110662234375 0.5807671156249999 0.010137328125000001 0.5800383578125 0.019740878125 0.5763159203125 0.035178206249999996
1 0.051419593750000006 0.5443573734375 0.0678892921875 0.544100246875 0.0834121828125 0.547638840625 0.0931306234375 0.552709940625 0.1238032453125 0.5567921640625 0.1367314046875 0.5570178265625 0.17448477812500002 0.5470500921875 0.202588721875 0.548085253125 0.2200527625 0.552202340625 0.2558959703125 0.5511941640625 0.2636700890625 0.5551421109375 0.2781954671875 0.5537618296875 0.262644059375 0.5453212749999999 0.26060784375 0.528402915625 0.256706525 0.5239779625 0.2227157453125 0.5103140828125 0.2032408390625 0.4936359375 0.1925977671875 0.49617319687499994 0.1848838546875 0.5025738343749999 0.17810724687499999 0.5035447609375 0.1684141546875 0.5028309609375 0.1431791625 0.4953105921875 0.099593525 0.49781744375 0.0831143203125 0.496440584375 0.0550769203125 0.5068433296875 0.0308742953125 0.5102331203125 0.02702050625 0.5139781 0.02804970625 0.5243435984375 0.021317457812500003 0.5329397984375001 0.0068142640625 0.5381327140625001 0.0031317296875 0.5382984875 0.00319161875 0.5485927515625 0.0320714359375 0.5494657187499999 0.051419593750000006 0.5443573734375
1 0.23422836875000003 0.028032259375 0.22404326874999997 0.0559524 0.2289903296875 0.063789903125 0.24102363750000003 0.072719990625 0.24118148437500003 0.0998517734375 0.24402318125 0.12024814531250001 0.2397278953125 0.130831003125 0.23538187187499998 0.1326929296875 0.25740177656249996 0.14979070781249998 0.270519059375 0.150019671875 0.28712479218750003 0.13359610625 0.28539496875000003 0.1170947171875 0.2862982578125 0.08513698593749999 0.29493956875 0.072692203125 0.28776312187499997 0.0560957421875 0.2865215875 0.029913935937500004 0.2793902390625 0.0210694140625 0.2761100890625 0.004819520312500001 0.23332099374999998 0.0040726328125 0.2346771921875 0.0115689 0.23422836875000003 0.028032259375
1 0.2976923484375 0.9105665875 0.26375227031250004 0.9056173046874999 0.2530965234375 0.9059759156249999 0.234660321875 0.9012972546875 0.22105006718750003 0.8934351875000001 0.21232596875 0.892738303125 0.1949126265625 0.8973358125 0.1911398546875 0.897454396875 0.19141703906250002 0.9450984 0.1971262921875 0.9447552625 0.2543475359375 0.954467775 0.2867586234375 0.956471259375 0.29161369062500003 0.9565560046874999 0.3105078921875 0.948368165625 0.3385896546875 0.94559069375 0.3501700296875 0.9376237250000001 0.3501098234375 0.927275140625 0.3278103265625 0.9247074734374999 0.2976923484375 0.9105665875
1 0.1428287171875 0.9195464796874999 0.11749866093750001 0.895686240625 0.1082528828125 0.8908617765625 0.106579859375 0.8908325734375 0.0913263640625 0.8935955812499999 0.044344615625 0.9086003249999999 0.04466005 0.9628189687500001 0.07432496093749999 0.9689991921875001 0.09466112343750001 0.9671757328125 0.126219209375 0.9708547875000001 0.1280680796875 0.970887059375 0.151806315625 0.9638163499999999 0.1614487078125 0.9558155546875 0.1855531015625 0.9355412328125 0.18550557031249998 0.9273712968750001 0.1689915078125 0.9200031515625 0.1428287171875 0.9195464796874999
1 0.47314586406250003 0.548756225 0.468754740625 0.5428662140625 0.45896209375 0.5446330703125 0.4562162328125 0.540709565625 0.45159397500000004 0.495090871875 0.4410593546875 0.46293349375000004 0.43986855625 0.4454726203125 0.434887671875 0.4318211640625 0.43427535937500006 0.42018374999999997 0.4270876390625 0.40164930468750004 0.4248920765625 0.3987043 0.421646653125 0.40252322500000004 0.41392207656249996 0.47893100625 0.41282928124999996 0.571925740625 0.4101792578125 0.5844751046875001 0.403394359375 0.5904228578125 0.40346711874999996 0.602929128125 0.4143357765625 0.6436501812500001 0.4269870328125 0.6651866734375 0.435359915625 0.700213003125 0.43836175624999996 0.7013311828125001 0.44319109843750004 0.701415478125 0.4418620390625 0.6945131328125 0.452736203125 0.597813559375 0.46517323906249997 0.582528346875 0.46350542656249993 0.576685871875 0.465622065625 0.566064984375 0.47314586406250003 0.548756225
1 0.0443283046875 0.041651614062499995 0.031529834374999996 0.0486449953125 0.031579653125 0.0572079609375 0.031839140625 0.059950253125 0.043562110937499995 0.0764930875 0.09104150625 0.09064259062499999 0.1062470265625 0.0909080046875 0.15600372812500002 0.08507542500000001 0.15572624375 0.037380042187500004 0.1450781484375 0.039053353125 0.0946810453125 0.036539846875 0.0627486609375 0.043606964062499996 0.0443283046875 0.041651614062499995
1 0.3836887953125 0.575154575 0.390427378125 0.5676477 0.3913488390625 0.5594946796875 0.382510665625 0.5391899484375 0.3873080953125 0.5311045828125 0.40084546874999993 0.526439415625 0.4017859421875 0.52155436875 0.39983844999999996 0.5198865546875 0.3756358265625 0.5232763453125 0.365971253125 0.5274645062500001 0.3475477265625 0.52496449375 0.31946279375 0.5271973046875 0.3106943328125 0.5188751468749999 0.30761624374999996 0.4894126390625 0.2969446546875 0.48704793906250005 0.2971316109375 0.519183015625 0.2894588890625 0.5326642625 0.27590884375 0.5351507796874999 0.245870084375 0.5346264515625 0.1800514921875 0.54600354375 0.1797302765625 0.5475763546875 0.179783503125 0.5567254015625 0.1859605078125 0.5624448953125001 0.21020115781249998 0.5655910546875 0.299818759375 0.5879866703125 0.31967284375 0.588333225 0.322718334375 0.5871609 0.329428396875 0.5747520640625 0.3400587921875 0.5700361546875 0.3555753453125 0.5724854265625 0.3749456828125 0.5711897140625 0.3836887953125 0.575154575
1 0.3694372515625 0.9301960625 0.36945557500000004 0.933345584375 0.37074082656249996 0.938999534375 0.4047030875 0.9477614531249999 0.41342084999999995 0.9473690140625 0.42218297343750005 0.9546018484375001 0.4347767046875 0.9542770656249999 0.461157621875 0.9595154046875001 0.4945661828125 0.960098553125 0.512321559375 0.9600092578125 0.5120665734375 0.9161810593749999 0.49654821250000003 0.913420553125 0.44521380468749994 0.91633675625 0.41330043749999995 0.9266718453125 0.3694372515625 0.9301960625
1 0.5942841265625 0.9473027593750001 0.5875613859375 0.9575329484375 0.5750120187500001 0.9654830015625 0.5635013546875001 0.985432540625 0.5702747953125 0.9839169515625 0.5784460765625 0.98656014375 0.5846605890625 0.9866686187499999 0.6467649765625 0.9749045593749999 0.670971184375 0.9721304734375 0.6707100140625 0.9272393046875 0.6705858015625 0.9272371359375 0.6068429984375 0.9409866921875001 0.5942841265625 0.9473027593750001