1 1 1 1 0.821919553125 0.9992104421875 0.821879921875 0.9959004109375 0.8263431640625001 0.983866196875 0.8865266843749999 0.98149155 0.9378190890625 0.9746210765625 0.95758990625 0.9748519874999999 0.9619959328125001 0.983723390625 0.990065446875 0.991623515625 1 1 1
1 1 0.0743640453125 0.9983439625000001 0.073661890625 0.9315445546875001 0.07035322499999999 0.902159959375 0.07659290156250001 0.8940518515625 0.07649855625 0.885166221875 0.08498022656250001 0.885224921875 0.08610028593749999 0.9017121593749999 0.1024078015625 0.9284223624999999 0.11385668906249999 0.939312821875 0.115502240625 0.948242184375 0.11408731406249999 0.967346946875 0.1178535546875 0.9751458078124999 0.1300244328125 1 0.1303136375 1 0.0743640453125
1 1 0.5208872359375001 0.9590822687499999 0.5258593421875 0.9210851375000001 0.522379546875 0.9148319296875 0.5233193359375 0.8955430906249999 0.5332204265625 0.8857346296875 0.54276753125 0.8870919921875 0.5686675484375 0.894300584375 0.5610511828125 0.9133522484375 0.563804253125 0.940352725 0.5636121562499999 0.965128384375 0.5725071500000001 0.9793569546875001 0.5691287796875 0.993851015625 0.5708162625 1 0.570740584375 1 0.5208872359375001
1 0.7096215156250001 0.559370796875 0.7069469453125 0.5566386203125 0.67691675 0.5535881328125 0.6711898953125 0.5409165734375 0.671859796875 0.524718040625 0.6683225984375001 0.49586563437500003 0.6643987859375 0.4886171640625 0.6586591609375 0.4660415890625 0.6511338609374999 0.4276328140625 0.650952834375 0.4276307078125 0.641340821875 0.46403936874999996 0.6371592640625 0.471193525 0.62975320625 0.51342386875 0.6244168359375 0.51786353125 0.6143323374999999 0.5186465390625 0.616465878125 0.5303759359375 0.6207074203125 0.5340266953125 0.629709859375 0.551238128125 0.6324444171875 0.5647752203125 0.6313623578125 0.582769659375 0.6346634843750001 0.6071175625 0.6339935828125001 0.62331609375 0.6383767687499999 0.6296695578125 0.64633159375 0.6558723140625 0.64895895 0.6577035890625 0.6549961109375 0.658786734375 0.6611279031249999 0.658858084375 0.6646158890625 0.6569854234375 0.67066550625 0.5985329687500001 0.6820209203125 0.583359125 0.6913155468750001 0.5771648171875 0.6958148328125 0.5664129515625 0.7096215156250001 0.559370796875
1 0.6937392 1 0.707545353125 0.9750136093749999 0.7031021828124999 0.9578552296874999 0.694417471875 0.9370460890625001 0.691494059375 0.91990539375 0.6981485593750001 0.901975796875 0.7057906890625001 0.8642499562499999 0.7017047265625 0.7669644484375 0.6999961109374999 0.7633431609375 0.691444140625 0.77404786875 0.6903493125 0.7821382921875 0.684235840625 0.7910706703125 0.6788777984375 0.8144174640624999 0.670136971875 0.821518565625 0.6639418421875 0.8385531578125001 0.66051958125 0.8988368890625 0.6582891046875 0.9106313359374999 0.6584595421875 0.9138834703125 0.6683749453125001 0.9907641484375 0.6731103875 1 0.6937392 1
1 0.71824608125 0.0928020859375 0.7144566328125 0.089214053125 0.6825534140625 0.0817549515625 0.670285940625 0.0881938046875 0.6613831265625 0.09011531874999999 0.6441598140625 0.08788979999999999 0.6339844140625 0.08270863125 0.6239948578125001 0.0810735609375 0.6182708609375 0.07493163750000001 0.610507890625 0.08142290468749999 0.598955471875 0.084326140625 0.5862632125 0.082659621875 0.5308400921875001 0.0877484375 0.5323897828125 0.117318278125 0.554926440625 0.12513473749999998 0.5686047578125 0.1252939 0.6073060546875 0.1234066140625 0.668593865625 0.12462603750000001 0.704258215625 0.11795315625 0.7075963296875 0.1129292328125 0.717293846875 0.10899185781250001 0.71824608125 0.0928020859375
1 0.8464380890625 0.6170167171875 0.8400757796875 0.611540578125 0.8361047515625 0.6033912078125 0.830459553125 0.58261743125 0.8318210265625 0.5313132390625 0.83957035625 0.505293215625 0.8351399562499999 0.4980388515625 0.8299324578125 0.495277203125 0.8220159453125 0.49878649375000006 0.8179977062500001 0.48973622031249997 0.8130823921875001 0.46356883125000004 0.80616628125 0.45718589375 0.803079553125 0.456249625 0.7964122828125 0.4642752078125 0.7901954828125 0.5002169296875 0.78710280625 0.5081181046875 0.789856178125 0.5606555453125 0.7927705890625 0.568673609375 0.7939764874999999 0.6110041640625 0.7986901703125 0.6236639312500001 0.8212071078125 0.6572389453125 0.8234461890624999 0.657623734375 0.8280173328125 0.6576769234375 0.8307850203125 0.6564500437499999 0.8296518781250001 0.6348284234375 0.8374611921874999 0.6196133171875 0.8428103328125 0.6250776671875 0.846815803125 0.624223925 0.8464380890625 0.6170167171875
1 0.818753475 0.08405338125 0.7734960390625 0.07947655 0.7167658296874999 0.0793227125 0.6979116484375 0.0874814875 0.6985802640625 0.10023943125000001 0.7010292625 0.1054659890625 0.7175109703125 0.1107205375 0.7292492296875001 0.1113634 0.733939578125 0.11496191250000001 0.7411998843750001 0.11605895 0.7506867734375 0.12528231875 0.7650215421875 0.12393029062500001 0.7733035046875 0.1261142375 0.77890185625 0.12617937968749998 0.8144648953125 0.12248050937499999 0.8550850828125001 0.12447199843750001 0.8873608328125 0.1218596953125 0.8864555546874999 0.10458595781249999 0.867959653125 0.0952577578125 0.818753475 0.08405338125
1 0.8540982906249999 1 0.863155590625 0.9844280484375 0.8675732187499999 0.9817783984374999 0.869870075 0.9773033671875 0.868548078125 0.9520781421875 0.8710210203125 0.9413026984374999 0.8767223328125 0.934166228125 0.886158603125 0.9306746218749999 0.8704761203125001 0.9115847578125 0.8655263671875 0.8944204843750001 0.8614698140625 0.855658165625 0.855047515625 0.8393771093750001 0.84711823125 0.8329823828125 0.8394722328125 0.8319930609374999 0.8282929046874999 0.8408664937499999 0.8274685921874999 0.8444583078125 0.8263520921874999 0.8714558625000001 0.8278157328125 0.8993837906250001 0.8253938703125 0.9497752937499999 0.8269263984374999 0.9596969921875 0.8252875749999999 0.9685620343749999 0.8260137890625 0.982419021875 0.832990746875 1 0.8540982906249999 1
1 0.4683068140625 0.0849615359375 0.4722050859375 0.072401975 0.46946855468750004 0.0057441203125 0.4320453890625 0.0053086625 0.422272540625 0.0277037328125 0.40708774375 0.037430909375 0.4065042296875 0.039374246875000005 0.4073453859375 0.0554244515625 0.4189536109375 0.060978120312499995 0.4242555375 0.06554157187500001 0.42878036562500005 0.07459773750000001 0.4293941515625 0.08630945 0.4262729796875 0.09437629374999999 0.44094615781249996 0.1521695296875 0.4467202265625 0.165741990625 0.452041771875 0.1676608859375 0.4557461765625 0.16770399062500002 0.46131678125000003 0.16411113125000001 0.4693621671875 0.15340053125 0.4713757390625 0.14352009375000002 0.4668942578125 0.09664966875 0.468826171875 0.0948714453125 0.4683068140625 0.0849615359375
1 0.4871934109375 0.058370765625 0.4687413171875 0.064880921875 0.46881474218749997 0.0662819453125 0.48660257187499995 0.083739490625 0.4946380640625 0.0838329921875 0.5010272796875 0.081820465625 0.5051335484374999 0.074274096875 0.50640436875 0.0641633484375 0.5035158234375 0.0605858 0.49819006562499996 0.062042659374999996 0.4871934109375 0.058370765625
1 0.46797756718750005 0.5075536125 0.4552056609375 0.5043673375 0.42134311249999995 0.5110611859375 0.3835583734375 0.5116340734375 0.37033689999999997 0.517049271875 0.366286553125 0.5234112265624999 0.366304878125 0.5237608875 0.37200772187500003 0.5317507375 0.384011471875 0.5374594578125 0.4064535859375 0.543463284375 0.4114847609375 0.543521828125 0.42479095312500004 0.542490459375 0.4282304359375 0.5437166812500001 0.44726743593749996 0.543938196875 0.5289768703125 0.5376274515625 0.5681651750000001 0.5294767453125 0.595933809375 0.526762203125 0.5112473578125 0.5085633796875 0.47960963124999995 0.506170134375 0.46797756718750005 0.5075536125
1 0.607474675 0.9063064828125 0.6117667890625 0.9023062140624999 0.6032604421875 0.8946130828125 0.5842087796875 0.8918600124999999 0.5767626328125 0.8872168796875 0.55302061875 0.8808652968749999 0.519527990625 0.8774379140624999 0.44008941874999996 0.8734759015625 0.40182856093749997 0.8821436765625 0.393363396875 0.8910876984374999 0.3933824859375 0.8914519562500001 0.395497471875 0.8987771375 0.40198962343750005 0.9023966187499999 0.4265794359375 0.9077455140625 0.44271600468749994 0.90641445 0.460072065625 0.911172896875 0.46757131249999995 0.9168291999999999 0.47390416718750006 0.9174091671875001 0.4764222734375 0.9174872140625 0.5006841750000001 0.9177695265624999 0.506998559375 0.913237765625 0.54451780625 0.9075990218750001 0.56976958125 0.908399128125 0.5879468953125 0.9116483000000001 0.59780370625 0.910750440625 0.607474675 0.9063064828125
1 0.44787491562500004 0.8769699515625 0.4361278046875 0.8761582265625 0.423541740625 0.8765180499999999 0.415566378125 0.87895663125 0.406477721875 0.8773320468750001 0.399879375 0.8716862234375 0.3925659734375 0.8695760187499999 0.373700153125 0.8703690484375001 0.355126371875 0.87673451875 0.3262709921875 0.8758924796875001 0.29768110625 0.8801162953125001 0.287718096875 0.8789878140624999 0.265461065625 0.8837915953125 0.23219890156249998 0.8848836999999999 0.23220684062500002 0.885035184375 0.2802737140625 0.8915581078124999 0.2933376609375 0.9003168234375 0.3207098265625 0.9072169234375 0.3294285609375 0.9189627375 0.3361743109375 0.9205399234374999 0.34754480781249997 0.92067223125 0.37680462187499997 0.9124261359375 0.409263603125 0.9133101078125 0.42473821406249995 0.91652783125 0.4489297921875 0.9142779421875 0.4497908703125 0.9135285468750001 0.44787491562500004 0.8769699515625
1 0.331014590625 0.4917226484375 0.326064834375 0.47455837343749996 0.3221882359375 0.468210803125 0.31789948125 0.4636591421875 0.312563109375 0.4680988046875 0.310785609375 0.482483746875 0.3112271765625 0.5392110296875 0.31517653125 0.5662675296875 0.3129373828125 0.578107825 0.3130325484375 0.5799237078124999 0.31613358593749996 0.5941895625 0.3166657125 0.6140034890625 0.325444853125 0.636614428125 0.33630901562500004 0.639463003125 0.34438615 0.6395569890624999 0.350808578125 0.62790605 0.35105355 0.603599409375 0.3473530375 0.590951428125 0.351109665625 0.5756891656249999 0.3609419359375 0.570410328125 0.3609394796875 0.5703634531249999 0.3569870671875 0.5622522812499999 0.3566565671875 0.555945975 0.351307425 0.5504816234375001 0.34580387031250004 0.532410553125 0.3434342578125 0.5161766531249999 0.331014590625 0.4917226484375
1 0.305947171875 0.1251356078125 0.30552224375 0.11702749999999999 0.3017273015625 0.1025777171875 0.3023372171875 0.07557426874999999 0.296404865625 0.01067993125 0.2968656390625 0.0034824796875 0.2738404203125 0.0032145578125 0.26860264218749996 0.021160642187500002 0.2657242734375 0.09437336406249999 0.268359375 0.14465410625 0.27493321718749997 0.180596521875 0.2756414296875 0.19411003437500002 0.28127385625 0.2049797921875 0.2869734609375 0.20946346249999998 0.287299575 0.2094672578125 0.30098348124999996 0.204308784375 0.3072730375 0.18907599375 0.30730748124999996 0.18007287968750002 0.304396840625 0.1728361984375 0.30264991406249997 0.139502865625 0.305947171875 0.1251356078125
1 0.24155783749999998 0.5531552609375 0.25064649375000003 0.554779846875 0.29730749843750004 0.5517788609375 0.29632695 0.550248621875 0.28276033749999996 0.5490782046875 0.2593900125 0.549818821875 0.250221709375 0.546674478125 0.24370301093750002 0.5425484125 0.251942096875 0.527962259375 0.24910665 0.5253978828125 0.217628215625 0.5260441484375 0.2121697125 0.5249680828125001 0.202815565625 0.5182776390625 0.1964561625 0.5171910875 0.16590517968750002 0.518354425 0.14870841562499998 0.5166354921874999 0.12488852187499999 0.5259775796875 0.11052720625000001 0.5268230234375 0.0883215046875 0.5154265484375 0.07994967187499999 0.527479775 0.06410514375000001 0.53438328125 0.04745050625 0.54785645 0.0476042359375 0.550789809375 0.05006418124999999 0.5585211796875 0.0592855828125 0.5626786953125 0.0811283921875 0.5677856328125 0.082781190625 0.5678048640625 0.10425098125000001 0.561683084375 0.125819503125 0.5609215046875 0.162174128125 0.5674198484375 0.1792912453125 0.567619025 0.2345364734375 0.5566174968750001 0.24155783749999998 0.5531552609375
1 0.213328865625 1 0.2134452671875 0.9984975234375 0.2184383640625 0.9778475375 0.2177046125 0.9445259937499999 0.22373255625000002 0.90498066875 0.22386142968749997 0.89777935625 0.2209980015625 0.8914435765625001 0.1991076203125 0.8794842890625001 0.1919554375 0.8685968484375 0.18705289687499999 0.8523334734375 0.1726707390625 0.8773759640625001 0.1642348703125 0.87097534375 0.1632600109375 0.9006755999999999 0.16067992343749998 0.92063676875 0.1614413203125 0.9351650890625001 0.1672004640625 0.9565432453125 0.1670843625 0.9736485734375 0.179632903125 0.9909012671875 0.1810759125 1 0.213328865625 1
1 0.2248409015625 0.10280880156250001 0.21206899531249998 0.09962252656250001 0.1937323890625 0.0933338421875 0.1259524296875 0.08849493750000001 0.10411841562499999 0.084190659375 0.07979409062500001 0.0839076203125 0.070997475 0.0878554796875 0.049508596875 0.0901368140625 0.0398110796875 0.09407418906250001 0.031120659374999998 0.10004838593750001 0.030359124999999997 0.10254909062499999 0.030600125 0.10714765625 0.0336127359375 0.11324057812499999 0.0501475390625 0.1195082984375 0.080910915625 0.1223976453125 0.098860821875 0.122951028125 0.18998950312500001 0.12401140625 0.1960934859375 0.1212065328125 0.21127605625 0.1188518140625 0.22963744687499998 0.108433659375 0.23496320312500002 0.1069767984375 0.2347508109375 0.10292411406249999 0.2248409015625 0.10280880156250001
1 0.14578596562499999 0.5712264703125001 0.126017478125 0.5547955906250001 0.1107287109375 0.555123965625 0.1052171109375 0.5530347265625 0.09461692499999999 0.5397481875000001 0.07980427343749999 0.5319816765625001 0.07686262968749999 0.5273909578125 0.07177581562499999 0.5334070859375 0.07214750156250001 0.5404992859375 0.0798856890625 0.5507148609375 0.0712483671875 0.5577022296874999 0.0659226078125 0.5591590921875 0.0478780390625 0.5584428453125 0.030999865625 0.5628029406249999 0.029494334374999997 0.5627854218749999 0.0299706984375 0.571875 0.1462135609375 0.5732276078125 0.14578596562499999 0.5712264703125001
1 0.114381453125 0.9408144859375 0.1239485078125 0.9348658609375 0.12394068124999999 0.9347165390625 0.12178792187500001 0.9257123671875 0.04846981875 0.924859234375 0.049377954687499996 0.9421875 0.0747066796875 0.9424822265625 0.114381453125 0.9408144859375
1 0.055403751562500006 0.8684428609375001 0.0471066140625 0.8690516562499999 0.0538883921875 0.99845568125 0.0613834859375 0.9985428953125 0.0648643984375 0.9910007500000001 0.0673245703125 0.9703212921875 0.06596426093749999 0.915384021875 0.0614483359375 0.8775167109374999 0.055403751562500006 0.8684428609375001