1 0.970934753125 0.055059696874999994 0.972663625 0.05507981562499999 0.997571515625 0.0488240640625 0.9984353703125001 0.0117094 0.8305877515625 0.009756315625000001 0.8299394609374999 0.0202118578125 0.8345097421875 0.023927115625000002 0.8965281562499999 0.040343390624999996 0.9494790500000001 0.046191071875 0.970934753125 0.055059696874999994
1 0.0779966765625 0.10249757968749999 0.0834465171875 0.0924834078125 0.09194474531249999 0.0869941890625 0.09479819687499999 0.07678253125 0.0959063390625 0.051648953124999994 0.09921778906249999 0.044236678125 0.10138315312499999 0.008887290624999999 0.1015625 0.0011817859375 0.07563867656249999 0.0008801359374999999 0.07327478125 0.1024426359375 0.0779966765625 0.10249757968749999
1 0.539872425 0.0595453359375 0.53582414375 0.098614965625 0.5367184671875 0.10514482812499999 0.54670194375 0.125750715625 0.5569021375000001 0.1370456171875 0.5594591578125 0.137192246875 0.5625 0.0065452796875 0.53336424375 0.0062062546875 0.5347015234375 0.011986271875 0.539872425 0.0595453359375
1 0.5721317640625 0.28404075156249997 0.5740908890624999 0.2672992328125 0.5700584890625 0.26073285625 0.5638878015625 0.23365187812500002 0.5613160828125 0.2317592515625 0.5503761609375 0.2297692515625 0.545081021875 0.232501690625 0.5342581453124999 0.2929135625 0.5213374265625 0.30859617968749997 0.5112484875 0.314998240625 0.505758303125 0.3261105671875 0.49094057968750004 0.3333889546875 0.4934906265625 0.336212678125 0.524283353125 0.3393650375 0.5292100765625001 0.35246127656250004 0.52725095 0.3692027953125 0.5286495109375 0.399022296875 0.5321372265625001 0.40651368750000005 0.5363025484375 0.42984592812500005 0.5410000171875 0.468920365625 0.54147168125 0.468925853125 0.554041634375 0.43191504218750004 0.5589221171875 0.42452102500000005 0.5698779218750001 0.380875015625 0.5757394171875 0.376286465625 0.585169590625 0.37555829531249996 0.585360221875 0.367367965625 0.5849340328125 0.36335454375 0.5808366171875 0.3595814625 0.5728801765625 0.3417932140625 0.5711132 0.327802390625 0.5736386812500001 0.30920475937499997 0.5721317640625 0.28404075156249997
1 0.9674872859375 0.33468474062500003 0.9458894171875001 0.3422807375 0.9281498499999999 0.34416693593750003 0.9097104734375 0.3361050609375 0.8708356203125 0.32571278124999997 0.77030130625 0.32349665 0.7665403937499999 0.32502235156250003 0.777494459375 0.3345665890625 0.7858378265625 0.336233134375 0.7949905625 0.34314064218749996 0.819040875 0.35022149687500004 0.82627054375 0.35972239687499996 0.843790996875 0.367250425 0.9060163578125 0.3747754859375 0.9186276375 0.377976146875 0.9200902296875 0.377993165625 0.9915808453125001 0.373357290625 0.9924574359375 0.33569533281249997 0.9852633718750001 0.331229503125 0.9674872859375 0.33468474062500003
1 0.0603958125 0.28339186875 0.06232028125 0.3355699125 0.060323601562499995 0.3988785375 0.0667789140625 0.43620768437499996 0.071922353125 0.43999293906250003 0.0758680671875 0.4502837109375 0.0823292078125 0.45107986093749997 0.093709715625 0.4512122859375 0.0963089 0.44865885937499994 0.1043895796875 0.41615560625 0.09789381875 0.403041109375 0.096018484375 0.3937057796875 0.09852229375 0.376039246875 0.10399080624999998 0.36585802031250003 0.10579823125000001 0.355634190625 0.110600890625 0.35150071875 0.1106785046875 0.3481661421875 0.1056002921875 0.341661625 0.10274394687499999 0.3295208265625 0.10461638749999999 0.316503703125 0.100541365625 0.2652319875 0.06718011093750001 0.26484379375 0.0603958125 0.28339186875
1 0.5797164828125 0.13121157187500002 0.5745513718749999 0.1283574171875 0.5660964859375001 0.1319844390625 0.5626521140625 0.1226308515625 0.5596194999999999 0.09558638750000001 0.5529720390625 0.08898958125 0.5498556328124999 0.08802196875 0.5423384125 0.09631665625 0.5331033515625 0.13346323124999998 0.5270468109374999 0.14643166875 0.5279902671875 0.1958042421875 0.5304102859375 0.20421456093749998 0.5283457 0.247964028125 0.532226396875 0.2610480953125 0.552763671875 0.295572775 0.561108775 0.2956698796875 0.562826975 0.294932796875 0.5633470921875 0.272586428125 0.5726067203125 0.256861209375 0.5777068187500001 0.262508659375 0.5815680125 0.2616985421875 0.5817502625000001 0.25386833124999997 0.575939840625 0.2485178359375 0.572473796875 0.240095346875 0.5682651296875 0.218625303125 0.573684509375 0.165601365625 0.5837272109375 0.13870904687500002 0.5797164828125 0.13121157187500002
1 0 0.1913191171875 0.0069298453125 0.194945765625 0.056953534375 0.20651408125 0.0966965234375 0.210556871875 0.16227265156249998 0.21131991874999997 0.182773590625 0.20274659062499997 0.18284548125 0.2021588625 0.1830994078125 0.1912491625 0.1804063609375 0.1844086484375 0.1637683171875 0.1789835046875 0.15167620625 0.1783196453125 0.147105925 0.1746043875 0.139681484375 0.1734716875 0.1305896125 0.1639491171875 0.11565551562500001 0.16534480625 0.10547429531250001 0.162610565625 0.06439639375 0.1668409703125 0.022533471875 0.16478438906249998 0 0.16659329375 0 0.1913191171875
1 0.9099510296875 0.0984805984375 0.8977050234374999 0.1076516125 0.8965723140625 0.11136383593750002 0.8933071046875 0.13926636718750002 0.8926352859375 0.1681304265625 0.8861915515625001 0.220211096875 0.886999190625 0.2304653546875 0.8824033312499999 0.2481075421875 0.8843295 0.2541061203125 0.925020553125 0.2545796046875 0.9272740531249999 0.253286415625 0.9299974734375 0.24866134999999998 0.9306042765625 0.2225905859375 0.9340024109374999 0.2114539171875 0.9404519328125 0.2040781578125 0.950278428125 0.2005404703125 0.950286009375 0.2002148015625 0.9357635984374999 0.1807398328125 0.9319912562500001 0.16300026875 0.9308310828125 0.1229386828125 0.9254680328125 0.10611196249999999 0.9177745453125 0.099502984375 0.9099510296875 0.0984805984375
1 0.0484161078125 0.518282609375 0.053537875 0.5229989609375 0.05750525937499999 0.5323586328125 0.057223528125 0.5444629171875001 0.053367396874999994 0.5528002046875 0.06400970624999999 0.6125304953125 0.0689147578125 0.6265578328125 0.0759852234375 0.6291792843749999 0.0771016203125 0.6291922750000001 0.08412546562499999 0.6248721234375 0.0932767375 0.6138023984375 0.09613018749999999 0.603590740625 0.095165059375 0.555149265625 0.0973004515625 0.5533114109375 0.09753883906250001 0.543069325 0.10170449687500001 0.532277465625 0.10318597812500001 0.4686269671875 0.0625061953125 0.468153615625 0.0544480796875 0.483892815625 0.037996304687499996 0.493946240625 0.035207868749999996 0.5013646015625 0.034969481250000004 0.5116066874999999 0.0484161078125 0.518282609375
1 0.0352837765625 0.498551659375 0.035283390625 0.49856825625 0.0416878453125 0.517812653125 0.0434961515625 0.5178336953125 0.0634059578125 0.49900002812500005 0.06341690312500001 0.49852980156250004 0.059642717187500006 0.4858048484375 0.05190588593749999 0.4810580703125 0.0414889796875 0.47907415625 0.037762875 0.4818248515625 0.039201884375 0.48742970156250004 0.0352837765625 0.498551659375
1 0.5297971140625 0.48660446874999996 0.5218594484375 0.44553266562499994 0.5193931921875 0.4166320921875 0.4995953109375 0.5030173546875 0.49674475625000003 0.5355814640625 0.4980320625 0.5477040046874999 0.49492930625 0.5594234874999999 0.4948647078125 0.5621989093749999 0.5010892421875 0.5961698234374999 0.5012250609375 0.6352881406249999 0.5066531265625 0.649321565625 0.5118601796875 0.6530062265625001 0.5149144031249999 0.653041765625 0.5218421625 0.648566953125 0.5278770296874999 0.6365296140625001 0.534716640625 0.612394078125 0.5335593624999999 0.594684946875 0.5363477984375 0.587266584375 0.5297971140625 0.48660446874999996
1 0.9641705593750001 0.5266404671875 0.9465892406249999 0.5217275046875 0.9392743578125 0.515887690625 0.9327688406249999 0.5152888375 0.9057791500000001 0.514451628125 0.8982086296875 0.5195950828125 0.8589564046874999 0.5254161890625 0.8328978125000001 0.524589815625 0.8143488796874999 0.5212350546875 0.804082446875 0.5221619046875 0.7937308015625 0.5267498390625 0.7889779234375001 0.5308797671875001 0.7971752125 0.538822465625 0.8166674203125 0.5416650468750001 0.8240066484374999 0.5464588359375 0.8480691359374999 0.553016678125 0.8824467484375 0.5565556234375 0.9423948093750001 0.5595517906249999 0.9679027171874999 0.5598486015625 0.987340778125 0.555527828125 0.9880089375000001 0.5268209734375 0.9809668531250001 0.5252664484375 0.9641705593750001 0.5266404671875
1 0.9675623484375 0.6874648375 0.9611785640624999 0.6816358609375001 0.95377846875 0.6794571375 0.9342010484375001 0.6802756421875 0.9144897234375 0.6868472828125001 0.8847067375 0.6859775734375 0.8548020203125001 0.6903379875 0.8445842812500001 0.6891727859375 0.82118508125 0.6941320546874999 0.7857668125 0.6952893875 0.8359000625 0.702150590625 0.8487284984375 0.7111934843750001 0.8765032078124999 0.718317675 0.884603109375 0.730444475 0.8930983687499999 0.732462646875 0.901917946875 0.732565271875 0.9341217671875001 0.72369651875 0.967629146875 0.7246095640625 0.9833283078124999 0.727919915625 0.9842825578125 0.6869214390625 0.9768368171875 0.6891422203124999 0.9675623484375 0.6874648375
1 0.554388240625 0.665860603125 0.5478705500000001 0.6657847625 0.5421622265625 0.6709498828125 0.5234306937500001 0.6754403109375 0.506634396875 0.67681433125 0.481226921875 0.6880280812499999 0.46343865937500006 0.6920063265625 0.45683575468750004 0.695591575 0.452082875 0.6997215031249999 0.4566044640625 0.7055288140625 0.4714411765625 0.7083172265625 0.517294403125 0.7108976171875 0.5361281765625 0.71111676875 0.5580333546875 0.7093248171875 0.566485884375 0.7114700125 0.577629575 0.71159968125 0.586885240625 0.7101836921875 0.6073572406250001 0.710945059375 0.63081730625 0.7033707296875 0.6340774437500001 0.6916613984375 0.63425343125 0.68410021875 0.62212715625 0.6765887484374999 0.597024009375 0.674727184375 0.5839155890625001 0.677713578125 0.5681964703125 0.67282228125 0.56285334375 0.662297025 0.554388240625 0.665860603125
1 0.070744625 0.782569515625 0.0704195515625 0.796535996875 0.07538961875 0.8077700374999999 0.08055870937500001 0.8120945140625 0.0820719390625 0.812112121875 0.0958087796875 0.8070762874999999 0.1034890390625 0.7913539609375 0.1037415765625 0.7805039265625 0.10179741093750001 0.7745486890625 0.10259925781250001 0.7400980390624999 0.104854028125 0.7327085046875 0.10545550937499999 0.706866378125 0.10453381718750002 0.7019351640625 0.1058920203125 0.6881120890625 0.10685016249999998 0.646946425 0.10622130468749999 0.6069570109375 0.08076211718750001 0.606660765625 0.0766725421875 0.6177893906249999 0.06683356875 0.7033591828125 0.06644637656249999 0.7424714140625001 0.070744625 0.782569515625
1 0.5074191328125 0.7614546875 0.5073898578125 0.7627124234375 0.51350023125 0.7855203046875 0.5140261390624999 0.8078788453125 0.5068831265625 0.8450497640625001 0.5064713671875001 0.8627406390625 0.5171570187500001 0.9206087296875 0.520644734375 0.9281001218749999 0.51885898125 0.9373928499999999 0.5213201140625 0.9844560171875001 0.52302943125 0.9844759062499999 0.5243549546875 0.970985434375 0.523872390625 0.9467646953125 0.52722718125 0.937490221875 0.53156298125 0.9310212203124999 0.5465136296875001 0.9405086953125 0.549193709375 0.9377458265625 0.5489061890625 0.9051452015624999 0.5500822421875 0.8995707812499999 0.5570981203125001 0.890338909375 0.5576253609374999 0.8874751765625 0.55798526875 0.8720120671875 0.5574636421875 0.852157778125 0.5587052078125 0.8410805734375 0.5588933546875 0.8329969609375001 0.5500923328125 0.8092298625 0.549393053125 0.7943201140625 0.560260759375 0.774247703125 0.560330009375 0.7712724203125 0.5490838609375001 0.7626505875 0.5421517734375 0.745805609375 0.5279408531249999 0.7270132328125001 0.5174155875 0.7296848125000001 0.513014771875 0.7389471140625 0.5074191328125 0.7614546875
1 0.8907250671875 0.8150787453125 0.8873948421875 0.8457745734375001 0.8814928984374999 0.874577775 0.88709723125 0.9035148625 0.8856394453125 0.9211935703125 0.8868598562500001 0.9230666828125 0.9384771171875 0.9236673046874999 0.9402248999999999 0.89109415 0.9491864453125001 0.8518024859375 0.9494457625000001 0.840661159375 0.9477796749999999 0.8362323546875 0.9260948765625001 0.82387246875 0.9195557734375001 0.8126201671875 0.915761759375 0.7958117046875001 0.89894156875 0.821693809375 0.8907250671875 0.8150787453125
1 0.097592871875 0.7833263046875001 0.08806739375 0.7655197984375001 0.0812682296875 0.765440684375 0.0812032140625 0.7682339796875 0.07776173750000001 0.7812328468749999 0.07105215625 0.799781790625 0.0652426875 0.869565509375 0.0605384703125 0.8918631906250001 0.0599533375 0.9170028546875001 0.063920721875 0.9263625281250001 0.06601566875 0.948739325 0.06996138125 0.9590300968750001 0.076020815625 0.9684141140625 0.08014985 0.969944996875 0.082069709375 0.9699673359375 0.08966248593750001 0.9667101484374999 0.096328725 0.9500234000000001 0.099680621875 0.9183964734375 0.10430824375 0.8094822703125001 0.09983951875 0.7991854109375 0.097592871875 0.7833263046875001
1 0.63031833125 1 0.6140554125000001 0.9856037546874999 0.5982145625 0.9859425843749999 0.5926766625 0.9837855281250001 0.58275108125 0.9700680234375 0.5680361 0.9620494859375001 0.5653523640625 0.9573098703125 0.55961969375 0.9635210140625 0.5594492671875 0.970843190625 0.5666545921874999 0.9813901156249999 0.5571731796875 0.9886039484375001 0.5515500671875 0.9901079812500001 0.5329402671875 0.98936828125 0.5151398328125001 0.9938695421875 0.5076910421874999 0.9937828671875 0.48909369687500004 1 0.63031833125 1
1 0.9754326499999999 1 0.9755939515625001 0.9930698390625 0.9694861156249999 0.9918910359374999 0.93600308125 0.9899319625 0.8772708234375 0.9923874765624999 0.866882659375 0.9985444484375 0.867121025 1 0.9754326499999999 1
1 0.9316708015625 1 0.9329224859374999 0.9462225515625 0.9154238484375 0.9460189359375001 0.914519603125 0.95066516875 0.9120076218750001 1 0.9316708015625 1