1 1 0.11321515 0.9621902656250001 0.1112336265625 0.9539781250000001 0.114517275 0.9479279999999999 0.12131328906250001 0.9343825375 0.1216195578125 0.921576896875 0.1178999765625 0.8989942093750001 0.1182407 0.88767528125 0.128825209375 0.8742750453125 0.13269563281250002 0.8723768 0.1345372859375 0.8730647062499999 0.15141973125 0.873293325 0.1529672875 0.8956963578125 0.17039986875 0.9268254109375 0.1801605140625 0.94821184375 0.172644009375 0.9996348062499999 0.170258196875 1 0.1701846640625 1 0.11924749375000002 0.99935096875 0.118927478125 1 0.11757625625000001 1 0.11321515
1 1 0.944750990625 0.985015309375 0.9467889578124999 0.9758950984375 0.9447867562500001 0.9650877734375 0.9457445999999999 0.9392760890625 0.9555695765625 0.9236563890625 0.9715175453124999 0.9339936015625 0.9812046953125 0.942145775 0.9816319312499999 0.9723067890625 0.9898176125000001 1 0.9902177562500001 1 0.944750990625
1 1 0.49447077500000003 0.985097784375 0.4933344296875 0.9706672718749999 0.49410239218749996 0.956029290625 0.489778703125 0.9319254656249999 0.497152796875 0.9047308062500001 0.4952195078125 0.8858128015625001 0.4967684453125 0.8763813859375 0.4871287671875 0.8760365765625 0.484036034375 0.875790128125 0.48402311875 0.8783867687500001 0.51416198125 0.8896712718750001 0.52491493125 0.9100137453125001 0.5361425875 0.9163958187500001 0.5374932125 0.954314815625 0.5364319984375 1 0.5448234953125 1 0.49447077500000003
1 0.6290181328125 0.38760731718749997 0.6234693328125 0.41352853749999996 0.619654371875 0.41965564375 0.62184621875 0.4360400453125 0.6208060843750001 0.46038982968750003 0.6235809140625 0.4786125078125 0.6220978781250001 0.492092728125 0.6146524984374999 0.508875925 0.6107268140625 0.512285640625 0.61039068125 0.516037890625 0.6107203109375 0.5241275984375 0.6198993359375 0.5254204312499999 0.62568469375 0.53024294375 0.637093521875 0.5733224078125 0.6419712734374999 0.5808089421875 0.6551953109374999 0.618560359375 0.659209065625 0.579904609375 0.6628688390625 0.557499840625 0.6661377265625 0.5504402546875 0.6669933171875 0.5215614828125 0.6648014734375 0.50517708125 0.669376403125 0.4927627640625 0.6993064125 0.49161974218750004 0.7017415125 0.4890357703125 0.687189625 0.4810422359375 0.6816550734375 0.4699058296875 0.67172258125 0.4630582515625 0.65887518125 0.447019278125 0.6473111640625 0.3876621515625 0.6446882984375 0.3861576 0.634211171875 0.3856085171875 0.631490140625 0.38592914375 0.6290181328125 0.38760731718749997
1 0.5958590140625 0.1380145984375 0.578939325 0.14424096250000001 0.5720663921875 0.153026165625 0.5487853765625 0.15841106875 0.5399971140625001 0.1645555046875 0.53190718125 0.1656557625 0.5231260328125 0.17284668281249999 0.523217559375 0.1750928953125 0.5250964890625001 0.17596846093750002 0.6228810828125 0.1800769796875 0.6605303703125001 0.17239661875 0.6783351093750001 0.165708559375 0.695628240625 0.1686471640625 0.716772778125 0.17737646875 0.73412815 0.18184256875 0.7597531140625 0.16743510781249998 0.765229390625 0.16873826249999999 0.767345121875 0.15411489218750002 0.764482503125 0.150408325 0.7487934953125001 0.1424730109375 0.683179409375 0.13403120625 0.6643289390625 0.1330432953125 0.6562777093750001 0.1345759984375 0.5958590140625 0.1380145984375
1 0.5703757656249999 0.9497921 0.6188872125 0.9572959515624999 0.63150613125 0.9564330468750001 0.6434059750000001 0.9601051578125 0.6518278578125 0.967151540625 0.657013678125 0.9613263875 0.66691520625 0.960321071875 0.6766715046875 0.9557515999999999 0.6937986625 0.9546168859374999 0.7029396203125 0.9571282546875001 0.7158904890625 0.9644119906249999 0.7473029328125 0.9589451562500001 0.750780890625 0.9555708859375001 0.748305396875 0.939182665625 0.738175653125 0.93458716875 0.734344996875 0.9293056343749999 0.69782265625 0.9202784921875 0.6362492 0.91755964375 0.607412809375 0.914319615625 0.581578878125 0.912965715625 0.569025059375 0.9166433828124999 0.5703757656249999 0.9497921
1 0.875605790625 0.4798083328125 0.8627586562499999 0.47507042187500004 0.8202276859375001 0.47385762343750004 0.811971778125 0.47088456093750003 0.7854655187499999 0.46837526250000006 0.7618491203125 0.4671375796875 0.7514286 0.4712681703125 0.7155286656250001 0.477515978125 0.7076669484375 0.48421705 0.7086972265625 0.4873195109375 0.715307515625 0.4942709515625 0.741720859375 0.49921175937499995 0.7509240593750001 0.5032506234375 0.7476328203125 0.5112073781250001 0.75055768125 0.516441440625 0.7579700328125 0.520894528125 0.7838647046875 0.5131062109375 0.8353291640625 0.511738728125 0.8563492187499999 0.5174130421875 0.864646621875 0.5214044343750001 0.8703303671875 0.5277992390625 0.87757674375 0.5281790046875 0.878316565625 0.5241531562499999 0.8726743140625001 0.51877668125 0.8877201687499999 0.5109278796875001 0.9094592984375 0.5120671796875 0.9109960328125 0.508352034375 0.9109548515625001 0.5073413546875 0.9099709046875001 0.502440515625 0.875605790625 0.4798083328125
1 0.787551940625 0.9253848671875 0.7788674140625 0.9340751265625 0.7716625296874999 0.934713690625 0.767278771875 0.93804049375 0.7555241578125 0.9379325359375 0.739427278125 0.9421697124999999 0.7371372046875 0.9480977453125 0.737619571875 0.9599358609375 0.757716259375 0.9695482343749999 0.814802225 0.9730480609375001 0.8599261046875 0.9713482812500001 0.9084034640624999 0.96321924375 0.9190489625 0.9582899109374999 0.9181649421875001 0.9365944765625001 0.8927073921875 0.9329281406250001 0.8520087625 0.9323194499999999 0.8202924765624999 0.9270353281249999 0.8082767843750001 0.9264056125 0.802106934375 0.9276718953125 0.787551940625 0.9253848671875
1 0.7571638875 0.1642515234375 0.77420805625 0.16108014843750001 0.78421331875 0.16262065625 0.8347304875000001 0.1601873734375 0.862810196875 0.16165896875000002 0.8898803765625001 0.16053726875000002 0.8934620703125 0.1597088203125 0.9020428640624999 0.148472734375 0.9008258640625 0.1407877890625 0.8941740812500001 0.1328180203125 0.8776415171874999 0.1263627296875 0.8386092546875 0.122284825 0.821233134375 0.11730955937500001 0.8016097343749999 0.1015468890625 0.7983807359374999 0.111031140625 0.7913833234375 0.116761353125 0.780638240625 0.11924669375000001 0.755275921875 0.1179175109375 0.7508506703125 0.12022598124999999 0.74832 0.12466605312500001 0.7262559859375 0.13773590156249998 0.726037678125 0.1399913171875 0.7262488890625 0.1451748 0.7332812125 0.1548706421875 0.7571638875 0.1642515234375
1 0.4798028796875 0.9172800671875001 0.4698391125 0.9167578890625 0.46811050625000006 0.9186996078125 0.42092606874999994 0.9141944640625 0.411066034375 0.9162181109375 0.4005491671875 0.9243042656249999 0.3979982359375 0.9284515437499999 0.39832039531249996 0.9363579109375 0.39933923125000004 0.93897510625 0.41313365781250005 0.9447788203125 0.4715818515625 0.9595277484375 0.4795887953125 0.9563908296875001 0.4913641578125 0.95700795 0.500588103125 0.9615559765624999 0.505324559375 0.9668849828124999 0.5122045578125001 0.980455565625 0.522168325 0.9809777437499999 0.52931096875 0.9788116859375 0.5386315828125 0.9635497515625 0.5537250984375001 0.956870653125 0.5520636734375 0.9160963796875 0.5274053140625 0.9148040890625 0.4922973171875 0.9133621749999999 0.4798028796875 0.9172800671875001
1 0.5102337718750001 0.9661216171874999 0.5141585390625 0.9769509171875 0.51285249375 0.982305646875 0.5165273734375 0.9852098281250001 0.52663685625 0.9839319171875 0.5340897890625 0.9798031953124999 0.537646390625 0.967335509375 0.5188022671875 0.9486548171875 0.5157715765625001 0.9484959859375 0.5102163390625 0.96569378125 0.5102337718750001 0.9661216171874999
1 0.45874548437499996 0.4107934328125 0.45927730625 0.44878354062500003 0.4535515171875 0.48283025312500005 0.45712322343749995 0.4956715171875 0.4560755375 0.5073668265625 0.4594039921875 0.5391764625000001 0.48003934375 0.6238765234375 0.4801781328125 0.6238837968750001 0.4820589125 0.59640325 0.489090746875 0.5570018109375 0.49376044375 0.4596293546875 0.4909193515625 0.45224955624999996 0.49174558749999997 0.43511946406249996 0.4846759890625 0.41124852812499996 0.47859536406250003 0.3991796390625 0.4715347890625 0.39423380625000004 0.4690207875 0.394102053125 0.463792671875 0.397500003125 0.45874548437499996 0.4107934328125
1 0.4018673125 0.121131425 0.385500725 0.11874945625 0.36125167187499996 0.12255939375 0.3550563203125 0.125791253125 0.35449348125 0.12862066562500002 0.354734615625 0.1345385015625 0.3629873421875 0.1429734640625 0.40231006249999995 0.154179678125 0.4818957265625 0.15530212031249999 0.5152857375 0.15400355 0.5385875 0.1491278109375 0.545647153125 0.1449250953125 0.5645651593750001 0.1433761578125 0.5724061296875 0.13616591718749999 0.5677111703125 0.131855246875 0.5575606796875 0.12675058125 0.5475554171875 0.12521007343749999 0.5295639578125 0.1273156453125 0.504222384375 0.1264956265625 0.46592994374999996 0.118391875 0.46073352031250003 0.11457749531250001 0.42525267656250004 0.1127180234375 0.41889073593750004 0.1174508859375 0.4018673125 0.121131425
1 0.27505453750000003 0.0414291953125 0.2787369703125 0.05698785468749999 0.28057483906249997 0.089623234375 0.2743870140625 0.11416223125 0.2753143390625 0.13692038281250002 0.275402675 0.1372569015625 0.2874456453125 0.1460228109375 0.295172040625 0.1735436171875 0.30434456249999997 0.1866784078125 0.31244759843750003 0.2359116640625 0.3125725734375 0.201571428125 0.31674151093749997 0.1791933421875 0.3153171890625 0.16917620312499998 0.31871860625 0.14043085625 0.3170283703125 0.11141866250000002 0.3228724390625 0.09274381875 0.32311569375000004 0.0737754484375 0.32078376406250003 0.066422334375 0.3149245921875 0.05978822968750001 0.3130280125 0.050650206249999996 0.31524166249999996 0.0426314515625 0.315234109375 0.0299769765625 0.31390718125 0.016451178125 0.278702584375 0.014606182812499998 0.2766038375 0.017106096874999997 0.27505453750000003 0.0414291953125
1 0.301130228125 0.40853255624999996 0.302451378125 0.4284867765625 0.3015269578125 0.4358426578125 0.30207515625000003 0.4492963921875 0.30410470312500004 0.456593171875 0.3031237765625 0.47503140625 0.3042157359375 0.50182998125 0.3075371859375 0.5408323015625001 0.3106735453125 0.555458475 0.3164589015625 0.5602809875 0.3203476796875 0.555965475 0.323653475 0.549811684375 0.32702553437500004 0.5328150140625 0.3372306375 0.5089455453125 0.33809378125 0.49272125000000006 0.341938096875 0.47484546562499996 0.34680829687500003 0.469677525 0.34654993749999996 0.46333694531249997 0.34978191718749996 0.4553715609375 0.3393771671875 0.44940309375 0.3341672390625 0.43376438593750005 0.33670551249999997 0.42124333125 0.334181490625 0.3967067578125 0.3259742390625 0.3834869734375 0.32248306875 0.38330400937500003 0.3078449921875 0.386287890625 0.301130228125 0.40853255624999996
1 0.33787805 1 0.3377930125 0.9503990203124999 0.3346491015625 0.92311836875 0.33711355625 0.9087857218750001 0.3367813796875 0.9006335484375001 0.332117525 0.88592731875 0.33075191406250004 0.8524128265625001 0.333002471875 0.8452998718750001 0.332124225 0.836215215625 0.324368471875 0.8204430875 0.3106143046875 0.8145702437500001 0.309565425 0.8145152734375 0.3044741296875 0.8184966062499999 0.2998253796875 0.829099328125 0.30037900624999997 0.8426862859375 0.2968744171875 0.8813687187499999 0.29791540625 0.9193855125000001 0.30853746875 1 0.33787805 1
1 0.20838865625 0.4563714734375 0.1855173765625 0.4462882921875 0.174887365625 0.445731196875 0.166390040625 0.44604117656250003 0.1510982671875 0.4444844640625 0.13076415937500002 0.4434187984375 0.12923161249999998 0.4435857078125 0.12044334999999999 0.4497301453125 0.1150500609375 0.45046365 0.08330566874999999 0.4477838421875 0.0806920125 0.4501872546875 0.0903516421875 0.465427746875 0.0841770375 0.4691687703125 0.0752435484375 0.47174905312500004 0.051651329687500004 0.4694964796875 0.038105867187499996 0.46980274843750003 0.0378698296875 0.4702168765625 0.037916665625 0.471366321875 0.0845089875 0.47731540937499994 0.09350471875000001 0.47626262343750003 0.10089632343749999 0.48020654531250007 0.157532921875 0.4948605296875 0.1747430671875 0.495762475 0.2107259875 0.4915513265625 0.23250661250000002 0.49370895625 0.25542125000000004 0.501514871875 0.2778587078125 0.4976099921875 0.2867507046875 0.4940113796875 0.2890531578125 0.48397049374999995 0.270356303125 0.468764459375 0.25376150000000003 0.4607816734375 0.245206346875 0.44941645937499997 0.241774146875 0.4492365859375 0.2229229046875 0.4581493359375 0.20838865625 0.4563714734375
1 0.19602529375 0.076709375 0.1833785625 0.054707326562500005 0.1797249171875 0.05307555781249999 0.16683030625 0.0523997796875 0.130185496875 0.058016528125 0.096712496875 0.0572784375 0.0761281265625 0.0622965890625 0.071157321875 0.06268293281250001 0.072447146875 0.0943375171875 0.084743796875 0.0962812421875 0.10243112031249998 0.108893984375 0.11959977343749999 0.10877759843749998 0.14792844375 0.11635917343749999 0.1758006859375 0.1127391203125 0.2055882546875 0.11175983125 0.19891572500000002 0.1032808953125 0.2234654515625 0.088925046875 0.223459271875 0.08877342031249999 0.20716456875000003 0.08389817031249999 0.19602529375 0.076709375
1 0.075968728125 0.9121268609375001 0.0860984703125 0.916722359375 0.1079413359375 0.9204074828125 0.11716528281250001 0.9249555109375001 0.14162180468750002 0.9262372234375 0.163194959375 0.9233032031249999 0.2309637671875 0.9227901953125001 0.248830746875 0.91762963125 0.261387425 0.9152392328125 0.264104815625 0.9153816453125 0.26383510625 0.9087625015624999 0.2462307703125 0.898186421875 0.2307284859375 0.8948335921874999 0.2205779953125 0.8897289296875 0.11468272187499999 0.886211503125 0.08398935468749999 0.8871433203124999 0.06793397031250001 0.8923988250000001 0.0647418546875 0.9001159453125 0.0647643484375 0.9006679921874999 0.06666179375 0.9055421734375001 0.075968728125 0.9121268609375001
1 0.039550406249999996 0.42879280781249995 0.048898834375 0.43639582499999996 0.0420673953125 0.446199359375 0.0423578515625 0.45332766874999997 0.04804159375 0.45972247343749995 0.050572265625 0.45528240000000003 0.064753815625 0.448404459375 0.0741781640625 0.43568834843750004 0.0795299609375 0.4339365125 0.0949492578125 0.43525268281249996 0.11330709375 0.4199562890625 0.1134089140625 0.4191217984375 0.0168717546875 0.4140625 0.01738159375 0.42657486875000006 0.03405338125 0.4269804875 0.039550406249999996 0.42879280781249995
1 0.044722548437499995 0.0769127453125 0.0698981484375 0.07365944218750001 0.0788067421875 0.0704681640625 0.0785172328125 0.063363121875 0.0024193453125 0.059375 0.0030874109375 0.07577050468749999 0.0121760953125 0.076731290625 0.044722548437499995 0.0769127453125
1 0.014683007812500001 0.1343830234375 0.0199147390625 0.1256185796875 0.0209104125 0.08770852343749999 0.0171315046875 0.032374846875 0.01271845625 0.011354725 0.0072208140625 0.0011241140625 0.00708535 0.000371328125 0.0015625 0.0000818875 0.006992028124999999 0.1333320546875 0.014683007812500001 0.1343830234375