1 0.887471571875 0 0.8907544390625001 0.01241879375 0.8900592156249999 0.0258596546875 0.8831487546875 0.03213205625 0.874072684375 0.053637434375 0.8727900046875 0.0634940625 0.8792346546875001 0.08051915312499999 0.8862076812499999 0.076934925 0.8883280906250001 0.0814152125 0.8878205703125 0.1029205859375 0.896719325 0.13876288125 0.9044789296875001 0.1390625 0.9203814781249999 0.1390625 0.9233496109375 0.1351786515625 0.9370732281249999 0.075142809375 0.9409247609375001 0.024067540625 0.9470548640625 0.007727671875 0.946875 0 0.887471571875 0
1 0.03800325 0.0636088703125 0.0479185390625 0.0661290328125 0.0721238171875 0.0666330640625 0.079362665625 0.0696572578125 0.137765553125 0.071875 0.1470872890625 0.071875 0.17514695 0.065625 0.1832114671875 0.065625 0.1919608890625 0.057395240624999996 0.19191929375 0.055608146875 0.176340759375 0.039919354687500005 0.15009700312500002 0.028830645312499997 0.139309121875 0.0273185484375 0.13038374218749998 0.028830645312499997 0.11148441718749999 0.02530241875 0.10403440156249999 0.0132056453125 0.0884655109375 0.00010080625 0.06788709062500001 0.00010080625 0.0616264203125 0.0006048390625 0.0609297984375 0.009173387500000001 0.0548568328125 0.0177419359375 0.04324328125 0.0192540328125 0.02436741875 0.0167338703125 0.00038948437499999997 0.0167338703125 0.0009170125 0.0393986140625 0.032439203124999996 0.0555443546875 0.03800325 0.0636088703125
1 0.5164797546875 0 0.51346533125 0.0126008078125 0.518964484375 0.03231406875 0.526076525 0.07801299218749999 0.5239282828125 0.1156474 0.5250823390625 0.12191980312499999 0.535621815625 0.141633065625 0.54595273125 0.1523857515625 0.5621871921875 0.153125 0.5725248765625001 0.153125 0.5634061578125 0.1443212359375 0.56548834375 0.1255040328125 0.56435863125 0.0986223125 0.57236406875 0.0744287625 0.5685021484375 0.0600918453125 0.56968055 0.0457549296875 0.5676922546875 0.0036402328125 0.56650495625 0 0.5164797546875 0
1 0.5591703921875 0.32157258125 0.554112703125 0.299171146875 0.5476715421875 0.26064068125 0.53693389375 0.2973790328125 0.5325644515625 0.304547490625 0.5239680703125 0.3466621859375 0.51852799375 0.3511424734375 0.50846820625 0.35203853125 0.51025143125 0.3636872765625 0.5143671125 0.36727150625 0.5228278921875 0.3842965953125 0.5251568609375 0.3977374546875 0.52355785 0.4156586015625 0.526137090625 0.43985215 0.5250003999999999 0.45598118281250005 0.52917865 0.46225358437499997 0.53633589375 0.488239246875 0.5388977671874999 0.4900313625 0.54241775625 0.490625 0.5517434046874999 0.490625 0.5545019109375 0.48913530468750005 0.5622188515625 0.4308915765625 0.5739610765625 0.4156586015625 0.5833916984374999 0.40938620156249994 0.588181746875 0.3986335125 0.6013087500000001 0.39188605781249997 0.601278371875 0.39058094374999996 0.599545075 0.38877688125 0.5697446015625001 0.386088709375 0.5644122968749999 0.37354390625 0.5655489859375 0.357414875 0.5628654671875 0.32874103906249996 0.5591703921875 0.32157258125
1 0.8807392093749999 0.3188844078125 0.8831516015625 0.3359094984375 0.8760082375 0.3538306453125 0.8673075750000001 0.391465053125 0.8685519546875 0.488239246875 0.869613971875 0.490625 0.8711307937500001 0.490625 0.878969784375 0.4810707890625 0.880294178125 0.473006271875 0.8866380359375 0.4640456984375 0.8926482015625 0.44074820781249996 0.901553934375 0.4335797484375 0.908214121875 0.416554659375 0.9133691921875 0.3565188171875 0.9158458906250001 0.3451471875 0.9157327656250001 0.3402868953125 0.908217690625 0.2651209671875 0.9042942171874999 0.2570564515625 0.8827588515624999 0.2570564515625 0.86877455 0.28125 0.8726990375 0.2982750890625 0.8807392093749999 0.3188844078125
1 0.009686253124999999 0.4007616484375 0.0232900515625 0.407762096875 0.0464964640625 0.415625 0.0602711515625 0.415625 0.0986879140625 0.41330645156249995 0.15963154375 0.413810484375 0.195309596875 0.4067540328125 0.1987765125 0.40171370937499995 0.2085392921875 0.3976814515625 0.209105975 0.3912298265625 0.2088560953125 0.380493953125 0.20628965 0.37802419375 0.174763403125 0.3709677421875 0.1623711078125 0.37752016093749996 0.15345746093749998 0.379536290625 0.13638544531250002 0.37752016093749996 0.1264114984375 0.37247983906250004 0.1165196734375 0.3709677421875 0.11164621562499999 0.365625 0.1101504890625 0.365625 0.10309054531249999 0.37147177343750004 0.0915121890625 0.3744959671875 0.078932190625 0.3729838703125 0.015464628125 0.379536290625 0.0092225765625 0.3808402 0.009686253124999999 0.4007616484375
1 0.622626671875 0.196875 0.6173911046875 0.2029233875 0.6094087078125 0.2064516125 0.5889049734375 0.21098790312500001 0.5377358531249999 0.20695564531250002 0.5115390234375 0.197883065625 0.504464415625 0.20191532343750002 0.501893559375 0.20695564531250002 0.5056654921875 0.21502016093749998 0.49678703906250005 0.2185483875 0.47088349531249996 0.2220766125 0.46476360312500004 0.22862903281250002 0.4639379359375 0.23165322656249998 0.4721666921875 0.2387096765625 0.5081966890625 0.24677419375 0.519142290625 0.2515625 0.53866206875 0.2515625 0.5683146515625 0.2503024203125 0.576320509375 0.24778225781250002 0.6184586703125 0.24879032343750002 0.6309096203125 0.244758065625 0.663036359375 0.224438325 0.662823309375 0.2152847796875 0.662463796875 0.2145161296875 0.6409584203125 0.2145161296875 0.6255260093749999 0.20594758125 0.6307850390625 0.20090725781250002 0.6297951296875001 0.196875 0.622626671875 0.196875
1 0.15436054375 0.20166330625 0.1400588203125 0.20317540312500001 0.1301435328125 0.200655240625 0.0908225921875 0.20519153124999998 0.050464818749999994 0.203679434375 0.0048639765625 0.20789347500000002 0.005106615625 0.218318284375 0.00960985625 0.219304434375 0.0368083265625 0.23291330625 0.085441784375 0.24349798281249999 0.1230428015625 0.246875 0.1871227453125 0.246875 0.2062922109375 0.23845766093749998 0.2069193140625 0.2301505765625 0.206897290625 0.2292043375 0.20319343750000002 0.22081653124999998 0.18694709062499998 0.21577620937500003 0.1752866125 0.2152721765625 0.17072420625 0.2117439515625 0.163532284375 0.2107358859375 0.15436054375 0.20166330625
1 1 0.20709334531249998 0.987763840625 0.1994959671875 0.9849700859375 0.19495967812499998 0.9804311406249999 0.192439515625 0.955341534375 0.192439515625 0.9445184578125 0.1894153234375 0.9372092203125 0.1833669359375 0.93340209375 0.1737903234375 0.914925103125 0.1884072578125 0.8979938640625 0.192439515625 0.8595103234374999 0.19445564531249998 0.8435103390625001 0.2 0.8374139093749999 0.207560484375 0.8366938234375001 0.21512096718749998 0.8459242218749999 0.22671370937500002 0.8495319140625 0.22772177500000002 0.8764722921875 0.2302419359375 0.9042500703125 0.2302419359375 0.9545465953125 0.2352822578125 0.9643797640624999 0.23427419375 0.9780749171875 0.2375 0.9838096828125 0.2375 1 0.23185014062499998 1 0.20709334531249998
1 0.0804220546875 0.5551360375 0.08556665625 0.559616325 0.089807475 0.5685768984374999 0.090078603125 0.58022564375 0.0867380796875 0.588290159375 0.09966560468749999 0.6456378296875 0.10501876562500001 0.659078690625 0.11028993125 0.6609375 0.113928759375 0.6609375 0.11959399062500001 0.657286575 0.12791226718749998 0.6465338875 0.1302030125 0.6366772562499999 0.1271023734375 0.5900822734375 0.1290767890625 0.588290159375 0.1288473734375 0.5784335281249999 0.13309168124999998 0.5658887265625 0.132680753125 0.53139055625 0.131627525 0.48613962187500004 0.101293259375 0.48613962187500004 0.08469070625 0.521981915625 0.069295121875 0.531838546875 0.06721374687500001 0.5381786484375 0.06746568750000001 0.5490030234375001 0.0804220546875 0.5551360375
1 0.07784580468749999 0.525055603125 0.077894915625 0.5271656078125 0.08481305156249999 0.5453125 0.08558241718750001 0.5453125 0.10444061874999999 0.526443959375 0.1044126375 0.52524175 0.1004037046875 0.513611671875 0.092738940625 0.509131384375 0.082616584375 0.5073392703125 0.0791509265625 0.5100274421875 0.080788159375 0.5154037859375 0.07784580468749999 0.525055603125
1 0.49597415937499995 0.5443044359375 0.4567470703125 0.552872984375 0.42903968125 0.5558971781250001 0.5127718828125001 0.573034275 0.5433955953125 0.575 0.5445679343750001 0.575 0.5557943671875 0.57353830625 0.5618917125 0.575 0.5759128765625 0.575 0.6022955 0.5695060484375001 0.6399064453125 0.568497984375 0.6532182578125 0.5629536296875 0.65672916875 0.5576379796875 0.6566708578125 0.5551327265625 0.6519819890624999 0.5483366937499999 0.640204196875 0.5427923390625 0.616765928125 0.5367439515625 0.59977603125 0.5382560484375001 0.5925489171875 0.5357358875 0.49597415937499995 0.5443044359375
1 1 0.5442246140625 0.9887157859375 0.54188508125 0.9726219468749999 0.543397178125 0.955491275 0.5388608875 0.94819376875 0.5333165328125 0.9419096375 0.5328125 0.9159122421875001 0.5323084687499999 0.9088610984375001 0.5373487906250001 0.8713674671874999 0.543397178125 0.8462661296875 0.5428931453125 0.82827459375 0.5398689515624999 0.8184414265625 0.5408770171875 0.8086903796874999 0.5454133062500001 0.8043039437499999 0.549445565625 0.8125444328125001 0.5570060484375 0.8314202937499999 0.559526209375 0.8386943359375 0.5640625 0.8621326046875 0.5701108875 0.895357115625 0.57313508125 0.9440265484375001 0.575 0.979176909375 0.575 1 0.57006986875 1 0.5442246140625
1 0.9383297796875001 0.7074456765625 0.9285272390625 0.6760836703125 0.928280459375 0.6438256046874999 0.9309501015625001 0.6285926296875 0.928780390625 0.6115675406250001 0.8904380375000001 0.6115675406250001 0.890314678125 0.6151517703125 0.891110696875 0.6276965734375 0.8938185593749999 0.6357610890625 0.8925150234375 0.6447216625000001 0.8871166593750001 0.6509940640625 0.88526738125 0.6581625234375 0.88671341875 0.6769797265624999 0.8937038125000001 0.6957969312500001 0.893867171875 0.7244707671875 0.899070853125 0.7531446015625 0.8982922062500001 0.7630012328125 0.9038539265625 0.785402665625 0.906110978125 0.81875 0.906230046875 0.81875 0.9110807140625001 0.7710657484375 0.9193572796874999 0.7585209453124999 0.9252840203125 0.731639225 0.936689059375 0.723574709375 0.9384966265625 0.7146141359375 0.9383297796875001 0.7074456765625
1 0.561937015625 0.6520581328125 0.565253190625 0.6646029343750001 0.5610714531250001 0.679835909375 0.55111594375 0.6852122546875 0.554831871875 0.6932767703125 0.5549778640625 0.699549171875 0.5601433234375001 0.704925515625 0.5650967328125 0.7228466625000001 0.5669842359375 0.7389756953125 0.5786360578124999 0.76316924375 0.5830645796875 0.7801943328125 0.586738796875 0.786466734375 0.5891354015625 0.7890625 0.593163565625 0.7890625 0.5963154109375 0.786466734375 0.598501875 0.7721298171875 0.5995941890625 0.7210097546875 0.599411003125 0.7131393687500001 0.5965622703125 0.6887964828124999 0.5986240765625 0.6793298078125 0.5984480375000001 0.6717664125 0.5964197671875 0.6610187062499999 0.59646496875 0.64130544375 0.588383084375 0.6189040109375 0.5706376765625001 0.6144237234375 0.5628860015625 0.6278645843749999 0.561937015625 0.6520581328125
1 0.1143647421875 0.746875 0.1766601390625 0.746875 0.207198596875 0.74286794375 0.2206394578125 0.74286794375 0.23127483125 0.737827621875 0.2342717484375 0.7340089453124999 0.23414638281250003 0.728622734375 0.2299212453125 0.7181703625 0.214524028125 0.7111139109375 0.205551725 0.7106098796875 0.198441925 0.7131300406250001 0.1652878015625 0.7131300406250001 0.1508570328125 0.7090977828125 0.142792515625 0.7090977828125 0.12852598906249998 0.7121219765625 0.101597340625 0.710105846875 0.037139870312500003 0.7126260078125 0.01653088125 0.710234028125 0.016993428125 0.7301069578125 0.048549521875 0.7408518140625 0.1143647421875 0.746875
1 0.543870690625 0.7747899859375 0.5509445093750001 0.7971914203125 0.552453115625 0.8186967968750001 0.5472389671875 0.8545390906250001 0.5476352296875 0.8715641812499999 0.5605210421875 0.9271197375 0.5642161156250001 0.9342881937499999 0.5629125796875 0.94324876875 0.567447975 0.9890625 0.5688254921875 0.9890625 0.5690165546875 0.9889476937499999 0.56971178125 0.9755068328125001 0.5681614609375 0.9522093406250001 0.5709770953125 0.94324876875 0.5748633609375 0.9369763656250001 0.5896888578125 0.9459369390625 0.59214645 0.94324876875 0.5904084265625 0.9118867625 0.5912913546875 0.9065104187499999 0.5974589984375 0.8977987468749999 0.5967491234375 0.8672996359375 0.5962760874999999 0.8608114921875 0.5965137203124999 0.8571857640625 0.59613186875 0.8407798968750001 0.5872521984375 0.8195928531250001 0.5859104390625001 0.8052559359375 0.59488096875 0.7870361015625 0.5947752890625 0.7824956640625 0.5841932703125 0.7747899859375 0.5767614125 0.7586609546874999 0.5622313890624999 0.7407398078125 0.5522133109375 0.7434279796875 0.5483896125000001 0.7523885531250001 0.543870690625 0.7747899859375
1 0.92568519375 0.8102318546875 0.9254487984375 0.8433859765625 0.9183019453125001 0.8828125 0.9179647624999999 0.8899809578125 0.9206309140625001 0.8962533593750001 0.9420713968750001 0.9079021046875001 0.9488740874999999 0.91865479375 0.9531700296875 0.934375 0.9535268390624999 0.934375 0.9683227859375 0.9096942203125 0.97653329375 0.9159666218750001 0.9783652078125 0.886396728125 0.9811577046875 0.8687424078125 0.9807257234375 0.8501827375 0.976064075 0.830841175 0.976675875 0.8138160828125001 0.96468686875 0.79679099375 0.9643382296875 0.7941028218749999 0.93004330625 0.7941028218749999 0.92568519375 0.8102318546875
1 0.12126551875 0.77939068125 0.1155925390625 0.7955197140625 0.11378148125000001 0.8259856640625 0.1142055015625 0.9308243734375001 0.11897120624999999 0.9406810046875 0.1218459203125 0.955913978125 0.132868571875 0.9747311828124999 0.13580535625 0.984375 0.1367409671875 0.984375 0.1385589203125 0.981003584375 0.1383086484375 0.9702508968749999 0.14104085625 0.95770609375 0.1466721234375 0.9397849468749999 0.149140184375 0.8725806453124999 0.15262775312500002 0.8513440859375001 0.15205577812499999 0.8267697140625 0.1478679703125 0.817921146875 0.14484726718750002 0.7964157703125 0.14058559375 0.786559140625 0.13432864687499999 0.7775985671875 0.1292466125 0.7758064515624999 0.12126551875 0.77939068125
1 0.6138665999999999 1 0.6162075859375 0.9982078859374999 0.623434375 0.98387096875 0.6275300703125 0.9814099437499999 0.627516853125 0.9808420734375 0.6217345734374999 0.9758064515625 0.6146781234375001 0.9758064515625 0.604764325 0.9829749109374999 0.5974993140625 0.9740143375000001 0.5958620812500001 0.96863799375 0.5959489921875 0.950716846875 0.591016440625 0.93369175625 0.5908495921875 0.9265232984375 0.5886990578125 0.92074870625 0.5905436515625 1 0.6138665999999999 1
1 0.9670100765624999 1 0.967010671875 0.9999747984375 0.9626725515624999 0.9435231843749999 0.9563947484374999 0.9336665546875 0.9548892375 0.9339495187500001 0.9564265796875 1 0.9670100765624999 1
1 1 0.9910260734375 0.9472063640625 0.9895665328125001 0.9096306125 0.9920866937499999 0.9007990859375001 0.9976310484375001 0.9008861265625001 0.9984375 1 0.9984375 1 0.9910260734375