1 0.08718803750000001 0.11338540781249999 0.0896887828125 0.11678807499999999 0.1110052765625 0.11740832187500001 0.1149884265625 0.0033458218749999997 0.0706454671875 0.0020555734375 0.073745678125 0.050894203125 0.08718803750000001 0.11338540781249999
1 0.8947415 0.1152839140625 0.910196334375 0.1312778796875 0.9124153890625 0.1313424484375 0.921050021875 0.12253748125 0.9213410281250001 0.1142041484375 0.9291718421875 0.0838453984375 0.9289989515625001 0.027031109375 0.8953125 0.0260509328125 0.8924072796875 0.109245540625 0.8947415 0.1152839140625
1 0.44617147187499995 0.1474938015625 0.456930678125 0.1367201453125 0.468047853125 0.11665255468749999 0.46931477343749994 0.11020135 0.46755105625000004 0.071221628125 0.47544358906250006 0.024181075 0.478444675 0.01392131875 0.4390625 0.0127754140625 0.43437002187499996 0.1471504140625 0.44617147187499995 0.1474938015625
1 0.4137517421875 0.39484525000000004 0.42211757812500006 0.4386514078125 0.42654152968750003 0.44619506875 0.43690388125 0.483502984375 0.43736014843750004 0.4835162609375 0.444296103125 0.44485794062500006 0.44978707656249994 0.4218460421875 0.4536877875 0.41454460624999995 0.45680364375 0.38497553125 0.45582478281250005 0.36826345 0.461480371875 0.35545187500000003 0.49227456406250003 0.353567296875 0.494973025 0.35086521249999997 0.4806635375 0.343033915625 0.47584863281249995 0.3317714140625 0.4661894359375 0.32500229375 0.4542521203125 0.30889821875 0.446988590625 0.24844053124999999 0.441882678125 0.2455113625 0.430891890625 0.2470453 0.42822576718749994 0.2488214578125 0.4205242921875 0.275476503125 0.416135621875 0.281836871875 0.41711448281249996 0.29854895625 0.4141602984375 0.3234884 0.4155947828125 0.342067475 0.41302860625 0.35589580781249996 0.40408959843750003 0.373246178125 0.39979793125 0.3768287671875 0.39974981718749997 0.37711998750000003 0.39933494999999997 0.38900021875 0.40819020781250004 0.3900490953125 0.4137517421875 0.39484525000000004
1 0 0.37072270625 0.0605698234375 0.3771434359375 0.0699959578125 0.3774177078125 0.0807735265625 0.3751548734375 0.1430467609375 0.370196178125 0.1608937171875 0.36342399062499997 0.16862816875 0.35427428125 0.1929384390625 0.3482109765625 0.2024338953125 0.3417166046875 0.210821734375 0.34039820781249996 0.2222598875 0.3313562625 0.218610690625 0.329687621875 0.1185743515625 0.32781850156250003 0.07934025312500001 0.3365724859375 0.060549200000000004 0.3438380234375 0.04302928125 0.341244965625 0.022005521875 0.3328209359375 0.0045401125 0.3286670046875 0 0.331208684375 0 0.37072270625
1 0.8767667859375001 0.3974696671875 0.8816140234375001 0.4078062421875 0.88308084375 0.42545939062500004 0.8806763359374999 0.43465809375 0.873459871875 0.4474242515625 0.8796122593750001 0.48004360312500005 0.8817574109375 0.48237011093750004 0.8961390140625 0.48278857343750003 0.89983895625 0.4824858734375 0.9043569609375 0.47242179999999995 0.909689209375 0.46886948593750005 0.918266653125 0.43204439531250005 0.919945075 0.3690662921875 0.9248775296874999 0.31730527343750003 0.9200570593749999 0.301408278125 0.8856359125000001 0.300406725 0.8790007828125 0.3484107328125 0.8801089796875001 0.36141911250000003 0.8765668890624999 0.37336531562499997 0.870423903125 0.38045022500000003 0.870359128125 0.382305153125 0.8755615875 0.3872390671875 0.8767667859375001 0.3974696671875
1 0.4180840625 0.270702746875 0.4263793359375 0.28670085 0.42560331875 0.30892307343750003 0.42970098281249997 0.31089603593750004 0.43545652031250004 0.3101366375 0.457984828125 0.276498075 0.462599834375 0.2636562234375 0.46307895156249995 0.22010742656249999 0.465971415625 0.21184978906250002 0.46976628593749997 0.1628362703125 0.46449575625 0.14970677968749999 0.45746445625 0.11242751875000001 0.45047138281250004 0.103882240625 0.4473173015625 0.104717334375 0.440327175 0.111002009375 0.4357474484375 0.1377478875 0.43178206875 0.146901175 0.4235867421875 0.142955246875 0.41828682656250005 0.1455816359375 0.41386582499999996 0.1528679328125 0.42229338125 0.17999228437499998 0.424612671875 0.23289117343750002 0.41918636718749996 0.2540512203125 0.41525332031250006 0.26227858125000003 0.40985927499999997 0.2667814140625 0.4095612953125 0.27531444843749997 0.41268714375000004 0.2761069140625 0.4180840625 0.270702746875
1 0.8763890234374999 0.2584336375 0.8854309296875 0.26796539531249997 0.8862128390624999 0.27540308125 0.8896932078124999 0.2801386828125 0.8897931578125 0.292190859375 0.8944140578124999 0.3090089171875 0.9020399390625 0.3124747203125 0.9078296765625 0.312643184375 0.9125272531249999 0.31231655625 0.9220835562499999 0.292203546875 0.924640890625 0.23388535312499997 0.9220952640625001 0.1874679453125 0.912915184375 0.137150028125 0.9089918296875 0.12869406875 0.8851616328125 0.12800068125 0.8822209390625 0.151086784375 0.88232678125 0.1927988671875 0.877395690625 0.22559393437500003 0.8769989328125 0.23695559687499998 0.87846724375 0.2436642375 0.8763890234374999 0.2584336375
1 0.04789551875 0.1383581015625 0.051287726562500004 0.19036134375 0.0502853703125 0.219065046875 0.0519168046875 0.24691851874999998 0.0528280515625 0.25065250156249996 0.062117715625 0.2583178140625 0.0734800203125 0.2586484234375 0.0803388265625 0.2533067171875 0.0866440453125 0.236806578125 0.0901155734375 0.19705231875 0.0948922515625 0.1795808375 0.11065971562500002 0.160575421875 0.10090351718749999 0.15658407968750002 0.0949186921875 0.1489950046875 0.09218495156249999 0.137793059375 0.09309030625 0.1118671328125 0.0906505171875 0.107161809375 0.0860649 0.10424777968750001 0.0811113671875 0.095761846875 0.0517365171875 0.0949071265625 0.04623723125 0.10920644531249998 0.046125821875 0.11239681093750001 0.049291774999999996 0.12820319375 0.04789551875 0.1383581015625
1 0.8735143750000001 0.573182525 0.8731587015625 0.583367709375 0.8751751984375 0.585280115625 0.8714126625 0.6333677093750001 0.8736584437499999 0.6436285890625 0.882115390625 0.6549970625 0.88845558125 0.6593069125000001 0.8906840781250001 0.6593717546875 0.897139171875 0.65728794375 0.90282709375 0.6435504437499999 0.9168631749999999 0.5846393796875 0.91351214375 0.5762000734375 0.9139324859375 0.5641630359375001 0.9184181562499999 0.5550248890625 0.923782740625 0.5505466484375 0.9375366546875 0.5444587796875 0.9378923296874999 0.5342735953125 0.93554954375 0.5267904921875 0.9197761859375 0.516136 0.9139291187499999 0.5029897328125 0.8708807328124999 0.501737153125 0.87019950625 0.5212449125 0.8692844281250001 0.5600833109375001 0.8735143750000001 0.573182525
1 0.9411416546875 0.5450730203124999 0.944046615625 0.5415118062500001 0.94255814375 0.5310520953125 0.9382010484375 0.5231130171875 0.9253834375000001 0.5185735015625 0.9042863078125001 0.5387924390625 0.9230372984375 0.5461347390625 0.925927509375 0.5462188359375 0.93564060625 0.543350496875 0.9411416546875 0.5450730203124999
1 0.3582743859375 0.5603724203125 0.39712693906249996 0.562544553125 0.4250365125 0.5691824999999999 0.43818865 0.5695651875000001 0.44512973593750005 0.568107853125 0.457112265625 0.57001896875 0.48959234687500003 0.5688807625 0.576321203125 0.5536964328125 0.547726515625 0.5497394921875001 0.5072946468749999 0.5397091046875 0.40760351874999995 0.5279544484375001 0.400105265625 0.5303403734375001 0.38256718125 0.52826760625 0.3582750796875 0.53381061875 0.346038184375 0.53918358125 0.3406486640625 0.5467088546875 0.340603809375 0.5479933296875 0.34458535625 0.5542450890625 0.3582743859375 0.5603724203125
1 0.0661758671875 0.5806893046875 0.07157867812499999 0.6049450484375 0.076002628125 0.6124887046875 0.07792506875 0.63200884375 0.084087775 0.639030375 0.086837603125 0.6391103859375 0.089762434375 0.6360607421875 0.0948007328125 0.626011809375 0.0961969890625 0.6158569 0.093721921875 0.5972475484374999 0.09410698281249999 0.5713064859375 0.101708509375 0.5325992625 0.10717009687500001 0.52534324375 0.1075874921875 0.49847625312500005 0.10729353906250001 0.4919796328125 0.10182900624999999 0.484405696875 0.09776073125 0.4666768546875 0.09990361875 0.45005560468750005 0.0971773875 0.43421954375 0.0724785609375 0.43350088124999997 0.0652687484375 0.460007303125 0.0640739171875 0.494222775 0.064250478125 0.5463392125000001 0.0661758671875 0.5806893046875
1 0.056106376562500004 0.781641896875 0.0573439109375 0.7909465734375 0.054451446875 0.7992042109375 0.0539774734375 0.8055116312499999 0.0945804890625 0.8066930593749999 0.0955867984375 0.7994742609375 0.09301472968749999 0.7836426859375 0.0936584625 0.7502942140625 0.10415540000000001 0.7181593078125 0.104414071875 0.7107519015625 0.102656246875 0.7014320859375001 0.0909805515625 0.69275055625 0.0851867859375 0.6647759718749999 0.076794509375 0.651555646875 0.0722970515625 0.6013739796875 0.069507484375 0.6365137484375001 0.06349621875 0.659510509375 0.0641811265625 0.66972596875 0.058463815625000005 0.69921935 0.0579494171875 0.7288641171875 0.050516553124999995 0.7480860515625001 0.0497061734375 0.77129231875 0.05060950937499999 0.7749938875 0.056106376562500004 0.781641896875
1 0.397525990625 0.7095397046875 0.3971789265625 0.7194783203124999 0.39767819375 0.771146 0.39976230625000003 0.7860365093749999 0.40517586874999995 0.790705059375 0.4054388890625 0.7907127125 0.40964784375 0.78632415 0.41351622031249996 0.779948640625 0.41829289843749995 0.762477159375 0.43061232812499994 0.7378102156249999 0.432755215625 0.7211889671875 0.43808451875000004 0.7028066984375 0.44348143437500004 0.6974025312500001 0.4437077734375 0.69092105 0.44764082031249997 0.6826936890625 0.43742899687500003 0.6768353546875 0.433296053125 0.6609583640625 0.436870478125 0.648086234375 0.436182625 0.6230408187500001 0.428342971875 0.60890970625 0.409971103125 0.6130094734375 0.4013583828125 0.6359305375 0.401167325 0.656316046875 0.3990101109375 0.6670400734374999 0.3987177484375 0.6754122515625001 0.40068526093749995 0.6850348890625 0.397525990625 0.7095397046875
1 0.8632661953125 0.6553086343750001 0.8627811843750001 0.6691975234374999 0.8561879093749999 0.708860946875 0.8548876468750001 0.7357711546875 0.8544086765625 0.749487096875 0.8591392265625 0.83314696875 0.8616941453125 0.8415264875 0.888095634375 0.8422946921875001 0.8928170390625001 0.7785148859375 0.891705896875 0.7506765515625 0.8953449875 0.7359525734375 0.8956359953125 0.7276192406249999 0.8919910109375 0.7126833125 0.8931873703125 0.6784240515625 0.8960474984375001 0.6710923390625 0.8958505484374999 0.6618179421875 0.8891161484375001 0.6458652546875 0.8753959921875 0.640157865625 0.8744206953125 0.6401294875 0.8688571171874999 0.6443489125 0.8632661953125 0.6553086343750001
1 0.43134654687499996 0.9399450125 0.435247259375 0.9326435765625 0.4492186703125 0.8755843671875001 0.44983301718749996 0.8579917734375 0.44488288281250005 0.8207730703125 0.44669948125000003 0.7985811234375 0.454271621875 0.7756297828125 0.4498770578125 0.7523302453125 0.44603806874999996 0.742949875 0.4357292421875 0.7398693171875 0.420514403125 0.757963946875 0.4126483125 0.77441866875 0.3998379796875 0.7833145921875 0.41050837187500006 0.8058698718749999 0.4089504453125 0.8206544078125001 0.39819188906249997 0.8453667687499999 0.3991384171875 0.8630047781249999 0.396478184375 0.89444084375 0.3972924296875 0.9009526031249999 0.4037328765625 0.91040866875 0.4045794546875 0.9159945 0.40240718124999997 0.94837163125 0.40491163593749996 0.9512251031250001 0.42032342500000003 0.9424048734375001 0.42425941875 0.949007465625 0.427057825 0.958357559375 0.4251765578125 0.9824013546874999 0.425727259375 0.996198525 0.4273765 0.9962465125 0.43258408125000003 0.9492496890625001 0.43134654687499996 0.9399450125
1 0.0645594171875 0.8968907343750001 0.07180526875 0.868368696875 0.0676047109375 0.8395136046875 0.066070278125 0.808882353125 0.0575192765625 0.8151216109374999 0.0422955984375 0.7887263796874999 0.0375512546875 0.8052719359375 0.030399459375 0.816186240625 0.008126878125 0.8275874406250001 0.0052990828125 0.833993228125 0.0055607015625 0.8414157734375 0.0124626671875 0.8823987375 0.0123068890625 0.9166882749999999 0.013979057812500001 0.9232184578125 0.057706559375 0.9244907984375 0.064985653125 0.9145136046875001 0.0645594171875 0.8968907343750001
1 0.850304346875 0.9774910578125 0.85596583125 0.994339390625 0.8635460109374999 0.9979891359374999 0.8649519281250001 0.99803004375 0.8694287390625 0.9965848546875 0.8759955749999999 0.9875072625 0.88051358125 0.9774431890624999 0.8838910546875001 0.9552966625 0.888194040625 0.9465306796874999 0.8891118328125 0.9202485499999999 0.88586343125 0.89881518125 0.884126153125 0.8292496249999999 0.8785293375000001 0.8105494390624999 0.87586026875 0.7974956421875 0.8675356046875 0.7972534203125 0.8586936 0.8118260109375001 0.8555424609375001 0.8274910578125001 0.8513959109375 0.835761396875 0.8498264015625001 0.8807062718750001 0.8488022468749999 0.94593388125 0.850304346875 0.9774910578125
1 0.41034859375000005 1 0.413225003125 0.9176303640624999 0.41321509531249995 0.9176300765625 0.405212603125 0.9382747859375 0.40495393125 0.9456821937500001 0.3996569625 0.9631385359375001 0.3995305734375 0.98167219375 0.3977756953125 0.98718233125 0.390168275 0.9962296453124999 0.38002111875 0.9885194609375001 0.3727370421875 0.988307515625 0.36729955625 0.9928466125 0.367249328125 0.9942849640625001 0.3708851609375 0.9965954312499999 0.3725344984375 1 0.41034859375000005 1
1 0.0314215703125 1 0.0328061125 0.9843685921875001 0.0324092625 0.9509898421875 0.030115921875 0.935166378125 0.0189694890625 0.93484205 0.0166941234375 1 0.0314215703125 1
1 0 1 0.0826667859375 1 0.08312845156250001 0.9961515390625 0.07406905 0.9901589171875 0.0352710046875 0.9864259093750001 0 0.9863743968750001 0 1