1 1 0.873352784375 0.998288615625 0.8729350734375 0.9428975765625 0.8678097843750001 0.9193723468749999 0.8586858234375001 0.886680178125 0.8675920921875001 0.8802216328125001 0.8725788031249999 0.8813663375 0.911919771875 0.89412648125 0.923658484375 0.9183988296875001 0.9251515375 0.9318696359375 0.9218046390625 0.9464362140624999 0.922809403125 0.953441034375 0.9303952125 0.9769979609374999 0.9406084984374999 0.9818641093749999 0.9413229703124999 0.9901892359375 0.9412745359375 1 0.9376976390625 1 0.873352784375
1 1 0.0245755078125 0.947711025 0.022895682812500002 0.9159403062499999 0.0301623265625 0.9072193765625001 0.0302130640625 0.898156725 0.0388321640625 0.8982331671875 0.0414592953125 0.9148105718749999 0.057951379687500006 0.9432600062500001 0.069770465625 0.9549354546875 0.071336803125 0.9645778328124999 0.0696464421875 0.9850376093750001 0.0733406921875 0.9931699 0.0863674890625 1 0.092045746875 1 0.0245755078125
1 0.99290281875 0.5142424343750001 0.9904883390625001 0.4687061359375 0.9737716656250001 0.41840726406249995 0.9642304578124999 0.4087712109375 0.9610278343750001 0.3923141859375 0.958746678125 0.4262479265625 0.953582003125 0.4359695375 0.9491401203125 0.4330879109375 0.9483417046874999 0.42437014843750004 0.943730653125 0.41567456875 0.9360207968750001 0.41281195468750004 0.932865603125 0.41670693593749997 0.9358618999999999 0.44479503593749997 0.9338524203125 0.45062166406250004 0.9353364734375 0.46418121875 0.9327366828124999 0.47534596562500003 0.9329364218749999 0.4822105875 0.938013665625 0.500024425 0.9459875484375001 0.5494050046875001 0.9439037546875 0.5901216921875 0.9451904437499999 0.5968983 0.9567039765625 0.6181527546875001 0.967935559375 0.6297172859375 0.983223409375 0.6303249265625 0.9965471921875 0.6302474109375 0.9867449875000001 0.6208854500000001 0.9888762078125 0.6005207687499999 0.9874857031250001 0.5714541703125 0.9959837031250001 0.5452375109375 0.9917199484375001 0.529755815625 0.99290281875 0.5142424343750001
1 0.6598252609374999 0.52848245 0.6570173640625 0.5255913171875 0.6247977031249999 0.522871296875 0.618956353125 0.5093370937499999 0.6200828328125 0.4918857265625 0.6170019515625 0.46089064999999996 0.6129637578125 0.4531608921875 0.6073569265625001 0.42896460468750003 0.6001532640625 0.387332796875 0.58878201875 0.427134359375 0.584105615625 0.4349148171875 0.5750821859374999 0.4805176578125 0.5692318765625 0.4853974765625 0.5595551890625 0.48631692812500005 0.5598255359375 0.49560814375 0.5603673437500001 0.4990172359375 0.564837421875 0.5028678546875 0.57408771875 0.5212280078125 0.576689290625 0.5357502171874999 0.5750745375 0.5551427359375001 0.5780144453125 0.5812928515625 0.576887965625 0.5987442187500001 0.581442628125 0.6055018140625 0.5893408859375 0.633561396875 0.5921205859375 0.6354835375000001 0.602824646875 0.6372263140625 0.6038606484375 0.6372202875 0.608976925 0.6344163140625 0.6169481828125 0.571374778125 0.62954076875 0.554825859375 0.6396919875 0.5479827078125 0.6448002734375 0.5363231140625 0.6598252609374999 0.52848245
1 0.648266315625 0.8576993984374999 0.646310603125 0.7530419 0.6445638375 0.7491754359375 0.6350982546874999 0.76086038125 0.6337180203125 0.7695908171875 0.6269193578125 0.7793219328125 0.6205718124999999 0.804556925 0.6109934484374999 0.8123659015625 0.603903878125 0.8308211156249999 0.59871231875 0.895784790625 0.5967444453125 0.905089034375 0.597259734375 0.9227983906249999 0.6048561625 0.9946029875000001 0.6050945328124999 0.9950861796874999 0.6371274140625001 0.9948998187500001 0.647376978125 0.9769107953124999 0.643028640625 0.9585221234375 0.6342102265625 0.9362828343749999 0.6314958749999999 0.91788465625 0.6391019140624999 0.8984572796875 0.648266315625 0.8576993984374999
1 0.653675509375 0.058572646875 0.6496886046875 0.054782559375 0.6155520015625 0.047354596875 0.6021921359375 0.05451413125 0.5925656046875 0.05674915312499999 0.5740913609375 0.054677615624999995 0.563273965625 0.0492930046875 0.5525675062500001 0.0477210296875 0.5465633750000001 0.0412189078125 0.5380484703125 0.0483502546875 0.5255466609375 0.0516915140625 0.5124846468750001 0.050199440625 0.5137852609375 0.0948986359375 0.53354990625 0.09359105 0.5994572265625 0.09375236875000001 0.6379950437499999 0.085901596875 0.6417125312499999 0.0804324234375 0.6522446625 0.0760131140625 0.653675509375 0.058572646875
1 0.8820405984375 0.518339003125 0.879975828125 0.513992978125 0.8567200156249999 0.5141282765625 0.8399777296875 0.5049648546875 0.845633203125 0.49948440781250003 0.8445374265625001 0.49513274531249996 0.8367854890625 0.4951778453125 0.8311617124999999 0.5017476171874999 0.8225517171875 0.5056109906249999 0.8004075281249999 0.5106426125 0.7450481859375 0.5066066453125 0.7166621453124999 0.496966209375 0.7090369921875 0.5013686078124999 0.706288496875 0.50683214375 0.7104180343750001 0.515524190625 0.700839046875 0.5193932 0.672849209375 0.5233693234375 0.6670829265625 0.529611809375 0.6672493312500001 0.5353307546875 0.6743411859374999 0.5413375421875 0.713354446875 0.54982664375 0.7259494937500001 0.555246240625 0.738850925 0.5551711828125 0.7783878625 0.5532615703125 0.787029553125 0.5504875203124999 0.8326038859375 0.5513118859375 0.8460429921875001 0.546875665625 0.8812459359375 0.524335925 0.8820405984375 0.518339003125
1 0.7934725203124999 0.054142929687499994 0.7856888859375 0.053098703125 0.7757136984375 0.04335115625 0.7602573671874999 0.0450753421875 0.7495192109375 0.042414043750000005 0.7070261859375 0.0475640515625 0.688983753125 0.046993540625 0.6901363671875 0.0866063109375 0.701447690625 0.088997846875 0.7265257890625 0.09110183125 0.8146081109375001 0.0905893828125 0.832103165625 0.082790171875 0.8327868921875 0.0729806125 0.82864150625 0.063743903125 0.811041165625 0.058398753125 0.7984284171875 0.057927378125 0.7934725203124999 0.054142929687499994
1 0.845974115625 0.8928696875 0.834251121875 0.8896693625 0.82630900625 0.8831785140624999 0.8221319218750001 0.8728524796875 0.8022426796875 0.8887660734375 0.7839586125 0.8932304828125 0.7423553375 0.8956515406250001 0.7250878046875 0.9017443015625 0.7187732062500001 0.9096644312500001 0.71906474375 0.9196839499999999 0.7278657359375 0.9306001281249999 0.7317734031249999 0.9316669031249999 0.7609224109375 0.9342210921874999 0.79096116875 0.9340463328125 0.845383215625 0.9391772578124999 0.8560104328125 0.938025921875 0.8731494937500001 0.9419554531250001 0.8754888812500001 0.9419418437499999 0.8937328625 0.935459825 0.8929206125 0.9075446234375001 0.881079709375 0.9002920124999999 0.8780300984375 0.8954069625000001 0.8731058968750001 0.8927118390625 0.845974115625 0.8928696875
1 0.3497486875 0.0458874265625 0.335372284375 0.0514186109375 0.3330127734375 0.058655440625 0.3330558078125 0.06013440625000001 0.33776986249999996 0.0672025421875 0.3496671859375 0.076394153125 0.36040534062499996 0.079055453125 0.41072954531250006 0.0765836578125 0.412730921875 0.0787510328125 0.4233898375 0.0786890203125 0.43681044062499996 0.083410759375 0.44872327343749996 0.0833414515625 0.4470780703125 0.0267995265625 0.44239159062500005 0.0322743375 0.43282845156249994 0.0366880109375 0.4202315515625 0.036761296875 0.4113996859375 0.0329993984375 0.3497486875 0.0458874265625
1 0.42621491562499997 0 0.41889122968750003 0.0024175359375 0.4195715625 0.0257990375 0.4240429296875 0.027225515625000002 0.43336049687499995 0.0271713078125 0.4500466046875 0.021041904687499998 0.4287237046875 0 0.42621491562499997 0
1 0.40136288750000004 0.47731966249999996 0.38770190625 0.47413061250000005 0.351102075 0.48197010625000003 0.3104360953125 0.4832962046875 0.2960755390625 0.48937205156249997 0.29256776093750003 0.49474743906249996 0.29266952343749997 0.49824478125000005 0.297504125 0.5051616203125 0.3102753546875 0.5110796203125 0.3356593296875 0.5174689953125 0.3540226375 0.515727896875 0.3615354484375 0.518297228125 0.363101903125 0.5182881140625 0.4662355609375 0.5085380046875 0.508601803125 0.49903069999999994 0.538545475 0.49558796406249994 0.4478903609375 0.4775937265625 0.41391224062500004 0.475612390625 0.40136288750000004 0.47731966249999996
1 0.4749605203125 0.8650865968750001 0.468161728125 0.8645813984374999 0.440045103125 0.8642002203124999 0.432451646875 0.8696919421875 0.39194415 0.8764646609375 0.36479651875 0.8760778468750001 0.345321584375 0.872922621875 0.3346943671875 0.8740739609375 0.324178084375 0.8790379296875 0.3210251546875 0.8819685390625001 0.321111028125 0.8849198234375001 0.32841855937500003 0.8915426140625 0.3488466359375 0.8941475406249999 0.35674120625 0.8990043999999999 0.38212518281249996 0.9053937765625 0.4180729828125 0.908453165625 0.46427587656249997 0.909953390625 0.5097675640625 0.909688728125 0.5390466421875 0.9025805281249999 0.538331828125 0.878013959375 0.5188345890625 0.874092171875 0.501440275 0.8758276328125 0.48288678906250004 0.8710327828125 0.4749605203125 0.8650865968750001
1 0.267692403125 0.91727576875 0.3013218671875 0.9072745359375001 0.3362214359375 0.9076162515625 0.35278939375 0.9107883890625 0.36438208125 0.909510378125 0.3631528515625 0.86726446875 0.3525063890625 0.8677544296875 0.3438646984375 0.8705284765625001 0.3341272328125 0.868950865625 0.32716995781249997 0.8629990421875 0.3193546265625 0.8608654906250001 0.2990374859375 0.8620732015625 0.278894675 0.8692721984375 0.24787107343749998 0.868907934375 0.2170059546875 0.87399029375 0.20631534375 0.8729629796875 0.18224901875 0.8785505390624999 0.14594916093750002 0.880374909375 0.14595149999999998 0.88045530625 0.19799061406250001 0.8866302749999999 0.2118259234375 0.895810609375 0.241101715625 0.9027220968749999 0.25018715 0.9151985921874999 0.259940465625 0.9173208687500001 0.267692403125 0.91727576875
1 0.3127638421875 0.5152239625 0.299293040625 0.518570859375 0.2826775390625 0.513764734375 0.2766922125 0.5031631859375 0.2759624609375 0.50316743125 0.26793663125 0.5067686859375 0.2611536828125 0.506808146875 0.2554982109375 0.5122885953125 0.2362609984375 0.5173033046875 0.218866684375 0.5190387671875001 0.19305255 0.5311735468750001 0.1747684828125 0.5356379578125 0.1680964734375 0.5394900546875 0.1633782953125 0.543875540625 0.1683975859375 0.5498386390625 0.1839807015625 0.5524717531250001 0.2451064546875 0.55483990625 0.27409698125 0.5519474718749999 0.285808259375 0.5546813796875 0.290565603125 0.5546537015624999 0.3041515890625 0.552317371875 0.325485265625 0.5527380109375 0.3494723515625 0.5444271406250001 0.35376263125 0.5253357734375 0.338974178125 0.5167057374999999 0.3127638421875 0.5152239625
1 0.19713762031249998 0 0.19420011718750002 0.046988784374999995 0.1959289609375 0.0876832921875 0.20258795937500002 0.12931826875000002 0.20301088125 0.14385315468749998 0.20879584218749997 0.15544937187500002 0.21423822499999998 0.1597183421875 0.2163419765625 0.159706103125 0.23000947656249998 0.1543567984375 0.2371554390625 0.13783956875 0.237418153125 0.1281464765625 0.23446928281249999 0.12041038281250001 0.23342607499999998 0.08455766875000001 0.23733225624999998 0.06902844375 0.237078503125 0.06030751250000001 0.23335941249999997 0.044822650000000006 0.23469221875000001 0.0157402078125 0.23361957812499998 0 0.19713762031249998 0
1 0.0709216390625 0.548461528125 0.08933249062500001 0.548354415625 0.14904550625 0.5354776625000001 0.15668650625 0.531619928125 0.16642397343749998 0.5331975390625 0.2167006328125 0.5290917562499999 0.215684096875 0.5274634078125 0.20111751875 0.5264586453125 0.175955415625 0.5276945421875 0.1661704046875 0.5244829421875 0.15926067500000002 0.52016510625 0.1684910046875 0.5043135249999999 0.1655047859375 0.501607125 0.131621753125 0.502893759375 0.1257761046875 0.501838259375 0.11588015781250001 0.494814025 0.109065515625 0.49376416093750003 0.0761673234375 0.495589821875 0.0577089265625 0.4940629453125 0.031847248437499996 0.504563740625 0.01637506875 0.5057432640624999 0.0146910328125 0.5048980328125 0.015799798437500002 0.5430038359375 0.031971771875 0.5421510765625001 0.0709216390625 0.548461528125
1 0.10262454843749999 0.8832553031250001 0.0952056 0.8716685906249999 0.0903407953125 0.8542520796874999 0.07424571875 0.8814820937500001 0.0653337578125 0.8747498484375 0.0635408765625 0.9067424359375 0.059898525 0.93069543125 0.0602245140625 0.94189894375 0.0663782765625 0.96681361875 0.0658246546875 0.9852308078125 0.0750417578125 0.9981699374999999 0.11854054375 0.99791686875 0.120948325 0.9887867343750001 0.12099444374999999 0.9529276828125001 0.12846846875 0.9102413234375 0.1287875734375 0.9024862171875 0.1258668984375 0.895719115625 0.10262454843749999 0.8832553031250001
1 0.12853768906250002 0.1008318828125 0.1329230140625 0.10080636875 0.13188624531249998 0.0651749453125 0.0755866484375 0.062132273437499996 0.05220405 0.05791027343750001 0.026041259374999997 0.058062484375 0.0164781203125 0.062476156250000005 0.0018702953125000002 0.06427789218749999 0.0028417890625 0.097665975 0.02627671875 0.09946245625 0.12853768906250002 0.1008318828125