1 1 0.078343025 0.95605515625 0.0775759640625 0.9534514734374999 0.0787123265625 0.9474099515625 0.0857658375 0.9337964218750001 0.08655092187499999 0.92090295 0.0832577375 0.8982057875 0.0843956203125 0.8868904734375 0.0954479140625 0.8757798187500001 0.099056653125 0.8769169124999999 0.123470515625 0.895196425 0.13701262187500002 0.92654319375 0.14574145624999998 0.9479959046875001 0.13742288593750002 0.9996701109374999 0.133211315625 1 0.1331331546875 1 0.0819731890625 0.99908415625 0.0815542671875 1 0.0795890125 1 0.078343025
1 1 0.4621565078125 0.9799692796875 0.4591768078125 0.9604338953125 0.45390875625 0.958991446875 0.453883578125 0.946200140625 0.4570533 0.9334020109375001 0.4558072 0.9280328734375001 0.45775889999999997 0.9015258718749999 0.45525080000000007 0.898025903125 0.458257834375 0.9010918484375001 0.4654703171875 0.9094792578125 0.46970755625000005 0.917699815625 0.47036240156250003 0.9206227468750001 0.4745042578125 0.9117536375 0.4794629953125 0.8811207328125 0.48189004999999996 0.8811341984375 0.482179165625 0.8956223921875001 0.4848063234375 0.9051350749999999 0.493665396875 0.95316131875 0.5088216296875 0.996014090625 0.5105923359375 1 0.510240225 1 0.4621565078125
1 0.6273650046875 0.4462461765625 0.585012790625 0.455222653125 0.577941340625 0.4597014125 0.5418090140625 0.47062088125 0.5418233359375 0.47092834687499996 0.5805732609375001 0.4771334109375 0.60355645625 0.4821367796875 0.611009284375 0.4858463515625 0.640248525 0.48840214375 0.6565704609374999 0.48715297812499997 0.6695592765625 0.4924932453125 0.673697846875 0.522735409375 0.67654926875 0.5253419546875 0.6831678328125 0.5111395515625 0.6938584328124999 0.506212609375 0.699780775 0.49660024687500004 0.714691403125 0.484588 0.773460896875 0.4764094421875 0.775954775 0.47133942656250005 0.7736327234375 0.4605604453125 0.7716920515625 0.4579698 0.7449705234375 0.4508557609375 0.73840460625 0.4466503171875 0.7220826734375 0.4478994796875 0.6973971640625 0.445423175 0.6792775734375 0.4471523125 0.665521025 0.44486677500000005 0.6478354578125 0.43637639687499996 0.6445214015625 0.43278218593749995 0.63200193125 0.43256365781249995 0.631656540625 0.440696184375 0.6273650046875 0.4462461765625
1 0.598562103125 0.116350215625 0.5815916203125 0.1232129609375 0.5747346953125 0.13229765468750002 0.5513651484375 0.13853735 0.5425675484375 0.145031396875 0.5344423359375 0.146423634375 0.5240045062500001 0.15539140468749998 0.5240083109375 0.155473103125 0.5276569203125 0.15704364375 0.625969903125 0.15773699375 0.663768384375 0.148681028125 0.681625778125 0.1413224109375 0.6990253125 0.143671540625 0.7203300296874999 0.15171373593749998 0.737801071875 0.1555981765625 0.7634738109375 0.1401943 0.768067271875 0.1411267375 0.7671974875 0.122452125 0.7523114640624999 0.11545443749999999 0.6798715015625 0.10866344375 0.6693743296875 0.1084802140625 0.659272271875 0.1107623046875 0.598562103125 0.116350215625
1 0.5757813328125 0.9318583515625001 0.6236667640625 0.9375935265625 0.6363457109375 0.9362807734375 0.6483284375 0.9395580609374999 0.6568350265625 0.9463541546875 0.662013475 0.9403082890625001 0.6719601828124999 0.9389478453125 0.6817400359375 0.9340050078125 0.69894888125 0.9322599687500001 0.70815169375 0.9344660250000001 0.72121201875 0.9413416031249999 0.7527544500000001 0.9347332125 0.7562305859375 0.93121440625 0.7536463359375001 0.9148059484375001 0.7434374328125 0.9105369156249999 0.739556084375 0.90535561875 0.70279250625 0.8975549421875 0.640885559375 0.8969857078125001 0.605162509375 0.89421916875 0.5870699625 0.8939033625 0.574210565625 0.8981333359375 0.5757813328125 0.9318583515625001
1 0.7893167390625 0.4003056328125 0.7858164359375001 0.4129846234375 0.7888336578125 0.4558075921875 0.786656571875 0.46395964687499996 0.7868144734375 0.5018307515625 0.7873438796875 0.513197303125 0.7930810203124999 0.5250422140625 0.8029661000000001 0.5616150156249999 0.810512659375 0.5699367984375 0.813540865625 0.56907965 0.819896953125 0.56282055 0.8222492062500001 0.5364714234375 0.8254074140625001 0.5274264859375 0.8337654203125 0.5312124015624999 0.838755871875 0.528569490625 0.8425106875000001 0.52135498125 0.832068671875 0.49478252968750003 0.8255566390625001 0.44279849687499995 0.8291869453125 0.4219317171875 0.8323875718749999 0.4137975265625 0.8382743078124999 0.40844024218749997 0.8379349578124999 0.40115426718749997 0.8337983734375 0.40017205625 0.8289351796875 0.4055472078125 0.8195139578124999 0.38991264999999997 0.818495909375 0.3680547265625 0.8163607015625001 0.3670875453125 0.8088520593749999 0.36695648125 0.8087298468749999 0.366974253125 0.7893167390625 0.4003056328125
1 0.7948046062499999 0.8992573203124999 0.7861261875000001 0.908310221875 0.778887884375 0.9092065874999999 0.7745010031249999 0.9127094953125001 0.76268513125 0.9130146046875 0.7465300484374999 0.9178461625000001 0.74404966875 0.9244623828125 0.7445459203125 0.9351170859375 0.744632071875 0.935710446875 0.7650737140625 0.9447602859374999 0.8224746015625 0.9462735765625 0.867821253125 0.9429742687499999 0.9165010203125 0.9330855296875 0.9253939640625 0.9286385640624999 0.9243275921875 0.9057431171875001 0.900546578125 0.903148471875 0.85963448125 0.9039684125 0.8268405015625 0.8996498031250001 0.816032921875 0.8994611562499999 0.8094480609374999 0.9010469875 0.7948046062499999 0.8992573203124999
1 0.7918161390625 0.08569529218750001 0.78103019375 0.08857515 0.7555292828125 0.0881300296875 0.7510947296875 0.0906093984375 0.7485770140625 0.09516764375 0.7264757546875 0.1090997953125 0.726405615625 0.10987451875000001 0.72673195 0.11688104375 0.7336375734375 0.126099509375 0.7576983687500001 0.134701165625 0.77481186875 0.130909046875 0.7848777546875 0.13210745625 0.835641215625 0.1278799890625 0.8638743671875 0.1283728 0.8910775921875 0.1262908625 0.89467290625 0.1253309078125 0.90323214375 0.113719153125 0.9019638546875001 0.1060266953125 0.8952310875 0.0982388546875 0.878575446875 0.092323228125 0.8393179890625 0.0895925671875 0.8218231109374999 0.08519635625000001 0.8043359593750001 0.0718052359375 0.8014337453125 0.071754578125 0.7988160796875 0.0796812203125 0.7918161390625 0.08569529218750001
1 0.5167168109375 1 0.5138309296875 0.9501715015625001 0.50863113125 0.9373406484375 0.5081645265625 0.927322434375 0.50603260625 0.9254652078125 0.505873915625 0.87814210625 0.50284845625 0.868079225 0.493639328125 0.856998403125 0.4875487859375 0.853135471875 0.48406843125 0.8530747218749999 0.4787131390625 0.854917853125 0.47423171406250003 0.8684897250000001 0.46517578593750003 0.9265720625 0.4691399484375 0.9348313140625001 0.4696913921875 0.9466710234375 0.46602141250000007 0.9557070265625001 0.46111579999999996 0.96017143125 0.4493382265625 0.9657328640625 0.44999999375 0.9799412656250001 0.45147149999999997 0.9836632562500001 0.46780299843749995 0.9939583937500001 0.47099347812500003 1 0.5167168109375 1
1 0.5098180390625 0.9569697875 0.5301197234374999 0.9644590640624999 0.54088183125 0.9610674343750001 0.5464178203125 0.9626981296875 0.548983209375 0.9591634265625 0.54668499375 0.9488962187500001 0.5417737171875 0.9411401703125 0.533068559375 0.9382364265625001 0.5275832968749999 0.9381406812499999 0.5098137140625 0.9568769203124999 0.5098180390625 0.9569697875
1 0.47634814375 0.472828059375 0.4445673515625 0.4743187421875 0.3616119140625 0.49006332031250005 0.3616257078125 0.49035948281249997 0.3890544921875 0.49380394687500007 0.42953256562500003 0.503203525 0.5269141859375 0.51347451875 0.5286399515625 0.5135046421875 0.5354652296875 0.5111888421875 0.5528409265625001 0.5130262 0.5762343109375 0.5072982781250001 0.587811821875 0.5018754624999999 0.592894925 0.4937825125 0.588031321875 0.48705000781249996 0.5741079234375001 0.48118207343749997 0.535808884375 0.4794908515625 0.5043123031250001 0.4724880296875 0.4979660671875 0.47237725468749997 0.4882593609375 0.47457003281250004 0.47634814375 0.472828059375
1 0.4107011 0.1004976125 0.387307715625 0.106225534375 0.380236265625 0.11070429374999999 0.3612297640625 0.11292930625 0.3537488359375 0.12011851250000001 0.3537808609375 0.1208061171875 0.35813500625 0.124636446875 0.368367746875 0.1294172515625 0.378433634375 0.130615659375 0.3965055546875 0.1278629796875 0.42198262968750005 0.12779632968750002 0.46052002812500004 0.1346052578125 0.46804436406249994 0.139850140625 0.49443218437500003 0.1397993875 0.5007835765624999 0.1393988984375 0.5078073546875 0.133896596875 0.52489701875 0.12959270625 0.54136196875 0.131414165625 0.5657137718749999 0.12672568281250002 0.571922146875 0.12325456718750001 0.5714787953125 0.11373563125 0.5638495812500001 0.10623895624999999 0.525274925 0.096597571875 0.518096190625 0.0964722671875 0.44425571562500005 0.09801518125 0.4107011 0.1004976125
1 0.22866593750000003 0.0940527234375 0.219629978125 0.0954290625 0.21131407656249998 0.09272713437499999 0.1985397859375 0.0919928046875 0.19008683125 0.0923333421875 0.1918636765625 0.1304829515625 0.214107875 0.13317291874999998 0.22944755468750003 0.1303725453125 0.262210603125 0.1304330734375 0.294515790625 0.14020134687500002 0.301801765625 0.1403285234375 0.31081389062500003 0.1384404125 0.31846238125 0.126812759375 0.345474915625 0.120636653125 0.3578201578125 0.11215911249999999 0.4067144515625 0.10687630937499999 0.37203456562500004 0.10473690625000001 0.349027534375 0.09922176875 0.339056990625 0.10007044218750001 0.30969856875 0.094955796875 0.28057850625 0.09495885937500001 0.26375285000000004 0.088910228125 0.23523611406249997 0.088412465625 0.23477896875 0.088534525 0.22866593750000003 0.0940527234375
1 0.24856756562500001 0.45265246875000004 0.2660624453125 0.45704867968749996 0.291177003125 0.468736859375 0.307641953125 0.4705583203125 0.3260714140625 0.4754821984375 0.33177425625 0.48069528906250003 0.33814948437500003 0.4808065703125 0.3465130578125 0.4845320390625 0.3515008171875 0.47439200625 0.36676898750000003 0.470056321875 0.3796624609375 0.47334950625000005 0.404181115625 0.4722434171875 0.417460940625 0.4642935421875 0.41207294218749996 0.44630208125 0.3889467296875 0.43822809218750003 0.3689341359375 0.438390125 0.3533322609375 0.4355610203125 0.340724821875 0.4384090859375 0.3132832375 0.435373315625 0.25602536875 0.43693065000000003 0.24157259999999997 0.43923515 0.2377017890625 0.44424104062499997 0.23774618906249997 0.44519431093749995 0.2420254859375 0.44895879375 0.24856756562500001 0.45265246875000004
1 0.22117546875 0.8938997875 0.222372796875 0.9196069109374999 0.2859797859375 0.9231927640625001 0.313206846875 0.9216225953125001 0.32792181249999997 0.924947575 0.336118534375 0.9250906499999999 0.35049979375 0.9212508390625 0.3841974265625 0.9218390328125 0.3916025828125 0.9245250625000001 0.40068621406249993 0.9241722640625 0.415835203125 0.9172777249999999 0.420632271875 0.903043528125 0.41581634218749997 0.8973345640625 0.4046490203125 0.892026090625 0.39098781875 0.8917876343750001 0.356859096875 0.8867625578125 0.30030803437500003 0.8857754546875001 0.2298809765625 0.8910209218749999 0.22117546875 0.8938997875
1 0.0380838484375 0.4440287234375 0.0358283296875 0.45421644531250005 0.054710676562500005 0.46886397031250004 0.071437825 0.4763149078125 0.081117359375 0.48875637968749996 0.1024508890625 0.4778789546875 0.11707051093750001 0.47915684843750006 0.1421135609375 0.48930971406249996 0.159346240625 0.48807645 0.19038314218750002 0.4901522625 0.196710696875 0.48924000312500004 0.20550829531249998 0.48274595312499996 0.21092510468749998 0.48181779531249996 0.2428489140625 0.4833977359375 0.245461975 0.4808865765625 0.23566325937500002 0.465886253125 0.24184779843749998 0.461903365625 0.25081224999999996 0.458991715625 0.2745393390625 0.46042858124999997 0.28815286875 0.45964349843749996 0.2889921078125 0.45812408125 0.2414664203125 0.45371503437499994 0.2324304609375 0.455091378125 0.22497763437499999 0.45138180468750005 0.1679631 0.43862545468749997 0.1506589109375 0.43832340781249995 0.11451507187500001 0.4438287703125 0.0926094765625 0.442423696875 0.074472934375 0.43688302031250004 0.0632589578125 0.4366872796875 0.047000628125 0.4400935296875 0.0380838484375 0.4440287234375
1 0.0918945375 0.052348281249999996 0.07123339375 0.058123896875000004 0.0698473296875 0.05828038437500001 0.07136910937499999 0.0909536015625 0.0800925515625 0.092027940625 0.097944971875 0.1041007125 0.1152014875 0.10337921875 0.1437206734375 0.11001327812499999 0.1717154640625 0.10538838125000001 0.2016509265625 0.103354134375 0.194894321875 0.09505452187499999 0.2196563125 0.07963475 0.20307218124999998 0.0752544359375 0.1918333515625 0.06841065156250001 0.178992525 0.046709617187500004 0.17535490781250002 0.045214034375 0.16226055 0.0449854703125 0.12554449843749999 0.051912934375 0.0918945375 0.052348281249999996
1 0.17707103125 1 0.18390233281249999 0.986874328125 0.185740065625 0.9714362937500001 0.18987939843749999 0.961498478125 0.1828693234375 0.8549053671875001 0.178868234375 0.8238953125 0.17196345 0.8073946734374999 0.1639678390625 0.8037729125 0.163168996875 0.8037589687500001 0.1585725734375 0.805340921875 0.1528555109375 0.8143411921875 0.1492279515625 0.8242879453124999 0.1476871453125 0.8461012046875 0.1443884671875 0.8542230156249999 0.1456796859375 0.8819460140625001 0.1502746875 0.901656759375 0.1575502578125 0.9700342328125 0.16453988125000002 0.9883563656250001 0.16787225781249998 1 0.17707103125 1
1 0.028435689062500002 0.4756727703125 0.032235671875 0.458448978125 0.030875524999999997 0.44022510937500003 0.032156325 0.43478742812500004 0.038896928125 0.4258050203125 0.0494716921875 0.4332696546875 0.0566364828125 0.4333947171875 0.06252321875 0.42803743125000004 0.0577900265625 0.42522479375 0.0494347671875 0.41051885156249995 0.035662121875 0.400268378125 0.0333605265625 0.39476816718749996 0.0331511796875 0.37929440312499996 0.0184578203125 0.36277658437500004 0.0246823234375 0.4964191515625 0.0287750390625 0.4829587453125 0.028435689062500002 0.4756727703125
1 0.076062653125 0.0682487703125 0.06575840625 0.061932653125 0.0384223828125 0.05999739375 0.002765434375 0.059375 0.0033816328125000003 0.0726050203125 0.0752703015625 0.0738598421875 0.076062653125 0.0682487703125
1 0.07578293124999999 0.067732534375 0.0664132671875 0.061944084375 0.0445308453125 0.060104017187500004 0.002765434375 0.059375 0.0033816328125000003 0.0726050203125 0.0755485375 0.0738646984375 0.07578293124999999 0.067732534375