1 0 0.1136692328125 0.013717621874999999 0.11790765624999999 0.063958903125 0.12554594218749998 0.0847414171875 0.135144034375 0.115348278125 0.12873966875 0.134294071875 0.1160676890625 0.13561975937499998 0.0933065078125 0.12390810156250001 0.088645734375 0.113022675 0.0770637 0.0909467453125 0.0744051734375 0.078361015625 0.0767487328125 0.065121271875 0.07505381875 0.0593224875 0.0677425640625 0.0385981 0.05714646875 0.03686545625 0.056786465625000004 0.0254059015625 0.0561858953125 0.011740784375 0.0602436609375 0.0148799953125 0.0674155328125 0.0103311140625 0.0691792359375 0 0.06815040156249999 0 0.1136692328125
1 0 0.9417288218750001 0.0060625875 0.9420465484375 0.012297325000000001 0.9418727734375001 0.01367793125 0.9334362 0.020377684375 0.9252783921875001 0.031989698437500005 0.9243853765625 0.050461403125000005 0.9278560640625001 0.077526553125 0.9292744875000001 0.0787324703125 0.90856968125 0.0456070984375 0.8890612234375 0.040752965625 0.8807984265625001 0.0311465078125 0.877792346875 0.007239404687500001 0.8760389046875 0.0003215859375 0.87267320625 0 0.8726440578125001 0 0.9417288218750001
1 0 0.48572585312500005 0.0040311109375000004 0.48491778906249994 0.0495926390625 0.48129926718749994 0.0866523 0.48624463125000006 0.0929161 0.485571853125 0.11300091875 0.47661395000000006 0.12422048593749999 0.467191440625 0.1255694734375 0.45422607656249997 0.1263355109375 0.4410737328125 0.1172589875 0.4493082234375 0.09878728437499999 0.4458375375 0.072162475 0.444942715625 0.0487203859375 0.4352052390625 0.03433254375 0.4379548796875 0.0202353375 0.4357145015625 0 0.43513949375000005 0 0.48572585312500005
1 0.2852012234375 0.44049161718749996 0.2693309671875 0.43815831562499996 0.262892784375 0.44182510468749997 0.23680573906250002 0.44696476875 0.2348873703125 0.44936685781249996 0.2325039859375 0.45975297656249997 0.23487292499999998 0.4648823796875 0.29197389375 0.47688436718749994 0.3063472921875 0.48965025000000006 0.31200075781250003 0.4994565140625 0.3223484203125 0.5050040640625 0.3286268375 0.519347803125 0.33143173125000003 0.5169921765625001 0.3358060546875 0.4876904421875 0.3485080375 0.4833508734375 0.36437829375 0.48568417343750003 0.39286334375 0.48517490937499996 0.40015898749999995 0.482053584375 0.4225836796875 0.478724084375 0.45973479531250006 0.4753499609375 0.45976902812500003 0.47476220312499995 0.425344890625 0.4618509390625 0.4185142625 0.45698823437499997 0.3773998046875 0.445323540625 0.3732868796875 0.4396022125 0.3729998 0.43017267031250006 0.3683725859375 0.4299301671875 0.3613696125 0.430468728125 0.3575910046875 0.43427490156250004 0.340282015625 0.44137617812499996 0.32686788906249997 0.44267527500000003 0.309253646875 0.4397500515625 0.2852012234375 0.44049161718749996
1 0.3017243125 0.1443705234375 0.3181613953125 0.1522393078125 0.3771807328125 0.16183920624999998 0.3894177 0.16548366875 0.4677806453125 0.16358419531249999 0.48134386874999996 0.1581544625 0.482420115625 0.13967600625 0.4789274703125 0.14014316875 0.45411921875 0.12332674218749999 0.43707180156250003 0.125937003125 0.41624577812499997 0.132353434375 0.399285553125 0.1334666875 0.38199100937499997 0.125052440625 0.3456187953125 0.1137165453125 0.247006203125 0.1085484796875 0.24598933125000003 0.1089154421875 0.256104484375 0.1184550078125 0.2639960171875 0.1203701609375 0.2724834390625 0.12732179375 0.295155259375 0.1350168015625 0.3017243125 0.1443705234375
1 0.23238239374999997 0.921170809375 0.2495746765625 0.9313408015625001 0.27390329062499996 0.9411247390625 0.32372306093750003 0.9407325328124999 0.38397768593750004 0.94439086875 0.41984556875 0.939263271875 0.423682303125 0.9344590953124999 0.43366658437499994 0.9309781484374999 0.43533567812499996 0.9211756015624999 0.43573034843749997 0.9143993828125 0.4330270140625 0.9114241484375001 0.402405534375 0.9028119921875 0.38961636093749996 0.9086485671875 0.380634859375 0.9101799671874999 0.36390714062499996 0.9073012046875 0.3544460046875 0.901800115625 0.344781421875 0.899792040625 0.3401313515625 0.8939291140625001 0.339313925 0.8938862750000001 0.33145448593750004 0.8995941296875 0.31975528125 0.901984153125 0.307431125 0.8998366953125 0.2441100375 0.9030250046875 0.23334284843750003 0.9046804406250001 0.23238239374999997 0.921170809375
1 0.140185415625 0.4284477015625 0.1372352078125 0.43329834062500006 0.140316290625 0.44146821562499994 0.13124759531250002 0.44449662187500005 0.10533493125 0.4466422703125 0.0987514328125 0.45280407343749995 0.097690525 0.4557516234375 0.1052623578125 0.4631558 0.14025833593749998 0.4729982640625 0.152349984375 0.47913773437499996 0.1994520546875 0.47960415 0.20757609531250001 0.47752728906249997 0.2491846359375 0.4807089484375 0.261828490625 0.4773673828125 0.2945369765625 0.45933550468749995 0.2951342140625 0.44908135312499997 0.274210603125 0.4479847921875 0.2596337609375 0.43871192499999995 0.26524354375 0.43400067187499997 0.26471986875 0.4307670359375 0.2567442765625 0.43034905312499994 0.25182941875 0.4352997671875 0.24364724999999998 0.438374634375 0.22299560624999998 0.441797053125 0.17269620000000002 0.435156771875 0.147510125 0.424827371875 0.140185415625 0.4284477015625
1 0.222187984375 0.89059356875 0.20791639687500002 0.891347203125 0.19830994375 0.888341125 0.15904127968749998 0.8907878671875 0.119234853125 0.887200125 0.0693226484375 0.8891793234375 0.06880221875 0.8981147671875 0.077553740625 0.900531990625 0.10336476718750001 0.9153988671875 0.1506267734375 0.9283867921875 0.19472050624999998 0.9347018500000001 0.250600634375 0.9371298765624999 0.270270590625 0.92979123125 0.2709698765625 0.9177849468750001 0.26895590937499997 0.912064528125 0.25328909843749997 0.9062382140624999 0.2417933390625 0.9051352218750001 0.23756415937500003 0.9014099046874999 0.2305300890625 0.9000402125000001 0.222187984375 0.89059356875
1 0.14170666875 0.10745458593749999 0.16652936406250002 0.10875548906250002 0.17699328125 0.11230703125 0.183736715625 0.118666740625 0.18673060625 0.128333621875 0.206190471875 0.114838240625 0.223266953125 0.1117289796875 0.261503775 0.11173078593750001 0.27778091875 0.10707805937499999 0.284422546875 0.0999182546875 0.285745025 0.0924796859375 0.2775482375 0.08053803125 0.274060265625 0.079354184375 0.24760984062500002 0.07546535 0.22012756875 0.074025065625 0.170772815625 0.066433240625 0.16096291406250002 0.0669201765625 0.1459036671875 0.062500915625 0.1432528203125 0.062361990624999995 0.12083678906249999 0.06882145625 0.113163321875 0.0784298109375 0.11367201874999999 0.08496329531249999 0.13502135937499998 0.100096871875 0.1374193625 0.10472727343749999 0.14170666875 0.10745458593749999
1 0.44183209687499997 0.933941790625 0.4282435875 0.9382348984375 0.4251480609375 0.9455805453125 0.42917379375 0.9527988781250001 0.43931801249999997 0.9618394406249999 0.4489244671875 0.9648455203124999 0.4951400125 0.965265471875 0.49679680781249996 0.967354403125 0.5065485796875 0.9678654718749999 0.51869835625 0.9730069421875 0.6012749890625 0.978277084375 0.6029504718750001 0.9495101703125 0.5648700468750001 0.9283773312499999 0.55601924375 0.9123972 0.5492126875000001 0.9095884109375 0.5392935484375 0.9090685703125001 0.5323592625 0.9216682640625 0.5276360046875 0.926425978125 0.518538246875 0.9299533859375 0.5070134234375 0.9293493953124999 0.49923814687499996 0.9254382343750001 0.44183209687499997 0.933941790625
1 0.4779331765625 0.9613297015625 0.47674597656250006 0.955932096875 0.4791125734375 0.949915665625 0.479616765625 0.9412589953125 0.47514812968750003 0.926081353125 0.4745050984375 0.9260476546874999 0.45391249218749996 0.9440646750000001 0.45718162968750004 0.956685234375 0.464408490625 0.9615101328125 0.4734210421875 0.9636053062500001 0.47449805625 0.96366175 0.4779331765625 0.9613297015625
1 0.4263789796875 0.5075850078124999 0.4490798609375 0.5147810140625 0.4660110234375 0.5141667625 0.4729579046875 0.5170334578125 0.5691966671875 0.513568190625 0.6086978390625 0.5071294328125 0.6350715890624999 0.5056477765625 0.6350949578125 0.5052465609375 0.5548958421875 0.4842887828125 0.5239837281249999 0.4806666453125 0.5123717140624999 0.48155966093749997 0.5051735500000001 0.47941587500000005 0.49411795312500006 0.47883647656250006 0.46603991406249995 0.483135715625 0.4287477453125 0.4821823671875 0.415130175 0.4869744765625 0.4103197234375 0.49322920000000003 0.4151738546875 0.5014919953125 0.4263789796875 0.5075850078124999
1 0.4403994 0.12074419218750002 0.4357342671875 0.12450390468750001 0.44327703749999997 0.1324070828125 0.46174873906249997 0.13587776875 0.46857936718750004 0.1407404734375 0.49128025 0.147936478125 0.5239072874999999 0.152649540625 0.601747090625 0.1597321015625 0.6403908015625001 0.1527478796875 0.646547365625 0.1471624625 0.6472053234375 0.13586574375 0.64243986875 0.1328342609375 0.6187943328125 0.1265897984375 0.602749696875 0.1272505109375 0.586167296875 0.12187673750000001 0.5800695921875 0.116599975 0.5452522953125001 0.11477527812499999 0.540155196875 0.11796376875 0.5025723921874999 0.122000440625 0.47777875937500003 0.1202005375 0.46022264531249996 0.11627730781250001 0.45041274218750005 0.11676424375000001 0.4403994 0.12074419218750002
1 0.59705739375 0.1285331375 0.6445809734375 0.13703004531250002 0.6564982390625 0.1461635296875 0.6827161578125 0.1540443796875 0.6900264203125 0.165939571875 0.6987754140625 0.16840018750000002 0.7058676140625 0.168771875 0.7374191265625 0.161415965625 0.76930495625 0.16358755625000002 0.784201496875 0.167371403125 0.8068670812500001 0.166203775 0.809024353125 0.1291648359375 0.7998244515625 0.12814815468750002 0.787384040625 0.12799670624999998 0.7792600000000001 0.13007356875 0.77048194375 0.1281119546875 0.76459596875 0.1222977078125 0.7620561718750001 0.12143567968749999 0.7381504734375001 0.12018283437499999 0.7199500265625 0.1254636890625 0.691610296875 0.1234779421875 0.66297993125 0.1264822140625 0.653286284375 0.124973140625 0.630832528125 0.128801640625 0.59705739375 0.1285331375
1 0.6492653374999999 0.46771555937500003 0.6489038984375 0.47392123281250004 0.6535841140625 0.4795018953125 0.657042446875 0.497467759375 0.6576100375 0.5135036609375 0.6671939578125 0.538015165625 0.6702049265625 0.55506835 0.6733364984375 0.561457084375 0.6770703453125 0.5660989203125 0.6828175375 0.561953965625 0.68613869375 0.5479003265625 0.6891851171875001 0.5183685546875 0.691442046875 0.47961856875000003 0.690940675 0.46545351718749994 0.6925823015625 0.46004113750000003 0.6935740218750001 0.443013959375 0.6930403359375 0.43799739843749996 0.694675290625 0.4185200046875 0.6884811156249999 0.395964609375 0.6725647296874999 0.3910177734375 0.6710552546875 0.390938665625 0.6625156718749999 0.4034961265625 0.65962454375 0.42735384375 0.661895675 0.4399221 0.6565268765625001 0.45475765625 0.64623703125 0.459553775 0.6492653374999999 0.46771555937500003
1 0.6981035765625 0.909873290625 0.690124853125 0.90945514375 0.6757660750000001 0.9117057828125 0.649286584375 0.9083159515625001 0.5853114796875001 0.9074657828125 0.560657153125 0.9032741124999999 0.5595705734374999 0.9219299609375 0.5943222171875 0.935967425 0.67352955625 0.9474489703125 0.6886546296875 0.9482416406249999 0.7127096546875 0.9491792 0.75112085625 0.9461869937499999 0.7644187296875 0.9468839062500001 0.7753476625 0.942451415625 0.7791400953125 0.93825646875 0.7793416453125 0.93479600625 0.7755946171875 0.9229438765625 0.7609305843749999 0.9151680140625 0.7520944 0.9142044046875 0.7448568828125001 0.9163277296875 0.712055465625 0.9146086796875 0.6981035765625 0.909873290625
1 0.8063458109375 0.4818945296875 0.8053647609375 0.4987385015625 0.813640484375 0.5543045265625001 0.816720425 0.561579784375 0.8147070765625 0.5703665796874999 0.8155151140625 0.6166489312500001 0.817063753125 0.6158408609375 0.8188362703125 0.602595290625 0.81918075625 0.5794933421875 0.8226911078124999 0.5707850046875 0.8270445656250001 0.56478854375 0.84099928125 0.5744121875 0.8436491921875 0.571883371875 0.8444583859374999 0.5408027 0.8457661953125 0.5355358531250001 0.8527695625 0.527010575 0.85412900625 0.5208572046875 0.8543875625 0.49063690624999995 0.8568656171875 0.47387138906250004 0.848778703125 0.44943833906249997 0.8486068453125 0.4352016390625 0.8608241109374999 0.41450037812499996 0.8493644046875 0.40500749062499997 0.8433077921875001 0.3886839234375 0.8309911265625001 0.3711097 0.8271167953124999 0.37090665624999997 0.820233478125 0.372357725 0.81572511875 0.3810137609375 0.8094442453124999 0.4029153640625 0.814640415625 0.42541845624999997 0.8143992000000001 0.44674735468750004 0.8063458109375 0.4818945296875
1 0.81991798125 0.1506059171875 0.8402048203125 0.1632291078125 0.846072234375 0.17420737343749998 0.8491348375 0.1903740359375 0.8660496546875001 0.16636204062499999 0.8736722484375001 0.1729861390625 0.8778711859375001 0.143861578125 0.8830840015625 0.122331665625 0.8836975046875001 0.1117982203125 0.8800745031250001 0.0888447359375 0.88205355625 0.0720530671875 0.871557559375 0.054607609375 0.8712033578125 0.047225103125 0.8390834109374999 0.0455417671875 0.8390365 0.04578940625 0.831860890625 0.0658656578125 0.8289524234375 0.0986147734375 0.8186964859374999 0.13720343906250002 0.8177844109375 0.144269484375 0.81991798125 0.1506059171875
1 0.7203403484375 0.933442928125 0.73594903125 0.9402672484375 0.7659455578125 0.944341925 0.8695527078125 0.9517738453125 0.8795660515625 0.9477938968749999 0.8947822921874999 0.9460887203125001 0.9140096484375 0.9365853546875 0.9235514390624999 0.9344352484374999 0.923612928125 0.9333795281249999 0.9205350203125 0.9314215578124999 0.9098967234374999 0.930864028125 0.89765975625 0.927219565625 0.8802780234375 0.920302325 0.8140211703125001 0.91282575 0.795812228125 0.9084067203125 0.7678152265625 0.906939459375 0.7599431562500001 0.9099916406249999 0.73852124375 0.91137159375 0.7285369609375001 0.914852540625 0.71932295 0.9203759546875 0.7172592640625 0.9252730546875 0.7203403484375 0.933442928125
1 0.8587808203125 0.47081684375000005 0.876467809375 0.487760584375 0.8915677953125 0.48805141250000006 0.8967706874999999 0.4903261875 0.9057668078125 0.503811309375 0.919515253125 0.512039709375 0.9219132562500001 0.5166701109375 0.9275811656249999 0.5109608515625 0.92798805625 0.5039748234375 0.9214771296875 0.49362309687500006 0.93074926875 0.487101678125 0.9361556078125 0.48588343749999996 0.9538570406250001 0.487311653125 0.970962584375 0.4837033921875 0.9748679703124999 0.483908065625 0.975519584375 0.47272027968749997 0.858346925 0.46657952031249994 0.8587808203125 0.47081684375000005
1 0.9326331859374999 0.1055707265625 0.92253265 0.11104768281249999 0.9237534921874999 0.1206216421875 0.927456115625 0.12281778750000001 0.9956908046875 0.1263938171875 0.9968148156250001 0.10709527968749999 0.96694195 0.10552970937499999 0.9326331859374999 0.1055707265625
1 0.9594645281249999 0.10513783437499999 0.9319961625 0.105537340625 0.9228112140625001 0.1105617546875 0.9230874046875 0.1210872578125 0.9260853203125 0.1227459484375 0.9956908046875 0.1263938171875 0.9968090437500001 0.10719438750000002 0.9932346125 0.1069076484375 0.9594645281249999 0.10513783437499999