1 0.0075979453125 0.050011915625 0.0025830421874999997 0.049287378124999996 0.003937809375 0.0751378671875 0.078937809375 0.07863104843749999 0.0786539734375 0.073215146875 0.07415094375 0.069609340625 0.0075979453125 0.050011915625
1 0.068431434375 0.8893685234375001 0.066669215625 0.8557433859374999 0.0591556625 0.828030384375 0.05869324218750001 0.8192068562499999 0.048327589062499995 0.8080915781250001 0.0480821390625 0.808080146875 0.042972814062499996 0.8130512140624999 0.0523356328125 0.9917044562499999 0.056299753125 0.9833992234375 0.06481175781250001 0.97792768125 0.0670029171875 0.967271746875 0.06616691875 0.940826834375 0.0690634859375 0.9331377515625 0.068431434375 0.8893685234375001
1 0.13552389375 0.41054688281249996 0.1424097 0.40409777968749994 0.020881225 0.3984375 0.02200893125 0.41995541249999996 0.06637830312500001 0.41612513125 0.1077281171875 0.4213505640625 0.11453308124999999 0.420567665625 0.13552389375 0.41054688281249996
1 0.36166090781250004 0.42474665156249997 0.36789290937499997 0.4387289 0.3671639484375 0.45629893125 0.3710131859375 0.4877741828125 0.375283103125 0.49579705 0.38152901875 0.5205379359375 0.38980231249999997 0.5629772328125 0.40037488750000005 0.5233716937499999 0.40492525781250005 0.5157596375 0.4129844796875 0.470169046875 0.41879152499999994 0.4655495171875 0.429632615625 0.46508829531250007 0.42957807187499997 0.4640475171875 0.4274437578125 0.4522605140625 0.4228280953125 0.44813353906250003 0.413031584375 0.429095278125 0.410055809375 0.41428669375 0.411233278125 0.3947815515625 0.40764094218749997 0.36820826093750003 0.408369903125 0.3506382296875 0.4036000984375 0.343570078125 0.394943590625 0.31480492187500003 0.3922855203125 0.3128626546875 0.3765815625 0.31213123125000003 0.3750465640625 0.3129002046875 0.36846345468749997 0.37616353281250003 0.3561064859375 0.3922139796875 0.34599205781250003 0.3985888859375 0.341095940625 0.4100968375 0.3260714796875 0.41722105468750004 0.32898195937499997 0.42029060781250005 0.36166090781250004 0.42474665156249997
1 0.4165885359375 0.1338125734375 0.43048737031249995 0.13775945625 0.44829960625 0.137221134375 0.4464373640625 0.1016874390625 0.43743300312500005 0.10233800468750001 0.4173918 0.0931557359375 0.375666403125 0.0807638203125 0.2871038796875 0.0757195203125 0.26930690625000003 0.0748906125 0.2658913734375 0.0762008890625 0.2781761125 0.08667166093749999 0.2870863140625 0.0887364265625 0.297265815625 0.096359534375 0.3231315890625 0.1047132421875 0.33149476093749997 0.115001365625 0.3505266828125 0.123586703125 0.4165885359375 0.1338125734375
1 0.44913398437499996 1 0.44976084531250005 0.9978653046874999 0.4483574609375 0.97108713125 0.4447367203125 0.9388564328125 0.4417941359375 0.872215440625 0.432021178125 0.8326402953125 0.426302978125 0.8284619687499999 0.421327653125 0.81747225 0.40899049062500004 0.81553760625 0.40302775312500005 0.8152598875000001 0.3999309640625 0.8184316812500001 0.3940115203125 0.8523859453125 0.4018973265625 0.8664452203125 0.4046162 0.8763518453125 0.40338735156250005 0.8948765921874999 0.398439853125 0.9054041500000001 0.39735123125 0.9161114359375 0.391044296875 0.9216856812499999 0.39867320156249997 0.9308429953124999 0.4026487515625 0.9437421468749999 0.401714271875 0.9573906093750001 0.4083025953125 1 0.44913398437499996 1
1 0.1275961265625 0.422040034375 0.1447539359375 0.43218785156250006 0.1391604890625 0.43742655468749997 0.1403720078125 0.4418823609375 0.1482151453125 0.4422476609375 0.15375080937500002 0.43590642187500006 0.162372103125 0.43245850781249995 0.18466110625 0.42854733281249996 0.240774584375 0.4355602390625 0.26972599062499997 0.44680727343750004 0.277338003125 0.44276243125 0.2799902734375 0.4373867390625 0.27560645156249997 0.4283838015625 0.2852081390625 0.42498155156250006 0.3134372765625 0.42244688906250005 0.31951249531250003 0.4160348296875 0.319250384375 0.4110334296875 0.3115034890625 0.4042093859375 0.271825553125 0.3935625984375 0.2596171140625 0.38773519843750004 0.2391539703125 0.3867821125 0.20593704375000002 0.3866443375 0.197257965625 0.38898971250000003 0.151121753125 0.38574104062500003 0.1376273875 0.389511909375 0.10253739843750001 0.41042438125 0.10187480625 0.416442665625 0.10406671406250001 0.420944134375 0.1275961265625 0.422040034375
1 0.3165693203125 0.935620040625 0.33764680625 0.9272530609375 0.3380535375 0.91852649375 0.33797865625 0.91709765625 0.3336944546875 0.907821696875 0.3157584875 0.9014870921875 0.3029845 0.9003422109375 0.2978803046875 0.896255025 0.289979384375 0.8947871890625001 0.2796554296875 0.8844077406249999 0.264055828125 0.8853309453125 0.2571922 0.88328441875 0.24426655312499998 0.882682396875 0.21024982187500002 0.8850245781250001 0.166045503125 0.8813159625000001 0.13384885625 0.8827913671875001 0.1349261953125 0.903348240625 0.152034890625 0.9125589015625 0.20558277343750003 0.9266013015624999 0.25483350625 0.9332945718750001 0.3165693203125 0.935620040625
1 0.1971256234375 0.1069964640625 0.1980226390625 0.10312624687500001 0.19923757343749998 0.0738428609375 0.1976447890625 0.043450703125000004 0.1988838328125 0.0177589140625 0.1985193875 0.010804875 0.13462567187500002 0.007828978125 0.151221609375 0.028574521874999998 0.1566079765625 0.0474073765625 0.16102239375 0.0896669421875 0.1680111859375 0.107596434375 0.176639865625 0.114844315625 0.1849602640625 0.11620984375000001 0.1971256234375 0.1069964640625
1 0.5326425 0.945754134375 0.53794893125 0.9537001953124999 0.5502047796875 0.9636197015624999 0.561133546875 0.9668783281250001 0.6119983765625 0.9670477078124999 0.6140747234374999 0.969344103125 0.6248590375 0.969846390625 0.63884454375 0.9754470765625 0.70753628125 0.9794243796875 0.7053049984374999 0.9368489625 0.68416803125 0.9258653562499999 0.6724881046875 0.9082737625 0.6651406468750001 0.9054022937499999 0.653622009375 0.9048658046875 0.6476046140625 0.9186631640625 0.6429915609375 0.92394753125 0.6334187640625 0.9279010484375 0.6206736671875 0.9273074359375 0.6116479015625 0.923037596875 0.549567290625 0.9327943609375 0.5351503156249999 0.9376221031249999 0.5326425 0.945754134375
1 0.588163096875 0.962002453125 0.567853409375 0.9413969062499999 0.5620194734374999 0.9411251859374999 0.552889228125 0.94367654375 0.5484206281249999 0.95171725 0.5470376578125 0.9626512843749999 0.5501810703125 0.966647146875 0.5559767515625 0.9652673187499999 0.567943690625 0.96967414375 0.5882279578125 0.9632400640625001 0.588163096875 0.962002453125
1 0.58107531875 0.58867999375 0.595040071875 0.4983764984375 0.5954468375 0.464165475 0.593125090625 0.45134335 0.5951384265625 0.44078661406249997 0.5947927640625 0.434190990625 0.5860431765625 0.400157553125 0.5827826734375 0.3589297296875 0.575948025 0.34394141562499997 0.57014850625 0.3398509890625 0.566972975 0.3397030859375 0.560012634375 0.3441772109375 0.5546166296874999 0.356639875 0.5493373015625 0.3818219640625 0.551967328125 0.40052644062500004 0.5496220296875001 0.40824119999999997 0.5645426437500001 0.5145600406249999 0.5761749265625 0.5581337828125 0.58107531875 0.58867999375
1 0.48553158593749995 0.10233227812500001 0.506264271875 0.10604753125 0.514367428125 0.1113742421875 0.5402043125 0.11917668125 0.5766521671875 0.12417380156249999 0.6286543578125 0.1285806578125 0.6262387625 0.082488334375 0.609394709375 0.081378340625 0.59753476875 0.0808259546875 0.5902872 0.0857643796875 0.5494574171875 0.0904617703125 0.5219775453125 0.0886319515625 0.5021963609375 0.08441109375 0.4914698265625 0.0850113421875 0.480945528125 0.0894704671875 0.47627469375000003 0.093652296875 0.48553158593749995 0.10233227812500001
1 0.7144983 0.121985865625 0.721295484375 0.146752428125 0.724901734375 0.18408435625 0.7287424203125 0.13145128749999999 0.737394653125 0.11816228437500001 0.7430197296875 0.0890843046875 0.7552364703125 0.08085131718750001 0.756655896875 0.07270940000000001 0.7560980390625 0.062064825000000004 0.7469043265625 0.034787628125 0.7011714859375 0.0326575875 0.7073371796875 0.0483024 0.7084300781249999 0.0796492734375 0.7150356546875 0.111252903125 0.7144983 0.121985865625
1 0.71593584375 0.44011646249999997 0.7219248578124999 0.45995538593749996 0.7245035046875 0.47767947343749995 0.7380186625 0.5047149281250001 0.7434050296875 0.52354778125 0.747623565625 0.5305902578125 0.751984334375 0.5353624531250001 0.7526716984374999 0.5353944687500001 0.75809765625 0.5310780953124999 0.7600319140625 0.5155202015625 0.7598350140625 0.490268571875 0.757014290625 0.43644595624999993 0.7552535578125 0.4243437296875 0.7561372140625 0.41971035624999997 0.7549731656249999 0.3974989640625 0.7542120406249999 0.39397725 0.7536329453125 0.37243429843750003 0.744079421875 0.34753935937499997 0.7270331453125001 0.34248195 0.7241843593749999 0.342349265625 0.7164785593749999 0.35603381875 0.7162120203125 0.3824273796875 0.7202389499999999 0.39630692500000003 0.7161510015625 0.412742509375 0.705433925 0.41811134687499996 0.709755221875 0.4271146078125 0.7101148828125 0.43397735312499996 0.71593584375 0.44011646249999997
1 0.8066904390625 1 0.80941975625 0.9307962812499999 0.8086005390625 0.9151647015625001 0.8067887421875 0.8876108078125 0.7990667140625 0.8451971890625 0.7982960109375 0.8304913062500001 0.7921667703125 0.8184698421875 0.7872681140625 0.8144519375 0.783009565625 0.8142535921875 0.7707187015625 0.8184488812499999 0.7638744125 0.8347560890624999 0.7638369468749999 0.844534334375 0.767004328125 0.85250585 0.7689053953125 0.888780359375 0.7653173359375 0.9042612296874999 0.7657797562499999 0.9130847578125 0.7699094453125 0.9289250875 0.76924578125 0.95823415 0.77305858125 1 0.8066904390625 1
1 0.900526121875 0.5218040421875 0.9047960375 0.529826909375 0.9036560343750001 0.539553803125 0.9101866812500001 0.590713925 0.9117891046875 0.5898105609375001 0.9121209374999999 0.575156028125 0.9096825187500001 0.5496144843749999 0.9124763218749999 0.5399646140625001 0.9165268046874999 0.5333072750000001 0.933027375 0.5438557937499999 0.9356295749999999 0.5410429953125 0.9327287343749999 0.50667791875 0.9335229890625 0.50084691875 0.94017566875 0.4913767796875 0.9405302765625001 0.4881254046875 0.9397336031249999 0.47292395625 0.9375178140625 0.4511550265625 0.9379593015625 0.4390682671875 0.9375428250000001 0.431121440625 0.9263340390625 0.40564617500000005 0.924409421875 0.3899085484375 0.93429131875 0.3690789875 0.9341328890625 0.3660559859375 0.9215599593749999 0.35652386406250003 0.912917365625 0.3385173453125 0.8973031406249999 0.31923868125 0.8927172750000001 0.319025090625 0.88558304375 0.3206182453125 0.8816867015625001 0.330216759375 0.877458525 0.35446980625 0.8859095124999999 0.37931339531249997 0.8882451734375 0.4028941578125 0.8836851640625 0.44180173749999996 0.8846613874999999 0.46042918750000006 0.900526121875 0.5218040421875
1 0.8821527078125 0.088672690625 0.8899357515625 0.10077118125 0.8952707390624999 0.1186236453125 0.9109213984375 0.0919686125 0.9201013484375 0.09924216875 0.921162140625 0.0670176078125 0.9236808890624999 0.0476539453125 0.9234375 0.0430097921875 0.858435190625 0.0399822609375 0.8553557375 0.060040628124999995 0.8552155109375 0.0678580890625 0.8583315125000001 0.0748492125 0.8821527078125 0.088672690625
1 1 0.92000480625 0.9485626625 0.9145411421875 0.9284082515625001 0.90987075 0.896878678125 0.9084022359375 0.8887587421875001 0.9117557312500001 0.8653737843749999 0.913416171875 0.854820596875 0.9173240265624999 0.8453633640625 0.9234826171874999 0.8436914859375 0.9289039734375001 0.8480753062499999 0.9379069078125 0.8660690531249999 0.9453440484375 0.899546840625 0.9496529125000001 1 0.956256021875 1 0.92000480625