1 0.9002684640625 0.1627708171875 0.9031446781250001 0.1592404640625 0.9191068390625 0.095174321875 0.923470075 0.048397015625 0.8834302328125 0.0462986171875 0.88410291875 0.16192361718749998 0.9002684640625 0.1627708171875
1 0.006986278125 0.0269800921875 0.014757229687500002 0.0306543265625 0.050573010937499996 0.033890890624999996 0.0926276328125 0.0360948796875 0.11841405 0.0317307796875 0.1271349796875 0.0321878234375 0.1375922859375 0.0230685859375 0.1375906359375 0.0227851125 0.12238206874999999 0.006413771875 0.00004845 0.0000025390625 0.0002025109375 0.0264834046875 0.006986278125 0.0269800921875
1 0.5065296359375 0.14833355937499998 0.509212303125 0.1641447625 0.5094209875 0.1641556984375 0.5124194484375 0.13120568906250002 0.5178096953125 0.1218012109375 0.52218390625 0.12493654531250001 0.52277930625 0.133686021875 0.5271873406250001 0.1426353078125 0.5348295265624999 0.14594190625 0.53807495 0.1422372046875 0.5357328156250001 0.114022253125 0.537877640625 0.108322478125 0.5367093921875 0.094699496875 0.5393891390625 0.0843954203125 0.539340946875 0.0761120625 0.5348668203125 0.05876115 0.530622496875 0.027808746875000002 0.5014635828125 0.0262805921875 0.5021458078125 0.1435452390625 0.5065296359375 0.14833355937499998
1 0.571916015625 0.405637109375 0.5675361671875 0.40153278437499995 0.558714459375 0.38266521875000004 0.5564512500000001 0.36801615625 0.55851715 0.3487504890625 0.556186290625 0.3224735203125 0.557718803125 0.30511729375 0.5533220421875 0.298105990625 0.546077946875 0.2696341375 0.543343359375 0.2675534296875 0.5318941765625 0.2650160109375 0.5264644656249999 0.267637540625 0.5170269765625 0.3301082359375 0.50405091875 0.345896034375 0.493741796875 0.3521366359375 0.48836282343750004 0.363479096875 0.4731573765625 0.37043178593750004 0.47589760156249994 0.3734814875 0.5080495890625001 0.3780725921875 0.5135751375 0.391923928125 0.5120426250000001 0.4092801546875 0.5144016703125 0.44040208437499995 0.51825940625 0.4483538359375 0.523302303125 0.47283554062500005 0.52934518125 0.5135311437500001 0.52993075 0.51356183125 0.541832096875 0.4757440421875 0.5466889578125 0.46824900312500006 0.5567725828125 0.42324871406250003 0.5627356796874999 0.4187177421875 0.573623290625 0.41831964218750006 0.571916015625 0.405637109375
1 0.8704847062500001 0.3465633609375 0.86296654375 0.36457459062500003 0.8562636421875001 0.42912599218749997 0.85307459375 0.44252061875 0.8598165156249999 0.5246023171875 0.8947482593749999 0.5264330125 0.903033484375 0.5129476265624999 0.899113734375 0.4943369625 0.8908141390625 0.47162197343749995 0.8885283796874999 0.45309694218749996 0.8965855656249999 0.4341452640625 0.9066973781250001 0.3939899375 0.9067002234375 0.393370475 0.9060800421874999 0.28677043750000003 0.9055213234374999 0.285434259375 0.89578505 0.296548365625 0.8942017999999999 0.3051836625 0.8871775640624999 0.31450250625 0.8802435265625 0.339325225 0.8704847062500001 0.3465633609375
1 0.0841632375 0.30846688125 0.06672276875000001 0.3056154734375 0.0629326828125 0.309291628125 0.05550471875 0.3428067359375 0.0626642546875 0.3567437046875 0.0648992765625 0.36654780625 0.06282774062499999 0.3848444796875 0.057443128125 0.3952179515625 0.055871153124999996 0.40579122968750003 0.049369029687499996 0.41126264843750004 0.056500376562499996 0.42035465937499994 0.059841635937500005 0.43312282656249995 0.05828657499999999 0.44660308281249994 0.058803484375000006 0.45138253125 0.10260893281250001 0.45367827812500006 0.10253261093749999 0.4405595 0.1017411734375 0.428537809375 0.10190249062500001 0.36267488124999997 0.0940517203125 0.32351556718749996 0.08858254843749999 0.3193541546875 0.0841632375 0.30846688125
1 0.5289243906250001 0.11715029218749999 0.5245783687500001 0.11885991874999999 0.5247136671875 0.142115734375 0.51555024375 0.1581033453125 0.510069796875 0.1520039484375 0.505718134375 0.1527445828125 0.5057632328125 0.16049652187500002 0.5123330078125 0.166653009375 0.51619638125 0.17557375 0.521228003125 0.1981174734375 0.5171920359375 0.253121675 0.5075516 0.28070865 0.511953996875 0.28868894218749996 0.5174175328125 0.291881365625 0.52610958125 0.2884621078125 0.5299785906250001 0.2983518421875 0.5339547125 0.32665243125 0.5410747859375 0.33380645468750003 0.543463 0.3346383140625 0.5445760234375 0.33469664374999997 0.55192293125 0.3266254078125 0.5604120328125 0.28832243125 0.5655015609375 0.276914815625 0.5653762265625 0.2553715734375 0.563846959375 0.2235997609375 0.5610729125 0.2147361078125 0.5618972765625 0.16925056249999998 0.5574610546875001 0.1554563140625 0.534921315625 0.11843327343750001 0.5289243906250001 0.11715029218749999
1 0.0586089921875 0.2248789171875 0.12747071875 0.22848780781250003 0.1481135359375 0.22058360625 0.14803775937500002 0.20755867343749998 0.145415821875 0.2012454859375 0.127942271875 0.1948847734375 0.11534220625 0.1936799359375 0.1104750609375 0.1896133859375 0.10271678749999999 0.1881178 0.0929698265625 0.17780605 0.07747545624999999 0.1786275140625 0.0668006984375 0.1753455921875 0.0241935578125 0.17801311250000001 0.0010235374999999999 0.1759310328125 0.001248578125 0.2146124578125 0.0176514375 0.21905196875000002 0.0586089921875 0.2248789171875
1 0.9010189625 0.1812498546875 0.8978186359375 0.19270649374999999 0.8913277890625 0.200115896875 0.8810017546875001 0.20344952031250002 0.8969153453125 0.2246261484375 0.9013797578125 0.2432653578125 0.9038008140624999 0.285046203125 0.9098935750000001 0.302802053125 0.9181029703125001 0.3100131671875 0.9225130375000001 0.3107668234375 0.9268529265625001 0.3109942671875 0.938749403125 0.302376928125 0.9398161765624999 0.2985580484375 0.9423703640625 0.2696310046875 0.942195603125 0.23959224531249998 0.9473265328125 0.18561412500000002 0.94617519375 0.17489812031250002 0.9490932234375 0.162414665625 0.9490366796874999 0.15269573281249998 0.94531316875 0.141917253125 0.9126719765625 0.14020660000000001 0.9084412875 0.14676575625 0.9035562374999999 0.14941583125 0.9008611140625 0.15411807187499998 0.9010189625 0.1812498546875
1 0.008238285937500001 0.5970456046875 0.013051559374999999 0.591852896875 0.022716134375 0.5880034265625 0.03531303125 0.588663603125 0.0440561453125 0.59293328125 0.10599876718750001 0.5836561437500001 0.1205019625 0.5789712609375 0.1220567859375 0.5746117 0.12202295625 0.568796746875 0.1184720859375 0.5630744890625 0.106790309375 0.5532058359375001 0.09611555000000001 0.549923915625 0.0457406296875 0.5494618625000001 0.043789970312499996 0.5471816484375001 0.0331310546875 0.5466230390625 0.0195366453125 0.5410101171874999 0.0031414234375 0.539964778125 0.003527059375 0.60625 0.0037649234375 0.606262465625 0.008238285937500001 0.5970456046875
1 0.011658973437500001 0.5363851140625 0.0243544921875 0.5370504578124999 0.0390249 0.5325624359375001 0.039020525 0.53181043125 0.018124243749999998 0.509492325 0.004583703125 0.5131386671875 0.0030005515625 0.515750953125 0.0031142296875 0.5352907140625 0.00664526875 0.5344820593749999 0.011658973437500001 0.5363851140625
1 0.4559426421875 0.566335709375 0.41336085312500004 0.573360528125 0.38334110625 0.575054240625 0.4735651234375 0.59829555 0.507492525 0.6022515953124999 0.5200799203125 0.6012777828125 0.529914825 0.604158365625 0.5380157140625 0.604582915625 0.5704421671875 0.5995611875 0.6111335015625 0.6006047375 0.62563353125 0.59537519375 0.6298007984375 0.5894530328124999 0.6297897421875 0.5875526140625 0.6245726453125 0.5795292046875 0.6119408875000001 0.5728777421875 0.5867090640625 0.5650214453125 0.5683077203125 0.5656905609375 0.5605399375 0.562560984375 0.4559426421875 0.566335709375
1 1 0.5943605421875 0.9885628375 0.591383740625 0.9711304843749999 0.5921036390625 0.9526911124999999 0.5862368046875 0.9449043187499999 0.5798392578125 0.938118203125 0.578939115625 0.910014259375 0.5769217546875 0.902294009375 0.581962115625 0.8616343593750001 0.5863651890625 0.8344994078125 0.5843986109375 0.81510055 0.5801149828125001 0.8044479734375001 0.5806456953125 0.793817578125 0.584989046875 0.788997965625 0.58909243125 0.797766428125 0.5977194109374999 0.8181311093750001 0.6015091609375001 0.825911565625 0.6068173828125001 0.8511433890625 0.61467368125 0.8870151140625 0.6198206171875 0.9259288171875 0.62335055625 0.9798471890625 0.6261762984375 1 0.622485571875 1 0.5943605421875
1 0.9067392125 0.6683437234375 0.9005076859375001 0.720326771875 0.8913273500000001 0.7334074046875 0.8844158640625001 0.76210609375 0.87193936875 0.7701705 0.8698170921875 0.77974624375 0.8698621921875 0.7874981812499999 0.8798634249999999 0.8219267125 0.8795217093750001 0.8567818875000001 0.8763495718750001 0.8730834890624999 0.8769435484375 0.8785172390625 0.9195874093749999 0.8807521093749999 0.9193835328125 0.8763075015625 0.9166094828125001 0.8674438468749999 0.9181870968749999 0.8578395593750001 0.92413891875 0.8513706031250001 0.9249677640625 0.8484034734374999 0.9248177359374999 0.82261594375 0.9178657625 0.8026070015625001 0.9182300265625001 0.77162779375 0.91314766875 0.7403631390625 0.9141749812500001 0.7297613140625 0.9085874234375 0.7052510625 0.9067392125 0.6683437234375
1 0.5489958171875 0.7199636890625001 0.542212871875 0.719608209375 0.5364306046875 0.7247501359374999 0.5170792796875 0.7286364421875 0.49964692499999996 0.7293563390625 0.47355384687499996 0.739967778125 0.45516834375000004 0.7433602046875001 0.44840757968749995 0.7468173609375001 0.44358796875 0.7509207453125 0.44846778593750003 0.7571659453125 0.4639875046875 0.7607017796875 0.5189818109375001 0.76603584375 0.5279370859375 0.7665051703125 0.554103784375 0.7654245734375 0.5642995421875 0.7684108453125 0.5726155078125 0.7688466671875 0.5841457125 0.7675435015625001 0.6054667109375 0.769205384375 0.6296439859375 0.7623050171875 0.6338336250000001 0.7456588156249999 0.6338189265625 0.7431324906250001 0.6197924578125 0.7340194125 0.5936201609375 0.731014290625 0.58007328125 0.73357130625 0.56357189375 0.727806040625 0.5576945656250001 0.716608096875 0.5489958171875 0.7199636890625001
1 0.0965146109375 0.7673256312500001 0.0981678 0.76739015 0.1398027765625 0.764127184375 0.1543376625 0.7648889249999999 0.16593388125 0.760051696875 0.16996835625 0.7552394765625 0.1699508125 0.7522240890624999 0.1648413046875 0.7387590828125 0.1483240765625 0.7302705046875 0.13863098437500002 0.7292180140625 0.13089489062499998 0.7315350640625 0.0950421765625 0.7296561031250001 0.0795129515625 0.7244862796875 0.070792021875 0.7240292359375 0.055307157812499994 0.7264846875 0.026224714062499998 0.7227825546875 0.0042033125 0.72248798125 0.004410859375 0.7581622015625 0.051768535937500006 0.7649805875 0.0965146109375 0.7673256312500001
1 0.5560751765624999 1 0.5536043453125 0.991584590625 0.5523797234375001 0.9682716875 0.5586901734375 0.9298545328125 0.5585830625 0.9114436796875 0.5457063078125 0.8507096359374999 0.5418485734375 0.8427578859375 0.5434261859375 0.8331535984375 0.539320403125 0.7825661890625 0.5376920546874999 0.7834495484375 0.536687290625 0.7979273421874999 0.5379231890625 0.8231782296875 0.5347115890625 0.8326968859375 0.5303937515625 0.8392514734375001 0.5145421703124999 0.8287337609375 0.511835771875 0.8314980140625 0.51312240625 0.8654698328125001 0.5120669062500001 0.8712266953125001 0.5050426703124999 0.8805455406249999 0.5039928078125 0.887271396875 0.5058184671875 0.9203027671875 0.5042915906250001 0.9386279859375 0.5147923859375 0.9653331218750001 0.5159719109375 0.9808940890625 0.5059686140624999 1 0.5560751765624999 1
1 0.94181179375 1 0.9535148859374999 0.9816359296874999 0.9622689453125 0.9888755874999999 0.9648062203125001 0.9570415671875001 0.970078084375 0.9272882515624999 0.963367375 0.8969069578125 0.9643495890624999 0.87855319375 0.9576999359375 0.8685177328125 0.9109873515625001 0.8660696296875001 0.9093161468750001 0.8717942265625 0.9084354093749999 0.9075898515624999 0.8999688578124999 0.9497687953125 0.8994692953125 0.9574921906249999 0.9022320671875 0.9644178578125 0.9251811703125 0.978213628125 0.93232943125 0.9902126140625 0.934799109375 1 0.94181179375 1
1 0.0664638953125 0.9281245218749999 0.083570640625 0.9322217671875 0.11847099999999999 0.9340508171874999 0.1255724234375 0.9312222671875 0.14881239375 0.9297177421875 0.15944595781249998 0.92591905625 0.16909785625 0.9198909328125 0.170896921875 0.9148465375000001 0.1708937140625 0.9142950624999999 0.1670774828125 0.905628146875 0.1495975984375 0.8981781109375 0.11663601718750001 0.8937281859375 0.00518945 0.885746765625 0.005396090625000001 0.921265078125 0.0664638953125 0.9281245218749999