1 0 0.0810598421875 0.030375568749999998 0.09057381406250001 0.0310650015625 0.090605925 0.0543959921875 0.082472071875 0.11007915312500001 0.0795771578125 0.1757641140625 0.0661712859375 0.18072673125 0.06256054375 0.180339059375 0.037295850000000005 0.1415568734375 0.026708101562499996 0.11813954062500001 0.0267151015625 0.1133172875 0.0242951421875 0.1173945703125 0.016801284375 0.0990291796875 0.009359823437500001 0.08826965 0.010505210937499999 0.0646353859375 0.0198323859375 0.0576341265625 0.02719005625 0.042988721875000004 0.027605615625000003 0.0294200609375 0.023680604687500002 0.0050153078125 0.02419045625 0 0.0286326296875 0 0.0810598421875
1 0.9178253265625 0.05854584375000001 0.9211866499999999 0.0791924265625 0.9193150578125 0.0888624078125 0.9206875703125 0.10063492031250001 0.9320910984375 0.12946179687499998 0.949397240625 0.14745568125 0.9501284171875 0.1474897359375 0.9598928250000001 0.1375866921875 0.96009699375 0.12881476249999999 0.9674982390625001 0.0989010359375 0.967806346875 0.0856634453125 0.9672090859375 0.0450484875 0.8981808390625 0.0418334453125 0.9048489156249999 0.0501357359375 0.9178253265625 0.05854584375000001
1 0.4567649953125 0.081131265625 0.45256430937500003 0.0965470640625 0.461271978125 0.123296946875 0.4600431703125 0.1525111765625 0.462308003125 0.173106690625 0.4524398703125 0.1821846921875 0.46470414687500006 0.182755909375 0.48129242968749997 0.18277234375 0.49252956875000004 0.171587134375 0.503993559375 0.1506553390625 0.50524885 0.1438837953125 0.5029121640625001 0.1027949140625 0.51064806875 0.0533937296875 0.5166296046875 0.032206584375 0.5146834265625 0.023971765625 0.4575698640625 0.021311659375 0.45548322499999994 0.06546011874999999 0.4567649953125 0.081131265625
1 0.43633170000000004 0.45709387812499996 0.44568215312500004 0.503388009375 0.4504348796875 0.5114150953125 0.461605671875 0.55019715 0.462405415625 0.5502343984375 0.4691206 0.510333965625 0.474621946875 0.4861973078125 0.47864114999999996 0.4785787828125 0.4815600671875 0.4474918375 0.4803236671875 0.42987137343750004 0.48612371874999993 0.4164814984375 0.5185382671875 0.415064084375 0.5213475515625 0.4122677828125 0.5061781578125 0.40375553281250004 0.5009679265625 0.391804278125 0.490710059375 0.38449650156250004 0.477937815625 0.3673144625 0.46954395 0.30350200625 0.46412955 0.3003226796875 0.45257102031249996 0.30173576406249997 0.449784421875 0.30355740625 0.44199935 0.331490559375 0.4374545875 0.3381088921875 0.4386909859375 0.35572935625 0.435885496875 0.38194300625 0.4376247703125 0.4015383234375 0.43509150625000004 0.41605606718750004 0.42588855312499996 0.43416602656250003 0.421411846875 0.43786038125 0.4197038796875 0.4489500640625 0.419668246875 0.45048095468750005 0.4304144265625 0.45193969999999994 0.43633170000000004 0.45709387812499996
1 0.0949244640625 0.43540536718749995 0.102694440625 0.45528156875 0.10007043593750001 0.47369795000000003 0.0913249859375 0.4957320796875 0.0870562421875 0.514071853125 0.09422953125 0.5268295562499999 0.1304725765625 0.528517603125 0.1380561859375 0.4529371765625 0.13820299062500002 0.44662986406250005 0.135562696875 0.4343709765625 0.129955428125 0.368736878125 0.1227110140625 0.3498608703125 0.113024075 0.3416039734375 0.10648670468749999 0.3159308875 0.09958636562499999 0.30585234375 0.098145796875 0.297003809375 0.0885496015625 0.2848482734375 0.0871499703125 0.2879306703125 0.0864212203125 0.319240703125 0.08546058749999999 0.3939845328125 0.0949244640625 0.43540536718749995
1 0.8581433203125 0.47127846093750003 0.8619143499999999 0.47694249843750003 0.8994548671875 0.4861238359375 0.9310258734374999 0.4875942796875 0.9670116203125 0.4889724015625 0.9719429578125001 0.4895000234375 0.9894218484374999 0.49031411562500005 0.9904449468750001 0.4463576140625 0.9885003031249999 0.4460660578125 0.9748167953125 0.4470752578125 0.96222279375 0.4431956421875 0.9536167515624999 0.43565989062500005 0.947615671875 0.441966465625 0.9368561421875 0.4431118515625 0.9260072890625001 0.4480949578125 0.9074377296874999 0.4494254265625 0.8977421828125 0.44677848906250006 0.8842628453125 0.439015759375 0.8499711375000001 0.44510235781249996 0.8467496140625 0.44805583125000004 0.8465754921875 0.4555368125 0.8475241562500001 0.4663931453125 0.8581433203125 0.47127846093750003
1 0.44243693124999994 0.3601131234375 0.4490261765625 0.3681647640625 0.4532854140625 0.3683631421875 0.46050635156249997 0.3619304375 0.4650019484375 0.3338440734375 0.46906652187500003 0.32427622968750003 0.4777477109375 0.32858342500000004 0.483298221875 0.32591479687499997 0.48786567031250005 0.31832180625 0.47865512656250003 0.28959707031250004 0.4755622328125 0.233837234375 0.4810182078125 0.21164989531249997 0.48506009531250005 0.20305671093750002 0.49177515625 0.1975151765625 0.4919566390625 0.1897179046875 0.48759335937500003 0.18853896718750002 0.481974790625 0.1941315703125 0.47304026875 0.177128275 0.47358471875 0.1537364625 0.4692441234375 0.151582865625 0.4631907359375 0.1522766390625 0.43987330468749997 0.187292084375 0.4351697453125 0.2007330296875 0.4352000203125 0.2465930671875 0.432254621875 0.25523732187500003 0.42949357499999996 0.2971613859375 0.42924740000000006 0.307738090625 0.43457241875 0.3207182109375 0.44243693124999994 0.3601131234375
1 0.9327164953124999 0.2563232640625 0.9219314437499999 0.25856514062499997 0.9063751828125 0.256194078125 0.89639890625 0.26560854375 0.8885761125 0.2663418703125 0.8836134953125001 0.2699526109375 0.87093016875 0.26991071718750004 0.8532587046875 0.27457605625000003 0.850652715625 0.280362640625 0.85033885 0.29384759531250004 0.869771465625 0.3032948234375 0.9451710203125 0.3068066140625 0.9813394499999999 0.305239309375 0.9940301375 0.30306536875 0.9949526296875 0.2634313890625 0.9754866390625001 0.2632548765625 0.9327164953124999 0.2563232640625
1 0 0.251558425 0.0052698171874999995 0.2536448484375 0.008096328125 0.2537764953125 0.0250294390625 0.2505723578125 0.035725165625 0.2521682 0.0904336671875 0.2492278890625 0.12064809218749999 0.2506351484375 0.1499516609375 0.24925578437499998 0.15387581875 0.24834087500000002 0.1639159 0.2361851796875 0.1631326484375 0.2279160984375 0.15650144531250001 0.21937464687500002 0.1390979515625 0.21252682812499998 0.09723866249999999 0.20838184218750003 0.078822228125 0.20313336249999997 0.0587244484375 0.18628093437499998 0.054583362499999996 0.19651601875 0.046632965625 0.202731803125 0.0348604953125 0.20547653124999998 0.007570046875 0.204205459375 0.0026329484375 0.2067197078125 0 0.21087689687500003 0 0.251558425
1 0.9601251609375 0.632814728125 0.9494039125 0.632315378125 0.9474035531249999 0.6344175703125 0.896772334375 0.6298640234375 0.8859872843750001 0.6321059015625 0.874074446875 0.6408813296875 0.8702870703125001 0.6464653484375 0.8701624984375 0.6518174265625001 0.8717550734374999 0.6566896625 0.88624735 0.6628530515625 0.948332025 0.678368009375 0.957193278125 0.67493885 0.96986384375 0.6755289906249999 0.9795083484375 0.680368909375 0.9842540375000001 0.68607834375 0.984746884375 0.6871848015625 0.9850892874999999 0.6872007484375 0.9864448984375 0.6289581906249999 0.9738852296875 0.628516053125 0.9601251609375 0.632814728125
1 0.9814940249999999 0.6275939296875 0.9850106703125 0.6175447234375 0.9635799265625 0.59508083125 0.9554621750000001 0.6160194125 0.9554549281250001 0.6163307609374999 0.9585154656249999 0.6265236859375001 0.9814940249999999 0.6275939296875
1 0.495577809375 0.6738216125000001 0.5073480109374999 0.56899255 0.5047882671874999 0.5610676015625 0.5068640265625 0.5426256921875 0.5008749 0.516978140625 0.495139109375 0.5040266890625 0.4865032921875 0.49777017656250006 0.4792626734375 0.502311515625 0.4728916890625 0.5166505156250001 0.470842409375 0.55753511875 0.4623049234375 0.5942146671875 0.46527680312499997 0.6080131 0.4633371546875 0.6206070609375 0.464736146875 0.6548222609375001 0.4810370671875 0.74506221875 0.48143318281249997 0.74508066875 0.4852594734375 0.716272509375 0.495577809375 0.6738216125000001
1 0.11371630625 0.5941727171875 0.1112661953125 0.5579571296875 0.10527706875000001 0.53230958125 0.100524340625 0.52428249375 0.09825950781250001 0.5036869828125 0.09023999218749999 0.4945320296875 0.0857406 0.49920104375 0.08055685 0.5096924781250001 0.07921081875 0.5203626546875 0.082046584375 0.5400090421875 0.0819596359375 0.5673250249999999 0.0744279015625 0.607954278125 0.06876396093750001 0.6154961984375 0.0686543296875 0.6437868421874999 0.0690437765625 0.6506349890625 0.07489299375 0.65871314375 0.07939618125 0.6774614765625 0.07734310625 0.69492873125 0.07966507187500001 0.7075976921875 0.10747587031250001 0.708893 0.1150094609375 0.6800959078125 0.11371630625 0.5941727171875
1 0 0.792900653125 0.00300916875 0.7924455015625 0.0381096484375 0.79353149375 0.0693576421875 0.8040976343749999 0.0832194640625 0.8047432593750001 0.0895879203125 0.803612890625 0.09865334375 0.791411803125 0.1280589984375 0.7856464734374999 0.14192115 0.776961834375 0.19470585625 0.7728342406250001 0.1577071015625 0.769464478125 0.133468234375 0.7628471343750001 0.122721465625 0.763444275 0.09164722812500001 0.7570574109375 0.060445382812500004 0.7561530000000001 0.0401434359375 0.7480725031250001 0.01970111875 0.7460227078125 0.0118528046875 0.7478525265625 0.0048898281250000005 0.7535654578125001 0 0.7541605312499999 0 0.792900653125
1 0.3809979734375 0.8002538203125 0.402453228125 0.800704275 0.412686571875 0.8028823031250001 0.423303859375 0.8033768125 0.43268041406249996 0.8015632874999999 0.4566047109375 0.8049278234375 0.472920475 0.8056877421875001 0.5233236859375 0.8057850656250001 0.53898203125 0.8037701671875 0.54399569375 0.797966440625 0.53922448125 0.7933535 0.53249119375 0.7891980125 0.5140747609375 0.7839495328125 0.48803970156250004 0.77066245 0.470534125 0.7682005953125 0.4511557953125 0.7623584765625 0.4454354453125 0.7566036484375 0.4386128328125 0.7562858796875 0.4299302265625 0.7520396 0.42382706406250004 0.762732140625 0.4071430171875 0.7668946265625001 0.39357435625 0.7629696187499999 0.3672202859375 0.7633886750000001 0.3527622015625 0.771279928125 0.352724084375 0.7729176453125 0.356822909375 0.7908952484375 0.3809979734375 0.8002538203125
1 0.8807458562500001 0.8019505453125 0.8802179156250001 0.8246330265624999 0.8827029546875 0.8343920890625001 0.88186359375 0.8704544656250001 0.8789749812500001 0.8780345828125 0.8789596296875001 0.8786941078125 0.8792622734375 0.887896184375 0.886552059375 0.9048228765624999 0.9017668234375 0.911385809375 0.9079109531249999 0.9067933968749999 0.9136656343749999 0.8953528421874999 0.914005915625 0.880732959375 0.9204638453125 0.839077975 0.9219648796875 0.7981678390625 0.9185630546875 0.7482479078125001 0.8821785500000001 0.7465532734375 0.8819501000000001 0.750211325 0.8814243078124999 0.7728014765625 0.8825365671875 0.794380003125 0.8807458562500001 0.8019505453125
1 0.47007440312500004 1 0.47824318125 0.965123628125 0.4786742046875 0.9466051109375 0.47300267500000004 0.9073123375 0.47464361562499996 0.8839715937499999 0.48233794531249996 0.859937075 0.477422625 0.83531525625 0.47326351562499996 0.8253643875 0.46236665937500004 0.8219297109375001 0.44656207343750004 0.840707909375 0.43847829687499995 0.8578942796875 0.42721279843750004 0.865581853125 0.4270828390625 0.871165465625 0.4366105 0.8909816109375001 0.4351510421875 0.9065250828125 0.4257472203125 0.9285490921875 0.42525466874999995 0.9497111484375 0.42533558281249995 0.9509508328124999 0.42517451250000005 0.95315496875 0.4242818703125 0.991506528125 0.43009697812500003 1 0.47007440312500004 1
1 0.076475240625 1 0.0758308109375 0.9820174546875 0.08311300625 0.9521094484375 0.0783337984375 0.921639675 0.07634118906250001 0.8893482562499999 0.0674104625 0.8957623078125 0.051050040625 0.867680278125 0.0462557390625 0.8850198578124999 0.03885631875 0.8963838093750001 0.015535093750000001 0.9079819078125 0.0131506265625 0.91348663125 0.012961078125 0.9216304578125 0.013001828125 0.9224996515624999 0.020775599999999998 0.9657931984375001 0.0210191546875 1 0.076475240625 1
1 0.9174669015625 1 0.917565265625 0.9957738703125001 0.91372375 0.9721777796875 0.9116118984374999 0.9145122046875 0.876599715625 0.9128814859375 0.8755119484374999 0.959616403125 0.8753487640625 1 0.9174669015625 1