1 0.9276558359375 0.0534700640625 0.8628249609375 0.0700969421875 0.8595822453125 0.0726336671875 0.85912248125 0.0989735578125 0.8968546046875 0.10727328437500001 0.919994903125 0.10605534218749998 0.9247740359375 0.1081941671875 0.9207880921875 0.11580055 0.93897905625 0.1221945984375 0.9496047265625001 0.1205078109375 0.9729057703124999 0.11008077187500001 0.9797818875000001 0.1024575703125 0.994251665625 0.1012900765625 0.9981145015624999 0.10220232343749999 0.9991809640625 0.0411047328125 0.9826636875 0.0477334703125 0.9276558359375 0.0534700640625
1 0.9131536859375 0.861324784375 0.906241346875 0.8902881109375 0.90589966875 0.9098627875 0.907020675 0.9644328484375 0.9101364171874999 0.9721210671874999 0.9102111078125 0.9942763796874999 0.9616706421875 0.993976996875 0.9623797734374999 0.9891564031250001 0.9717065874999999 0.9823590890625 0.9809325031249999 0.9813421218749999 0.9829107765625 0.961101453125 0.9830395062499999 0.953726528125 0.9681800624999999 0.9361415265625 0.9553135078125001 0.9285100375 0.9518746625000001 0.9083008843749999 0.9536679593749999 0.89865751875 0.952244615625 0.8871062796875 0.940814621875 0.8592372703125 0.9242339234375001 0.8429743046875 0.9223220421875 0.842985428125 0.91330503125 0.8526542640624999 0.9131536859375 0.861324784375
1 0.9423618203125 0.437534615625 0.9269191937500001 0.439249428125 0.9115711265625001 0.435547121875 0.88539881875 0.4449075546875 0.856506540625 0.4445339875 0.8362280500000001 0.4473602484375 0.8267643390625 0.43766548437499997 0.8266786421875001 0.4360697703125 0.82656186875 0.4427597515625 0.8272265828125 0.46637060625000004 0.8385981640625 0.477137584375 0.8596036578125 0.4878485125 0.8663284828125001 0.488892703125 0.9068476453125 0.48540702968750005 0.9558671249999999 0.491621721875 0.9769671750000001 0.4969155328125 0.991291515625 0.49309093437499996 0.9922229671875 0.439728075 0.9876222921875 0.43835461093749994 0.9423618203125 0.437534615625
1 0.56543731875 0.34240775156250003 0.5579074 0.370387065625 0.5534559921875 0.377156015625 0.5547784390625 0.39448760156249996 0.552157559375 0.42051176874999996 0.553988084375 0.4397669859375 0.551568996875 0.454230459375 0.542582103125 0.47258531562500006 0.5381811437499999 0.4764640921875 0.53677336875 0.48603397187499997 0.5367210796874999 0.489029565625 0.5471548203125 0.4898979921875 0.5530295703125 0.49468027968749995 0.562531740625 0.5398997828125001 0.5672726171875 0.547578546875 0.57904253125 0.5870050984375 0.5857244515625 0.5455446125 0.591020259375 0.5214314703125 0.5949467703125 0.513702278125 0.59765173125 0.4828611546875 0.596329284375 0.4655295703125 0.601981828125 0.452010578125 0.633993271875 0.4489344609375 0.636752278125 0.4460285296875 0.6217188765625 0.43840964531250004 0.6165035515625 0.42688046718750006 0.606328740625 0.42019660937500003 0.593613528125 0.4038946 0.584955759375 0.341330903125 0.58016209375 0.338777465625 0.577761778125 0.33879143125 0.5681795109375 0.34046521093750004 0.56543731875 0.34240775156250003
1 0.5603009609375 0.0958750203125 0.5418641515625 0.1035654765625 0.5339868203125 0.11336112812500002 0.5088157296875 0.12054910781249999 0.49905889375 0.12764740937500002 0.49036000625 0.1293229875 0.4787745375 0.139019346875 0.478771371875 0.1392006640625 0.4824543109375 0.14074377656249998 0.5865194640625 0.1390550296875 0.6271615484375 0.12852709843750001 0.6465712046875 0.12028932656249999 0.664837815625 0.12234968125000001 0.6868539765625 0.13034644687500002 0.70509221875 0.1340319375 0.7099597125 0.1311085578125 0.7106729296875 0.090248375 0.6412530249999999 0.0853227546875 0.6376393671875 0.085343778125 0.624971090625 0.0884572421875 0.5603009609375 0.0958750203125
1 0.57276394375 0.8959662671874999 0.5620720859375 0.9014450390625001 0.5437298312500001 0.9037183796875 0.5341337421875 0.9016075796875 0.520769190625 0.89464379375 0.4869181203125 0.9024239296875001 0.48299836718750006 0.9062383296875 0.48462257031249995 0.9235618984375 0.4951442265625 0.927833940625 0.49890323593749997 0.9332286390625001 0.5373065031250001 0.9405884109375 0.6028265562499999 0.9396655703125001 0.6442088109374999 0.9419203062499999 0.644970734375 0.8982697234374999 0.62381421875 0.8962109249999999 0.610298375 0.8979145265625 0.597831025 0.8947371171875 0.59040413125 0.8886620265625 0.5884462734375 0.8886734171875 0.5833896140625 0.8942794796875001 0.57276394375 0.8959662671874999
1 0.7284918703125001 0.376894775 0.7239227500000001 0.39040746249999997 0.7242158187500001 0.43568054375000004 0.721355915625 0.444366821875 0.719857925 0.46938428749999994 0.7193595734375 0.4979348078125 0.724021221875 0.5088919671875 0.7320159687500001 0.5473771875 0.7394485890625 0.5560035859375 0.742715678125 0.555021284375 0.74987564375 0.548236575 0.7541552921875 0.520276171875 0.758115434375 0.5106201984375 0.766715559375 0.5144233390624999 0.772183125 0.51150165 0.7766513484375 0.5037693078125 0.7673882015625 0.47588769218750004 0.7640130218750001 0.4209996109375 0.769275196875 0.39881325 0.773218525 0.39012066875 0.7798199625 0.384302503125 0.7799544921875 0.376595375 0.7756376125 0.37565719531249997 0.7701195984375 0.3814690578125 0.7611963703125 0.3651449859375 0.7615999546875 0.3420235984375 0.7589728874999999 0.3408618578125 0.7526500984375 0.34089864375 0.7513242484375 0.3411200875 0.7284918703125001 0.376894775
1 0.801464490625 0.8889964546875 0.734307275 0.8893871640625 0.69245979375 0.8933892531250001 0.6607759468750001 0.9004748796875001 0.6601527296875 0.93617898125 0.6984849046875 0.9345201171875 0.7407890171875 0.939148909375 0.751433596875 0.9363786968750001 0.7668194875000001 0.9379141546875 0.7766235984375001 0.9281072937499999 0.7843496390625 0.926979034375 0.789232784375 0.923159025 0.801766325 0.922544453125 0.8192019203124999 0.9170264453125 0.8231281375 0.9079975093750001 0.8231466046874999 0.9069394984375 0.8224230406249999 0.8980497171874999 0.801464490625 0.8889964546875
1 0.7399380734375 0.057761140625 0.7283206437499999 0.061078668749999995 0.70134569375 0.0612356046875 0.6972575562500001 0.0635355625 0.6964612812500001 0.10915406875 0.7004852328125 0.1105313796875 0.7188653078125 0.10609119375 0.7294437 0.1071129640625 0.7834881593749999 0.10138197499999999 0.8133532859375 0.1012082234375 0.842302296875 0.09833151875 0.8461747734375 0.0972256765625 0.8560261625000001 0.08471025625 0.85520460625 0.07659018437500001 0.8486027015625 0.06850374218750001 0.8313656734375 0.0626457984375 0.789977678125 0.060719959375 0.7717488921875 0.0564927578125 0.7518341765625001 0.0409338546875 0.7517788453125 0.0409341765625 0.7477586671875 0.051215759375 0.7399380734375 0.057761140625
1 0.36385526874999996 0.8800099640625 0.3503196703125 0.9417394828125 0.3539603078125 0.9503879421875 0.3537417 0.9629120265625 0.3492398421875 0.9725711499999999 0.343738646875 0.977419621875 0.3312363109375 0.983428325 0.330986796875 0.9977229703124999 0.400084678125 0.9973209703125001 0.400278465625 0.9655311640625 0.3956384859375 0.952072053125 0.3958234625 0.94147475 0.39369024375 0.9395605734375 0.3967315296875 0.889451628125 0.3942079453125 0.878870084375 0.3852006359375 0.8673629671875001 0.3788679234375 0.8633329062499999 0.37558007031249996 0.863352034375 0.36952462656249996 0.86552758125 0.36385526874999996 0.8800099640625
1 0.3970179609375 0.9740720328125001 0.416623171875 0.9810165874999999 0.42825005312500003 0.9771573468750001 0.4340020328125 0.9787488515625 0.43695839531249997 0.97494005625 0.4352207265625 0.964117028125 0.4305456046875 0.9560193765625 0.41837053593749995 0.9521565421875 0.416735909375 0.9521660515624999 0.3970532828125 0.9720484421875 0.3970179609375 0.9740720328125001
1 0.3930209296875 0.4610313625 0.3592644171875 0.4633943796875 0.2712469125 0.48193376250000003 0.27123652656249997 0.4825287921875 0.29915594218749997 0.48541035312499997 0.34138440625 0.494372840625 0.4452699046875 0.50297661875 0.4530243109375 0.5002232203125 0.47130037500000005 0.5017418640625 0.4964620125 0.49509559531249997 0.509090109375 0.48906390312500003 0.5150217453125 0.480362884375 0.5103277140625 0.47334865625000005 0.495980859375 0.4674738984375 0.4555373421875 0.466625878125 0.42271712031249997 0.4599937359375 0.415893078125 0.46003343750000003 0.40551664687500005 0.46258363593749996 0.3930209296875 0.4610313625
1 0.384662221875 0 0.37985032812499997 0.0190578046875 0.3816207859375 0.103817315625 0.3842488625 0.1394438796875 0.3903121875 0.164454228125 0.39505306406249996 0.17213299375 0.3974084875 0.1923484484375 0.40538281875 0.20097169531249998 0.4098005953125 0.196129528125 0.414860978125 0.1855038609375 0.41612937656250004 0.17490025468749998 0.4132154265625 0.1556513421875 0.413144565625 0.1286795421875 0.42035138125 0.08817929531249999 0.425903028125 0.0804406484375 0.42584898281249994 0.0525054578125 0.42542498125000006 0.045764871875 0.41960068125000005 0.0380924109375 0.41504477968750003 0.01981634375 0.41697260468749997 0.0024658484375000003 0.4165015421875 0 0.384662221875 0
1 0.1870606359375 0.1168471796875 0.1976768484375 0.115702103125 0.2284202640625 0.12039815312499999 0.2592582375 0.11967708437499999 0.279366528125 0.1266016359375 0.2995788296875 0.127567359375 0.30732378437499996 0.1253556734375 0.31417153125 0.1193576078125 0.323833809375 0.11767642656249999 0.3286245 0.11915315625 0.32934046875 0.07813530468749999 0.3158062703125 0.08089046718750001 0.2811147359375 0.0816339515625 0.247566246875 0.072079309375 0.23985911718750003 0.07212414843750001 0.2301873828125 0.0743470421875 0.2212993828125 0.086856859375 0.1922747265625 0.0940672578125 0.17862650468750002 0.103354828125 0.1277543953125 0.10999303125 0.12775066562499998 0.11020670156250001 0.1630704140625 0.11157018125 0.1870606359375 0.1168471796875
1 0.2135147953125 0.3850068140625 0.21368655625000002 0.40619826875 0.2114210796875 0.41860090312500003 0.211303728125 0.42532397343749995 0.21370696718749999 0.4360602421875 0.21063349531250003 0.4637216140625 0.21056556249999997 0.4676134671875 0.21214307500000001 0.5256556171875 0.214582578125 0.5410541171875 0.22009199062499998 0.5455390062500001 0.2207320578125 0.5455352828125 0.22487510156249998 0.5409942359375 0.228784796875 0.5342284375 0.2334379953125 0.51589879375 0.24580968906249998 0.4898178984375 0.247737515625 0.472467403125 0.252949240625 0.45317121718750003 0.25846725625 0.4473593546875 0.25858496875000003 0.44061561562499996 0.26252829375000003 0.4319230328125 0.25179495625000003 0.42620571875 0.247205421875 0.40985643437499997 0.25069111875 0.3963500484375 0.2495200171875 0.3703479421875 0.2413529375 0.3563720140625 0.23942066718750002 0.3563832546875 0.22206087343749997 0.3608747625 0.2135147953125 0.3850068140625
1 0.2171581765625 0.9322340468749999 0.22067750468749997 0.9168008796875 0.2208288484375 0.9081303593750001 0.2167642109375 0.8927413140624999 0.21738640468749998 0.8570958421875 0.22022949218750001 0.8493729546875001 0.21985594218750001 0.8397421953125 0.21255785 0.82340866875 0.2010456953125 0.819059546875 0.1957799140625 0.8190901828125 0.1914479046875 0.8225681890625 0.18582899375 0.8341603984375 0.1855767515625 0.848611265625 0.1794365453125 0.8900686015625 0.1781885578125 0.93053418125 0.1832606046875 0.9988322703125 0.21670132187500002 0.9986377187500001 0.21882054218749997 0.961123175 0.2171581765625 0.9322340468749999
1 0.048414621875 0.3632245859375 0.035679209375 0.372614275 0.035659165625 0.3737625703125 0.046759453125 0.3959861890625 0.0454069734375 0.41140675 0.0346604140625 0.437478190625 0.0359660453125 0.45577316718749994 0.0337691640625 0.4885379203125 0.034734875 0.4952753546875 0.0416089671875 0.504868296875 0.04259149375 0.5106423390625 0.040919509375 0.5443673328124999 0.043577620312499996 0.5472417484375 0.0594554234375 0.5375164421874999 0.06367140624999999 0.5442349656250001 0.06675351562500001 0.5538499671875 0.065232875 0.5789044390625 0.0660640578125 0.5933490046875 0.0676723765625 0.594302940625 0.07233879531250001 0.544184540625 0.07088181875 0.5345600828125 0.07480833125 0.5268308921875 0.0883102984375 0.46702815781250007 0.08862980312499999 0.4487237265625 0.08280190312499999 0.4102258984375 0.08428891250000001 0.3870982078125 0.091751565625 0.362972459375 0.08675485 0.338919196875 0.082589315625 0.32931049843750004 0.076248225 0.3276480796875 0.0708474125 0.3276795 0.0563012765625 0.345839425 0.048414621875 0.3632245859375
1 0.0055586640625000005 0.03957023125 0.004602212499999999 0.094365325 0.021711374999999998 0.09325425781249999 0.0514630328125 0.0995810484375 0.081422715625 0.09399018125 0.1132619 0.09109666093749999 0.1066694515625 0.08246850624999999 0.13393752812499998 0.0655185046875 0.1166721328125 0.061285696875 0.10523436093750001 0.054310701562499994 0.0931074125 0.0316316703125 0.0908165 0.030718471874999997 0.0726071921875 0.0308244109375 0.03615386875 0.038462896875 0.0055586640625000005 0.03957023125
1 0 0.93115804375 0.07213394375 0.9293522968750001 0.1049365203125 0.9264531734375 0.122391028125 0.91985174375 0.1262636625 0.9114488296875001 0.1262749 0.9108049781249999 0.12456365625000002 0.905756028125 0.1150432125 0.899311534375 0.10452155468749999 0.8950394921875 0.0814474453125 0.8924654515625001 0.0726968828125 0.8885492765624999 0.043917396875 0.8887167109374999 0.0226805859375 0.892807346875 0 0.89429808125 0 0.93115804375