1 1 0.053992409374999994 0.9996538125000001 0.046559625 0.9474702359375 0.0441291359375 0.9431173484375 0.0638473 0.9434216 0.07037970625 0.9525475859375 0.0912741140625 0.9605223328125 0.146439715625 0.979780021875 0.21174384062499998 0.9837963562500001 0.216737409375 1 0.21686588437499998 1 0.053992409374999994
1 1 0.9489559468750001 0.9758441921875001 0.94874825625 0.9682884484375001 0.9516395624999999 0.945461771875 0.9510512062500001 0.9470796 0.9857866281250001 1 0.988251434375 1 0.9489559468750001
1 1 0.393818009375 0.990057365625 0.4044948578125 0.9802102843749999 0.4251848515625 0.979440953125 0.43187812656249996 0.98457579375 0.4724919390625 0.9803636546875 0.5213221203125 0.9762451734375001 0.540791909375 0.9763821890625 0.5437337015625 0.980398734375 0.5568919 0.9799435000000001 0.570328915625 0.9823795703125 0.5762101828125 0.981513971875 0.6040476031249999 0.9849437265625 0.6080525531250001 0.9923930796875 0.605515609375 0.9963229390624999 0.597046934375 0.9964608140625 0.5884016421875 1 0.58613579375 1 0.393818009375
1 0.6248141140625 0.3737201734375 0.6190731078125 0.40133051875000003 0.6150535109375 0.4078724109375 0.6174863187499999 0.42528914375 0.6165309765625 0.45119978125 0.6195952390625 0.47056852656250003 0.6181014499999999 0.4849184703125 0.6102866031249999 0.5028192125000001 0.6061323921875 0.5064709328125 0.6054931953125 0.5141085390625 0.6057212234375 0.5190044234375 0.61596968125 0.520387328125 0.6221528671875001 0.5254818218749999 0.6345543124999999 0.5712405859375 0.6397886828125 0.5791747921875 0.6540877515625 0.6192541328125001 0.6581171421875001 0.57810585 0.66187078125 0.5542481484375 0.6653038015625 0.546717634375 0.6660347843750001 0.5159900390625001 0.663601978125 0.49857330781250003 0.66839090625 0.48533813906249995 0.7002172921875001 0.483936571875 0.7027912390625 0.48117255156249994 0.68726434375 0.4727589640625 0.6813087765625 0.46094596406250005 0.6707021578125001 0.45372284531249996 0.656938275 0.436739659375 0.6442708671874999 0.37366508593750003 0.64001165 0.37125421406250003 0.6347777812500001 0.3710104421875 0.6274329296875 0.37191954531250004 0.6248141140625 0.3737201734375
1 0.6112649703125 0.1024352421875 0.61440915 0.11349195625 0.6244577390625 0.1783671609375 0.6328942453125 0.1970248203125 0.6430040234375001 0.2051861015625 0.6512129140625 0.23056226875000002 0.6587038749999999 0.240524178125 0.660732846875 0.249270390625 0.6710221062499999 0.2612852359375 0.672467759375 0.25750736406249997 0.6665383015625 0.153410659375 0.6543612125 0.11246885 0.6453381203124999 0.09282256718750001 0.6466524234375 0.0746190578125 0.6537460765625001 0.052839521874999996 0.65668551875 0.0347117046875 0.655019396875 0.0320671296875 0.6126380640625 0.0300931875 0.6107722578125 0.0918565140625 0.6112649703125 0.1024352421875
1 0.6801616125 1 0.6791210921874999 0.993736915625 0.68178804375 0.981364215625 0.6884264609375 0.97302169375 0.681656696875 0.9669385796875 0.6795379828125 0.9562655843750001 0.6736272875 0.9454159765625001 0.6706078984375 0.92701061875 0.6723260375 0.91747763125 0.678740103125 0.9043181546874999 0.669585665625 0.8702462359375 0.666098221875 0.866707234375 0.66141071875 0.8664889109375 0.6483691625 0.8673354578125 0.6445290453125 0.877730915625 0.639291409375 0.8813321734375 0.6335022703125001 0.9195145890624999 0.6370951890625001 0.9850504203125 0.636890246875 1 0.6801616125 1
1 0.7864323625 0.43006825 0.7896247078124999 0.4753980953125 0.7873199828125 0.48394246250000006 0.787399715625 0.50317144375 0.78902271875 0.5380179484375 0.7941183015625 0.5486662828125 0.8045805156249999 0.5876056171874999 0.81256831875 0.596629365625 0.81577371875 0.5958173609374999 0.8225018765625001 0.5894016203125 0.8249926109375 0.5616398921875 0.8283358875 0.5521825953125 0.837182759375 0.5564398500000001 0.8424652640625 0.55380198125 0.84643999375 0.5462967 0.8353879328125 0.5179042046875 0.8284966109375 0.4627890640625 0.832339990625 0.44085814375 0.8357281390625 0.43236423906250004 0.8419594531250001 0.42688665937500003 0.8416004890625001 0.4191795296875 0.837221925 0.41801429375000004 0.83207403125 0.423542334375 0.8221021281249999 0.40673576406249995 0.8210252328125 0.383614378125 0.8191590921874999 0.3827163609375 0.81060105625 0.3823177640625 0.79013786875 0.41678261875 0.7864323625 0.43006825
1 0.7561586203124999 0.9370785953125 0.7578210578125 0.972771778125 0.7961214375 0.9731205109375001 0.8387377234375 0.9799702265624999 0.849208871875 0.9777552437500001 0.8646988234374999 0.9800983109375 0.8738785828125 0.9707962046875 0.8815352515624999 0.9700717453125 0.8861755921875 0.9665041171875 0.8986744453125001 0.9665457234374999 0.9157631796875 0.9619362765625 0.9191878250000001 0.9529066593750001 0.9177702812499999 0.9431109765624999 0.8976414234375 0.9336195093749999 0.8223861906250001 0.9301144406249999 0.7874601718750001 0.9316363171875001 0.7561586203124999 0.9370785953125
1 0.780310575 0.09792214375 0.7689012640625 0.10063396718749999 0.7419263125 0.09937758906250001 0.739040790625 0.1009057359375 0.7412114203125 0.1475100265625 0.7442223015625 0.1486733640625 0.7623248890625 0.1451922109375 0.7729726515625 0.1467692125 0.8266702484374999 0.1438648515625 0.856535375 0.1452558421875 0.8853109546875 0.143893403125 0.889114059375 0.1429894625 0.8981676656250001 0.130978796875 0.896825815625 0.1228082484375 0.8897036171874999 0.1143684765625 0.8720850406249999 0.10760197499999999 0.830558296875 0.10350568906249999 0.812052021875 0.09831945156250001 0.7916136687499999 0.082084203125 0.79096025 0.08205376875 0.7877149375 0.09178056875 0.780310575 0.09792214375
1 0.500156615625 1 0.4994884 0.9884600703125 0.49398480625 0.97474551875 0.4934912296875 0.9641482171875 0.491234640625 0.9621205109375 0.4910682125 0.9121250953125 0.4878660765625 0.9014016390625 0.478118528125 0.889412025 0.47260146406250003 0.8857589656249999 0.46640208124999993 0.885470225 0.4623191453125 0.8867535546875001 0.457575084375 0.9009521156250001 0.4479874375 0.96202884375 0.45218325625 0.970875978125 0.45276657499999995 0.9834000625 0.44888158593750005 0.992832128125 0.44368882187500003 0.9973967781249999 0.437800359375 1 0.500156615625 1
1 0.5274773625 1 0.530111321875 0.9905562625 0.507566721875 0.96846124375 0.5074233687499999 0.9684545671875 0.501271921875 0.9878888984374999 0.5014011546875 0.9906635906249999 0.5048457843749999 1 0.5274773625 1
1 0.4423549171875 0.39890359375 0.44315606250000006 0.43931555937500005 0.4381747609375 0.470035734375 0.438658884375 0.48043004062500005 0.441155640625 0.489210053125 0.44011382499999996 0.5016584453124999 0.4438511453125 0.535478059375 0.46644231875 0.625931275 0.4683015984375 0.596217534375 0.475536390625 0.5542572453125 0.479899459375 0.450639921875 0.476831934375 0.4428066390625 0.477604528125 0.42457789999999995 0.4699373484375 0.3992269640625 0.4633952 0.386425340625 0.45613187499999996 0.38139920156249996 0.452926690625 0.3812499171875 0.4476406875 0.3847302640625 0.4423549171875 0.39890359375
1 0.36051557968750003 0.13265010625 0.3711633453125 0.13422710625 0.390279784375 0.13187425 0.4172295046875 0.132588915625 0.4579947015625 0.140974025 0.4654842453125 0.14640911406249998 0.48243275625 0.1471985046875 0.4938672484375 0.1475096453125 0.5005857546875 0.147282028125 0.5080153484375 0.14168216250000001 0.526092703125 0.13765929999999998 0.5435094359375 0.1400921078125 0.547325621875 0.139469053125 0.5458691124999999 0.10819721093750001 0.525416103125 0.10249290312499999 0.4407890671875 0.10179455625 0.405294978125 0.1033846125 0.380549578125 0.10871851875 0.3730695234375 0.11323495937500001 0.3529644625 0.1150012328125 0.3455633578125 0.1218933875 0.345643059375 0.1236046203125 0.349691203125 0.1272811203125 0.36051557968750003 0.13265010625
1 0.26525730625 0.0997143484375 0.2366835703125 0.10541048125000001 0.22362501406250002 0.11399139218750001 0.172322434375 0.11803598281250001 0.17232574843749998 0.1181071453125 0.208589215625 0.12139914062499998 0.2329263 0.1279380234375 0.2434731421875 0.127348178125 0.2745287328125 0.1336594453125 0.3053320203125 0.1345535953125 0.3258912328125 0.1425381328125 0.3461729078125 0.1445638390625 0.3537791125 0.1427559578125 0.36024531406250004 0.13711122343749998 0.369803534375 0.13593479375 0.373713165625 0.13731808125 0.37182565156249997 0.096792371875 0.35941733125 0.0986945546875 0.3247604796875 0.09762092343749999 0.29238903125000004 0.0868964296875 0.2806191515625 0.0863482390625 0.273347521875 0.0876588125 0.26525730625 0.0997143484375
1 0.26109067656249996 0.45260030156250003 0.247451815625 0.4487218421875 0.221515946875 0.4491354703125 0.208360775 0.4566221546875 0.20855463593749998 0.4607844375 0.2131687984375 0.476314065625 0.2376320359375 0.4855615078125 0.2588014109375 0.48600695156249996 0.27530521406249997 0.4894783125 0.2886413046875 0.4868562296875 0.3176691921875 0.490910909375 0.37823668125 0.4910292015625 0.3935247859375 0.48903857500000003 0.3980642046875 0.483304096875 0.3930454046875 0.47874605 0.3861250515625 0.474639971875 0.367618775 0.46945373593750006 0.341052140625 0.45632456718750003 0.3236354078125 0.4538917609375 0.304140509375 0.448118940625 0.29810785625 0.4424325984375 0.29136411875 0.442118503125 0.28455801875 0.43889066093749995 0.28209099375 0.4387757578125 0.27724125 0.448487696875 0.26109067656249996 0.45260030156250003
1 0.31178929218749996 0.9016556765624999 0.287637371875 0.9005307828125 0.27897296250000003 0.9025901828125 0.24332749062499998 0.9009299687500001 0.23618903125 0.8981345375 0.23123269375 0.8979036921875 0.22588552812499998 0.8979554500000001 0.20986110624999998 0.9047766140625001 0.20495861406250002 0.9191720390624999 0.20499372968750001 0.9199259625 0.20988171093750002 0.925858503125 0.2216947125 0.93181406875 0.236145578125 0.9324871296874999 0.27782370312500004 0.9398336859375 0.3183113609375 0.942259965625 0.3873793375 0.9391314281250001 0.3858280796875 0.9058253109375001 0.36728428750000003 0.9042403968749999 0.3368288140625 0.9028219109375 0.3184215375 0.9033464562500001 0.31178929218749996 0.9016556765624999
1 0.041904742187499996 0.4881341375 0.06447105625 0.4772933734375 0.0799357765625 0.47909472812500004 0.10642671875000001 0.49059875937499997 0.124655459375 0.489826165625 0.15748645 0.4929769046875 0.164179725 0.492207575 0.1734856390625 0.485614028125 0.1792155234375 0.484799828125 0.2129846765625 0.48745372500000006 0.21574869687499998 0.48487977656250003 0.20538309531249999 0.468721428125 0.21192498906249999 0.46470183125000003 0.22140751718749999 0.4619002640625 0.24650614843750002 0.46415032656250005 0.260906553125 0.4637399609375 0.26179425312500004 0.46215969687499997 0.21152129843749998 0.456034440625 0.201963078125 0.45721086875 0.19407933593749999 0.453059921875 0.1351533453125 0.4381684671875 0.11378204843749999 0.437173084375 0.0772314703125 0.44167174062500003 0.054059621875 0.4395114203125 0.0362721265625 0.4335630015625 0.021238715624999998 0.432862809375 0.02016988125 0.4330554453125 0.0218929171875 0.47004972343749996 0.031665296875 0.474684346875 0.041904742187499996 0.4881341375
1 0.0455764125 0.041251484375 0.048127078125 0.096015328125 0.06408918125 0.09581343437499999 0.0942570734375 0.1037049671875 0.1238698921875 0.0996788390625 0.15553564687500002 0.0984510125 0.1483882203125 0.089469528125 0.174581021875 0.073932840625 0.1570381359375 0.068791475 0.14514944375 0.0612107734375 0.1315656734375 0.037875559375 0.1261649703125 0.0354993265625 0.11683204843749999 0.0350646390625 0.0750283625 0.04172873125 0.0455764125 0.041251484375
1 0.15339035625 1 0.15727664218749998 0.9908025468749999 0.14985992812499999 0.8779848625 0.14562576562500001 0.8451034109375 0.138317553125 0.8274596031250001 0.13260164531250002 0.8247090171875 0.1256998953125 0.8243875624999999 0.12414330468749998 0.8248768234374999 0.11809146875000001 0.8342079671875 0.11425135156249999 0.8446034250000001 0.1126196890625 0.867598659375 0.109376634375 0.8754722234375001 0.11084022499999999 0.906896084375 0.11535679843749999 0.92636551875 0.12305579375 0.9988216984375 0.1235012078125 1 0.15339035625 1