1 0.9761904765624999 0.0818452375 0.997354496875 0.065972221875 0.9991181656249999 0.049603175 0.9955908296875 0.046130953125 0.982363315625 0.0416666671875 0.9708994703125 0.03075396875 0.9488536156249999 0.0292658734375 0.9365079359375 0.0322420640625 0.9232804234374999 0.03125 0.917107584375 0.02430555625 0.8959435625 0.014880953124999999 0.8862433859375001 0.0133928578125 0.8694885359375 0.0193452375 0.8730158734375 0.0262896828125 0.8686067015625 0.028273809374999997 0.8474426812500001 0.0272817453125 0.8121693125 0.0352182546875 0.8112874781249999 0.0580357140625 0.8156966484374999 0.0615079359375 0.8747795421875001 0.07638888906249999 0.9250440921875 0.08134920625 0.9462081124999999 0.08978174531250001 0.9761904765624999 0.0818452375
1 0 0.039254590625 0.03527336875 0.057539682812500006 0.0405643734375 0.065476190625 0.05026455 0.06795634843750001 0.0740740734375 0.06845238125 0.0811287484375 0.071428571875 0.14638447968749999 0.0739087296875 0.175485009375 0.0674603171875 0.1834215171875 0.0674603171875 0.19312169375 0.05853174531250001 0.1772486765625 0.0421626984375 0.151675484375 0.03125 0.141093475 0.0297619046875 0.1322751328125 0.03125 0.1137566140625 0.027777778125000003 0.106701940625 0.015873015625 0.089947090625 0.0014880953125 0.06525573125 0.0034722218749999997 0.0643738984375 0.0119047625 0.0582010578125 0.0203373015625 0.0467372140625 0.021825396875 0.028218695312499997 0.0193452375 0 0.0193452375 0 0.039254590625
1 0.46296296249999996 0.06299603125 0.45502645468749997 0.0669642859375 0.45238095312500004 0.0739087296875 0.45590828906249997 0.07688492031250001 0.48148148125 0.07490079375 0.4867724875 0.07688492031250001 0.499118165625 0.0758928578125 0.5123456796875 0.07936507968749999 0.53174603125 0.0744047625 0.5767195765625 0.06845238125 0.6137566140625 0.071428571875 0.6199294531249999 0.07043650781250001 0.63932980625 0.0605158734375 0.6499118171875 0.0505952375 0.651675484375 0.0119047625 0.6507936515625 0.02430555625 0.641975309375 0.0332341265625 0.6234567906249999 0.03075396875 0.5970017640624999 0.03125 0.573192240625 0.0228174609375 0.5590828921875 0.0262896828125 0.5449735453125 0.0248015875 0.5035273375 0.0257936515625 0.45767195781250003 0.0396825390625 0.44885361562500004 0.0481150796875 0.43386243437500005 0.0505952375 0.46472663125 0.053571428125 0.4735449734375 0.05853174531250001 0.47089947031249996 0.0625 0.46296296249999996 0.06299603125
1 0.4885361546875 0.3685515875 0.46649029999999997 0.3730158734375 0.428571428125 0.37847222187499996 0.46472663125 0.389880953125 0.4717813046875 0.3943452375 0.5132275125 0.403769840625 0.517636684375 0.409226190625 0.51851851875 0.419146825 0.5299823640625 0.41765872968749995 0.5335097 0.4136904765625 0.55026455 0.40575396875 0.5634920640625001 0.403769840625 0.5811287484375 0.40575396875 0.604938271875 0.403769840625 0.6208112875 0.4052579359375 0.6269841265625 0.4012896828125 0.65255731875 0.3948412703125 0.6543209875 0.3923611109375 0.65608465625 0.38194444375000003 0.653439153125 0.3769841265625 0.5961199296874999 0.36805555624999997 0.5811287484375 0.35615079375 0.5749559078125001 0.346726190625 0.5643738984375 0.3417658734375 0.5573192234375 0.327876984375 0.554673721875 0.3303571421875 0.5520282187500001 0.359623015625 0.5396825390625 0.3645833328125 0.5238095234375 0.3630952375 0.4955908296875 0.365079365625 0.4885361546875 0.3685515875
1 0.8148148140625 0.3799603171875 0.8315696656249999 0.3869047625 0.8906525578125001 0.393353175 0.9029982359375 0.396329365625 0.9805996468749999 0.390376984375 0.9955908296875 0.3834325390625 0.99823633125 0.3799603171875 0.9955908296875 0.365575396875 0.9902998234375 0.3665674609375 0.9647266312499999 0.3511904765625 0.94797178125 0.3546626984375 0.92768959375 0.362103175 0.91093474375 0.3640873015625 0.8932980593750001 0.356646825 0.8562610234375001 0.34722222187499996 0.7610229281249999 0.346230159375 0.7574955906249999 0.3477182546875 0.7680776015624999 0.356646825 0.7760141093749999 0.3581349203125 0.7848324515625 0.3645833328125 0.807760140625 0.3710317453125 0.8148148140625 0.3799603171875
1 0 0.3950801 0.017636684375 0.40426587343750003 0.0423280421875 0.4126984125 0.0917107578125 0.40972222187499996 0.151675484375 0.41021825468750006 0.186948853125 0.403273809375 0.190476190625 0.3983134921875 0.2001763671875 0.3943452375 0.2019400359375 0.37847222187499996 0.1984126984375 0.375 0.1675485015625 0.36805555624999997 0.155202821875 0.37450396874999997 0.14638447968749999 0.3764880953125 0.1296296296875 0.37450396874999997 0.119929453125 0.3695436515625 0.11022927656249999 0.36805555624999997 0.104938271875 0.362103175 0.0970017640625 0.3685515875 0.08553791875 0.37152777812500004 0.073192240625 0.3700396828125 0.0105820109375 0.3764880953125 0 0.3786878890625 0 0.3950801
1 0.566137565625 0.247023809375 0.6075837749999999 0.24801587343749998 0.6199294531249999 0.24404761874999997 0.65255731875 0.22371031718749998 0.653439153125 0.21825396874999997 0.651675484375 0.2142857140625 0.6305114640625 0.2142857140625 0.6155202828124999 0.20585317500000003 0.6208112875 0.2008928578125 0.6199294531249999 0.196924603125 0.6128747796875 0.196924603125 0.6075837749999999 0.202876984375 0.599647265625 0.20634920625 0.5793650796875001 0.2108134921875 0.5291005296875 0.2068452375 0.5035273375 0.1979166671875 0.4964726625 0.2018849203125 0.49382716093749995 0.2068452375 0.497354496875 0.2147817453125 0.4885361546875 0.21825396874999997 0.46296296249999996 0.221726190625 0.45679012343750003 0.228174603125 0.45590828906249997 0.23115079375 0.463844796875 0.2380952375 0.499118165625 0.2460317453125 0.5114638453125 0.2514880953125 0.5582010578125 0.24950396874999997 0.566137565625 0.247023809375
1 0 0.2173050375 0.0088183421875 0.21924603125000003 0.03527336875 0.23263888906250002 0.08289241562500001 0.24305555625 0.1269841265625 0.247023809375 0.1825396828125 0.246527778125 0.2019400359375 0.2380952375 0.20282186875 0.22916666718749998 0.1992945328125 0.22073412656250002 0.1834215171875 0.215773809375 0.171957671875 0.215277778125 0.1675485015625 0.21180555625 0.1604938265625 0.2108134921875 0.151675484375 0.2018849203125 0.1375661375 0.203373015625 0.1278659609375 0.2008928578125 0.08906525625 0.2053571421875 0.049382715625000004 0.20386904687500002 0 0.20842278125 0 0.2173050375
1 0.9382716046875 0.234623015625 0.94797178125 0.23363095312499998 0.9647266312499999 0.23759920625 0.9876543203124999 0.2296626984375 0.9947089953124999 0.2197420640625 0.9938271609375 0.2132936515625 0.9717813046874999 0.1994047625 0.9691358031249999 0.1949404765625 0.9647266312499999 0.1924603171875 0.9400352734374999 0.1924603171875 0.9294532625 0.1894841265625 0.9223985890625 0.1835317453125 0.9188712515624999 0.1741071421875 0.900352734375 0.18849206406250002 0.8835978843750001 0.1924603171875 0.8456790125 0.19444444375 0.829805996875 0.19990079375 0.82363315625 0.2073412703125 0.8227513234374999 0.2147817453125 0.8315696656249999 0.22619047656250002 0.8350970015625 0.22718253906250002 0.861552028125 0.2296626984375 0.8888888890625 0.2296626984375 0.9382716046875 0.234623015625
1 0 0.56303625 0.0396825390625 0.5823412703125 0.049382715625000004 0.5977182546875001 0.056437389062499996 0.6001984125 0.066137565625 0.6001984125 0.07231040625 0.5873015875 0.0767195765625 0.5823412703125 0.08553791875 0.578373015625 0.0970017640625 0.578373015625 0.104938271875 0.5818452375 0.1613756609375 0.5704365078125 0.174603175 0.565476190625 0.1772486765625 0.5580357140625 0.17283950625 0.5510912703125 0.1622574953125 0.5426587296875 0.15255731875 0.5401785718750001 0.106701940625 0.5421626984375 0.104938271875 0.5401785718750001 0.0952380953125 0.5401785718750001 0.08289241562500001 0.5357142859375 0 0.5347723265625001 0 0.56303625
1 0.08201058125 0.5074404765625 0.069664903125 0.5114087296875 0.06525573125 0.51884920625 0.06349206406249999 0.528769840625 0.066137565625 0.5322420640625001 0.071428571875 0.53075396875 0.08201058125 0.534226190625 0.101410934375 0.5272817453124999 0.08201058125 0.5074404765625
1 0.6208112875 0.5625 0.6340388 0.5570436515625 0.638447971875 0.5505952375 0.6331569671875 0.5426587296875 0.621693121875 0.53720238125 0.5987654328125 0.53125 0.5820105812499999 0.5327380953125 0.5749559078125001 0.5302579359374999 0.4797178125 0.5386904765625 0.44091710781250004 0.547123015625 0.41358024687499995 0.55009920625 0.4955908296875 0.5669642859375 0.5264550265625 0.5689484125 0.537918871875 0.5674603171875 0.55026455 0.5704365078125 0.58377425 0.5634920640625001 0.6208112875 0.5625
1 0.8721340390625001 0.5664682546875001 0.94973545 0.5694444437499999 0.9876543203124999 0.5605158734375 0.9964726625000001 0.5515873015625 0.9947089953124999 0.544146825 0.9885361546875 0.540674603125 0.9647266312499999 0.5357142859375 0.9488536156249999 0.53720238125 0.932098765625 0.5327380953125 0.9250440921875 0.5272817453124999 0.9188712515624999 0.5267857140625 0.8932980593750001 0.5262896828125 0.8862433859375001 0.53125 0.8492063484375001 0.53720238125 0.8245149906250001 0.5367063484375 0.80687830625 0.533730159375 0.79717813125 0.534722221875 0.7874779546874999 0.5391865078125 0.7830687828125 0.5431547625 0.791005290625 0.5505952375 0.809523809375 0.553075396875 0.8165784828125 0.5575396828125 0.8395061734375 0.5634920640625001 0.8721340390625001 0.5664682546875001
1 1 0.6883648765625 0.9850088187500001 0.6875 0.9726631390625 0.68799603125 0.9647266312499999 0.690476190625 0.9559082890624999 0.6889880953125 0.94973545 0.6835317453124999 0.9426807765625 0.68154761875 0.9241622578124999 0.6825396828125 0.9056437390625 0.6889880953125 0.87742504375 0.6884920640625001 0.8492063484375001 0.6929563484375 0.8395061734375 0.6919642859375 0.8174603171875001 0.696924603125 0.7839506171874999 0.6984126984375 0.8315696656249999 0.7043650796875001 0.84391534375 0.71279761875 0.8703703703125001 0.71924603125 0.878306878125 0.7306547625 0.8871252203125 0.7326388890625 0.89417989375 0.7326388890625 0.9250440921875 0.7237103171875 0.9567901234375 0.7242063484375 0.9717813046874999 0.7271825390625 0.9955908296875 0.72470238125 1 0.7209821421875 1 0.6883648765625
1 0.5811287484375 0.7177579359374999 0.5961199296874999 0.715277778125 0.6155202828124999 0.715773809375 0.6375661375 0.7083333328125 0.641975309375 0.690972221875 0.6287477953125 0.6830357140625 0.604938271875 0.68154761875 0.5925925921874999 0.684523809375 0.5776014109375 0.6800595234375 0.57231040625 0.6701388890625 0.5643738984375 0.6736111109375 0.5582010578125 0.6736111109375 0.552910053125 0.6785714281249999 0.53527336875 0.6830357140625 0.519400353125 0.684523809375 0.4955908296875 0.6954365078125 0.47883597812499995 0.6994047625 0.4726631390625 0.702876984375 0.46825396875 0.7068452375 0.4726631390625 0.7123015875 0.4867724875 0.7147817453124999 0.5423280421875 0.7172619046875 0.56878306875 0.7147817453124999 0.5811287484375 0.7177579359374999
1 0 0.72003631875 0.03527336875 0.7321428578125 0.116402115625 0.7395833328125 0.153439153125 0.7390873015625 0.19135802500000001 0.734126984375 0.2045855375 0.734126984375 0.21516754843750002 0.7291666671875 0.2195767203125 0.7237103171875 0.2142857140625 0.7098214281249999 0.1992945328125 0.702876984375 0.190476190625 0.702380953125 0.1834215171875 0.7048611109375 0.1507936515625 0.7048611109375 0.136684303125 0.7008928578125 0.1287477953125 0.7008928578125 0.1146384484375 0.703869046875 0.088183421875 0.7018849203124999 0.024691357812500002 0.7043650796875001 0 0.701491515625 0 0.72003631875
1 0.46825396875 0.8695436515624999 0.47089947031249996 0.872023809375 0.50176366875 0.8710317453125 0.5070546734375 0.872023809375 0.515873015625 0.878472221875 0.5220458546875 0.8794642859374999 0.5520282187500001 0.877976190625 0.56878306875 0.8794642859374999 0.5925925921874999 0.8700396828124999 0.606701940625 0.86904761875 0.6278659609374999 0.8799603171875001 0.636684303125 0.8680555562500001 0.65255731875 0.8611111109375 0.670194003125 0.847222221875 0.6675485015625 0.8373015875 0.658730159375 0.8333333328125001 0.636684303125 0.828373015625 0.6146384484375 0.8348214281249999 0.5934744265624999 0.8358134921874999 0.5582010578125 0.8298611109375 0.5414462078125 0.8298611109375 0.4867724875 0.841269840625 0.4797178125 0.8447420640625 0.47089947031249996 0.84325396875 0.42504409218749994 0.846726190625 0.42592592656250006 0.8482142859374999 0.4391534390625 0.8492063484375001 0.462081128125 0.8482142859374999 0.47089947031249996 0.8511904765624999 0.4770723109375 0.8551587296875001 0.46825396875 0.8695436515624999
1 1 0.83772130625 0.9929453265625 0.8368055562500001 0.9726631390625 0.830853175 0.9400352734374999 0.8298611109375 0.9012345671875 0.821924603125 0.89417989375 0.8214285718750001 0.8880070546875001 0.8239087296875001 0.8765432093750001 0.8447420640625 0.8659611999999999 0.8511904765624999 0.8500881828125 0.8551587296875001 0.8747795421875001 0.8705357140625001 0.8686067015625 0.878472221875 0.8977072312500001 0.88095238125 0.9250440921875 0.8859126984374999 0.952380953125 0.8799603171875001 0.9691358031249999 0.88095238125 0.985890653125 0.8695436515624999 1 0.86804215 1 0.83772130625
1 0.1446208109375 0.889880953125 0.168430334375 0.889880953125 0.1772486765625 0.8859126984374999 0.1984126984375 0.8834325390625001 0.208112875 0.8794642859374999 0.21693121718750003 0.8735119046875001 0.21869488593750003 0.8685515875 0.21516754843750002 0.8606150796875 0.1992945328125 0.8546626984374999 0.16931216875 0.8521825390625001 0.066137565625 0.8501984125 0.056437389062499996 0.8546626984374999 0.041446207812500004 0.8571428578125 0.0229276890625 0.8675595234375001 0.0123456796875 0.8705357140625001 0.016754849999999998 0.8730158734375 0.027336860937500002 0.8730158734375 0.0396825390625 0.8759920640625 0.0573192234375 0.8819444437499999 0.12345679062499999 0.8859126984374999 0.1446208109375 0.889880953125
1 0.647667146875 1 0.6463844796875 0.9920634921874999 0.6278659609374999 0.9761904765624999 0.6128747796875 0.9766865078125001 0.6075837749999999 0.97470238125 0.5978835984375 0.9618055562500001 0.58377425 0.9543650796875 0.5811287484375 0.94990079375 0.5758377421875001 0.955853175 0.5758377421875001 0.96279761875 0.582892415625 0.9727182546875 0.5740740734374999 0.9796626984374999 0.56878306875 0.98115079375 0.551146384375 0.9806547625 0.534391534375 0.985119046875 0.5273368609375 0.985119046875 0.50176366875 0.99404761875 0.46472663125 0.9945436515624999 0.456518790625 1 0.647667146875 1
1 1 0.9869246031250001 0.9894179890625001 0.9826388890625 0.9647266312499999 0.978174603125 0.9329805999999999 0.9766865078125001 0.87742504375 0.9796626984374999 0.8677248671875001 0.9856150796875 0.8694885359375 0.9950396828124999 0.8789852125 1 1 1 1 0.9869246031250001
1 1 0.9874751984374999 0.997354496875 0.987103175 0.9876543203124999 0.9821428578125 0.9673721343749999 0.978670634375 0.9135802468750001 0.9771825390625001 0.8765432093750001 0.9796626984374999 0.8677248671875001 0.985119046875 0.8686067015625 0.9955357140625001 0.8778130515625 1 1 1 1 0.9874751984374999