1 0.037011071875 0 0.03389934375 0.011039128125 0.023473464062499998 0.023010865624999998 0.02313668125 0.04534504375 0.026799639062500002 0.057717684375 0.0264972671875 0.0711216953125 0.01980316875 0.0776057328125 0.011395606249999999 0.0993288546875 0.010413665625 0.10909804999999999 0.010420178125 0.10922233125 0.017310424999999997 0.1259092046875 0.02414465 0.1220989625 0.0263842140625 0.12648523750000001 0.026502228125 0.1479106390625 0.03639466875 0.1832810546875 0.059510585937500006 0.1833667265625 0.062787571875 0.1787878078125 0.0747031875 0.1185476265625 0.07705580625 0.06757035781250001 0.083890725 0.047550734375 0.083674675 0.0434282453125 0.0748481734375 0.015859440625 0.061775975000000004 0 0.037011071875 0
1 0.06399137499999999 0.9349346531249999 0.13007644375 0.9351390234375 0.1591465328125 0.927592384375 0.16716792187500001 0.9273122703125001 0.1749813234375 0.9194665390625 0.17481819062499998 0.916353765625 0.1595886453125 0.90195340625 0.133163721875 0.89182289375 0.12238968593749999 0.8906918640624999 0.11355587812500001 0.8925076140625 0.094655321875 0.88965068125 0.0868944109375 0.8778635609375 0.07977475625 0.8722502000000001 0.0457749203125 0.8734375 0.048858984375 0.9322849515625 0.056703554687500005 0.9321746171875 0.06399137499999999 0.9349346531249999
1 0.045349176562499996 0.4760097890625 0.059688271875 0.477016325 0.1015251921875 0.47455050156249995 0.1471350859375 0.45888994375000003 0.155600934375 0.45005313124999996 0.170571465625 0.44702652656249997 0.1705707796875 0.447013428125 0.1392690421875 0.44509680781250005 0.130093559375 0.4403929984375 0.13255709375 0.4362875921875 0.14055220156249998 0.43550597343749997 0.1483633328125 0.43121382500000005 0.1506691703125 0.424099390625 0.146946409375 0.4212148578125 0.121204840625 0.4241234625 0.1157521140625 0.42230418593749997 0.1033269609375 0.423742928125 0.09123148125 0.4210265671875 0.088317746875 0.42112831718750005 0.0704289828125 0.4263990171875 0.02528983125 0.43400437812500003 0.022739153125 0.433888903125 0.025054512499999997 0.4780685671875 0.031272904687500006 0.48001829999999995 0.045349176562499996 0.4760097890625
1 0.33778302031249996 0.441874384375 0.315737925 0.44716601718750004 0.27770261406249996 0.4540208859375 0.31484900625 0.4642794171875 0.3222156765625 0.46854396875 0.36460453125000003 0.4766097421875 0.3693499703125 0.4819706734375 0.370766890625 0.491969640625 0.38227449375 0.49006051875 0.38562929375 0.4859239875 0.4021428171875 0.477308565625 0.4154066703125 0.4748356921875 0.4333371125 0.47621923749999995 0.457296153125 0.473372878125 0.4734177828125 0.47431716718750006 0.479446378125 0.470087265625 0.50495140625 0.46266511875000005 0.5066025234375 0.46009535 0.5074336890625 0.45294008124999996 0.5071976671875 0.4484365140625 0.50489649375 0.4445798328125 0.44649114062499995 0.43757579062499996 0.4307088390625 0.4260687859375 0.42397060781249996 0.416758065625 0.41301259375 0.41211650468750005 0.4055846640625 0.3990915953125 0.4043535828125 0.3991345859375 0.40260416875000005 0.4009242609375 0.40148105312500004 0.43060639843750004 0.3892661625 0.436057175 0.373144534375 0.43511288906249995 0.344729165625 0.4381148640625 0.33778302031249996 0.441874384375
1 0.3575711734375 0 0.3475870515625 0.0185650828125 0.351985059375 0.035376540625 0.36058194062500004 0.05561295468750001 0.363475434375 0.0724769484375 0.3568870515625 0.0905649546875 0.3493202546875 0.12833085625 0.35336184375 0.224622565625 0.3550531953125 0.22813508906250002 0.363519765625 0.21712466875 0.36460389531250004 0.2090507421875 0.3706563609375 0.1999104171875 0.37596147968750004 0.17650984375 0.3846148875 0.1690644859375 0.390748475 0.151885259375 0.3941385140625 0.0919427953125 0.39571655156249996 0.0835116671875 0.394822678125 0.06645554218750001 0.3863651421875 0.0011387828125 0.3857680984375 0 0.3575711734375 0
1 0.41075655468749994 0.8712519593750001 0.4097658421875 0.88110841875 0.4040280453125 0.88666616875 0.41096798593750006 0.8944598906250001 0.414584234375 0.9059412671875 0.41373365 0.918471521875 0.423569565625 0.9815237124999999 0.424961853125 0.9868324734374999 0.4454330890625 0.9861176015625001 0.45128014375000003 0.9734128640625 0.4569654234375 0.953521359375 0.4551142265625 0.9181984140624999 0.452873115625 0.8983539125 0.4501983921875 0.8377303375 0.44130895781249996 0.8023248953125 0.4361070765625 0.7989349625 0.4315812375 0.78927114375 0.4197146671875 0.788372696875 0.414999546875 0.7885373515625 0.41211598125000004 0.7917366796875001 0.406729740625 0.8231761546874999 0.41390322968750004 0.83542620625 0.416376340625 0.8442688109375001 0.4152577984375 0.861272909375 0.41075655468749994 0.8712519593750001
1 0.1409001046875 0.44698055937500003 0.142892896875 0.45093034843749996 0.164283271875 0.4501833796875 0.1798815921875 0.45817985468750005 0.1747968265625 0.4633816421875 0.17589835468749998 0.4673625546875 0.1830284796875 0.4671135640625 0.1880606796875 0.46090876875 0.1958980921875 0.45711812343749997 0.21616065624999997 0.4518887375 0.2671730578125 0.45412672499999995 0.2934928484375 0.46225121874999997 0.3004127109375 0.45799019375 0.30282368125 0.4528817765625 0.29883809375000003 0.4449822 0.30756677187500003 0.44116043125 0.33322949375 0.4367473140625 0.339126678125 0.4300098890625 0.339860246875 0.42696973906249996 0.3314708984375 0.4202287875 0.29539974999999996 0.4134496625 0.28558460937499996 0.40954352812500006 0.252666471875 0.41069305468749995 0.23550097656250002 0.41202441875 0.22761099843750002 0.414812053125 0.18566895156250002 0.4152718578125 0.17340149375 0.4197196265625 0.141502259375 0.44143288593749996 0.1409001046875 0.44698055937500003
1 0.1953527796875 0.9040113078124999 0.24403305937500003 0.9128622234374999 0.28880660156250004 0.9153180765625001 0.34493005 0.91285578125 0.36409108749999997 0.9036454828125 0.3645092640625 0.8945872781249999 0.3604973953125 0.8861861953125001 0.3441917859375 0.8817313765625 0.3325790515625 0.8816344796875001 0.3279387453125 0.878279565625 0.3207560546875 0.8775255468750001 0.311421246875 0.8688570046875 0.310908528125 0.8688749093749999 0.29718890781249996 0.87081219375 0.29142182031249997 0.8695554 0.278168453125 0.8700182171874999 0.2482744296875 0.874530015625 0.20808863125000002 0.8744260671875 0.16374078281249999 0.88009294375 0.164298978125 0.8907439281249999 0.167905178125 0.8914043968750001 0.1953527796875 0.9040113078124999
1 0.203083115625 0 0.19368012968749998 0.0166318296875 0.1893067171875 0.0194632421875 0.1870327421875 0.0240071359375 0.18834060156250002 0.048962571875 0.185892084375 0.0597628375 0.1802477046875 0.06710311875 0.17090595625 0.0710009234375 0.18643048125 0.089209628125 0.19132999374999998 0.10600357187500001 0.19534450781249998 0.1442579390625 0.201701825 0.160108078125 0.20955135625 0.1660842453125 0.217120634375 0.1667128171875 0.2281881453125 0.1573973640625 0.22900431718749997 0.1537972734375 0.23011056093749999 0.126971740625 0.22866257499999998 0.099342509375 0.2310619015625 0.04925650625 0.22954509218750002 0.039487609374999996 0.23159131249999998 0.028306046875 0.2310754671875 0.0184631265625 0.22362453906250002 0 0.203083115625 0
1 0.5846514093749999 0.8901582031249999 0.5807917984375 0.9027935390625 0.5840106484375001 0.9812560453125 0.615128025 0.9801694015625 0.630221975 0.9448193375 0.6452548140625 0.934472515625 0.6466870859375 0.9296278906250001 0.646029753125 0.9170852249999999 0.6335087781250001 0.9116673796875 0.6282601875 0.90738618125 0.623781059375 0.8986136296874999 0.6231738390625 0.8870271765625001 0.6262639859375 0.8788831953124999 0.6117399906250001 0.8222449953125001 0.6060243062499999 0.8090511375 0.5999061296875 0.807126025 0.59754074375 0.8072086265625 0.59157409375 0.81134154375 0.5836090281249999 0.8223344515625 0.581615309375 0.8322259390625 0.58605020625 0.8785016984375 0.5841376078125 0.8803542796875 0.5846514093749999 0.8901582031249999
1 0.584129809375 0.9008486859374999 0.5837964312499999 0.8944874531250001 0.5819183546875 0.8922417593749999 0.576649609375 0.8939330140624999 0.567274296875 0.8912296109375 0.5644406578125001 0.8913285625 0.5465305578125 0.8985017515625 0.5671552375 0.91784488125 0.5672920671874999 0.9178401031250001 0.5794571671875001 0.9134294453124999 0.5835192546875 0.90575125625 0.584129809375 0.9008486859374999
1 0.5634163578125 0.5020474109374999 0.5739971421875001 0.5409653765625 0.5784541562500001 0.5684895328125 0.5911613499999999 0.48500639375 0.5915325421875 0.45374204531249995 0.589420809375 0.44220813124999997 0.59096756875 0.4339441203125 0.5904820281250001 0.42467946406249996 0.5829798937499999 0.39600242343750003 0.5800150953125 0.35860429374999997 0.57379790625 0.345427953125 0.5679480296875 0.3417648765625 0.5661816875000001 0.341826559375 0.559300984375 0.34682709375 0.5543916546875 0.3586061875 0.5495880421875 0.3819892484375 0.5519800296875 0.39887075625 0.5498461828125001 0.406088446875 0.5634163578125 0.5020474109374999
1 0.4903918265625 0.10125345625 0.5075624171875 0.105175646875 0.514981653125 0.11044320625 0.5212467921874999 0.11072684531250002 0.547119778125 0.1103257625 0.553987078125 0.105061728125 0.5911048390625 0.09773648124999999 0.6160865578125 0.09736652031250001 0.6340695671875001 0.099753075 0.6438209234375 0.0984077046875 0.6533883 0.09355180468749999 0.6574489031249999 0.0895661875 0.6574301515625 0.08920840468749999 0.649218734375 0.0821416953125 0.63037074375 0.08028777031249999 0.623004071875 0.07602321875 0.5995157765625 0.0708143796875 0.5663812515625 0.0689569296875 0.49754007031249997 0.06872029375000001 0.48622720625 0.0691153484375 0.4499408515625 0.07905218593749999 0.44318919843750004 0.0865228390625 0.4436780578125 0.0958508234375 0.450100896875 0.0991434890625 0.47442789375 0.1033181953125 0.4903918265625 0.10125345625
1 0.6886752609375 0 0.6910675984375 0.0064825828125 0.6900301765625 0.015447778125 0.6848405921875 0.0218792796875 0.6832082484375 0.029079456250000003 0.6851921515625 0.047761009375 0.692692603125 0.0662499171875 0.6936857953125 0.09478793125 0.69969403125 0.1231508125 0.6992048265624999 0.13298976093749998 0.7053876015625 0.1550962703125 0.7086670671874999 0.188911825 0.712162821875 0.140573328125 0.72003446875 0.1277978890625 0.72515275 0.100832253125 0.7362669703125 0.0924080671875 0.737158465625 0.087204415625 0.73643544375 0.073408359375 0.7267703171875 0.0454161703125 0.7255902875 0.0133130953125 0.7275230984375 0 0.6886752609375 0
1 0.67307343125 0.4003923453125 0.6534393046875 0.4005755625 0.63155190625 0.40887622187500006 0.6280154734375001 0.426584496875 0.64180498125 0.4341417140625 0.665948 0.43480588906250006 0.678268021875 0.43136113125 0.6936560828125 0.43534556875 0.6995239828125001 0.44517995312499997 0.6995497203125 0.4451790546875 0.707366740625 0.44139827187499997 0.7136055984375 0.44118040625 0.718690365625 0.43597861875 0.7362791343749999 0.43084260468749996 0.7522430671875 0.42877786562500003 0.77572901875 0.4169044265625 0.792452803125 0.41230104062499995 0.7985076796875 0.40857264375 0.802330178125 0.40482073749999997 0.8022803625 0.40387020468749996 0.7980083078125 0.39904405781249996 0.783616646875 0.3970345125 0.7273354999999999 0.3964877828125 0.7007289437499999 0.399929015625 0.6880935328125 0.3973557203125 0.67307343125 0.4003923453125
1 0.6793448828125 0.8875791656249999 0.688283821875 0.8877694328124999 0.6952825328125 0.8850129203125 0.7282593578125 0.8838613453124999 0.7427298703125 0.8873754015624999 0.750751259375 0.8870952890625 0.7648538125 0.8835882828124999 0.7916969140625 0.884660590625 0.8557366203125 0.8799121624999999 0.8742681203125 0.8814132750000001 0.873207775 0.8611806625 0.8435696015625 0.85220139375 0.7711584703125001 0.8481065484375 0.7206629140625 0.8498698921875001 0.6857104609375 0.8557042687499999 0.6723414765625 0.8561711234375 0.661909115625 0.861559653125 0.6577418984375 0.8672318203125 0.6638254078125 0.8810872046875 0.6793448828125 0.8875791656249999
1 1 0.42379089218750005 0.9884494234375 0.42332948125 0.9653290828125 0.4251417046875 0.9562587296875 0.4224439140625 0.949809609375 0.4186497453125 0.9579600656249999 0.4037948765625 0.9551548546875 0.4013807265625 0.9240131249999999 0.4034730640625 0.9186129656249999 0.4026567984375 0.909358634375 0.3964484734375 0.9039689781250001 0.39577586875000004 0.9001791296875 0.3959082125 0.872843028125 0.3982260484375 0.8574558046874999 0.39740014375 0.8554745953125 0.3974693296875 0.8322653343749999 0.4076818125 0.8180576500000001 0.40918279843749994 0.7973738828125 0.39949825156249996 0.7956450578125 0.39955862343750004 0.7878071859375 0.4112440125 0.7721323625000001 0.41882530156250003 0.7550429671875001 0.4334899015625 0.75824241875 0.44342662343750006 0.7673653359375 0.44712742031249997 0.7899098046875 0.451364375 0.8118497671875 0.444066725 0.833187578125 0.4423167484375 0.8691535937499999 0.44708985312499994 0.886087640625 0.44649850312500006 0.9407416046874999 0.43303423125 0.94768775 0.4292747125 0.956679253125 0.43046798593749996 1 0.42565469375 1 0.42379089218750005
1 0.7871228171875 0.062656734375 0.8079373203125 0.06795894218750001 0.8409667109375001 0.0678103765625 0.8806029203125 0.0744650046875 0.8877593296875 0.0747175203125 0.8938667734375001 0.0719921328125 0.904349353125 0.0505243375 0.9147028640625001 0.0436312921875 0.93030865 0.0391245109375 0.9302981375 0.038923928125 0.9047651812499999 0.024383853125 0.9105835171875001 0.016141914062500002 0.8810403390625 0.014661474999999998 0.8634788203125 0.012111364062500001 0.844717959375 0.0127665078125 0.8258344375 0.017594153125 0.8088478234375 0.01718249375 0.7925182828125 0.029308445312499997 0.78365535 0.030568476562500002 0.7853281562500001 0.062487518750000005 0.7871228171875 0.062656734375
1 1 0.839960840625 0.9703071187500001 0.8385468390625 0.8659239140625001 0.840182290625 0.8563565359374999 0.845038190625 0.8413364328125 0.8480748171875 0.8231717953125001 0.8592600078125001 0.8126343046875 0.8626425203125001 0.81722204375 0.8649944234375001 0.82791723125 0.864620940625 0.8405526468750001 0.8671942343750001 0.8586933515625 0.872589815625 0.9257485328125 0.8742675765625 0.94734916875 0.8775326437500001 0.9714133421875 0.8766923046875 0.9801157359375001 0.8723690312500001 1 0.8693249906249999 1 0.839960840625
1 1 0.019866815625 0.928021203125 0.0223803703125 0.9286462328124999 0.034306634375 0.9341073671875 0.036286390625 0.9592993484375001 0.03992846875 0.991463759375 0.0403125296875 1 0.0395548578125 1 0.019866815625
1 1 0 0.9816799515625 0 0.9828644093750001 0.0479329375 0.9873337203125001 0.085278528125 0.9933173625 0.093998540625 1 0.0931960828125 1 0