1 1 0.0595083859375 0.9990209078125 0.0258591484375 0.9927274515625 0.02535196875 0.9858427125 0.017818535937499998 0.9626896140625 0.0075142515625 0.9521666953125001 0.0058473078125 0.934258375 0.012166015625 0.9382859703124999 0.019682825 0.9335863718749999 0.021796450000000002 0.9106980765625 0.02059280625 0.8728520640624999 0.028936484374999998 0.8726162046875 0.0535562125 0.8774871453124999 0.0573312390625 0.9417639671875 0.073762428125 0.9962054468750001 0.079431571875 0.9996397359375001 0.0808030375 1 0.0808051328125 1 0.0595083859375
1 0.046316775 0.0092113375 0.0262388921875 0.006418321875000001 0.00052460625 0.006268720312499999 0.0012215812499999999 0.030222198437499997 0.0350573328125 0.0476832046875 0.0410208453125 0.056281759375 0.05157491875 0.059019367187500005 0.07730478125 0.05970430156249999 0.08501728750000001 0.0629606203125 0.126820565625 0.0647894765625 0.1604654484375 0.06498521562500001 0.1867974375 0.059270829687500005 0.195368865625 0.059320696875 0.204565371875 0.050684132812500005 0.2045071046875 0.0486815796875 0.1879077953125 0.0319799828125 0.1599460625 0.0200419984375 0.1484707609375 0.0183695140625 0.1389936796875 0.0199201015625 0.11888464375 0.0160564203125 0.1108917609375 0.0031641296875000004 0.10788187499999999 0.0006276390625 0.0638125015625 0.00037125 0.058650995312499996 0.0076773734375 0.046316775 0.0092113375
1 0.5995847171875 0.017066684375 0.58429989375 0.0153720359375 0.5395691421875 0.01618228125 0.490481475 0.0308834546875 0.48122246718749995 0.0399286890625 0.465220375 0.04249344375 0.465221221875 0.042522500000000005 0.4985366671875 0.045917075 0.5082162421875001 0.051325801562499995 0.5054837109375 0.055591834375 0.4969278609375 0.0560773 0.48848104374999995 0.0603100875 0.4858419734375 0.0677881109375 0.48974495625000003 0.0710222671875 0.5173016984375 0.069041621875 0.5230782890625 0.07121619375 0.5363804703125 0.0702231015625 0.5486674171875 0.0734926515625 0.552906875 0.073517315625 0.571571834375 0.068822115625 0.6199563453125 0.0626807125 0.660049803125 0.06612541718750001 0.6666853171875 0.06509353749999999 0.6873261687500001 0.05450879843749999 0.6984432078125 0.043868648437500005 0.6988606468749999 0.01860603125 0.6986884437499999 0.012687770312499999 0.69857003125 0.0155015984375 0.6893266 0.025082165625000003 0.6692487171875 0.02228915 0.6406928656249999 0.0226582578125 0.6147137781249999 0.013408014062500001 0.5995847171875 0.017066684375
1 0.542894978125 0.37507235781250003 0.5456547734375 0.3779450734375 0.5773224890625 0.38098596875 0.58306376875 0.394350446875 0.5819565796874999 0.4114839625 0.5849846750000001 0.44197260937499994 0.5889536890625 0.4496134609375 0.5944644625 0.4734510140625 0.60152966875 0.5143506046875 0.6015696 0.5143508375 0.6127211703125 0.475461665625 0.617317465625 0.46787064999999994 0.6261863328125 0.42316791875000004 0.6319364265625 0.41844027500000003 0.641732515625 0.41762376718749994 0.641531678125 0.410721396875 0.640649109375 0.4051598875 0.6362556078125 0.4013254453125 0.6271637796875 0.383180378125 0.6246067796875 0.36888220625 0.6261938796875001 0.34984704375 0.6233043421875 0.3241203015625 0.6244115328125 0.30698678749999997 0.6199348953125 0.3002952046875 0.61217195 0.2726356671875 0.6094398671875 0.270715334375 0.6000096515625 0.26907078906250004 0.5975617875 0.269056546875 0.5928722890625 0.271571165625 0.585037559375 0.3334198671875 0.5726606890625 0.349535596875 0.5626833625 0.35614308906250003 0.55766258125 0.3675405140625 0.542894978125 0.37507235781250003
1 0.9073072953124999 0.3596673734375 0.9003391671875001 0.3777190078125 0.89523651875 0.44148804531249997 0.8927286234375 0.45331219218749996 0.892908546875 0.45949578437499994 0.895419725 0.4832534625 0.9308272328125 0.48345945625000003 0.9301263093750001 0.48168425625 0.9274584640624999 0.46357655937500003 0.9349342140625 0.44457565781249997 0.9439416390625001 0.4046348328125 0.9430678484374999 0.3578804328125 0.941395203125 0.3003953390625 0.9403026234375 0.29796505156249997 0.9309991875 0.3093375625 0.92964259375 0.317899646875 0.92296039375 0.32738296875 0.9167215765625001 0.35210438593750004 0.9073072953124999 0.3596673734375
1 0.050193365625 0.429906778125 0.069507109375 0.4300191421875 0.10635906875000001 0.42801061718750005 0.17113654843749998 0.4289227234375 0.2090137171875 0.4216497078125 0.212667475 0.41631855156249997 0.22301905312499998 0.41209684375 0.22407927968750002 0.3991903203125 0.223943196875 0.3945134828125 0.220506803125 0.3912078203125 0.1869553984375 0.3835192453125 0.1738245609375 0.390400990625 0.16436305625 0.39248690937499997 0.1462055125 0.39024030781249996 0.13557355625 0.3848260375 0.1250506375 0.38315909375 0.11914943281249998 0.37670186562499997 0.1107804984375 0.383611315625 0.0984930046875 0.386751275 0.0851129421875 0.385067709375 0.017696390625 0.3916336265625 0.011432399999999999 0.3929061078125 0.012055775000000001 0.4143301359375 0.026187725000000002 0.421656540625 0.050193365625 0.429906778125
1 0.5371071453125 0.206688765625 0.5344057671875 0.21202546249999998 0.5384645171875 0.22061293593750003 0.5290497421875 0.2243048515625 0.5015397312500001 0.22789149218750002 0.49507555937500003 0.234812021875 0.4942166375 0.23801847187499997 0.5030061390625 0.2455629859375 0.5413506015625 0.254349928125 0.552833415625 0.2594229125 0.5756115984375 0.25955543125 0.6052691609374999 0.258468484375 0.6137627078125 0.2558416921875 0.658555765625 0.2571727734375 0.6717644859375 0.2529676890625 0.7063639421875 0.231224090625 0.7065653046875 0.22970735000000003 0.70639189375 0.2237476015625 0.7051156062499999 0.2210472421875 0.6822584640625 0.2209142640625 0.6658031859375 0.21171942812500003 0.67136170625 0.20639935468749998 0.6703330937499999 0.2023037921875 0.6625001328125 0.20225822187500003 0.6571382984375 0.20845756875000002 0.6486759046875 0.212155025 0.6269113328125 0.216845575 0.57250100625 0.21224709531250002 0.5446015796875 0.20245043749999997 0.5371071453125 0.206688765625
1 0.16507554687499998 0.20425672968750003 0.14988418125 0.20577407499999997 0.1393301078125 0.20303646562500002 0.0975655359375 0.20761065625000003 0.0546616625 0.205755325 0.0062204640625 0.20994847343749998 0.00654263125 0.221020646875 0.0113350125 0.22209573906250002 0.040327007812499996 0.23671592343749998 0.09208268750000001 0.24825709687500003 0.1170175453125 0.2506384671875 0.20324476093750002 0.25114012343750003 0.22049835 0.24365178437499999 0.220934103125 0.2374070390625 0.22081225937500001 0.23321954531250003 0.217096028125 0.2248985453125 0.1997974046875 0.21944549218749998 0.18740087656249999 0.2188381296875 0.1825299359375 0.21506310312500002 0.17487973437499998 0.2139481125 0.16507554687499998 0.20425672968750003
1 0.9343145953124999 0.152705378125 0.922279075 0.16215755468749998 0.92131925625 0.1659608515625 0.9194739421874999 0.1945167078125 0.9203329968749999 0.2240405171875 0.9172126875 0.2677917515625 0.9649962484374999 0.268069746875 0.9711718984375001 0.2605206390625 0.9807492078125 0.2569503984375 0.9807255734375 0.2561381578125 0.9651257937500001 0.23667996875 0.9603166203125 0.21855981562500001 0.9569837 0.1775949765625 0.95059624375 0.1604178609375 0.942372284375 0.1537044765625 0.9343145953124999 0.152705378125
1 0.088439834375 0.5788010156250001 0.0939317125 0.5835940640625 0.0984914828125 0.5931427890625 0.09885173124999999 0.6055237421874999 0.0953538109375 0.61407336875 0.10943997812499999 0.67509738125 0.1152089671875 0.6894142421875 0.120219171875 0.6912075046874999 0.1250101078125 0.691235378125 0.1306781703125 0.6875998 0.139446275 0.676224175 0.14181810781249998 0.6657635546875 0.1382357875 0.6162272890625 0.1403216890625 0.614334984375 0.1400168640625 0.60385879375 0.1444468921875 0.5905534921875 0.1431346359375 0.5165931390625 0.142820484375 0.5057964734375 0.11017896406250001 0.5056065703125 0.09276783125 0.5435940625 0.07647736875 0.5539737062500001 0.074132975 0.5612347062499999 0.07444946718749999 0.572111821875 0.088439834375 0.5788010156250001
1 0.08576183750000001 0.5474854015624999 0.0935397015625 0.567635684375 0.0947040875 0.5676424578125 0.11436481093749999 0.5479588859375 0.114327440625 0.546674525 0.10999914531249999 0.5342953328125 0.10183060937499999 0.5294867109375 0.0910685484375 0.5275196609374999 0.08740435937499999 0.5303550031250001 0.0891766234375 0.53607863125 0.08576183750000001 0.5474854015624999
1 0.5298754531250001 0.5697125640625 0.48823549374999997 0.5785694125 0.4590350671875 0.5815858875 0.4590371765625 0.5816583796875 0.5479061749999999 0.6003262171875 0.5813018140625 0.6026614734375 0.5936360374999999 0.6011275078125 0.6029368921875 0.603406215625 0.6118002625 0.60345778125 0.6430352328125 0.597132971875 0.68300408125 0.5962950234375 0.697118453125 0.5904894828125 0.701257540625 0.58419688125 0.7012197265625 0.5828973046875 0.6957143515624999 0.5749593171875 0.6831620578125001 0.5689986359375 0.658213234375 0.5624305921875 0.640164725 0.5639313125000001 0.6324677953125 0.5612103265624999 0.5298754531250001 0.5697125640625
1 1 0.55957316875 0.9762656749999999 0.5589753890625 0.9688023937500001 0.56428438125 0.9289893125 0.5704756515625 0.9023070687500001 0.569785178125 0.883165990625 0.5664623703125 0.8727209531250001 0.5674720859375 0.8623849515625001 0.5722291234375 0.857747659375 0.576484075 0.8665527359375 0.584563921875 0.8866306187499999 0.5873569375 0.8943898562499999 0.5922192500000001 0.9193386796875 0.59878729375 0.9546702343750001 0.6022042953125 0.9987192921875 0.604146575 1 0.6041540265625 1 0.55957316875
1 0.9530268515625 0.7114450765625 0.95036781875 0.675245259375 0.9454402546875 0.7266364546874999 0.9367275718749999 0.73991684375 0.9305996015625 0.7684477843749999 0.9185363703125 0.7769475796875 0.9166721578124999 0.78645893125 0.9168938484375 0.79407798125 0.927499725 0.827467371875 0.927558403125 0.8318189546875001 0.9709255125 0.8320712578125 0.970676396875 0.8235097078125 0.9643633062499999 0.8067330046875 0.9640118718749999 0.7762599296875 0.9583071171875 0.7457557078125 0.95907295625 0.7352857484374999 0.9530268515625 0.7114450765625
1 0.6371987906250001 0.694330440625 0.63712446875 0.6733811734375 0.6284017046875 0.6495249328125 0.60952653125 0.644654021875 0.60137689375 0.6588899046875001 0.6005191046875 0.6845948468749999 0.6041190578125 0.6979468671875 0.599772165625 0.7141093140625 0.58959103125 0.7195686796875 0.589620984375 0.7205980890625 0.5932285234375 0.7283545390625 0.593422503125 0.73502120625 0.598942090625 0.7407666359375 0.6043143078125001 0.7598422859375 0.606419109375 0.7769944859375 0.6189446203125 0.802777290625 0.6237537921875 0.8208974437500001 0.6276950953125 0.8275859125 0.6314566484374999 0.8316585203125 0.63297424375 0.83166735 0.6378664015625 0.8276450875 0.640099678125 0.8124225640624999 0.6410305171874999 0.7524381359375 0.6375225125 0.7238511359375 0.64034654375 0.7105364890625 0.6371987906250001 0.694330440625
1 0.116480028125 0.6693424734375 0.11622181093749999 0.67886316875 0.11912016249999999 0.686497790625 0.1201454859375 0.7217358859375 0.11630621562500001 0.7369490640625 0.1165556171875 0.7455204921874999 0.1202109921875 0.7607772749999999 0.118901009375 0.7893362453125 0.12357289375 0.8579232453125 0.12176128125 0.8786847359375001 0.1431107671875 0.87880894375 0.1532189421875 0.8466690859374999 0.1582233234375 0.7667049453125 0.156801821875 0.7178510796875 0.1504553421875 0.6781101140625 0.1500396703125 0.6638244 0.1443538140625 0.652364684375 0.1383266046875 0.64756851875 0.1235035796875 0.6531956 0.116480028125 0.6693424734375
1 0.6418493546875 1 0.6364763671875 0.9832535124999999 0.6347406296875 0.9603901406249999 0.6400561546875 0.9223322765624999 0.6395296359375 0.9042370390625001 0.62549889375 0.8451177859375001 0.6215298765624999 0.8374769375 0.622858759375 0.8279624703125 0.6176752 0.7784623359375 0.6175951109375 0.7784618703125 0.6160921546875 0.779359896875 0.6154371624999999 0.7936393828125 0.6172283234375 0.8184075156249999 0.614293446875 0.8279126390625 0.610204771875 0.8345543921875 0.594403034375 0.8249402609375001 0.59180950625 0.82778183125 0.5938500703125 0.8611213953125001 0.592945675 0.86682945 0.5862634765625 0.876312775 0.5853867921875 0.8829732109374999 0.5879349765625 0.9153635078125 0.5868555 0.9334494 0.597775015625 0.9592228609375001 0.5992890625 0.974467184375 0.5881768359375 0.9972558093749999 0.5919292453125 1 0.6418493546875 1
1 1 0.8793840921875 0.9935914406249999 0.8780448671875 0.9859568171875001 0.8774652093749999 0.9793680328125 0.8801030843750001 0.967641296875 0.9025149921875 0.9564152203124999 0.9094078187499999 0.939396975 0.9135907390625 0.966546515625 0.9303411703125001 0.9601290734375001 0.9388676953124999 0.991635528125 0.9417272015625 1 0.9432843125 1 0.8793840921875
1 0.1580598234375 1 0.161863465625 0.9876812234375001 0.1640677625 0.91627756875 0.166766534375 0.899244371875 0.1657790234375 0.8653058265625001 0.1623773625 0.8581823296875 0.159035628125 0.8353096140625 0.15444814843750002 0.8248085078124999 0.14774705 0.815247325 0.142338309375 0.81331141875 0.13388384375 0.8170711109375001 0.12795866718749999 0.83417659375 0.126224196875 0.866541975 0.127325109375 0.9779580875 0.1324479234375 0.9884623078124999 0.1346889265625 1 0.1580598234375 1