1 0.863015503125 0.0648146234375 0.8626209499999999 0.0874186015625 0.8590755921875 0.096302415625 0.8607766890624999 0.11538442499999998 0.8584273984375 0.17228333906249998 0.860023625 0.1745404890625 0.8663952109374999 0.17483725 0.8807693406249999 0.1742288265625 0.8898136609374999 0.1610766578125 0.89416278125 0.1449911265625 0.9031281906249999 0.1363597546875 0.9125659390624999 0.1395140078125 0.9205066343749999 0.1507425828125 0.92858936875 0.153833725 0.9288892296875 0.1366547 0.9143155046875 0.116973140625 0.907792953125 0.102191040625 0.91362334375 0.0789353453125 0.9137130859375 0.0425568703125 0.85625 0.039880484375000004 0.85614293125 0.046014428125 0.863015503125 0.0648146234375
1 0.877153165625 0.2921146578125 0.8474105234374999 0.2853049109375 0.8049032171875 0.2840031578125 0.7884036609375 0.296117771875 0.7858398484375 0.310965071875 0.7857889953125 0.313878515625 0.8005888531249999 0.3238076125 0.8267030343749999 0.331126415625 0.828345790625 0.34069573750000004 0.8236594296874999 0.3499702703125 0.8272259765625 0.35284649687499997 0.829475296875 0.3529512609375 0.8618706312500001 0.3381888359375 0.898036996875 0.3398733109375 0.9288375375 0.33791757968749997 0.93885424375 0.33431577031250004 0.9514007140625 0.32235349375 0.951490896875 0.31718690625 0.9503900562500001 0.2955257203125 0.9434642578125001 0.27757365 0.9398712734375 0.2760501890625 0.9334002484375 0.2838854859375 0.9151633296874999 0.29185083437500003 0.877153165625 0.2921146578125
1 0.8776244468750001 0.47539089375000004 0.8637440109375 0.4548367296875 0.8422058343750001 0.445689525 0.84026800625 0.440169903125 0.8342020109374999 0.43807758750000003 0.8315708953125001 0.43343056874999997 0.8304381578125 0.4435798875 0.8303542531250001 0.448386740625 0.8352571624999999 0.455319721875 0.8662612749999999 0.5825440546875 0.8625107515625 0.6031819375 0.8701831500000001 0.6297812171875 0.8785728718750001 0.6398442078125 0.8999934265625 0.6408418874999999 0.9053977203124999 0.63232625625 0.9106137328124999 0.60542236875 0.9119067453125 0.5701917203125 0.9089611109375 0.5447174875 0.8910167609374999 0.4850635921875 0.8776244468750001 0.47539089375000004
1 0.8589102578125001 0.8337266624999999 0.875785925 0.7992217859374999 0.8809703703125 0.77412621875 0.8819172999999999 0.7198766703125 0.8742933765625001 0.651654515625 0.8664158078125 0.636809303125 0.860907521875 0.6343301203125 0.8579602765625 0.63419285 0.850155646875 0.636051975 0.834919071875 0.6543450984375 0.8344513796875 0.66160420625 0.8342944687499999 0.670593665625 0.838904075 0.6979656249999999 0.8336880640625 0.7248695109375001 0.8375310265625 0.77662746875 0.8472359484374999 0.8033214140625 0.8509222171875 0.8252105656250001 0.8589102578125001 0.8337266624999999
1 0.799577071875 0.891599803125 0.7778654281249999 0.8912666249999999 0.76956243125 0.9003727125 0.7523361046875 0.9022826140625 0.7223860578125 0.9002268109375 0.7223792953125 0.9006141734374999 0.7332541546875 0.9068183171875001 0.7322672140625001 0.9115187546874999 0.7239996984375 0.9185923218750001 0.7492688484375 0.92248148125 0.7707439765624999 0.9363647953124999 0.796013128125 0.94025395625 0.8302292640625 0.9499842890625001 0.8373561031250001 0.9564187453124999 0.86643110625 0.9496362453125 0.91880138125 0.9561437749999999 0.9288299125 0.9518644578125001 0.9344780671875 0.9334978953125 0.9344869375 0.9329897609375 0.9275419359375 0.9219699359375 0.9122421859375001 0.9171889921874999 0.9133473859375 0.9057134906250001 0.8464514359375 0.901919703125 0.8275587015625 0.8956153 0.799577071875 0.891599803125
1 0.51501935 0.9056247531249999 0.47912727187500004 0.9030481578125 0.46838185781249997 0.8971183171874999 0.46445885625 0.8887915515625 0.463561525 0.8625078265624999 0.4534316140625 0.8213157796875 0.45050176249999996 0.7949373875 0.44943965312499995 0.793435509375 0.44883017968749994 0.793407121875 0.433311578125 0.80861505 0.43012808593749996 0.8356136015625 0.422958465625 0.8579020249999999 0.42207578906250004 0.8696245390625 0.404746459375 0.911354234375 0.4047185578125 0.912952675 0.4056882453125 0.91501088125 0.417867584375 0.9164830374999999 0.4272106390625 0.9250622453125 0.42678452031249997 0.9494745421875 0.431148296875 0.9713952484374999 0.43878164999999997 0.9727726875 0.4461780359375 0.9731171796875 0.46722976093749996 0.963121934375 0.47304436718750004 0.9407703984375001 0.46860168125 0.9233704875000001 0.478323509375 0.9102498765625 0.5149404390625001 0.9101455484375001 0.51501935 0.9056247531249999
1 0.4577337703125 0.687363775 0.45429889062499995 0.6899184765624999 0.45480279218749997 0.69989578125 0.44423111875 0.709811396875 0.44407651562500006 0.7186686046874999 0.4442298546875 0.7229305874999999 0.44908287812500003 0.7168223625000001 0.462002853125 0.7147094375 0.45965468906250007 0.732697953125 0.46176499375 0.767182221875 0.47216320312500004 0.7930035640625 0.484488103125 0.8466723359375001 0.4854854890625 0.846718790625 0.4896509953125 0.8399676749999999 0.5147548140625 0.6836853125 0.5044670828125 0.6515348578125 0.48401674687499996 0.6189110703125 0.479668753125 0.5960862046875001 0.4577337703125 0.687363775
1 0.517693496875 0.509610440625 0.5238384046875 0.5071819609375 0.5057351078125001 0.49548005625 0.4890972984375 0.4775121484375 0.484371659375 0.43747670312500003 0.47852661249999995 0.42272615937499997 0.4697663703125 0.4196034609375 0.4589262625 0.41909857500000003 0.439498390625 0.4444356390625 0.4400338578125 0.4526046265625 0.44720235468749997 0.4692266 0.4463354609375 0.480044953125 0.42454476874999997 0.4853642953125 0.438725065625 0.48873943750000004 0.44466480468749997 0.4980650265625 0.441765390625 0.5087887140625 0.4252053671875 0.5252104078125 0.42072138125 0.5336816453125001 0.42063272031250004 0.5387610281249999 0.4208878125 0.539487621875 0.425535665625 0.5451334640625001 0.44116566874999996 0.5431467624999999 0.44649103125 0.548824159375 0.45847985781249995 0.6000566234375 0.46993434531249995 0.6042097 0.474878496875 0.621041840625 0.475261553125 0.62105968125 0.49216693749999996 0.5735739046874999 0.49191554843749996 0.5491300515625 0.4869216140625 0.5244653125000001 0.4885133578125 0.5109660359375 0.49402810625000004 0.5057935234375 0.517693496875 0.509610440625
1 0.5487813312500001 0.2955094546875 0.5489587203124999 0.28534685312499997 0.542747865625 0.2782770015625 0.5292800859375 0.27222526875 0.5268277796875 0.25719378593750003 0.5178216640625 0.2547401453125 0.5096369296875001 0.2570711671875 0.501345759375 0.265499746875 0.4941243125 0.2644853453125 0.48445055937500003 0.2484394578125 0.45456600312499995 0.24975979218750002 0.418210815625 0.2430976328125 0.413958440625 0.24289957499999998 0.4094053515625 0.244944171875 0.41016759843750006 0.2531163640625 0.4032951265625 0.2609329640625 0.362093428125 0.25969202187499996 0.38008200312499996 0.2659543140625 0.3871142359375 0.27780882500000004 0.3593964421875 0.2842747203125 0.3593836359375 0.2850084375 0.376039634375 0.2901761109375 0.3995241171875 0.2926260328125 0.40471255624999997 0.30642883906249996 0.4090320078125 0.3099122453125 0.41706864843749997 0.3102865578125 0.428185215625 0.30955626875000003 0.4545359140625 0.303324940625 0.5006125531250001 0.3075051671875 0.5087026812500001 0.31059420000000004 0.5386581921875 0.305208825 0.5487813312500001 0.2955094546875
1 0.4557868890625 0.0758623109375 0.4539584109375 0.10292397499999999 0.459849678125 0.153872440625 0.46696151406249997 0.15779709687500001 0.4716580625 0.1580158421875 0.485264634375 0.1351484875 0.498925246875 0.12945048125 0.50489655 0.136967753125 0.5176756109375 0.1040818625 0.52057615 0.05444777656250001 0.512809059375 0.0332734515625 0.5106680031249999 0.02378474375 0.47012058906250004 0.021896218749999998 0.46719515468750006 0.04381746875 0.4557868890625 0.0758623109375
1 0.043655642187499996 0.0074434374999999995 0.043644228125000004 0.008097346875 0.0504779390625 0.0349968921875 0.048774590625 0.093735678125 0.0505861609375 0.1064885734375 0.05441446875 0.12024029375 0.067822565625 0.12900883125 0.07177713125 0.1355272796875 0.075236709375 0.1426797609375 0.10760887187499998 0.14418751875 0.10714952343749999 0.1290307265625 0.11427179843749999 0.10945477968749999 0.11841575 0.10512331562499999 0.12643535625 0.111831096875 0.13198166718749998 0.104850265625 0.1314462 0.096681278125 0.1269561671875 0.08199384531250001 0.118684046875 0.0897526125 0.1154069875 0.0832657203125 0.1116418078125 0.06589736562500001 0.11102855625000001 0.023338773437499998 0.1079251 0.006906134375 0.1069611375 0.0049817953125000005 0.053110357812499995 0.0024736546875 0.053078617187499996 0.0025418281250000003 0.043655642187499996 0.0074434374999999995
1 0.0886051234375 0.2032638859375 0.0510411359375 0.20151431406250003 0.050043101562500004 0.2068971953125 0.047820070312500004 0.25656283593749996 0.0489541328125 0.2692841734375 0.054121671875 0.284003165625 0.05394806875 0.29394891562500003 0.0487478390625 0.3199486421875 0.0427878765625 0.3259227609375 0.042468459375 0.344222140625 0.063699209375 0.35684078124999996 0.090106190625 0.3589756 0.10263273906249999 0.3405562546875 0.10031951562500001 0.240005259375 0.092694465625 0.2106935015625 0.0886051234375 0.2032638859375
1 0.0769707015625 0.4244523671875 0.062112900000000006 0.42104567031249995 0.0488614984375 0.44214593750000003 0.045946303125 0.45377378593750006 0.0476473984375 0.47285579218749996 0.053996346875000004 0.4975836421875 0.04247760625 0.5359575984375 0.040172471875 0.565347503125 0.040080925 0.5705921890625001 0.0423387921875 0.5836945078125 0.0920936 0.586011875 0.10647888593749999 0.5208406234375 0.095355825 0.49770020312499996 0.09666461875 0.46156539375000005 0.09288365625 0.4451011953125 0.0863295390625 0.432127415625 0.0769707015625 0.4244523671875
1 0.0822698 0.630664221875 0.017675062499999998 0.6276556734375001 0.019620612500000002 0.6485588546875001 0.023543614062500003 0.656885621875 0.0133436296875 0.6689574406250001 0.0131757265625 0.6785765234375 0.014246779687499999 0.6845043328125 0.02518101875 0.6990394640625001 0.0273234515625 0.7122602171875 0.025148890624999996 0.7203029812499999 0.017554276562500002 0.7280933046875 0.016766295312500002 0.734390865625 0.023729621875000002 0.7627669046875 0.030378434375000003 0.770315734375 0.0435481703125 0.7760945796875001 0.047569453125 0.7762818734375 0.056202601562499996 0.766994040625 0.0632775296875 0.750130571875 0.10945959062499999 0.7070368265625 0.11166571562500001 0.6971857421875 0.0893406828125 0.6554256984375 0.0822698 0.630664221875
1 0.0858006875 0.9631413953125 0.087266175 0.9568753921875001 0.081516946875 0.8977894953125001 0.0871895171875 0.8835753921875 0.07869757031249999 0.865081990625 0.079534025 0.81716155625 0.037409043749999996 0.815199553125 0.0373616390625 0.8159683796874999 0.0371159921875 0.8300414546875 0.0416556484375 0.8506882156250001 0.046459071875 0.9251132625 0.056573201562499995 0.9672094687499999 0.0686894125 0.9722982609375 0.082318459375 0.9684085734375 0.0858006875 0.9631413953125