1 0.9404559140625001 0.0397484765625 0.9318704078125 0.043319806249999995 0.9106839671875001 0.04430658125 0.88978594375 0.0370341421875 0.882984096875 0.0379852359375 0.865635596875 0.05021048593750001 0.8589829468750001 0.0605436609375 0.8589021953125 0.062856071875 0.8629866828124999 0.0776083609375 0.8754323140625001 0.0846401859375 0.8776862703124999 0.092780984375 0.920036965625 0.0914427609375 0.9422483515625 0.0853339234375 0.9555858140625 0.0910556265625 0.9712557187499999 0.102959109375 0.988600971875 0.1021512421875 0.9867198859374999 0.09594844218750001 0.9768166265625 0.08879820625 0.9745848578125 0.08002208125 0.9833478515625 0.07136815937499999 0.996011278125 0.067646315625 0.99704329375 0.0380932390625 0.958185965625 0.0408255578125 0.9404559140625001 0.0397484765625
1 0.6680871749999999 0.126594175 0.707895496875 0.1253743625 0.7360390875 0.11898922812499999 0.7715657484375 0.119237421875 0.788226484375 0.1267072125 0.7931514484375 0.1330938703125 0.7965872515625 0.13293384531250002 0.7973266578125 0.132626275 0.80468315625 0.11579207968750001 0.807243325 0.0909355 0.7958004515625 0.07941693749999999 0.786611534375 0.0760391765625 0.7579089046874999 0.07420456875 0.7240105984375 0.07578340781250001 0.6932093187499999 0.0613607328125 0.6888610984375 0.0647347078125 0.692787784375 0.0734318890625 0.6907822640625 0.08240536875 0.6660063187499999 0.08926794375 0.6517415671875 0.098539296875 0.651631484375 0.1016916453125 0.653254471875 0.1152334953125 0.6680871749999999 0.126594175
1 0.4305028203125 0.07711861249999999 0.43552100937500005 0.078787759375 0.4424381765625 0.0987628890625 0.46061633750000003 0.11123633125000001 0.46864719375 0.123548103125 0.52311073125 0.1387715609375 0.5396414968750001 0.1402214109375 0.5816300796875 0.1382657609375 0.6053806796875 0.1330369046875 0.6140327421875 0.127559603125 0.614720509375 0.1078645578125 0.60568689375 0.1000395265625 0.5813768546875 0.0935602984375 0.5617743984375 0.09764475 0.445064903125 0.0720003375 0.4384627296875 0.0672335140625 0.4250151625 0.0691138671875 0.42501139375 0.06922178125 0.42900758124999994 0.0714796375 0.4305028203125 0.07711861249999999
1 0.25591677968750004 0.13811900625 0.313597996875 0.1429497625 0.3739538046875 0.1401386453125 0.39391925625 0.13549718125000002 0.42750256875000003 0.1187100375 0.4201416828125 0.11144138906250001 0.399935815625 0.108576746875 0.375692334375 0.1001915453125 0.3275425515625 0.09799412187499999 0.301963521875 0.10362552031250001 0.27502236406249997 0.0998059984375 0.26144085625 0.1010728578125 0.2431561546875 0.1158788765625 0.2405830671875 0.12400761406250001 0.2405308296875 0.1255034921875 0.24262369062500003 0.131126653125 0.25591677968750004 0.13811900625
1 0.17051507187499998 0.173624178125 0.233249121875 0.1700680015625 0.23277882499999997 0.159306965625 0.247318721875 0.154824015625 0.25388332343750003 0.1451804578125 0.25397786093749997 0.14247323750000002 0.249989821875 0.126790815625 0.2408230890625 0.12277772812500001 0.19153743125 0.1288789890625 0.16468501875 0.122518171875 0.15770568437500002 0.12855185625 0.1252360625 0.13767564062499998 0.1014185046875 0.14132212500000002 0.0806579875 0.154340584375 0.056840429687500006 0.1579870671875 0.064223503125 0.1646203921875 0.0649156578125 0.16902819062500002 0.053699034374999996 0.175259228125 0.0825347796875 0.1732818921875 0.09854773125 0.1750732390625 0.10586424531250001 0.1836125359375 0.11264690468750001 0.18350838281249998 0.1305709984375 0.1826735546875 0.1525409734375 0.1795356609375 0.17051507187499998 0.173624178125
1 0 0.22907154843750002 0.0050871703125 0.22154158906250002 0.016730159375 0.2150767546875 0.0213115453125 0.19286531093749998 0.0297779140625 0.186548428125 0.0293812296875 0.14341686250000002 0.0252890875 0.13345450625 0.022822721875 0.113263475 0.02304561875 0.0887167953125 0.018894290624999997 0.080449353125 0.009270803125000001 0.0760061796875 0.008720340625 0.07603181718749999 0 0.0850999734375 0 0.22907154843750002
1 0 0.5272660250000001 0.060855865625000005 0.5244316171875 0.0688797140625 0.52238858125 0.07551231093750001 0.5237489828124999 0.10520260625 0.5223661359375 0.1036698484375 0.5194996234375 0.08783438437499999 0.512625684375 0.086450075 0.5038100921875001 0.093540340625 0.4945997859375 0.0877190671875 0.4916994625 0.07920011875 0.493364821875 0.06238408125 0.4903422953125 0.058457398437499995 0.48164511406250005 0.034728584374999996 0.4827503015625 0.00522286875 0.47968451874999996 0 0.48201561249999997 0 0.5272660250000001
1 0.1265380265625 0.52161038125 0.13215141875 0.542500915625 0.1338049015625 0.56780628125 0.146809125 0.5812666671875 0.1487989234375 0.5811739921875 0.149214496875 0.5806258359375 0.153249340625 0.5559016109375 0.16474624843750002 0.517292565625 0.166875121875 0.49265711406249996 0.17095340781249999 0.4848524515625 0.18129615625 0.47929425468750003 0.214997921875 0.476878490625 0.21514589062499997 0.4726412015625 0.18089758125 0.47254418437499995 0.1724469546875 0.4602465890625 0.17745650625 0.4439377609375 0.1731137609375 0.4229880453125 0.1525327890625 0.4129475875 0.1397671203125 0.4152343171875 0.1346096 0.4357804359375 0.133810565625 0.4586617921875 0.1246496828125 0.4667031796875 0.11318425781250001 0.46808327031249997 0.11312690781250001 0.468193021875 0.11293302499999999 0.47374509062500003 0.1262874234375 0.5106230234375 0.1265380265625 0.52161038125
1 0.2003431171875 0.4722443421875 0.20031819843749998 0.472957909375 0.24987276875000003 0.483121959375 0.27324660624999997 0.49218195624999994 0.30536125 0.49322335624999997 0.32237696250000003 0.49052796406250004 0.319413053125 0.502717534375 0.3133255484375 0.5074410984375 0.3236253984375 0.5075130546875 0.325253440625 0.5074372265625 0.3356922375 0.49688499375 0.3449920875 0.4970861359375 0.34764538906250003 0.49379110312499996 0.4343872859375 0.470801909375 0.43439272031250004 0.47064628593749996 0.41372050624999995 0.46724485 0.38474725625 0.4489312890625 0.35649624687500003 0.44046380625000003 0.3528545953125 0.44063341874999995 0.20725145 0.4679812296875 0.2003431171875 0.4722443421875
1 0.4294112375 0.490753353125 0.4764473296875 0.5006141359375 0.4813545875 0.505459903125 0.47830193750000005 0.5201907671875 0.48323138125 0.5244012078125 0.48491235 0.5249603328125 0.4878638421875 0.5248228640625 0.49692381875 0.51995773125 0.5135579781249999 0.5039600046875 0.5238162125 0.50094505625 0.532091115625 0.5062682625 0.5341675828125 0.5194916562499999 0.5408097374999999 0.49888499062499997 0.5510014140624999 0.49777601562499996 0.56601160625 0.5040541000000001 0.5736165390625 0.504334184375 0.59881401875 0.48540045625 0.5991689953125 0.47523527187500003 0.5969150390625 0.46709447187500003 0.5835553921875001 0.4620080921875 0.54644474375 0.45866222343749996 0.5308976999999999 0.4435290703125 0.5213272296875 0.426848971875 0.5185851828125 0.43268530156249996 0.5203510453125 0.45480323125 0.5150888124999999 0.4601226484375 0.502332575 0.461985359375 0.4796287078125 0.4579684828125 0.45676953749999993 0.458398878125 0.41081864843749993 0.4756488421875 0.41081093593749995 0.47586966249999996 0.42639856875 0.4801107296875 0.4294112375 0.490753353125
1 0.7129997515625 0.5376306093750001 0.713500959375 0.5596053265625 0.7170430999999999 0.57498705625 0.717791590625 0.5749521953125 0.7259272421875 0.5488736109375 0.7364909984375 0.5551502312500001 0.7409817140625 0.5718626578125 0.7429652171875001 0.5332262875 0.7508094015625 0.526562725 0.7584036968750001 0.52705509375 0.7611225546875 0.5218519859375 0.75734209375 0.48480057656250003 0.7608599875000001 0.45671611093750003 0.7465730671874999 0.4480746625 0.7461744953125 0.44132459218750003 0.7547000515625 0.43331279531250005 0.7575076921874999 0.42556731406250004 0.755897659375 0.4171815109375 0.7420093125 0.4152901328125 0.737370628125 0.40281499375 0.7312245453124999 0.3971786953125 0.7216946859375 0.39762255625 0.7118392921875001 0.40738845156250003 0.704509453125 0.435650459375 0.7067844062499999 0.443159215625 0.707181090625 0.48629078281250004 0.699334303125 0.5111925515625 0.6978056718750001 0.5216194109375001 0.6975415609375 0.5291825234374999 0.700470834375 0.533137678125 0.7129997515625 0.5376306093750001
1 0.9445253625 0.41784145625 0.8978486359375 0.42191833125 0.8660933546875 0.434814590625 0.8726733421875 0.4402167375 0.86629741875 0.4531995140625 0.8432301515624999 0.4669732890625 0.8431312468750001 0.46980555468749996 0.84683246875 0.477574865625 0.888308121875 0.481212534375 0.9095966328125 0.48022100468750006 0.9195363359375 0.479262953125 0.9503997875 0.46767681406249995 0.9725224296875 0.4641092734375 0.9784324468750001 0.46446829999999995 0.9820693953124999 0.46688956875 0.9834097125 0.42850793125 0.9637506546875001 0.42455751093750005 0.9445253625 0.41784145625
1 0.91546324375 0.8141041578125 0.8994946640625001 0.8110421609375 0.893673390625 0.8081418390625 0.9015667421875 0.8001627109375 0.8881627218749999 0.7963469796875 0.8805577890625 0.7960668937500001 0.8736006406250001 0.801465253125 0.8792666109375 0.8088128453125 0.8748962062500001 0.8128221437500001 0.8560302796875 0.8200437468749999 0.8162663296874999 0.8199929078125001 0.815130453125 0.8282915921875 0.8192568109374999 0.8312708578124999 0.81981585 0.8394905984375001 0.816292903125 0.8434604265625 0.8314362109375001 0.84592656875 0.8472494875000001 0.8534358328125 0.8530485750000001 0.8569714796874999 0.8602319734374999 0.8693227218749999 0.8728107218750001 0.8725426015625001 0.8846085718750001 0.8738959796874999 0.939715503125 0.8706950421874999 0.96105325 0.8756138312499999 0.96554200625 0.8754047640625 0.9679457984375001 0.871336465625 0.9698815937499999 0.815902578125 0.9552493796875 0.81351966875 0.91546324375 0.8141041578125
1 0.7139769265625 0.9094765984375 0.7225478187500001 0.8820028656250001 0.7296446828125001 0.7877575234374999 0.7188303203124999 0.7704935468749999 0.694023090625 0.772495040625 0.6733080015625 0.78445889375 0.6727784359375 0.7915919421875001 0.67245158125 0.8009518484375 0.678226884375 0.80707393125 0.6818159296874999 0.83144306875 0.681490396875 0.8407651015625 0.675934303125 0.85456115 0.6742493406250001 0.8664847390625001 0.673892325 0.9130357265625 0.6810078828125 0.9666550875000001 0.6915755046875 0.9661628921875 0.7045497000000001 0.9251451046874999 0.7139769265625 0.9094765984375
1 0.4100101953125 0.9005997984375 0.4459755109375 0.905843796875 0.4610078390625 0.9051436562499999 0.4809969640625 0.9030021515625 0.5177926171875 0.8911397171875001 0.5404521109375 0.896427240625 0.5581821640625 0.8975043218750001 0.5692878578125 0.8944499031250001 0.5900483750000001 0.88143144375 0.58799409375 0.8675727296875 0.5815250375 0.8589939609374999 0.569882490625 0.8531933140625 0.55476136875 0.850091846875 0.520840878125 0.8523060093750001 0.5000315984375 0.8424922765625 0.40786277968749995 0.8651795375000001 0.3964242984375 0.8777638156249999 0.3873863109375 0.8786349546875 0.386906946875 0.8923621328125 0.38998181718749997 0.892652565625 0.4100101953125 0.9005997984375
1 0.21774805000000003 0.9291058234375 0.2437751890625 0.9348707875000001 0.24972957812500002 0.933959165625 0.2576007421875 0.9266153625 0.26529441875000004 0.9243541531250001 0.2775049046875 0.9260054578125001 0.2902744265625 0.935876503125 0.2933519859375 0.9363517328125001 0.3053772484375 0.935791646875 0.3168340328125 0.9263936921875 0.3243280375 0.9298503968749999 0.347120646875 0.9313259765625 0.3574898125 0.9251344093749999 0.3526934859375 0.917112021875 0.353851546875 0.908178015625 0.39307864375 0.8993737859375001 0.386720515625 0.8876183984375 0.39443979218749997 0.8846241218750001 0.39474064375 0.8760088484375 0.37436362968750003 0.878045278125 0.3232233640625 0.8645699078125 0.28584209375 0.844745084375 0.276453503125 0.8470852359375 0.232594159375 0.8916254953125 0.216270603125 0.8987286843750001 0.2069999875 0.9070157125 0.20685879843750002 0.9110588453125 0.21119024843749998 0.9230683515625 0.21774805000000003 0.9291058234375
1 0.048908034375 0.8815130640625 0.0253796171875 0.8813922296875001 0.02498128125 0.8927990828124999 0.0473284390625 0.9025182296875001 0.0505851546875 0.9061722890624999 0.07235281875 0.91276993125 0.11811553125 0.9106384984375 0.134776265625 0.9181082921874999 0.148513078125 0.9123941640625001 0.198197546875 0.9158242828125 0.20619655781250001 0.9154517234374999 0.2093525390625 0.9146348453125 0.2145482140625 0.9112214 0.219229221875 0.898317565625 0.21539128125 0.8870790875000001 0.17676320625 0.8787295671875001 0.10747135468749999 0.876248271875 0.08860398124999999 0.8725699671875 0.0746956875 0.8732177562500001 0.0720334359375 0.8734587843750001 0.048908034375 0.8815130640625