1 1 0.13749094374999998 0.964864196875 0.136280225 0.9470343171875 0.13333771875 0.9386151890625 0.1360207515625 0.9174287484375 0.13478678125000002 0.8967729343749999 0.125593915625 0.8933145437500001 0.1253924875 0.8893295718750001 0.1255340546875 0.8725800328125001 0.135982709375 0.867265021875 0.1443736890625 0.8673759546875001 0.15072903124999998 0.8713619703125 0.163202925 0.8842069109375 0.1715671953125 0.8868934484375 0.1799744828125 0.9292774203124999 0.1830777484375 0.9512226015625 0.179278484375 0.9648928187499999 0.186421465625 0.982181540625 0.20080941874999997 0.998830675 0.20177912031249998 0.996359646875 0.1946009796875 0.98605708125 0.18638478593750002 0.9833594531250001 0.1773421734375 0.9916898640625 0.16957655 1 0.167976928125 1 0.13749094374999998
1 0.6770051921875 0.1917213203125 0.7168467890625 0.19467650625 0.7447241734375 0.1912227546875 0.7803506625 0.19520179531249998 0.7974439796875 0.20444818437499998 0.8021372765624999 0.2106148828125 0.8070552828125 0.21090132499999997 0.8133682421874999 0.195220815625 0.8146306609374999 0.1705418984375 0.8025555515624999 0.15777971875000002 0.7931669796875 0.1534248265625 0.764297971875 0.14857000781250002 0.73039966875 0.14659565624999998 0.6987664953125 0.12888628124999998 0.6945846546875 0.1318161078125 0.6989771984375001 0.1409574375 0.6974375359375 0.14975325625 0.6729610734375 0.15403976875 0.659960778125 0.16138796875 0.6601178562500001 0.1703869828125 0.6615402515625 0.17876170625 0.6770051921875 0.1917213203125
1 0.5205257171875 0.090584228125 0.5240425640625 0.11026077031249999 0.49496783437499997 0.2262442125 0.49104297187499996 0.23137033749999997 0.4912659671875 0.24414575156249999 0.4914255328125 0.24558897656249998 0.49195811406249995 0.2456199953125 0.49397824218749997 0.24227190156249997 0.4996665734375 0.2409100171875 0.5014837921875 0.23593628125000002 0.5216810265625 0.22949327187500002 0.5346973984375001 0.21162627656250002 0.5472559546875 0.20389176875 0.56408351875 0.14984311875 0.5668459515625 0.12629932187499998 0.565633721875 0.0932114703125 0.56074268125 0.0675287171875 0.5555938921875 0.05889515468749999 0.5357021125 0.057736590624999994 0.5277206265625 0.0664519984375 0.5205257171875 0.090584228125
1 0.43438116562499995 0.16425849374999998 0.4366551078125 0.1559267109375 0.43664248906249997 0.1552038015625 0.4341150140625 0.1490107171875 0.420422615625 0.140597090625 0.356719128125 0.12863596875 0.3058716703125 0.125674440625 0.28222048593750004 0.12873966406249998 0.2494357875 0.1420624484375 0.2571959828125 0.1501305640625 0.2776015046875 0.15512711875000001 0.30234411875 0.166088384375 0.35072683125 0.17334910312500001 0.3760729328125 0.1703825984375 0.400135159375 0.1762745453125 0.41580952968749996 0.17718747343750002 0.4168285265625 0.1771990875 0.43438116562499995 0.16425849374999998
1 0.07901276406249999 0.18511649375 0.1280987671875 0.184167359375 0.15486730937499998 0.19320755 0.155508403125 0.19324488906249998 0.16203034375 0.1880476828125 0.19410065625 0.1822994296875 0.21778511250000002 0.181140178125 0.2379133921875 0.1702536328125 0.2615978484375 0.169094384375 0.25384874375 0.16166159062500002 0.2529236578125 0.1571649625 0.2638408 0.1520887109375 0.2350383296875 0.1510458359375 0.218892278125 0.1475667234375 0.21110990468750002 0.1382279578125 0.1907598296875 0.1364080234375 0.16453300312500002 0.1374191984375 0.1468251109375 0.14146525468749999 0.084124334375 0.138448028125 0.08516031562500001 0.14929789531249998 0.07082007343749999 0.1522707390625 0.06523853125 0.16053059218750002 0.0653299671875 0.16576895 0.06961310312499999 0.1801262796875 0.07901276406249999 0.18511649375
1 0.0103124671875 0.2300546234375 0.01870395 0.2175269578125 0.030036234374999998 0.21226081562500002 0.033463575 0.1904489390625 0.041619240625 0.184997778125 0.0389588546875 0.14166642812500002 0.034334076562499996 0.13123791406250002 0.030802440625 0.1107139140625 0.029738134375000003 0.0861006390625 0.02514294375 0.0773670390625 0.014889004687499999 0.07169023906250001 0.0030174796875 0.0834467703125 0.0055511625 0.2286013328125 0.00733671875 0.22988130468749998 0.0103124671875 0.2300546234375
1 0.08056895625 0.5291588703125 0.0969233625 0.5266693140625 0.1107717296875 0.53091798125 0.134163909375 0.5322804203125 0.1341580484375 0.531944675 0.131646946875 0.527422375 0.115412175 0.5188606703125 0.1135620046875 0.509867415625 0.1201864109375 0.50136775 0.11419875937499999 0.49784561875 0.1057463640625 0.4986226796875 0.08873067343749999 0.493823559375 0.0843381296875 0.48468222968749997 0.0606093171875 0.483300184375 0.030870671875 0.4771253578125 0.0106758546875 0.484199959375 0.00845190625 0.4842093765625 0.0091349125 0.52333874375 0.013403114062499999 0.52524690625 0.08056895625 0.5291588703125
1 0.16788361875 0.473888465625 0.1468080734375 0.479007734375 0.1214287046875 0.4800682671875 0.10694831406250001 0.49331758125 0.106964040625 0.4942185296875 0.10814662343749999 0.49516162656249996 0.132778340625 0.4997696515625 0.1710913703125 0.5121559828125 0.1956898171875 0.514858034375 0.203383475 0.5191142078125 0.20864565625 0.5295755453125001 0.210078325 0.563237428125 0.21432005312500002 0.5634844796875 0.2154142265625 0.529335090625 0.22797083593749998 0.5211809359374999 0.2441501578125 0.526566021875 0.2652478828125 0.5227174 0.2756920625 0.5027880031249999 0.27565696562499997 0.500777225 0.273982165625 0.48958817187500003 0.2535655546875 0.48395629375000004 0.23068419843750002 0.4826236078125 0.22290182500000003 0.47328484218750005 0.22185475625 0.46179965 0.220043540625 0.4607976765625 0.2183407859375 0.4606985015625 0.1788894796875 0.47389480468749995 0.16788361875 0.473888465625
1 0.27844691093749996 0.5240168921875 0.30448798906249996 0.5343961109375 0.31736149375 0.5351459078125 0.4553770328125 0.52353236875 0.46292652343749996 0.51952933125 0.4118572734375 0.503861321875 0.387951025 0.49231409375 0.3557032765625 0.48789716250000004 0.33878739375 0.488815959375 0.3411190609375 0.476892878125 0.3469736390625 0.4727911234375 0.3350981421875 0.471464775 0.3251060859375 0.48103765468750004 0.315772959375 0.479859384375 0.3132860359375 0.482887928125 0.22720119374999997 0.49690928124999995 0.22720136875 0.49691928281250003 0.24844211718749998 0.5025942890625 0.27844691093749996 0.5240168921875
1 0.5210072921875 0.446896940625 0.516575565625 0.483889046875 0.5009735234375 0.4990656578125 0.4849404078125 0.507726590625 0.484957665625 0.508715290625 0.48975957656249997 0.511111459375 0.5119515390625 0.5098642078125 0.5171228859375 0.5152449796874999 0.5186154203125 0.5280308515625001 0.5139322234375 0.5506161796875 0.5136962953124999 0.5734605328125 0.529464275 0.6193014171875 0.5299797796875 0.6193314421875 0.5345443984375 0.604305659375 0.5452857359375 0.6015448859375 0.55652851875 0.5547903234375 0.56152235625 0.55000160625 0.5761791859375001 0.5533950562500001 0.5805376984375 0.548569334375 0.581749178125 0.5452535109375 0.5764890765625 0.5347879921875001 0.5609602437500001 0.517798215625 0.5582414375 0.507480709375 0.5638114296875 0.499339165625 0.57710885625 0.4975738640625 0.556674940625 0.4904575515625 0.5558621078125 0.48025105625000003 0.5625844078125 0.46540385625 0.5630866 0.45781374062499997 0.5453789687499999 0.43291896249999995 0.5324785140625 0.432167596875 0.526488528125 0.43367064843750003 0.5210072921875 0.446896940625
1 0.7074989125 0.5848159203125001 0.7150816734375 0.5827188515625 0.75826874375 0.583330178125 0.782967 0.591750146875 0.798418790625 0.594382534375 0.80017556875 0.5944848546875 0.8049676296875001 0.591127503125 0.809830584375 0.5787171765625 0.831842303125 0.5787298562500001 0.8487138265624999 0.5752697640625 0.8214621078125001 0.5660663953125 0.8280532453125 0.5556607578125 0.8449136812500001 0.5515653406250001 0.8062958124999999 0.548681428125 0.7998542609375 0.5406901125 0.8005686437499999 0.5331155828125 0.795439540625 0.530278134375 0.758240121875 0.533188940625 0.7302296609375001 0.5290188031249999 0.7211626875 0.5430883093750001 0.7143941171875 0.5433287625000001 0.7066228328124999 0.534625321875 0.69895135625 0.531639796875 0.6905100484375 0.53305218125 0.6882116484374999 0.5468812328125 0.6755884984375 0.55122344375 0.669988090625 0.5570032 0.6701626593750001 0.5670042671875 0.679421915625 0.5768338390625 0.7074989125 0.5848159203125001
1 1 0.5155459921875 0.97832753125 0.515366721875 0.9479964921875 0.523754990625 0.92600695 0.52501295625 0.920063659375 0.524032121875 0.908055084375 0.5150818859374999 0.899569421875 0.513952975 0.87690985625 0.5253267671875 0.8709067265625 0.531855946875 0.8709539640624999 0.53456219375 0.8729387187500001 0.54032775 0.8849583796875 0.549913309375 0.9368750875 0.5656306765625 0.951298984375 0.5720685624999999 1 0.5749050734375001 1 0.5155459921875
1 0.9694089187499999 1 0.972561684375 0.9938271140625 0.97627008125 0.9881169296874999 0.9888434296874999 0.9812298796875 0.9924334890625 0.9687400359374999 0.9941323656250001 0.9569866390625 0.9925355328125001 0.901864890625 0.9990803250000001 0.8768481984375001 0.990097034375 0.8712454046874999 0.9742427687499999 0.8356115609374999 0.9666040875 0.8343200625 0.9491108640625001 0.8502331203125 0.9386653734375001 0.8699430453125 0.9357550187499999 0.8850122656250001 0.9351796140624999 0.9247687656249999 0.9316487265625 0.940648440625 0.928575653125 0.9463956265625001 0.9208186328125001 0.9383244671875 0.9172227156250001 0.9496831578125 0.91742030625 0.9610031515624999 0.9213067828125 0.9662905687500001 0.928827125 0.96080240625 0.9327130312499999 0.9652617140625 0.9393917046875 0.9842758171874999 0.9389124015625001 1 0.9694089187499999 1
1 0.648677771875 0.945777940625 0.659319709375 0.9654039265625001 0.6638514234375 0.9658463718749999 0.6759118140625 0.966548809375 0.6821012609375 0.961018696875 0.7065999046875 0.958002834375 0.7159219375 0.95854578125 0.729569978125 0.9644181140624999 0.7414565640624999 0.966379784375 0.7880445546875 0.9678238703125001 0.8471940828125 0.9613961671875 0.8470513265624999 0.95321763125 0.801060484375 0.9374827343750001 0.78565099375 0.9276997390625 0.758399271875 0.9184963703125 0.675933665625 0.91035726875 0.663537840625 0.9096352937500001 0.6482050640625 0.9186965046875001 0.648677771875 0.945777940625
1 0.5625566125 1 0.569026671875 0.9632204046874999 0.5665733796875 0.9317534609375 0.555772121875 0.894720728125 0.561725965625 0.87220940625 0.5633212953125 0.8545238078124999 0.5605876984375 0.8433588437499999 0.548161525 0.8223167968749999 0.5342287734375 0.8240450953125 0.5254525765625 0.8303067078125 0.5193064296875 0.8418010796875001 0.51576075 0.8568332984374999 0.5169877703125 0.8907686046875 0.507559878125 0.9093496078125 0.5076854671875 0.916544634375 0.52573048125 1 0.5625566125 1
1 0.32983695156250004 0.9460283796875 0.366701678125 0.9688312187499999 0.3728540890625 0.9691895562499999 0.3776383578125 0.9684875171874999 0.4192682328125 0.9283887468750001 0.43525903125000004 0.9229733234375 0.44527326875 0.91467109375 0.439074915625 0.8990778046875001 0.4321843578125 0.8923296953125 0.40579118281250004 0.88381100625 0.39987006875 0.88410081875 0.3923649375 0.89064515625 0.3847710875 0.8921068984374999 0.3724441390625 0.8891675625 0.359125565625 0.8779196562499999 0.34636934531249997 0.8746379765625001 0.33299854687499997 0.88464874375 0.3253048890625 0.880392571875 0.3023791734375 0.8765185890625 0.292309490625 0.8816441984375001 0.2975384 0.8901995640625 0.29684619843750004 0.8990447421875001 0.25798513125 0.9037628015625 0.2649754953125 0.916228828125 0.25486339375 0.91915640625 0.25500077499999996 0.92702695625 0.27786479375 0.9271343921874999 0.32983695156250004 0.9460283796875
1 0.102856190625 0.9128772953125001 0.1250231640625 0.9217845109375 0.1707858765625 0.9244498859375 0.187351190625 0.933410659375 0.188555353125 0.93348079375 0.20134979999999997 0.9294034234374999 0.2432898625 0.936668715625 0.2628593796875 0.9378085109375001 0.2674847640625 0.9351593796875 0.2715002578125 0.9226996937499999 0.2670633578125 0.9110170671875 0.22790287031249998 0.898581378125 0.158311540625 0.8888160421875 0.13703638125 0.88249948125 0.12264069375 0.8822957062500001 0.099881321875 0.8879515828125 0.0752828703125 0.8852495296875 0.0716502765625 0.8855574453124999 0.07180274375 0.8942922515625 0.099399821875 0.9088679171875 0.102856190625 0.9128772953125001