1 0.9175396171875001 1 0.9158484781249999 0.99257988125 0.9224360921875 0.97886536875 0.936928846875 0.9611714765625001 0.936928846875 0.94447551875 0.9290237078124999 0.9466974296874999 0.9211185687500001 0.9568279546875 0.911895909375 0.9589808203124999 0.9033320093749999 0.9497446593750001 0.8993794390625001 0.9337202906250001 0.8908367890625 0.9201242781250001 0.86971065 0.919017103125 0.8690764078125 0.9198298906250001 0.87039393125 0.9752592203124999 0.8684176484374999 0.993609075 0.8707670390625 1 0.9175396171875001 1
1 0.861139640625 0.7246060437499999 0.8578458328125 0.7543103999999999 0.8578458328125 0.789459784375 0.8421875 0.819551853125 0.8421875 0.8222337609375 0.8446706031250001 0.8256761546875 0.8538932656249999 0.8217658203125 0.8631159265624999 0.8240066296874999 0.8690447796875 0.84980065 0.8782674406250001 0.8652224796875 0.895395240625 0.8634839046874999 0.907911709375 0.8483226421875001 0.9085704703124999 0.8070566390625 0.9033003781250001 0.777782203125 0.9052766625 0.7409789203125 0.9138405625000001 0.7238530437499999 0.9217457015624999 0.7181161921875 0.920428178125 0.7145322046875 0.9033003781250001 0.7066046984375001 0.8820708203125 0.7040398734375 0.8772981296875001 0.703789746875 0.865092209375 0.7151471078125 0.861139640625 0.7246060437499999
1 0.9176184078125 0.475949328125 0.9156421218749999 0.48111816249999995 0.8945617531250001 0.4879219984375 0.8807277593749999 0.5065291515625 0.8675525296875 0.5146260125000001 0.84910720625 0.5707770859375 0.8458133984374999 0.59520903125 0.8464721609374999 0.6295142078125 0.851083490625 0.656117915625 0.856353584375 0.6651814546875 0.8767751921875 0.66625170625 0.885339090625 0.6570344421875001 0.89324423125 0.631965428125 0.889950421875 0.611581909375 0.9222297359375 0.49112948437500004 0.927499828125 0.48437580156250004 0.9261979703125001 0.470414978125 0.92608205625 0.47040890468749996 0.9235472609375 0.4745025765625 0.9176184078125 0.475949328125
1 0.8619582671874999 0.2940770953125 0.8546875 0.349649609375 0.8546875 0.4192249546875 0.8580056984375 0.43710369218749995 0.873815975 0.47220292500000005 0.8817211140625 0.46470860312499995 0.8856736828124999 0.44382611718750004 0.8955551078124999 0.418860678125 0.9001664375 0.3690144734375 0.8955551078124999 0.342410765625 0.9008252000000001 0.3145674515625 0.9001664375 0.300473171875 0.8856736828124999 0.2812602125 0.878566478125 0.27885621875 0.8749399828125 0.27866616093749996 0.86986340625 0.28043163125000004 0.8619582671874999 0.2940770953125
1 0.8313097140625001 0.1297588109375 0.8234375 0.13609682343750001 0.8234375 0.1791154484375 0.8240633359375 0.1856180609375 0.8293334296875001 0.20434768281250001 0.8299921906250001 0.2694085671875 0.8411911375000001 0.26911674531249996 0.8451437046875 0.2842623796875 0.855683890625 0.29184464375 0.8741292125 0.2875389140625 0.87874054375 0.27811450312499997 0.8747879749999999 0.22694074999999997 0.8826931109375 0.1992355328125 0.876764259375 0.1918949375 0.86885911875 0.15808873125 0.8662240750000001 0.1333460640625 0.8537076062500001 0.111600475 0.8510725593749999 0.08685780781249999 0.8438261828125 0.094386653125 0.8392148515625 0.0950237171875 0.8338082265625 0.0843230375 0.8333081828125 0.08429683125000001 0.8339447578125 0.11320095 0.8313097140625001 0.1297588109375
1 0.8621357765625 0.0685411328125 0.8654295843750001 0.0898033828125 0.866088346875 0.1153212125 0.870699678125 0.12435022656250001 0.8713584375 0.124714278125 0.8713584375 0.0456659609375 0.8569593859375001 0.0449113390625 0.8575244468750001 0.0577546453125 0.8621357765625 0.0685411328125
1 0.49292683281249994 0.1340450234375 0.4962206390625 0.128066503125 0.4949031171875 0.11921010937500001 0.49885568593749996 0.10184256093749999 0.508078346875 0.09793222812499999 0.508078346875 0.0733276578125 0.512689678125 0.0428136171875 0.5062149921875 0.026529603125000002 0.4859375 0.025466904687500003 0.4859375 0.12835118437499998 0.49292683281249994 0.1340450234375
1 0.47119809999999995 0.153865228125 0.44922973437499997 0.15930153281249998 0.4228676953125 0.160555 0.4078125 0.17418755 0.4078125 0.1754887765625 0.40880794218750005 0.17628719843750001 0.43429124531249996 0.18091653125 0.473834303125 0.1935290796875 0.4993176078125 0.1961821265625 0.50722621875 0.20054916718750002 0.5124986265625 0.2113656671875 0.5133773609375 0.24632607968750003 0.517771034375 0.24655634218750003 0.519528503125 0.21107532343750002 0.5327095234375 0.20254345156250003 0.54940548125 0.20802978125 0.571373846875 0.2039110015625 0.582797396875 0.18277055312499998 0.5810399281249999 0.16950321875000002 0.5599502968750001 0.163786628125 0.5362244609375 0.162543209375 0.52831585 0.152906075 0.5274891375 0.141707034375 0.5196286796875 0.141295084375 0.48262165 0.15380515156250002 0.47119809999999995 0.153865228125
1 0.49408637187500004 0.3061390171875 0.491451325 0.33939283750000004 0.493427609375 0.3570711015625 0.48091114062500007 0.3537789375 0.4765625 0.3477503015625 0.4765625 0.360624034375 0.4861812328125 0.3707510890625 0.485522471875 0.3803826453125 0.488816278125 0.38319147187499997 0.5085064453125 0.47352469375000006 0.508648315625 0.473532128125 0.5131904546875 0.4521314328125 0.5336120625 0.4224459734375 0.544152246875 0.39224264999999997 0.5224131171875 0.238203525 0.517923415625 0.230268215625 0.517749659375 0.230259109375 0.5046265562500001 0.28208683749999997 0.49408637187500004 0.3061390171875
1 0.42213450156250004 0.5529871390625 0.47134364062499995 0.56808255 0.4766160484375 0.5736289578125 0.47397984375 0.588642315625 0.47925225156250006 0.5935299609375 0.482767190625 0.59503169375 0.49331200624999993 0.5903142328125 0.5100079640625 0.575378953125 0.5205527796875 0.5732965375 0.5293401249999999 0.5796859171875 0.5319763296875 0.5936580671875 0.538127471875 0.5729000656250001 0.5486722875 0.572793934375 0.5644895109375 0.58086925625 0.5723981218749999 0.581942490625 0.5978814265625 0.5648326906250001 0.5978814265625 0.55429250625 0.5952452218750001 0.5455904484375 0.58118546875 0.5389247546875 0.5425211453125 0.5316283515625 0.5258251875 0.5142843140625 0.5152803718750001 0.49594512343749997 0.5126441671874999 0.5017358203125 0.5152803718750001 0.52493063125 0.5100079640625 0.5299244078124999 0.49682694375 0.53055114375 0.47310110937500005 0.5240376328125 0.44937527499999996 0.522135453125 0.403125 0.535121565625 0.403125 0.5359010765625001 0.4186195625 0.5416039828125 0.42213450156250004 0.5529871390625
1 0.425556075 0.7601616812499999 0.4027089734375 0.7602818375 0.3859375 0.7638034593749999 0.3859375 0.76424001875 0.4132537890625 0.7733509375 0.40622391249999995 0.7841814640625 0.3886492203125 0.7885305046875 0.4286808546875 0.791287234375 0.4352221546875 0.7995351890625 0.43434342031249995 0.8073942734375 0.439615828125 0.8103056359374999 0.4782801515625 0.8070618546875 0.50727839375 0.8112166343749999 0.5169444750000001 0.7965716984375 0.5239743515625 0.79628135625 0.5318829640625 0.805259728125 0.539791575 0.8083092484375 0.548578921875 0.8067934890625 0.5512151249999999 0.7924388921875 0.5643961453124999 0.7878595875000001 0.5705472874999999 0.7815943390625 0.5705472874999999 0.7717129171875 0.56088120625 0.7613249171875001 0.5318829640625 0.7532175671875 0.5239743515625 0.7554381421875 0.47915888593749995 0.7550657468749999 0.4536755828125 0.746483846875 0.44627039843749994 0.745263040625 0.43457546249999995 0.7446501343749999 0.4308284828125 0.747262765625 0.425556075 0.7601616812499999
1 0.538536434375 1 0.536677234375 0.9544354390625 0.5248195265625 0.9213008234375 0.5188906734375001 0.92801998125 0.5057154421875001 0.921178353125 0.4928961125 0.8977065906249999 0.488273759375 0.89746434375 0.48134126562499996 0.9005687953124999 0.475 0.94760538125 0.475 0.9543747671875 0.47607117343749994 0.9758637796875 0.4839750328125 1 0.538536434375 1
1 0.1286140421875 1 0.1297449828125 0.9646075484375001 0.13369755156250002 0.9481187359375 0.136991359375 0.942140215625 0.144896496875 0.9504631171875 0.14950782812500002 0.9366450343749999 0.15 0.9307621640624999 0.15 0.9285399999999999 0.144896496875 0.9214648734375 0.136991359375 0.9272017265624999 0.133038790625 0.9226009062499999 0.126451175 0.9029235046874999 0.128427459375 0.8617265484375001 0.12542138593750002 0.8612605562500001 0.11943603437500001 0.8609468765624999 0.1165697515625 0.8646200531250001 0.1080058515625 0.8650499703125 0.1040532828125 0.8613278859375001 0.100759475 0.8769724875 0.092195575 0.8932196328125 0.08824300625 0.8991636296875001 0.075067775 0.9063817578125001 0.07111520625 0.9193556296875001 0.06913892187500001 0.9315543406250001 0.0697976828125 0.9887066171875001 0.0666479921875 1 0.1286140421875 1
1 0 0.7365540125 0.023366101562499998 0.744451675 0.039183325000000005 0.75450328125 0.0673028328125 0.7638821 0.1648423765625 0.7729465015625 0.183295803125 0.762055896875 0.18241706875000002 0.7363181437499999 0.17130365 0.71522764375 0.152983853125 0.71426754375 0.14726768437499999 0.7193245265625 0.1217843796875 0.722600334375 0.11211829843750001 0.7220937562499999 0.0980585453125 0.716086825 0.0857562609375 0.7141245656249999 0.03742585625 0.7129092 0 0.7171826968749999 0 0.7365540125
1 0.0015625 0.5054979859375 0.0015625 0.5390098046875 0.006278834375 0.541319465625 0.0475793625 0.551389071875 0.0800925421875 0.5511167312499999 0.11787813124999999 0.54255680625 0.141603965625 0.550387840625 0.16005739375 0.5533312296874999 0.17148094375 0.551294865625 0.19257057500000002 0.53988365625 0.1899343703125 0.525252746875 0.18290449375 0.5156616640625 0.17060220937499998 0.5084293125 0.1547849859375 0.5036477984375 0.1196356015625 0.5024644578124999 0.0995147578125 0.49115284687500005 0.0929885484375 0.4908108234375 0.0027638953125 0.5042446125 0.0015625 0.5054979859375
1 0.05287660625 0.2504009046875 0.0456302296875 0.27726191093749997 0.046288990625 0.283447578125 0.0535353671875 0.29173595625000004 0.0555116515625 0.2997481390625 0.053205987499999996 0.3123689578125 0.042336421875 0.32541969375 0.040625 0.33389086875 0.040625 0.3396705890625 0.050900321875 0.3531092828125 0.0469477515625 0.36081075 0.04431270625 0.3843984875 0.050241559375 0.3952540203125 0.058805459375 0.390430428125 0.068028121875 0.3917925015625 0.0721238984375 0.41485425156250005 0.098472315625 0.41623511406249997 0.0983311515625 0.41359151250000004 0.1148001890625 0.36085180625 0.13719808125 0.322482571875 0.135221796875 0.3127129171875 0.09108477499999999 0.2664630640625 0.08449715937499999 0.24942186249999998 0.0765765921875 0.23995070937500002 0.0714479375 0.239681928125 0.059464221875 0.24371626875 0.05287660625 0.2504009046875
1 0.08452271875 0.058710654687499995 0.07661758125 0.0811434640625 0.07661758125 0.12859513281249998 0.06805368125 0.14572100937500002 0.07332377343749999 0.1600569578125 0.0671875 0.2129397703125 0.0671875 0.21896030937500002 0.06805368125 0.22304965625 0.0713474890625 0.22849468593750002 0.08452271875 0.23357884375000001 0.0963804265625 0.22980660625 0.10692061093750001 0.1899372015625 0.112849465625 0.11819168124999999 0.11811955781250001 0.096499509375 0.1174607953125 0.0815264953125 0.11021441875 0.05742089375 0.11046102499999999 0.0526640171875 0.09032075 0.051608509375 0.08847528906249999 0.0554028609375 0.08452271875 0.058710654687499995