1 0.149462046875 0.9784717531249999 0.14245405625000002 0.9609273765624999 0.1423316265625 0.9398836046874999 0.145439221875 0.9313926265625 0.1434424421875 0.9137599421875 0.14439654531249999 0.8607002484375 0.1424879140625 0.8582190781250001 0.123558315625 0.8603434 0.115424703125 0.873160684375 0.111724971875 0.8884003625 0.1035668734375 0.8970088953124999 0.094713796875 0.8946893578124999 0.08707927343750001 0.8847646749999999 0.0794888265625 0.8824157484375 0.079581871875 0.898409015625 0.0935736015625 0.9157625156250001 0.09996508750000001 0.9290835906250001 0.0950419078125 0.9510866625000001 0.0959180796875 0.9931595124999999 0.104139840625 0.99549374375 0.105483234375 0.9976802625 0.1447645234375 0.9967659796874999 0.14952642968750002 0.989538171875 0.149462046875 0.9784717531249999
1 0.057177164062499994 0.7527012015625 0.0640066671875 0.7689586078125 0.067381015625 0.770142865625 0.073229196875 0.7624299640625 0.090016465625 0.7538310546875 0.1253589828125 0.7511142515625 0.15316614374999998 0.7555182234375 0.192724759375 0.7539660859375 0.20780649218749997 0.7416184828125 0.20898340625 0.7336394078125 0.2089294875 0.72437164375 0.1958750640625 0.71664024375 0.17143123437500002 0.71152659375 0.1696963125 0.7027273921875 0.1738536453125 0.6937910484375001 0.170598765625 0.6914359234375 0.168198090625 0.6914918 0.13857356875 0.707240175 0.104903534375 0.7080238546875 0.0763023703125 0.711846546875 0.0670651484375 0.7158499359375 0.0553504203125 0.7281191734375 0.057177164062499994 0.7527012015625
1 0.0953813296875 0.43377650624999997 0.089689715625 0.43222525 0.08713997812499999 0.42807527187499994 0.08595570625 0.4415726734375 0.09104538906250001 0.448189128125 0.1226604375 0.5644724906249999 0.1196165078125 0.5839062296875001 0.1273342828125 0.6081406765625 0.135595221875 0.6172089140625 0.15516592812500002 0.6167534 0.1601674625 0.608218340625 0.16435327500000002 0.5833761015625 0.164128003125 0.5446551562499999 0.1615863765625 0.526524428125 0.1435912921875 0.47222205468749995 0.1309160578125 0.464098425 0.11755074531250001 0.4458884796875 0.0973046515625 0.438782928125 0.0953813296875 0.43377650624999997
1 0.0742060109375 0.361461215625 0.1011126546875 0.35578376562499997 0.126390890625 0.3596152 0.1743449765625 0.354079265625 0.1987006609375 0.3440414015625 0.21888064375 0.33978331562499997 0.2254054859375 0.3330675328125 0.225396875 0.3315873875 0.19349589375 0.3176438015625 0.1755891671875 0.3147062796875 0.111207390625 0.31620478125 0.0563125453125 0.324625171875 0.04288860625 0.3325144015625 0.04040008125 0.3388863078125 0.0429767546875 0.34766591562500004 0.060734326562499996 0.36114337343749997 0.0742060109375 0.361461215625
1 0.1404614328125 0.1295954078125 0.133071765625 0.16175826875 0.12742912343749999 0.1686245203125 0.135161590625 0.19538422187499999 0.13165775 0.2442939328125 0.136130809375 0.253450334375 0.153836959375 0.2580894078125 0.16389879375 0.2511202984375 0.1676034203125 0.23672236875000002 0.178340640625 0.2373143234375 0.17860956249999999 0.1750100671875 0.183557228125 0.157215746875 0.185208746875 0.1390175890625 0.18504435624999999 0.11076130937499999 0.17629936562499998 0.1035053265625 0.1736810671875 0.0875708375 0.17412831875 0.06001829374999999 0.17359081406250002 0.060030803125 0.16852772031250002 0.070011621875 0.1641036328125 0.069272728125 0.1571151140625 0.061858603125 0.15472698125 0.085486403125 0.1428495625 0.10596760937500001 0.1404614328125 0.1295954078125
1 0.0868409109375 0 0.072855278125 0.013978745312499999 0.07796455 0.0239622046875 0.0864077671875 0.028185474999999998 0.11082221562500001 0.028248621875 0.1310426 0.03093498125 0.1411693203125 0.035119068749999996 0.1841096296875 0.036013817187500005 0.1899541390625 0.027669603124999997 0.2118176234375 0.0233723328125 0.21764376875 0.011871553125 0.2312957609375 0.0024832484375 0.2312881515625 0.0011753640625 0.23048527968750002 0 0.0868409109375 0
1 0.40238321250000003 0 0.3992567359375 0.00582919375 0.40182973593750004 0.0139774875 0.41113307031249996 0.021337734375 0.43558791875 0.028345324999999998 0.4423623265625 0.0351330328125 0.44241742031250003 0.044602729687499995 0.448317021875 0.0457282125 0.45330876093750005 0.03550965 0.4617079046875 0.0321571640625 0.4718125890625 0.032553375 0.49206235625000005 0.0402902375 0.5214979234375 0.0351853265625 0.5450669484375 0.0346367515625 0.54922428125 0.025700409375 0.5660372625 0.021520690624999998 0.574462115625 0.022587396875 0.5803360078125 0.0192936875 0.5735505812499999 0.0106120390625 0.5751826624999999 0.0017344718750000002 0.5786632125 0 0.40238321250000003 0
1 0.44817879843749997 0.15582104218749998 0.4816432921875 0.15588401093749998 0.491773684375 0.1606994125 0.4956056390625 0.16818700625 0.49701028125 0.1925683921875 0.5073316640625001 0.23021207656249998 0.5106302484375 0.25454938125000004 0.51190266875 0.2562034953125 0.526334721875 0.24071401875 0.528713059375 0.2154027171875 0.5349037625 0.19421200624999999 0.5354714109375001 0.18325455156249998 0.5493659296875 0.14681851875000002 0.5493260640625001 0.139966184375 0.538373325 0.1394100375 0.5294908656249999 0.132039996875 0.5293586421875001 0.10931272343750001 0.5248219187500001 0.0892135609375 0.5141997328125 0.08804540937500001 0.51167660625 0.08810413593750001 0.491416190625 0.0992516015625 0.486488115625 0.120412925 0.49100035468750003 0.1363033328125 0.4822354265625 0.14913531093750002 0.4481543125 0.1516122875 0.44817879843749997 0.15582104218749998
1 0.50690213125 0.3562544984375 0.51004400625 0.353655778125 0.509358825 0.3444112125 0.51764890625 0.33587853437500004 0.517578865625 0.32383974531250004 0.5143162828125 0.32830039375000003 0.502336025 0.33110483125 0.5041320218750001 0.3142257328125 0.5014206765625 0.282297978125 0.491182546875 0.2589640578125 0.4783795421875 0.209207925 0.4779981234375 0.209216803125 0.4738873359375 0.21643150156250002 0.453906109375 0.36338105 0.4641785203125 0.392607225 0.4839206265625 0.4216129921875 0.48846224843749997 0.44255390468750005 0.50690213125 0.3562544984375
1 0.4657099921875 0.48400862343749995 0.47144078125 0.4922938859375 0.4689742953125 0.5024536734375 0.45391582656249996 0.5187995937500001 0.4489240859375 0.5290181546875 0.45020630156249997 0.532355771875 0.45465487656250003 0.53730341875 0.4691603875 0.5344402046875001 0.4742402765625 0.53937315625 0.486509465625 0.5862320203125 0.497261378125 0.5893492250000001 0.502404928125 0.6052249390625 0.5172919968749999 0.5594177390625 0.5165284609375 0.5367051593750001 0.5113457312499999 0.5140954390625 0.5125349015625 0.5014397890625 0.5175560234375001 0.49627173124999996 0.539666675 0.49828269374999995 0.5435864375 0.4964445921875 0.5435758671875 0.4946278140625 0.5282295796875001 0.48592092343750004 0.51235370625 0.4702950078125 0.5070877265625 0.43337552187500006 0.501327553125 0.4200397546875 0.49493855625 0.41822586250000005 0.48260042500000006 0.418513034375 0.46547003125 0.44276283281250006 0.46614541875000004 0.4503238953125 0.4731780125 0.46531377812499997 0.47260546562499994 0.4754294828125 0.45243772499999996 0.48179194374999995 0.4657099921875 0.48400862343749995
1 0.4300961671875 0.7263343609375 0.430151259375 0.735804059375 0.43608024375000004 0.7419800453125001 0.4487358875 0.746736671875 0.45134194531249994 0.760566784375 0.45977047187500003 0.7622648062499999 0.46733153749999995 0.7595632250000001 0.47485954843749995 0.7511798265625 0.48159722812499994 0.7516544015625 0.4909409625 0.76595909375 0.51870405 0.7627873078125 0.5557704703125 0.766975765625 0.56080628125 0.7643329609375 0.559920459375 0.7567767937500001 0.5661423765625 0.7490551953125 0.6044855046875 0.74753135 0.587621103125 0.7428726828125 0.5808246593749999 0.732297096875 0.6058599109375 0.724660734375 0.605854028125 0.7236494984374999 0.590855884375 0.7200670421875001 0.568963015625 0.719313809375 0.5638390546875 0.7068050984375 0.5602988437499999 0.704243515625 0.5486020015624999 0.7045157625 0.5419425140625 0.7054205484375 0.5175721421875 0.712933159375 0.47463182968749995 0.7120384109375 0.46704138124999994 0.7096894859375 0.4393003328125 0.7166491515625 0.4300961671875 0.7263343609375
1 0.5225003218750001 0.9319085156250001 0.5148119296875 0.9127245734375 0.5018869421875001 0.8616716515625 0.49297999687500005 0.8500928562500001 0.48674159531249994 0.8481623328125 0.48488612499999995 0.84820551875 0.477852965625 0.8546542640625001 0.46535892656250005 0.8776754171875 0.46603921406250004 0.88607823125 0.47431484218750003 0.897671721875 0.4749804375 0.9035492843749999 0.47258251093750003 0.9254935812499999 0.46265779843750005 0.9560317156249999 0.4615420859375 0.9813136281249999 0.46267098124999995 0.989366625 0.517370825 0.988093471875 0.5208757265624999 0.9782488921875 0.5225003218750001 0.9319085156250001
1 0.9021764640625 0.9559383828125 0.9059398562500001 0.9516414671875 0.91354989375 0.9573573937500001 0.9166062828125 0.9531786562500001 0.9165231859375 0.9388954500000001 0.9133882874999999 0.929579615625 0.9058566046875001 0.9373317015625 0.9026657578125 0.9315129140625 0.898784834375 0.9156078140625 0.8972920406249999 0.8760749109375 0.8940473265625 0.860996865625 0.8831974703125001 0.8410446453124999 0.866122640625 0.8252677374999999 0.8594607046875 0.8254227953125 0.8578519 0.8256391359374999 0.8429011687499999 0.8605035765625001 0.83409216875 0.8657597984375001 0.8411835265625 0.8908506890625001 0.8408705296875001 0.9455791874999999 0.8428330296875 0.9573196171875 0.8466943640625001 0.9698577171875 0.8593647015625001 0.9771395937499999 0.8613064953125 0.9800882796874999 0.8962221781249999 0.979275609375 0.8959710703124999 0.9746038421875 0.9021764640625 0.9559383828125
1 0.885225403125 0.751886053125 0.8809482296875 0.7763996843750001 0.874674275 0.7832806296875 0.875398634375 0.799259203125 0.89566431875 0.80973175625 0.918597425 0.8099819687500001 0.9203272921875 0.8099417046875 0.9312983765625 0.79246203125 0.93125945 0.78577126875 0.927219759375 0.6987130031250001 0.9194872937499999 0.6719533046875 0.9105607593749999 0.657007503125 0.8959887562500001 0.6073556859375 0.8921811500000001 0.6074443078125 0.8894531859375 0.6103543578124999 0.8797047703124999 0.6711955234375 0.8787114875 0.7175212078125 0.880042675 0.7292763296875 0.885171534375 0.74262679375 0.885225403125 0.751886053125
1 0.8664895140625 0.5340739390625 0.8742954390625 0.5734599015625 0.8832513531249999 0.5934562046875 0.8852236484375 0.6068801374999999 0.896881896875 0.6066087875 0.8977372765625 0.5872259890625 0.9096685624999999 0.5760040421875 0.9264131859375 0.4899835890625 0.92637025625 0.48260471875000005 0.916592996875 0.4638748515625 0.917028425 0.43019012500000003 0.9131523953125 0.4151267734375 0.9067707046875 0.4034892 0.8978931421875 0.396960909375 0.8859013046875001 0.3950616984375 0.883785421875 0.395110946875 0.8721121453125 0.4152401296875 0.8696505562500001 0.4262416671875 0.8716473375 0.443874353125 0.8780926921875001 0.4664546875 0.8682022578125 0.5028850765625 0.8664895140625 0.5340739390625
1 0.8431706625000001 0.2741963328125 0.8171167875 0.28174812656250003 0.8104195093750001 0.28821799375 0.8046154015625 0.303506653125 0.81476783125 0.312109934375 0.8307978281249999 0.3180508171875 0.8731314515624999 0.3593691984375 0.8824017296875001 0.3610476265625 0.9201556406250001 0.338701340625 0.9714106203125 0.321723403125 0.9941976 0.322413546875 0.9941521828125 0.31460689999999997 0.983978115625 0.3113285140625 0.9906423375 0.299176828125 0.9518813968750001 0.293133615625 0.9509882265625 0.284314821875 0.9559909843750001 0.27599019999999996 0.9458569171875 0.2705434859375 0.9231443374999999 0.273597721875 0.9155906171874999 0.277561928125 0.9032739265625 0.2680777078125 0.8972520015625 0.2682178703125 0.8894485921875 0.2699622078125 0.8764620578125 0.2806825515625 0.8642695249999999 0.2831762296875 0.8566827484375 0.28145861875 0.8490665890625 0.27469050156249997 0.8431706625000001 0.2741963328125
1 0.8063176109375 0.16197849687500002 0.8122172109375001 0.163103978125 0.8668942859375001 0.15551736875 0.880391684375 0.16025440468750002 0.897178953125 0.15165549375 0.9426334984375 0.1505975265625 0.964474946875 0.142512378125 0.9678199125000001 0.13864613125 0.9992879390624999 0.12293908906249999 0.9992531328125001 0.11695659218750001 0.9912603843750001 0.11600159531250001 0.96685695625 0.1178323890625 0.9473750703125001 0.112342796875 0.9229790015624999 0.112910621875 0.90876145625 0.116658984375 0.8397709437499999 0.12394734375000001 0.8011091703125001 0.134949584375 0.7969665296875 0.1464111796875 0.8012487390624999 0.1589394828125 0.8063176109375 0.16197849687500002