1 0.9587591375000001 0.0532221546875 0.9498843703125001 0.056651275 0.9280312234375 0.0570327234375 0.9065251999999999 0.0488951671875 0.8995054921875001 0.0496725375 0.8815423421874999 0.061773240625 0.87455265 0.0723440296875 0.8744679421875 0.0744228984375 0.878645915625 0.08998199999999999 0.8914373828125 0.097616828125 0.8937126375 0.10609005625000001 0.937392228125 0.10598246874999999 0.9603331171875 0.1003432984375 0.9740521109375001 0.106652253125 0.9910088531250001 0.12010408125000001 0.9943973046875 0.120044934375 0.9951463374999999 0.10166235781249999 0.993710109375 0.09583165 0.9954516265625 0.0941699984375 0.9970867468750001 0.054041271875 0.977035675 0.054867662500000004 0.9587591375000001 0.0532221546875
1 0.71034204375 0.1461146421875 0.7194451171875 0.1477027546875 0.7243099703125 0.172949459375 0.7325416984374999 0.1870711890625 0.73670065625 0.18699859375 0.7500236421875 0.18472968437499998 0.7631156140625001 0.1687780875 0.7654449624999999 0.127682734375 0.7613778890625 0.0989280859375 0.7648397671875 0.062180485937499995 0.774071128125 0.044549267187500005 0.7821841515625 0.0382931265625 0.7810160046875 0.0348194984375 0.7642629390625 0.028123890625 0.738777165625 0.0268217390625 0.7258276640625 0.03927683125 0.7215040187499999 0.048960846875000005 0.7170164671875 0.07873831875000001 0.7155917515625 0.11370335312499999 0.6982507328125 0.1456692046875 0.6982058765625 0.14677005625 0.700989640625 0.15064540937499998 0.71034204375 0.1461146421875
1 0.45916025937500005 0.113783090625 0.4793986640625 0.11015561874999999 0.599593775 0.1401448578125 0.6047270046875 0.14402193125 0.620009290625 0.143755178125 0.620412584375 0.1437105171875 0.6161487609375 0.141165575 0.6146408265625001 0.13529831718750002 0.6094761765625 0.1334239421875 0.6024635 0.11259140625 0.583793465625 0.09916561406249999 0.57558624375 0.08621203281249999 0.519515709375 0.0688551734375 0.4951736953125 0.06600585625 0.461056084375 0.0672562234375 0.43464539531249996 0.0723011171875 0.427829921875 0.0764072359375 0.42687574218749996 0.099824496875 0.43413103125 0.10636187500000001 0.45916025937500005 0.113783090625
1 0.3868248234375 0.140018484375 0.40832118125 0.1396432640625 0.4264672046875 0.1255269046875 0.42930734687500005 0.11678705625000001 0.42934072656250005 0.1159678796875 0.42710804687500004 0.1097995125 0.41344245468749996 0.1021799421875 0.3482301375 0.09480528437499999 0.295782584375 0.09572075937499999 0.271120146875 0.1007351375 0.23638839531250003 0.11705758749999999 0.2439351078125 0.12478396249999998 0.26475391875 0.1283496203125 0.2897030421875 0.13773675937500002 0.33276925625 0.140962028125 0.34283805156249997 0.1407862765625 0.36575199375 0.1364093203125 0.3868248234375 0.140018484375
1 0.0563764640625 0.1748909078125 0.10723597656249999 0.1700741 0.13402787656249998 0.177220234375 0.135187434375 0.17719999375 0.1421209046875 0.17142970625 0.17565810937499998 0.162986209375 0.20024044062500002 0.1599377546875 0.2217267953125 0.1471207125 0.2463091265625 0.14407225937499998 0.2387357140625 0.1370011921875 0.23804849843749998 0.1324292953125 0.249652453125 0.1263331703125 0.2199054703125 0.1275072484375 0.20340388593749997 0.125175915625 0.19591057812499998 0.1161389265625 0.174958259375 0.11584980625 0.1477535484375 0.1189440359375 0.129183290625 0.124506915625 0.064471275 0.126291309375 0.064891471875 0.13741628749999998 0.0498711203125 0.14160752031249998 0.043843273437500004 0.1502241390625 0.043576046875 0.1567823671875 0.046947992187499996 0.17047158906249998 0.0563764640625 0.1748909078125
1 0 0.2095691015625 0.004941590625000001 0.20697426718749998 0.0097995046875 0.1841783625 0.018567834375 0.17791078124999998 0.018418421875 0.133364678125 0.014258681249999999 0.12295523593749999 0.011836971875000001 0.10203340624999999 0.0122145828125 0.07669519531249999 0.00798360625 0.06803400625 0 0.064099621875 0 0.2095691015625
1 0 0.5112361765625 0.0192582375 0.50321254375 0.0297744484375 0.5023741421875 0.0383821984375 0.505498103125 0.043199725 0.5158914828125 0.0493720125 0.514474059375 0.049772539062499996 0.504644440625 0.057059264062500004 0.4973139890625 0.08272933437499999 0.48900781249999997 0.092665140625 0.48097628124999997 0.0954062171875 0.4730703328125 0 0.4747356546875 0 0.5112361765625
1 0.1767144546875 0.53850473125 0.19883461875 0.531570203125 0.225165203125 0.528491234375 0.2413999140625 0.5132512359375 0.24140752812500002 0.5130643859374999 0.2398187609375 0.5118644078125001 0.2146026203125 0.509030346875 0.175694184375 0.49923202499999997 0.1503979375 0.49836388906250007 0.1426910140625 0.49456936249999994 0.13787348593749998 0.4841759828125 0.1384145546875 0.449459915625 0.134043925 0.44953620625 0.13085377812500001 0.48495335468749995 0.11736806562499999 0.49435653437499993 0.10094658593750001 0.4900592796875 0.078879825 0.495683190625 0.0666350296875 0.5175067078125 0.0678492484375 0.530582353125 0.08864135625 0.5348033171875 0.1122427546875 0.534391353125 0.11973606249999999 0.5434283453125001 0.12012955781250001 0.5552086296875001 0.120345840625 0.5553151171875 0.1258214859375 0.5552195390625 0.1653241171875 0.5393583937499999 0.1767144546875 0.53850473125
1 0.24266064843750002 0.509290584375 0.27012565 0.5183501500000001 0.27947163124999996 0.5181870156249999 0.42580688593750005 0.49496144218750004 0.43386093125 0.490236965625 0.3819474140625 0.47804628125 0.3578991171875 0.467988575 0.324789140625 0.46594714374999996 0.30722651875 0.4682182265625 0.3103562296875 0.4557216015625 0.3166620234375 0.4510276390625 0.3044509625 0.4505859421875 0.2935342234375 0.461253965625 0.283945540625 0.46076649375 0.2811896546875 0.4640888078125 0.1925872890625 0.48498374218749996 0.1925636578125 0.48556367187499994 0.21289399687500002 0.4895100640625 0.24266064843750002 0.509290584375
1 0.42450639843750004 0.5034987484375 0.462754321875 0.5080698640625 0.47869517031250003 0.5241626625 0.48813763125 0.54108834375 0.4887504265625 0.5410776484375 0.49132642656250003 0.5357293375000001 0.48963860937500003 0.5128393328125 0.49509697968750005 0.5075053203125 0.508262271875 0.5059658359375 0.53165005625 0.5107963359375 0.555224753125 0.5110396796875001 0.60306839375 0.494488359375 0.586673615625 0.489535796875 0.5836310421875 0.47845659218750003 0.535187325 0.46686018437500004 0.530156184375 0.46170926718749994 0.533392703125 0.446591409375 0.528334859375 0.44209580312499996 0.524891759375 0.44084621718749994 0.5141886343750001 0.44627177656250006 0.49693940156250005 0.46228906875 0.4863430828125 0.46509339687500006 0.4778421421875 0.4593482046875 0.47578050000000005 0.44563250937500004 0.4688071625 0.46670917031250003 0.45829095000000003 0.46754757343750003 0.442850403125 0.4606138296875 0.43500997343750003 0.4600958421875 0.409897640625 0.4781777296875 0.40931555 0.492463246875 0.4107607015625 0.49784510312499997 0.42450639843750004 0.5034987484375
1 0.66651245625 0.51957938125 0.6488163265625 0.5251270031249999 0.6886113015625 0.5250872203125 0.6947978765625 0.5328373359375 0.693603328125 0.540716290625 0.696486378125 0.5421357687499999 0.7072279765625 0.5419482734375001 0.737416428125 0.5373321625 0.766155775 0.5394498828125001 0.7763853000000001 0.5242099625 0.7834050078125 0.5234325906249999 0.79092501875 0.531814271875 0.79868534375 0.534298184375 0.8075067078125 0.5321796812499999 0.8107165234375 0.51771713125 0.8240420265624999 0.5122457984375 0.8304279250000001 0.5055859125 0.8308284515625 0.49575629218749995 0.8216135953125001 0.486094509375 0.79303445625 0.480044940625 0.7850605171875 0.4828034953125 0.7403999921875 0.4855475734375 0.7153440609375 0.478781665625 0.69794165 0.4771208984375 0.6925366828125 0.48114429531249997 0.6867578921875 0.49434200156249997 0.66397721875 0.496049325 0.6478802921875 0.5005062421875001 0.647845834375 0.5013518765625 0.6739593937499999 0.50831708125 0.66651245625 0.51957938125
1 0.9588112828125 0.44612185625 0.9106542546874999 0.4489269671875 0.8778309640625 0.46128705312499996 0.88458365625 0.46706276406249997 0.877930740625 0.48027572812499997 0.8542613484375 0.493689778125 0.8541218859375 0.49711243906249997 0.8577120031250001 0.504857796875 0.8817699109375001 0.507673859375 0.9387700062500001 0.50667891875 0.9645689765625001 0.49775386718750003 0.9790850203125 0.49583530781249996 0.9807840000000001 0.4541393375 0.9785957546875 0.4536346203125 0.9588112828125 0.44612185625
1 0.9091285109375 0.849596034375 0.9031431390625 0.8464262984375001 0.9113306921875 0.8384252812499999 0.897531590625 0.834082253125 0.889691159375 0.833564265625 0.8824845390625 0.8389287937500001 0.888283 0.8466856828125 0.883752159375 0.850693821875 0.864254371875 0.857582575 0.8238700828125 0.8563526421875001 0.8234785062500001 0.8659625953125 0.8262664328125 0.8680682859375001 0.8267934374999999 0.8765720312499999 0.8231367234375 0.8805649125 0.8387374796874999 0.883566809375 0.8549987484375 0.8917959124999999 0.86095741875 0.8956209546875 0.8682905156249999 0.90858979375 0.8812421953125 0.9122927734375 0.8933998515624999 0.9140450859374999 0.9502447343749999 0.9123980125 0.9616360187499999 0.9153636281249999 0.9619908031250001 0.915357434375 0.9644990359375001 0.8538009796875 0.9255766937500001 0.85323798125 0.9091285109375 0.849596034375
1 0.6220551703125 0.9244138109375 0.63995124375 0.924101434375 0.64608014375 0.9184662890625 0.6716167078125 0.913436653125 0.6812320921875 0.9132688171875 0.6950044921874999 0.918267153125 0.70718885 0.9193641593749999 0.7553191765625 0.9172143578125 0.79580191875 0.9098137890625001 0.796532190625 0.8918916343750001 0.7706135765625 0.8848601390624999 0.7552531359375 0.8759604703124999 0.727601528125 0.8685850281249999 0.6307337671875 0.866346809375 0.6121893671875 0.8782743953125 0.6118418875 0.8868021296874999 0.61172925 0.9040045234375 0.6220551703125 0.9244138109375
1 0.3997890984375 0.9058013 0.41175984374999997 0.9121407687499999 0.4273338984375 0.9157979718749999 0.46232563437499996 0.914532346875 0.48367843125 0.9252677968749999 0.48384588281249996 0.9252648750000001 0.5789047984375 0.9046393484375 0.5843837062499999 0.8988012546874999 0.585489090625 0.8716731828125001 0.576903590625 0.8680031312500001 0.536140096875 0.860856559375 0.503717334375 0.863387025 0.46570269375000006 0.87452804375 0.4423683125 0.8683869281250001 0.42409177500000006 0.866741421875 0.41262133125 0.86956100625 0.3918845703125 0.8819309000000001 0.39170291874999996 0.88638893125 0.39316991562500003 0.89674905 0.3997890984375 0.9058013
1 0.2508277296875 0.9397815156249999 0.24724481250000002 0.9634286671875 0.2527151703125 0.9738152328125 0.26144788281250003 0.9684217765625001 0.270586575 0.969135765625 0.2738952546875 0.9929465125 0.29995992656250003 0.9924915515625001 0.2999115328125 0.9887144921875001 0.3184669234375 0.935106853125 0.3423502015625 0.8953822796875001 0.3407760734375 0.8858012109375 0.2986513328125 0.8428612921875 0.29277499218749997 0.8263672859375 0.284028096875 0.8160379140625 0.26805137968750004 0.8224313171875 0.26121335625 0.8295387078124999 0.25290081249999996 0.856762434375 0.2533067953125 0.8628698765625 0.2601946234375 0.8706111875 0.261839984375 0.8784440046875 0.25902994687500003 0.8911588640625 0.24766528906250002 0.9048965484375 0.24534550156249998 0.914569471875 0.2451684921875 0.9189136281250001 0.25508013749999997 0.9318457515624999 0.2508277296875 0.9397815156249999
1 0.061461151562500003 0.9201169796875 0.13289915937500002 0.9247636015625 0.14737426874999998 0.9280152312500001 0.1730068515625 0.9275678125000001 0.19332064843750002 0.9210895734375001 0.20204349375000002 0.9213889296875 0.2027910296875 0.9030430734375001 0.19507593437499998 0.8994491515625 0.19173964062499999 0.8955783343749999 0.169332790625 0.8881113453125 0.12212999375 0.8889352734375 0.1049945984375 0.880721428125 0.0907949703125 0.88620801875 0.034243804687500004 0.8806467031249999 0.028071521874999998 0.8820641265625 0.02269325625 0.8854322124999999 0.0180629046875 0.8978773796875 0.0180061546875 0.899270109375 0.0216785890625 0.9103339171875 0.061461151562500003 0.9201169796875