1 0.0826787234375 0.07049590624999999 0.06612446250000001 0.06573636875 0.0566205375 0.056498276562500005 0.0589030203125 0.0470596078125 0.0694308625 0.03931858125 0.0717768875 0.031244168750000002 0.05450415937500001 0.030540359375 0.036112204687499996 0.0447692859375 0.0218844578125 0.0509978859375 0.0021279859375 0.045688703125 0.0043664765625 0.09375 0.0981164765625 0.0975700203125 0.0975928671875 0.08632791875 0.09672810312499999 0.0799192109375 0.0826787234375 0.07049590624999999
1 0.1855747953125 0.0630565296875 0.1879338359375 0.11370607343750001 0.19163290156249999 0.11385680000000001 0.2013444640625 0.1094150765625 0.23943096874999997 0.10892448125000001 0.269685134375 0.11560391249999999 0.3123806375 0.11666278906250001 0.3281406328125 0.10436912031250001 0.3300007203125 0.08712636562500001 0.32998114218749997 0.0867060328125 0.314142534375 0.0765653921875 0.2874929609375 0.0693520015625 0.285229990625 0.0597281234375 0.28933065625 0.0503635390625 0.2846263484375 0.0467676875 0.25178425 0.0624503140625 0.2154206140625 0.060968609375 0.1855747953125 0.0630565296875
1 0.5086318390625 0.1191947546875 0.517087334375 0.10592261562500001 0.536420153125 0.0924128609375 0.5435853093749999 0.0709181390625 0.5489445421875 0.06909401093749999 0.550476790625 0.06302894375 0.5548925062500001 0.06048716875 0.5548924171875 0.0604852734375 0.540286165625 0.058528703125000005 0.5332676046875 0.0636893875 0.408460728125 0.091964746875 0.3993007515625 0.0901114328125 0.40145865000000003 0.1364423546875 0.431472821875 0.1376653390625 0.45043050781250005 0.1358865734375 0.5086318390625 0.1191947546875
1 0.65211815625 0.1326201359375 0.6533462390625 0.1326701765625 0.704140875 0.130048065625 0.73002795 0.120890378125 0.7516555078125 0.11768663125 0.7584194656250001 0.11087794531249999 0.7583454171875 0.109288125 0.7232390390625001 0.092018734375 0.6975620984375 0.0862066453125 0.64301664375 0.0839840875 0.5942231078125 0.0883685078125 0.5961779968750001 0.13034074843750001 0.6002096124999999 0.130505025 0.6250499656249999 0.12682535781249998 0.65211815625 0.1326201359375
1 0.8393544000000001 0.153264453125 0.841052725 0.175110428125 0.8509835953125 0.1836813734375 0.8545165984375 0.2010652765625 0.8552594625 0.2313505203125 0.8555562046875 0.2313626109375 0.8608627984374999 0.22037854375000002 0.8656800375 0.22148219687499998 0.8735645218749999 0.2299697546875 0.875107471875 0.2046263875 0.8870517093749999 0.183336303125 0.8885946562499999 0.1579929359375 0.895171215625 0.12378101562499999 0.9006302578125001 0.11717174999999999 0.9005505140625001 0.115459625 0.8914311671874999 0.087333996875 0.8930116781249999 0.036585921874999996 0.85571600625 0.035066240625 0.8545255468749999 0.0404619265625 0.8428870265624999 0.0390803296875 0.8453381765625 0.106325259375 0.8407703234374999 0.1251938125 0.8393544000000001 0.153264453125
1 0.8198109390624999 0.4603910703125 0.7952654859375 0.45939092031250006 0.7736696984375 0.4632767953125 0.7724869296875 0.47684527499999996 0.7853535421875 0.49983706093749997 0.8083349796875 0.5062201515625 0.8253853124999999 0.5021490640625 0.839466465625 0.5122544984374999 0.8428342656250001 0.54742976875 0.8475086359375 0.547620234375 0.8467709625 0.51323296875 0.8517171781249999 0.502541171875 0.8597083718749999 0.4987817859375 0.8860084671875 0.498491765625 0.9264092296875001 0.48924463124999995 0.9526140125 0.4869082265625 0.9536836765625001 0.48612171249999997 0.9536271749999999 0.48490861875 0.937274290625 0.46926233906250003 0.9098744812499999 0.465422546875 0.886829503125 0.4576752 0.8749795499999999 0.4565115171875 0.8305489203124999 0.43768026562499995 0.8278851890625001 0.43893339375 0.82754796875 0.451174659375 0.8198109390624999 0.4603910703125
1 0.6801024890625 0.483223771875 0.6844399828125 0.5178804046875001 0.6965396 0.5437796640625 0.7125414421875 0.598263990625 0.7130506703124999 0.598284740625 0.717116484375 0.5908937562500001 0.73164266875 0.440032921875 0.7312182078125 0.43091958124999996 0.719863271875 0.40136626406250003 0.697235340625 0.3686864484375 0.6915440921875 0.3463233328125 0.6913054484375001 0.346313609375 0.675256896875 0.4376580484375 0.67197328125 0.4402463484375 0.6731211671875 0.45027414375 0.6627152140625 0.4607385203125 0.6639901234375001 0.4734935875 0.66846863125 0.46732451406250003 0.6813020421875 0.46512533906250003 0.6801024890625 0.483223771875
1 0.461381846875 0.406556896875 0.4696474046875 0.4232262734375 0.469473375 0.4341075703125 0.4479416625 0.439581778125 0.4623933796875 0.4428927390625 0.46895594999999995 0.4522338 0.46673553593749995 0.4630317125 0.4511689484375 0.47963736875 0.446220021875 0.490324103125 0.44775364531250006 0.4940160546875 0.45278259062500004 0.49966516250000004 0.468344515625 0.4975771671875 0.4740555921875 0.50325406875 0.48938715781250003 0.55469125625 0.501152703125 0.558800128125 0.5072597421875 0.575863590625 0.5075364812500001 0.5758748671875 0.521498853125 0.5278713734375 0.519673503125 0.5032981249999999 0.5130732515624999 0.4785303140625 0.5138023859375 0.4649495390625 0.5190053609375 0.45971735 0.5430068734375 0.4634174328125 0.5470692374999999 0.46174365625 0.546973115625 0.4596798953125 0.5300934421875 0.4492807671875 0.512235746875 0.431313175 0.5049156906250001 0.39109081875 0.4980990703125 0.3762952125 0.48910437812499996 0.37320661093749996 0.4781903265625 0.372761896875 0.46031864218749996 0.398347284375 0.461381846875 0.406556896875
1 0.3127886578125 0.5192171640625001 0.3424709515625 0.513618290625 0.351994390625 0.5037938343749999 0.35151783124999997 0.493561909375 0.34483648906250003 0.4864813296875 0.3309459609375 0.480468665625 0.327519734375 0.4653507171875 0.3183335109375 0.46293390468749995 0.310278778125 0.465329034375 0.30250997812499997 0.47386331875 0.29520548125 0.4728848515625 0.28447475624999996 0.45678843125 0.2546018390625 0.45829453906250006 0.214347671875 0.45120763750000004 0.209020209375 0.45371389375 0.2103105484375 0.461936475 0.2039245234375 0.46984626875 0.162541746875 0.46884088593750006 0.18097773281250001 0.4750387609375 0.1887905578125 0.48693128124999996 0.16024244375000002 0.49389206718749995 0.160246590625 0.493981115625 0.1784851109375 0.499447209375 0.20218501562500002 0.501774571875 0.2082749734375 0.51563939375 0.21392014375 0.5199544171875 0.2320066484375 0.5186488859375 0.258020809375 0.5122197109375 0.30447975625 0.5161552703125001 0.3127886578125 0.5192171640625001
1 0.0668795859375 0.4910296140625 0.066711321875 0.46128761406249996 0.06567170312500001 0.438966609375 0.0574377890625 0.4198703734375 0.0412123859375 0.3638599359375 0.031069810937499998 0.3507435375 0.022757246875 0.34768272968749997 0.016453235937499998 0.3532575765625 0.0253065984375 0.5433428015625 0.036343854687499996 0.522450540625 0.04969003125 0.516642796875 0.056167917187500006 0.5241656765625 0.0668795859375 0.4910296140625
1 0.068620221875 0.9643767765625 0.07254362343750001 0.9609071796875 0.0814536328125 0.9621776000000001 0.08414775468749999 0.9656616453125 0.093877153125 0.9660580875000001 0.0898648671875 0.9235036109375001 0.0957546359375 0.90378155625 0.099635696875 0.89940286875 0.10811762656249999 0.9061000421875001 0.112124290625 0.9005809234375001 0.111598271875 0.8892870890625 0.1067203546875 0.8761000421875 0.0989158890625 0.8839483250000001 0.0952088578125 0.8774457171875 0.090311596875 0.8600062203125001 0.08695728593749999 0.8172233578125001 0.082784496875 0.80072075 0.07017211875 0.7784300578125001 0.050225696875 0.7594699921875 0.0420824984375 0.7600455484374999 0.0360969828125 0.775016690625 0.042802392187499996 0.9189845171875 0.0503861140625 0.92370970625 0.05477527343750001 0.9302401109374999 0.06444743124999999 0.9478741656249999 0.068620221875 0.9643767765625
1 0.3148758828125 1 0.32160947968750003 0.9443452625000001 0.32064495000000004 0.8944008515625 0.318687909375 0.8816179890625 0.31255341875 0.8668501765625001 0.3120876609375 0.8568501765625 0.3156346546875 0.830681103125 0.32071028749999997 0.8252044078124999 0.31981215 0.8059210531250001 0.298252040625 0.7936781921875 0.2716066953125 0.7916851109375 0.2602175625 0.8102757171875 0.26901025 0.911351575 0.278550715625 0.9407760203125 0.28886266250000003 0.9575287796874999 0.3028183953125 1 0.3148758828125 1
1 0.5250017078125 1 0.5373220171875001 0.9887915078124999 0.551726153125 0.896567834375 0.5513886625 0.8893217812499999 0.5398761249999999 0.8682159515625001 0.5388645890625 0.831880109375 0.534009671875 0.8153497046875 0.52659560625 0.8023444874999999 0.5167070781249999 0.794682634375 0.50157323125 0.79134388125 0.48962899374999996 0.812633965625 0.487450921875 0.82434096875 0.49038647968750004 0.8435152640625001 0.49835098593750005 0.8683386625 0.48925762031250003 0.9069848578125 0.488777875 0.9405378390625 0.49895346875 0.9835986453125001 0.5067570531250001 1 0.5250017078125 1
1 0.6190841265625 0.9115610921874999 0.63109293125 0.9161354156250001 0.624423846875 0.9287995109375 0.6665915046875 0.9380068828124999 0.6679453859375 0.94759371875 0.662903859375 0.95623913125 0.6740988859375 0.962822796875 0.698517259375 0.9610944343750001 0.706508453125 0.95733505 0.7215940062499999 0.9695239109375 0.7351032875 0.9673510375 0.7486699812500001 0.9566700812500001 0.761740603125 0.9548197500000001 0.7700177328125 0.9571995187500001 0.778549028125 0.9650363125 0.784944434375 0.9659777390625001 0.8127767765625 0.95962265 0.819731796875 0.9530977093749999 0.825010840625 0.9379124484375 0.8249520718750001 0.9366506703124999 0.8139790578125 0.926991621875 0.7963886265625 0.9194665296875 0.748805446875 0.8719118078125 0.7387101359375 0.8694579546875 0.698881246875 0.890983396875 0.6442209671875 0.905777003125 0.618702878125 0.903375553125 0.6190841265625 0.9115610921874999
1 1 0.9110365015624999 0.9872317484375 0.9111773015625 0.9623368156250001 0.9026737390624999 0.9468505 0.9013618875 0.92437739375 0.9058928484375001 0.8501178749999999 0.90899450625 0.8088080218749999 0.9182045984375 0.8048344390625 0.93029769375 0.8100153062500001 0.9441254718750001 0.8156287046875 0.94775836875 0.8199843937500001 0.94885865 0.8258444171875 0.9490974281250001 0.880829084375 0.9449684109375 0.8956287046875 0.9510181203125001 0.9133975046874999 0.9428913046874999 0.9624884140625 0.94489160625 0.98574353125 0.9376691750000001 0.98918926875 0.933724575 1 0.9289270937499999 1 0.9110365015624999