1 0.1537611421875 0.2230417796875 0.1557518765625 0.21313097343749998 0.1830300234375 0.2058518578125 0.197633478125 0.1963942828125 0.1977533609375 0.1860915453125 0.1964905484375 0.177263840625 0.17976046875 0.16449203437499998 0.13567859531249998 0.1653284578125 0.104656284375 0.172035375 0.06528120781249999 0.1713015359375 0.046625859375 0.1628146546875 0.04015745 0.154605146875 0.036388739062499995 0.1561426515625 0.02867129375 0.1746888296875 0.0264759890625 0.20218050625 0.0394537234375 0.21508334687500003 0.049723575 0.2189424109375 0.08157759375 0.22134479062499998 0.11910104531250001 0.2200344421875 0.1511709359375 0.23524821875000002 0.1552749453125 0.23510490312500001 0.1583370140625 0.2327232734375 0.1537611421875 0.2230417796875
1 0.07062365000000001 0.5275163187499999 0.0727988484375 0.5218141296875001 0.09540060312500001 0.5125855125000001 0.11040868125 0.49143190625 0.12458253281250001 0.4815598921875 0.1449826265625 0.41989667343750003 0.146757584375 0.40764077500000007 0.1474254765625 0.35024225000000003 0.1439317359375 0.3289759734375 0.1384150140625 0.319791571875 0.11661473281250001 0.3205528546875 0.10735260937499999 0.3311910515625 0.0985972375 0.35869024375 0.10186234999999999 0.38014344218749996 0.065886571875 0.5117407546875 0.06017336718750001 0.5194419046875 0.0613373078125 0.53357778125 0.0619108375 0.533557753125 0.0642727046875 0.5296135109375 0.07062365000000001 0.5275163187499999
1 0.12725820625 0.7160444046875 0.1372189296875 0.6453686828125 0.1378738671875 0.5890835046875 0.13325685781250002 0.562988990625 0.1168049328125 0.5269930046875 0.1082678734375 0.535730471875 0.10378648906250001 0.5583918875 0.0929214109375 0.5859647531250001 0.087376578125 0.639607575 0.091971753125 0.6675782609375001 0.0859965734375 0.697793484375 0.0865251609375 0.7127783062499999 0.1017671 0.731937853125 0.10772723125000001 0.73343840625 0.11435340000000001 0.733207015625 0.1186447375 0.7313484734375 0.12725820625 0.7160444046875
1 0.168730421875 0.8454703609375 0.19502956875 0.8417401765625 0.21769911406250003 0.82759250625 0.24399826249999998 0.8238623234375 0.235645496875 0.8164215671875 0.2347646890625 0.8115316828125 0.246779825 0.8049163515625001 0.2467812828125 0.80479106875 0.2151303421875 0.8065937375000001 0.19733943437499998 0.8044032109374999 0.1890112171875 0.7948527515625 0.182083646875 0.7948782921875 0.16146733124999998 0.7955982296874999 0.1373919203125 0.798764184375 0.1176266453125 0.8050779953125 0.0482000765625 0.808205375 0.048999053125000004 0.820127609375 0.0330024890625 0.824903915625 0.025366871875000002 0.83641774375 0.03076626875 0.8559117671875001 0.041027939062500005 0.8604740671875 0.09548604375 0.8543546531249999 0.1223872828125 0.860999403125 0.1264262640625 0.860858359375 0.1329849453125 0.8551540109375001 0.168730421875 0.8454703609375
1 0.1373997734375 0.902391803125 0.12466513593749999 0.9094004421875 0.12016192031249999 0.93393803125 0.1109434578125 0.9408238828125001 0.112496465625 0.9885926125 0.1155081984375 0.995560025 0.139926446875 0.9947073203125001 0.14106546874999998 0.8968199406249999 0.1373997734375 0.902391803125
1 0.5167022890624999 0.937812890625 0.516130040625 0.9265804109375001 0.519755371875 0.917076759375 0.5310726234375001 0.9110553234375001 0.5297425625 0.9045378328125 0.5191940390625 0.9049061953124999 0.5115457812499999 0.8976716375 0.503423515625 0.8707618265624999 0.49510476875 0.8607375656249999 0.48599546250000003 0.8582425546874999 0.48387227343749994 0.8594750390625 0.4824378796875 0.9827465578125001 0.5221505750000001 0.9813597609375 0.5255823671875001 0.9600077125 0.5167022890624999 0.937812890625
1 0.550934825 0.8595794484375 0.5512295468749999 0.8342511187499999 0.561173075 0.8254645375 0.5738422187500001 0.8240844171875 0.5745651921875 0.8226460359375001 0.5746023484375 0.8194527812500001 0.5582245140625 0.7768068375 0.5576631812499999 0.7646362734375 0.5509037234374999 0.741429690625 0.548418253125 0.71338533125 0.53244033125 0.6970646 0.53101203125 0.6989898875 0.5271793031249999 0.726317178125 0.5154363421875 0.76892398125 0.51371331875 0.7961775984374999 0.5093956687500001 0.8047677203125 0.4980784171875 0.8107891593750001 0.460796053125 0.81302879375 0.460741475 0.8177192249999999 0.49869432812500003 0.81826929375 0.50837588125 0.83199678125 0.503245840625 0.849992325 0.508598828125 0.8732480203125 0.5308295937499999 0.884221046875 0.534974803125 0.8840762921875 0.5457502062499999 0.8822654234374999 0.550934825 0.8595794484375
1 0.634635765625 0.6265687921875001 0.634644275 0.625837475 0.5793981921875 0.613927034375 0.5532627015625 0.6035925203125 0.517648153125 0.602024409375 0.49886187812499994 0.6047892890625 0.5018316125 0.59132955 0.508455496875 0.5861775953125 0.4953304703125 0.5859329828125001 0.483942509375 0.5975778453125 0.47363174218750004 0.5972349546875 0.47077656875 0.6008494062499999 0.3748462796875 0.6252878390625 0.39824115781249997 0.629391515625 0.430820509375 0.6500452421875 0.46337889218750006 0.6601060375000001 0.46387096874999995 0.6600888546875 0.62701965625 0.6312436828125 0.634635765625 0.6265687921875001
1 0.529194015625 0.4960150796875 0.543166753125 0.44301565312499996 0.5488581265625 0.4371906765625 0.5649997812499999 0.4394401125 0.5699879203125 0.4336396921875 0.5713230921875 0.43013959375 0.5713291500000001 0.42961902343749997 0.5659431609375 0.4187776578125 0.5492729203125 0.401543396875 0.5465909671875 0.39038459062499997 0.5530292375 0.3807827109375 0.5678299171875001 0.37745274375000004 0.5454028109375 0.37167198125 0.5448305625 0.36043950156250004 0.552762628125 0.3432838171875 0.553564103125 0.33481648124999996 0.5341900796875 0.3082995890625 0.522938321875 0.30869250937500003 0.513763521875 0.311826015625 0.5072597578125 0.32705641406249997 0.501153590625 0.36852867031250003 0.48336532187500003 0.3869662484375 0.4642469921875 0.3988863375 0.47054335937499997 0.401479578125 0.49518932812500005 0.3978058078125 0.5007497125 0.40323786406249995 0.5019924484375 0.4172600453125 0.49607184687499994 0.442784834375 0.49507389062499996 0.46813772187499997 0.5112519343749999 0.517866415625 0.5114742015625 0.5178586546874999 0.5171953593749999 0.5001849015625 0.529194015625 0.4960150796875
1 0.5531651046875 0.2391597484375 0.5585726703125 0.2577250140625 0.5597731796875001 0.2149649984375 0.568293253125 0.2076871921875 0.5767211546875 0.20833058906250002 0.5786339515625001 0.20452501562499997 0.578736484375 0.195713325 0.574453996875 0.161524503125 0.5776271515625 0.1304694265625 0.561572821875 0.1207152984375 0.5609569125 0.113235165625 0.57019720625 0.10447314218749999 0.5731083859375 0.095932134375 0.5711078374999999 0.086624946875 0.5556694171875 0.08435095000000001 0.550207271875 0.07047611718749999 0.5432513328125 0.0641550875 0.532702809375 0.06452345000000001 0.522034215625 0.0752107609375 0.51464165 0.1064131859375 0.51735635 0.11475773125 0.5189093578125 0.1625264609375 0.5108572203125 0.190001096875 0.5085292031249999 0.2088364953125 0.5126831187499999 0.2143176671875 0.526682321875 0.2194550359375 0.5278049859375 0.24379616406250001 0.5321561875 0.2609905484375 0.5329216156250001 0.26096381874999997 0.5412974359375 0.23207253749999998 0.5531651046875 0.2391597484375
1 0.9589872640625 0.134046171875 0.9591804203125 0.1174464421875 0.9477036 0.09966399375 0.932033215625 0.10021121562499999 0.9199356296874999 0.10104712656249999 0.8972902109374999 0.11402808906249999 0.8963795781250001 0.13187628906249999 0.903324603125 0.13913540468750002 0.90793069375 0.1661680015625 0.907810621875 0.1764869515625 0.9020100921875001 0.1916927921875 0.9004508046874999 0.204875115625 0.90100481875 0.24030074531249998 0.94975698125 0.23859828125 0.9543706609375 0.2226840015625 0.9589872640625 0.134046171875
1 0.9254104625 0.38106161875 0.9001639609375 0.3749137546875 0.8804886968750001 0.37349198281249996 0.8682608437500001 0.3767307859375 0.8455912984375 0.39087845625 0.8482255328124999 0.40625134999999996 0.8556156625 0.4158345671875 0.86866704375 0.42240829375000005 0.8855035000000001 0.426038046875 0.923035134375 0.4240244640625 0.9463481828125 0.43516048906250004 0.9930964375 0.4241436453125 0.993776103125 0.3657332953125 0.9658791000000001 0.3684012375 0.9254104625 0.38106161875
1 0.9766320187499999 0.6310550375 0.9767608593749999 0.619982578125 0.9763399093749999 0.617814971875 0.9297689531250001 0.5725560093750001 0.9229440015625 0.5549779453125 0.9132296999999999 0.5440647140625 0.8962756531249999 0.5512206984375 0.8891559796875 0.5589709625 0.8810820125 0.588321771875 0.8817088375000001 0.5948638171875 0.88934618125 0.6030364609375 0.8913576437499999 0.6114055671874999 0.8887380453124999 0.62509376875 0.876965478125 0.64003930625 0.8739888046875001 0.6542088296874999 0.885769146875 0.668800734375 0.8817824734374999 0.676732365625 0.9529382171874999 0.6742475515625 0.953928353125 0.6711090875 0.9766320187499999 0.6310550375
1 0.9361644484375 0.828009534375 0.94338864375 0.7508654406249999 0.9471638562500001 0.735730325 0.9048853749999999 0.737206721875 0.90455790625 0.7653493109375 0.895197540625 0.7844302843750001 0.9006487703125 0.7992432046875 0.89290690625 0.860464390625 0.894236965625 0.8669818781249999 0.8976876468749999 0.872487609375 0.90846916875 0.8757191765625001 0.9146274015625 0.8755041265625 0.924410571875 0.871554425 0.9361644484375 0.828009534375