1 0.9390772625 1 0.9389963218749999 0.9942648453125 0.9328922515625001 0.970693640625 0.9392463859375001 0.95630593125 0.9535296687500001 0.9375829859374999 0.9530278375 0.92033620625 0.94504804375 0.922930878125 0.9372336640625001 0.9336861843750001 0.9278274921874999 0.9362882921875 0.918756821875 0.9271442171875 0.9142182312499999 0.9108220515625 0.9050160171874999 0.8971571781250001 0.8938692921875001 0.8960386546875 0.8898406484375 0.8959917781250001 0.892866978125 1 0.9390772625 1
1 0.8730291906250001 0.7707466328125 0.858935215625 0.8001072468749999 0.8591263093749999 0.806674684375 0.8605840062500001 0.8085636468749999 0.8699375578125 0.8041532218749999 0.87947526875 0.80607190625 0.8863357734375 0.832363475 0.8962681109374999 0.847844546875 0.913804359375 0.8453370421875 0.9262034390625 0.8292119640625 0.9256444531250001 0.7867243687500001 0.9193562234374999 0.75682405 0.9202837921875 0.7188730156250001 0.928565215625 0.7008923203124999 0.9365111390624999 0.6946578078125001 0.9350508921875 0.6910254015625 0.917953015625 0.6838908421875 0.8886718140625 0.6835501234375 0.8782455546874999 0.6939798265625 0.8744699062500001 0.703878275 0.8719768562500001 0.73458026875 0.8730291906250001 0.7707466328125
1 0.9019323390625 0.4594119640625 0.8882834828125 0.4791379125 0.874996428125 0.488021834375 0.8577362796875001 0.546571440625 0.8553453718749999 0.56936939375 0.8559207640625001 0.589144328125 0.8567889125000001 0.6071185671875 0.8623207109375001 0.6342985265625 0.86800385 0.6434031859375 0.8890065609375 0.6436475734375 0.8975247546875 0.633804309375 0.90489189375 0.6076782953125 0.9008992671874999 0.58684321875 0.9304402421875 0.46155139062500006 0.935649828125 0.45438118593750004 0.9339364828125 0.440409353125 0.9335830421875 0.44040524062499997 0.931295396875 0.444388134375 0.9252504515625001 0.4461255015625 0.9233757796875001 0.45152680468749995 0.9019323390625 0.4594119640625
1 0.7893175984374999 0.3482401859375 0.811135696875 0.3525577265625 0.8376520140625001 0.3630254328125 0.8893270796875001 0.36836766718749997 0.9163138578125001 0.3639407453125 0.9454046578125 0.3696974671875 0.9598514921874999 0.36918829375 0.9784051359375001 0.3545040828125 0.9808416265625001 0.34505054999999996 0.9779320140625 0.3382439203125 0.9632289078125 0.3299455046875 0.902114775 0.32132927968749997 0.8361339937500001 0.320561525 0.8157326875 0.3241655671875 0.7830412640625 0.339059725 0.7831316015625001 0.3421644234375 0.7893175984374999 0.3482401859375
1 0.8195874578125 0.145671471875 0.8202926625 0.1512842703125 0.8262651921874999 0.170334678125 0.8288895171874999 0.23725033906249998 0.8403808250000001 0.2364801984375 0.8448931078124999 0.2518982046875 0.8559436828125 0.2592576140625 0.8747560218749999 0.254053396875 0.8792091781250001 0.2441628328125 0.873618253125 0.1916743015625 0.880906465625 0.1628358109375 0.8745984375000001 0.1555315859375 0.8654686406250001 0.12107893750000001 0.862021978125 0.095730946875 0.84851795 0.0738813421875 0.8450712890625001 0.0485333515625 0.8378554906250001 0.056584065625 0.8331392515625 0.057433040625 0.82752109375 0.0471163828125 0.8267763515625 0.047107717187499995 0.8282716734375001 0.0763573140625 0.8260615046875 0.0935048046875 0.818266425 0.10027052968750001 0.8195874578125 0.145671471875
1 0.47537773593750005 0.0959152609375 0.47891660937499997 0.077879378125 0.48827016093750003 0.0734689515625 0.487533528125 0.0481524953125 0.491355284375 0.0165621109375 0.48663646875 0.005662528125 0.46875 0.0054544 0.47178444218750004 0.109741396875 0.47379245625 0.1112623140625 0.47699583125 0.10497261718749999 0.47537773593750005 0.0959152609375
1 0.40730980937499994 0.1422521859375 0.3934619171875 0.1557253140625 0.3935587359375 0.1590527609375 0.41965528125 0.1627141609375 0.4606578578125 0.174027709375 0.4869178984375 0.17568782656249998 0.4951736125 0.1798475546875 0.50091398125 0.19075078750000002 0.502862953125 0.22666916874999998 0.5073837484375 0.2267217734375 0.5081275421875 0.190157446875 0.5214139390625 0.180830165625 0.5387309578125 0.185772609375 0.561177228125 0.180615575 0.572280753125 0.1583946234375 0.5700781671875 0.14482344687499998 0.548240353125 0.1398283984375 0.5238280578125 0.13954433593749999 0.5154146359375 0.129964553125 0.5142264546875001 0.1184454765625 0.506233465625 0.1183524703125 0.468496928125 0.13280500312500002 0.45676257343750004 0.133345740625 0.43435572968749997 0.1398577859375 0.40730980937499994 0.1422521859375
1 0.500636896875 0.2104436359375 0.5002517375 0.21043915468750002 0.49632869375000005 0.232094828125 0.476246775 0.2634960109375 0.46632745781249996 0.29501544375 0.49326283281250005 0.4525992890625 0.4982421546875 0.4607919046875 0.5102137890625 0.40670002656250004 0.5203172640625 0.3815097078125 0.5220275765625 0.3471831953125 0.5194688875 0.3290763625 0.5324204406249999 0.331938625 0.537347146875 0.3383229234375 0.5375494921875 0.330044075 0.537415396875 0.32543552187499997 0.5265005281249999 0.3146965328125 0.52688864375 0.3047586671875 0.5234221859375 0.3020067734375 0.500636896875 0.2104436359375
1 0.463236484375 0.507681328125 0.446169840625 0.51777973125 0.44619781875 0.518741234375 0.4514359875 0.521101809375 0.4750698 0.5186652578125 0.480647703125 0.5241532796875 0.4823973421875 0.53773143125 0.4776876125 0.5620806609375 0.47772043125 0.5864850734375 0.4954012453125 0.6354988734375 0.500321440625 0.6183829171874999 0.5117338218749999 0.6149002984374999 0.523133184375 0.5644171734375 0.5283953890624999 0.5590552875 0.54405696875 0.561949084375 0.5486416671875001 0.5565793140624999 0.5498914453125 0.5529784453125 0.5441556921874999 0.54206546875 0.527395671875 0.5246972421875 0.52436994375 0.5138157984375 0.5302044203125 0.50484515625 0.5443531375 0.502298234375 0.5224887640625 0.49571684843749997 0.52149555625 0.48485905625000003 0.52847458125 0.46867090781250004 0.5289153125 0.46054135937499996 0.5102112203125 0.4354788640625 0.493941996875 0.43528955468749997 0.489613409375 0.43658386250000003 0.48393678125 0.45097945624999997 0.47967429375000004 0.4906993921875 0.463236484375 0.507681328125
1 0.45776060156250004 0.7739839890625 0.45107096875 0.8001178859375001 0.45005391875 0.8123111984375001 0.45025046875 0.8190661875 0.45378750468750007 0.8236496750000001 0.467495490625 0.8292322984375 0.469534521875 0.852756203125 0.4748032359375 0.8708945703125 0.48209145 0.84205608125 0.4938195328125 0.8494233718749999 0.499765753125 0.8675696234375 0.4992447578125 0.8263876328125 0.507179 0.8197516765625 0.5153353890625 0.8207504359375 0.5178875656249999 0.815357015625 0.5113099453125 0.7755109453125 0.513151796875 0.7457052281250001 0.49727974843749995 0.7355781578125 0.49639177500000004 0.728337 0.5049625875 0.7203020546875 0.507435840625 0.71219615625 0.5051402375 0.7031309140625 0.49015616250000005 0.700245 0.4843414828125 0.68661954375 0.479226490625 0.6819097375000001 0.4655546359375 0.6817506515625 0.4573464453125 0.6899208406249999 0.451439553125 0.7196792578125 0.45438635468750005 0.7278482234375 0.45776060156250004 0.7739839890625
1 0.6179374953125001 1 0.616070790625 0.99483378125 0.6031365734375 0.9852013953125001 0.5475885984375 0.9710094890625 0.5290868171875001 0.9636446921875 0.502652865625 0.9633371046875 0.47688676562500004 0.9640913015624999 0.44378772031249997 0.9758971531249999 0.4511984125 0.98207888125 0.4452635671875 0.9955553687500001 0.43731970625 1 0.6179374953125001 1
1 0.1533937625 1 0.15011512656249998 0.8873205953125 0.1457804265625 0.8780056625 0.1453866609375 0.8779574453125001 0.13674635625 0.8778569062500001 0.119180015625 0.8948693453125 0.1082937984375 0.9164351453125 0.10537981406250001 0.932670590625 0.1052612921875 0.975150303125 0.1016961109375 0.9922820265625001 0.09849273750000001 0.9985717234375 0.0901258796875 0.9903396875 0.087228990625 1 0.1533937625 1
1 0.072016459375 0.8109198984375 0.08459710312499999 0.8297986109375 0.110993559375 0.8292019078124999 0.1323317671875 0.8177001125000001 0.13250941562500002 0.8005289718749999 0.1255238796875 0.7932168640625 0.12001839218749999 0.766941065625 0.119729 0.756995315625 0.1247281203125 0.7425918359375 0.1257148171875 0.729949375 0.12291284531249999 0.6802048562499999 0.12151821562500001 0.6730615125 0.0852315046875 0.672639278125 0.0802825359375 0.6815165125 0.0729943203125 0.710355003125 0.0718944875 0.8067279718749999 0.072016459375 0.8109198984375
1 0.079424 0.5348816140625 0.073359259375 0.559215075 0.0718792140625 0.5781787671874999 0.0749312484375 0.5899643703125 0.08840148437499999 0.6117592968750001 0.08873210468750001 0.61176314375 0.103261503125 0.609274934375 0.1125361328125 0.6021520328125 0.11894288125000001 0.5895726390625 0.122534371875 0.573345075 0.1208045328125 0.537170825 0.1316644390625 0.5147008671875 0.11599683125 0.4465114734375 0.0671221953125 0.445942765625 0.0649155703125 0.45951522031250003 0.0652644921875 0.47150693437499996 0.0674526359375 0.4958766359375 0.079424 0.5348816140625
1 0.0833340953125 0.3751402078125 0.0906090234375 0.392398065625 0.1004098171875 0.40335834375 0.11648582031250002 0.397218434375 0.12305042343749999 0.39006399687500004 0.1296874390625 0.36212178125 0.12882577343749999 0.355784784375 0.12113642499999999 0.347560634375 0.118867128125 0.3393995515625 0.12085693125000001 0.3263168359375 0.1316280125 0.312432446875 0.133943415625 0.29890159375 0.1220048671875 0.28430102968750004 0.1258331328125 0.276210896875 0.12761186875 0.254524196875 0.063197353125 0.253774665625 0.0561551671875 0.2790155328125 0.0343038125 0.3194346546875 0.036625725 0.32940405625 0.0833340953125 0.3751402078125
1 0.08659188281249999 0.1575962375 0.1455593609375 0.16505515937499998 0.1518490484375 0.163773790625 0.1571754359375 0.1604493828125 0.1613019625 0.14695185156249999 0.156426325 0.134704125 0.1145195890625 0.12338005781250001 0.0402011203125 0.1164197875 0.02553939375 0.11275908750000001 0.003273415625 0.1125 0.0044526015625 0.1530259796875 0.00511899375 0.1532618265625 0.0539435859375 0.153829953125 0.07228304375 0.16284795624999998 0.08659188281249999 0.1575962375