1 0.934205784375 0.0618612515625 0.9250751890625001 0.06495442968750001 0.9023479156249999 0.0641607765625 0.887189371875 0.05768751875 0.8865296624999999 0.1143827609375 0.9135708031249999 0.1157330953125 0.9372706624999999 0.11110146875 0.9517367453125001 0.118430690625 0.970441865625 0.13392921093750002 0.9878718953125001 0.13453788125 0.9852937359375 0.12642658281250002 0.9744798937500001 0.11786008750000002 0.9718637421875 0.10821505468749999 0.9810578359375001 0.0996648484375 0.9974690953125 0.096143509375 0.999300625 0.095024896875 0.9996489609375001 0.06508895625 0.95327288125 0.06457430625 0.934205784375 0.0618612515625
1 0.6839857281249999 0.11792139374999999 0.7203493640625 0.1191912390625 0.7535645546875 0.13729763281250001 0.7539400109375001 0.13731074375000002 0.7583724359375 0.13416714375 0.7539381046875 0.124458615625 0.7558674078125 0.1149723140625 0.782302478125 0.10975379999999998 0.7975877890625 0.1009059703125 0.7976108546875 0.09892383906249999 0.79534724375 0.0829131171875 0.779134415625 0.069381246875 0.7364150796875 0.0672070515625 0.7063515812500001 0.071616453125 0.668193575 0.0682367296875 0.6511375671875 0.0592716578125 0.6505208421875001 0.11227296093750001 0.6531163234374999 0.113431384375 0.6839857281249999 0.11792139374999999
1 0.465044809375 0.1553729390625 0.46081713593750007 0.16077585625 0.46064550468750004 0.17552585625 0.4616281953125 0.175560171875 0.46347956718749994 0.17259802500000002 0.4696398765625 0.170994228125 0.47174973124999997 0.16561114375 0.4936730390625 0.1581915796875 0.508230453125 0.138691809375 0.5219788000000001 0.1300773078125 0.541765978125 0.0716533734375 0.5454728078125 0.046317928125000005 0.54526555 0.0190410921875 0.498013671875 0.017391020312499998 0.4999394671875 0.0301765046875 0.465044809375 0.1553729390625
1 0.33102334375 0.1194158984375 0.3527385078125 0.116107984375 0.3883835484375 0.10097500625 0.3802969765625 0.0925037515625 0.3585264203125 0.08764907499999999 0.332281840625 0.0764965125 0.280519221875 0.0699120828125 0.2531909328125 0.073734596875 0.224163521875 0.06726169374999999 0.22118208125 0.0672973796875 0.22069102499999999 0.10949859843750001 0.2672296578125 0.11718817343750002 0.33102334375 0.1194158984375
1 0.08833888125 0.057325642187500005 0.080299865625 0.08449166875 0.080274184375 0.0866987390625 0.085869365625 0.0936178171875 0.0936529328125 0.12844911718750002 0.0960852578125 0.1539989453125 0.1087918140625 0.176269715625 0.1112241359375 0.20181954218749998 0.1188227515625 0.1938997484375 0.1236082296875 0.1931574015625 0.1293141109375 0.20459701562500002 0.12960378749999998 0.20460713125000002 0.1292873953125 0.17425705625000001 0.1322168984375 0.1570796109375 0.14186189531249999 0.149231278125 0.1427979015625 0.1274369171875 0.1403973125 0.0991598171875 0.1351624296875 0.07987834375 0.135263090625 0.012581796875 0.12365633125 0.013085940625 0.121437321875 0.004240684375 0.08558917031249999 0.0029888390625 0.0848596484375 0.004455446875 0.08833888125 0.057325642187500005
1 0.09191675 0.49116368125000004 0.0984735765625 0.5141291578125 0.10088474375 0.5414971671875 0.11544153125 0.5573810640625 0.11714093125 0.5574404078125 0.1177686953125 0.5566381328125 0.12148610625 0.5303935984375 0.13287617812500002 0.48986563437499997 0.134547203125 0.46354963906249996 0.138735178125 0.45551074375 0.14971269843749999 0.45043732500000006 0.18587607343749998 0.45079071718749997 0.185928965625 0.4462452625 0.149115196875 0.44314077812499997 0.139724075 0.429170928125 0.1446999578125 0.4120649421875 0.1395073890625 0.3891471078125 0.11713467343749999 0.3765428515625 0.10347095312500001 0.3778846234375 0.0984421765625 0.3995360625 0.09815656406249999 0.4240815171875 0.088511565625 0.43192984843750004 0.0762514796875 0.43240904531249996 0.07617824375 0.43870299218750003 0.0913721390625 0.479321678125 0.09191675 0.49116368125000004
1 0.285500384375 0.583640403125 0.2862109359375 0.5836652171875001 0.30026511093749997 0.5304409999999999 0.31147535312499997 0.5053675828124999 0.31460584062499997 0.47091740781249997 0.31277101875 0.45266412968749997 0.325699721875 0.45584399062500003 0.330400571875 0.4623743703125 0.3312307953125 0.44967091875 0.32044368125 0.4383807 0.3212421703125 0.42840452031250004 0.3178632640625 0.4255581453125 0.298478396875 0.332116259375 0.29343904374999996 0.3546767890625 0.2719228296875 0.3857565375 0.2625019890625 0.4120021828125 0.26229347812500003 0.4299215515625 0.28130815937500003 0.576161484375 0.285500384375 0.583640403125
1 0.48681730625 0.39174031249999997 0.4808948359375 0.43154975 0.4636406453125 0.44822696406249996 0.4464194640625 0.4577603859375 0.4464036125 0.45912260156249995 0.45120366250000005 0.4614345609375 0.47510988593750003 0.459541003125 0.480503440625 0.46518611249999997 0.4817090265625 0.47887011562500004 0.4759663890625 0.5032250078125 0.47499864687500004 0.5277466421875 0.49058363125 0.5767338546875 0.49101719062500004 0.57674899375 0.4964565109375 0.560327078125 0.50809500625 0.5570956640625 0.5216478234374999 0.5066391609374999 0.52716831875 0.501375178125 0.5428255328125 0.5046503203125 0.5476639015625 0.4993625171875 0.54907046875 0.4957737953125 0.5437403828125 0.48467414218749993 0.527570290625 0.4668297234375 0.524968715625 0.45582535 0.531213653125 0.44694882500000005 0.5455700796875 0.44472178125 0.523816025 0.43759589062500004 0.523260834375 0.4266629796875 0.5309546562499999 0.4105613671875 0.5317319859375 0.4024033703125 0.5132935578125 0.3758825 0.5004028203125 0.3754323453125 0.49312571250000004 0.3774092421875 0.48681730625 0.39174031249999997
1 0.6834821875 0.5351990265625 0.6916957546875 0.532756228125 0.738083203125 0.532328896875 0.764359528125 0.540752946875 0.780090628125 0.543075884375 0.78288523125 0.5431734734375 0.7880197046874999 0.5395319625 0.79363299375 0.5260798734375001 0.817285234375 0.5255410171875 0.834897878125 0.5215428609375 0.8349018218750001 0.52120404375 0.8065269515625 0.5121996281250001 0.8139346125 0.5008574171875 0.832179928125 0.4960353140625 0.7907733203125 0.49390695781250005 0.7841012953125001 0.4854851 0.7851056328125 0.4773313078125 0.7796828359375 0.4744123171875 0.7396193375 0.47847251249999995 0.7096510874999999 0.47469637656249997 0.6994685296875 0.49003611874999997 0.692187865625 0.490464278125 0.68410923125 0.4813108953125 0.6759591625 0.4782966671875 0.6668444421874999 0.48002559062500005 0.6639425484375 0.494937171875 0.6502426875 0.49991800625 0.64437714375 0.5059256140625 0.6442441796875 0.5173524859375 0.653561559375 0.5273301203125 0.6834821875 0.5351990265625
1 0.9406043296875 0.5587704703124999 0.9468281093750001 0.5517121281249999 0.9603966265625001 0.5585521734375 0.97428421875 0.5842462421875 0.9749397 0.58426913125 0.9854026499999999 0.5794335296875001 0.9926796234375 0.5296968984375 0.9927198015625001 0.52624401875 0.9917694046875001 0.5014422734374999 0.9812361703124999 0.468333875 0.9787826890625 0.4446022296875 0.9795388656249999 0.43826241406250005 0.9885546281250001 0.42584480625000004 0.9893425390624999 0.41677771874999997 0.9759855859375 0.3917558546875 0.9678846734375 0.38419728124999997 0.9596674000000001 0.386638709375 0.949969509375 0.3990324953125 0.9356816734375 0.45401063124999996 0.9276808593749999 0.47358660468749997 0.9275503265625 0.4848046453125 0.9287174140625 0.524705340625 0.9406043296875 0.5587704703124999
1 0.9700608515625 0.8621134390625 0.9109620046875 0.8607320671875 0.8837765875000001 0.852276271875 0.8782109203124999 0.8616355890625 0.8407476984375 0.876705075 0.8400810218749999 0.8821175390624999 0.8400452640625 0.8851906093749999 0.857702934375 0.9045933828124999 0.8793861828124999 0.91695146875 0.8957101328125001 0.9209335421875 0.9384215296875 0.9237898671875 0.955646634375 0.9284858140625 0.9619705843749999 0.932118678125 0.9536935171875 0.9400185015625 0.9676253390625 0.9450978718749999 0.977521553125 0.9454434546874999 0.9836935171875 0.9410661234375001 0.9774251296875001 0.9326583640624999 0.9820182078125 0.9287243234375 0.9896266499999999 0.92640425625 0.9903162125 0.8671434546875 0.9827643125 0.86460426875 0.9700608515625 0.8621134390625
1 0.6729222953125 0.9351162937499999 0.7019179578125 0.944317709375 0.8006141578125 0.9517707921874999 0.8029170593750001 0.9518512109374999 0.82201320625 0.9403226625000001 0.82141366875 0.913687915625 0.8098494781250001 0.8914471125000001 0.7925846890625 0.8901618062500001 0.7852325890625 0.8967291203125001 0.7588133906250001 0.9005833781250001 0.7488133921875 0.900234171875 0.7343314359375 0.8942692078125001 0.7216200359375 0.8924605046874999 0.6716041625 0.8920787234375 0.608524578125 0.900377878125 0.608418825 0.9094662015624999 0.65666978125 0.92499506875 0.6729222953125 0.9351162937499999
1 0.387961521875 0.9130091218749999 0.40060942343750006 0.9202748515625 0.41692543593750003 0.9249390515625 0.45329700781250004 0.92552676875 0.47469804218749995 0.9372632812499999 0.478931365625 0.9374111109375001 0.5743013484375 0.92156346875 0.5862703375 0.9090157328125 0.601733878125 0.9087823390624999 0.6018925578125 0.895145459375 0.59281653125 0.8935490046875 0.571109471875 0.883237303125 0.5284774453125001 0.8735596953125 0.494817271875 0.8744314718749999 0.45559936562500003 0.8839804390625 0.43113328281249996 0.8763020109375 0.4120661859375 0.8735889562500001 0.40021625624999996 0.8759047687500001 0.37889073125 0.8877460078125001 0.3788453984375 0.8916419875000001 0.3807999171875 0.9032053578125 0.387961521875 0.9130091218749999
1 0.2660800921875 0.9319595796875 0.30641624843750004 0.956396909375 0.3075665046875 0.9564370765625 0.3167431265625 0.9548833390624999 0.3627294703125 0.91076805625 0.3800815671875 0.90454995 0.3911017796875 0.8953811093749999 0.3849286390625 0.8787878078125001 0.3777352859375 0.87171255625 0.3496407765625 0.8632250140625001 0.34326920312500003 0.8636849203124999 0.335000075 0.8709026140624999 0.3267944453125 0.8726632859375 0.3136404078125 0.8698155156249999 0.2996804625 0.858068334375 0.2860758484375 0.8548636296875 0.2713954609375 0.865951871875 0.2632612671875 0.8615733875 0.2387475609375 0.8579877281250001 0.227767034375 0.8637459281250001 0.2331183953125 0.872804071875 0.2320981828125 0.8823221234374999 0.1901926890625 0.8883652109375 0.197314609375 0.901579615625 0.1864248703125 0.9049569671875 0.1863263125 0.9134270687500001 0.21082397656250002 0.9129698578125 0.2660800921875 0.9319595796875
1 0.0861365234375 1 0.0991843734375 0.9736161687499999 0.10331945625000001 0.9701227265625001 0.11178002812500001 0.946772209375 0.11235125312500001 0.8976813 0.121430484375 0.8798091484375 0.1161427125 0.8650731296874999 0.12365157812500001 0.8062204234375001 0.12236136875 0.799809146875 0.11901419843750001 0.7942355 0.1054245234375 0.7892136359374999 0.093093325 0.7933303234375 0.081692675 0.834767378125 0.0746861046875 0.9090984484375 0.070513446875 0.9255343984375 0.07023176249999999 0.949742271875 0.0766847203125 0.9719210031250001 0.07501369375 0.9982369984374999 0.075244003125 1 0.0861365234375 1