1 0.929825275 1 0.9295067953125 0.9892408578125 0.9313184359375001 0.97139788125 0.928076034375 0.9628056796875001 0.9279521453124999 0.9415109609375 0.9361296609374999 0.920409459375 0.9354514453125 0.9135802859375 0.92385808125 0.8962769796875 0.914037040625 0.889906809375 0.9107839328124999 0.8898310921875 0.896389678125 0.8939342984374999 0.888801175 0.9065327765625 0.8805146374999999 0.9088949234375001 0.8801238453125 0.9514694984375 0.8853612468750001 0.973734909375 0.8790548406250001 0.9872149015625 0.868902478125 1 0.929825275 1
1 0.860850040625 0.7664252234375 0.859142465625 0.8021557640625 0.850940171875 0.8189983203125 0.8437454140625 0.8244538640625001 0.8437541421875 0.825954075 0.8446089859375 0.8282193687499999 0.8612514421874999 0.8354201140624999 0.8861655671875001 0.83770334375 0.8982290109375001 0.8260606953125 0.9020059187499999 0.816780196875 0.9050302765625 0.78789369375 0.904832053125 0.75382214375 0.9206129390625 0.72267753125 0.9173953125000001 0.718344271875 0.9084801171875 0.7223951359375 0.89953023125 0.720483478125 0.8936393921875 0.6956478390624999 0.884913290625 0.6814445874999999 0.8815099140625 0.681365371875 0.8680272312499999 0.6831282812499999 0.8559836093750001 0.6981780843750001 0.85557795 0.7381972921875 0.860850040625 0.7664252234375
1 0.8932907374999999 0.453545465625 0.8862668093750001 0.46136110781250006 0.8787476875 0.485884628125 0.8820545125000001 0.505550084375 0.8514534250000001 0.623220440625 0.8472935046875 0.62871518125 0.8473574890625001 0.6397130828125001 0.847740940625 0.6435741937499999 0.850270440625 0.6393747015625 0.8560076562500001 0.6378048890625 0.8578936328125 0.6327387437499999 0.8782832578124999 0.6255482578125 0.8915841984374999 0.607121025 0.9043060359374999 0.5989003953125 0.9218638718750001 0.5439502859374999 0.9247825859375001 0.5212284265625 0.9247336 0.5128085515625 0.924086128125 0.486939890625 0.919467475 0.46128218906249996 0.915150771875 0.45405426249999997 0.8932907374999999 0.453545465625
1 0.8537986078124999 0.404174515625 0.85742185 0.4230064640625 0.8729407890624999 0.45658293437499997 0.8805590234375 0.44909519062500003 0.884271509375 0.4287414375 0.8937063406249999 0.40426250625 0.8978938609375 0.3558145890625 0.8932752078125 0.330156884375 0.8982251874999999 0.3030185484375 0.8975073281249999 0.289375065625 0.8833547296875001 0.2711605171875 0.8811324703125001 0.2704747328125 0.8696100625 0.2702065453125 0.868029059375 0.270803809375 0.8604455109375 0.284254075 0.853428809375 0.34061159375 0.8537986078124999 0.404174515625
1 0.821067846875 0.1489260421875 0.821104803125 0.1552783453125 0.8236536921875001 0.1801891921875 0.8288663171874999 0.198195659375 0.8298715968750001 0.2612428890625 0.840722325 0.26064376875 0.8446379875 0.27521335625 0.8548947453125001 0.28226547343749997 0.8727449609375 0.2775709 0.8771604375000001 0.2683052640625 0.873041596875 0.2188123390625 0.8805458546875 0.1917334546875 0.8747590828125 0.1847853765625 0.8669079359375 0.1522390515625 0.8642149015625 0.12832951406249998 0.851963146875 0.1076041890625 0.8492701125 0.0836946515625 0.842290446875 0.0911972578125 0.837825415625 0.09194500781250001 0.8326011671875 0.08187054375 0.83204505 0.0818576 0.832820925 0.10971366874999999 0.8303608015625 0.125838203125 0.821465428125 0.1332962234375 0.821067846875 0.1489260421875
1 0.8450052953125 0.1064011640625 0.8495248390624999 0.1150230921875 0.8590222015625001 0.11998042187499999 0.8601321765625001 0.1200062578125 0.87310123125 0.10686154218749999 0.8725976890625 0.020309935937500002 0.834815446875 0.0194305453125 0.8363817796875 0.050841678125 0.8409112328124999 0.061167184375 0.8442230140625 0.081684428125 0.8450052953125 0.1064011640625
1 0.4787048734375 0.1108003625 0.4788539328125 0.1364212875 0.4830230875 0.134193940625 0.49059176718749997 0.118188309375 0.49952183124999994 0.11669281093749999 0.50850145 0.1237152015625 0.511659609375 0.1178269953125 0.5103329140625 0.10927938125 0.5140652203125 0.092332784375 0.5229804171875 0.0882819203125 0.5228416609375001 0.064431834375 0.5271382046875 0.03472326875 0.518717865625 0.014087121875 0.5185803203125 0.012070090625 0.4791494421875 0.0111523265625 0.47814020937499996 0.013742665625 0.47855670000000006 0.08533144687500001 0.4815427703125 0.09924087499999999 0.4787048734375 0.1108003625
1 0.4960786875 0.2694174359375 0.5167782937500001 0.28074175625 0.5189332515625 0.28079191406250004 0.5299773890624999 0.2795748453125 0.5343284421875001 0.2592359546875 0.5341946421875 0.2362376578125 0.543090015625 0.228779640625 0.5545793125 0.2281953828125 0.555841584375 0.22566974375 0.5396394812499999 0.1844123109375 0.5389364875 0.17332419375000002 0.5324269015625 0.151880846875 0.5297239578124999 0.12626773125 0.5149476546875 0.1105936890625 0.513680428125 0.112267540625 0.5106312921875 0.1368951 0.5006371781250001 0.1749877875 0.49950374843749995 0.1996599359375 0.49571693124999994 0.20723685781249998 0.48552955156250005 0.21210978281249998 0.4527357328125 0.21217186250000003 0.4527609640625 0.21650877500000001 0.486207765625 0.2189389578125 0.49522207187499995 0.23192386874999998 0.49084624374999997 0.2480038140625 0.4960786875 0.2694174359375
1 0.5200646890625 0.2323873078125 0.5197392625 0.2323797328125 0.515547478125 0.2528180140625 0.49592526406250004 0.2821698703125 0.4861190203125 0.31104555 0.48613300312499996 0.313449 0.5078166609375 0.46044639062500003 0.5123312484375 0.46821652968749994 0.5248053078125 0.4174064609375 0.5348836640625 0.3937941828125 0.53724963125 0.361485659375 0.5352348124999999 0.344405296875 0.5473825 0.3472430578125 0.5518871765625 0.35330961875 0.5519708343749999 0.3515591046875 0.5519084828125 0.34084181406249997 0.5421797890625 0.33094016718749997 0.542763846875 0.32158535625 0.5395561328125 0.3189556734375 0.5200646890625 0.2323873078125
1 0.4818187015625 0.51528338125 0.4671167328125 0.5123861671875 0.46267648125000005 0.5173928609375 0.4623283390625 0.5183280421875 0.46235342343749997 0.5226395921875 0.46658718749999994 0.5311106578125 0.4820070125 0.547651353125 0.4846207578125 0.5579322703125 0.47892318749999996 0.5663163921875001 0.46552809218749996 0.5685596375 0.48599700781250005 0.5749977703125 0.48669504531249996 0.585234096875 0.47975997968749995 0.6004028046875 0.479166009375 0.608054040625 0.4971896703125 0.6331720734374999 0.5074067828125 0.6334098796875 0.5156933218749999 0.63104773125 0.5213611593749999 0.6175528765625 0.526251671875 0.5801930750000001 0.5421217546875 0.5643806609375 0.5593036687499999 0.55456049375 0.5535416750000001 0.5518713609375 0.5312066062499999 0.5539065265625001 0.526068315625 0.548676890625 0.52471684375 0.535870334375 0.5296916 0.5129909406250001 0.5301963703125 0.4900075078125 0.51496833125 0.44473991249999995 0.51426929375 0.4447236421875 0.5095886968750001 0.4597192875 0.4987528359375 0.462873775 0.486897525 0.5102915515625 0.4818187015625 0.51528338125
1 0.4012014453125 0.7528900875 0.401203928125 0.7533168796874999 0.42771922343749996 0.761375103125 0.42096806875 0.7720721828125 0.4039620140625 0.7767842265625 0.44276981875 0.778325971875 0.449155115625 0.7861363890625 0.4483479078125 0.7937793984375 0.4533393515625 0.796382665625 0.4539635640625 0.7963971937500001 0.49092248437499997 0.7922164 0.5190463750000001 0.7954249234375 0.5283306046875 0.780955903125 0.5351411984375 0.7804759406249999 0.5428555921875 0.788955775 0.5505365515625 0.7916884828125 0.5590432937500001 0.7899710296875 0.5615169296875 0.775981975 0.5742640390625 0.771170803125 0.5801894109375 0.7649238859375 0.580133684375 0.7553453421875 0.5707082812500001 0.7455487171875 0.5425621015625001 0.7385087765625 0.5349108625000001 0.740884625 0.49148078125000005 0.7417892265625 0.46673804218750004 0.73419001875 0.45294955625 0.7323197671874999 0.44920480625000003 0.7322326078125 0.44460267968749995 0.7355902624999999 0.43956624843750003 0.7482427 0.4174271703125 0.7490043734375 0.4012014453125 0.7528900875
1 0.5504667390625 1 0.5497794515625001 0.9876679203125001 0.5393839375 0.9567657203125 0.5367008140625 0.9345597609375 0.5373046953125 0.9286121015625 0.545536721875 0.9168802765624999 0.5461257359375 0.9083772515625 0.5332205437499999 0.8850816984375 0.526888909375 0.8793335484375 0.521888346875 0.879217159375 0.5178700953125001 0.88046604375 0.5089994984375 0.8921830078124999 0.496530396875 0.9438448656249999 0.48989974218750004 0.9608963812500001 0.4900462140625 0.986072925 0.490696121875 1 0.5504667390625 1
1 0.1617540609375 1 0.16505283906249998 0.9888600421874999 0.16689916875 0.9769795890624999 0.1659384890625 0.9215984578124999 0.1728140875 0.8962082859375 0.1638443796875 0.890889475 0.1486944875 0.8564703796875 0.1388691734375 0.8562416921875 0.12286690156249999 0.8711988953124999 0.112130153125 0.8913891578124999 0.1090265046875 0.906647040625 0.1079822765625 0.9466513875 0.10424501562499999 0.9627461953124999 0.10108685625 0.968634403125 0.0933794203125 0.9607899484375 0.0900136046875 0.97115760625 0.0900897640625 0.9842484828125 0.093542953125 0.988898978125 0.1011711 0.9831148109375001 0.10502729531249999 0.98746293125 0.10933822343749999 1 0.1617540609375 1
1 0.08153350468750001 0.7191768 0.08032574218750001 0.7310721171875 0.08187543750000001 0.777950225 0.0921556328125 0.8378066375 0.10037594999999999 0.8379979687500001 0.1132446375 0.7923071265625 0.1220954125 0.7771830078125 0.12959966875 0.7501041203125001 0.1328810203125 0.655644746875 0.12128270000000001 0.63748965 0.0963834421875 0.6377617875 0.0760136359375 0.648359428125 0.07569275625 0.6578895765625 0.0757330453125 0.6648144484375 0.0818945625 0.67149149375 0.0865082609375 0.69629740625 0.08656277343749999 0.7056670828125 0.08153350468750001 0.7191768
1 0.0862564546875 0.4583051578125 0.0870932484375 0.4923915703125 0.07795869375 0.51030188125 0.0780238265625 0.521497321875 0.09541517187500001 0.60585783125 0.1076124171875 0.6172134765624999 0.1084203734375 0.63171073125 0.1211864453125 0.6320078640625 0.12233420625 0.6235178453125 0.13115524843749998 0.6032829953125 0.13858517343750001 0.563427278125 0.13648610781249998 0.5318665046875 0.1260559046875 0.49500178437500003 0.1323078015625 0.47215211718749994 0.1341194421875 0.4543091421875 0.13150074218750002 0.44317643437500004 0.11959665 0.42303922812500006 0.1160631515625 0.422956984375 0.105215321875 0.42467949374999997 0.096314990625 0.43128572343749993 0.0899986734375 0.4430621375 0.0862564546875 0.4583051578125
1 0.058692425000000006 0.28580838750000004 0.065761290625 0.2936379796875 0.0677215984375 0.3013486671875 0.0655584609375 0.3136475828125 0.055098875000000005 0.3266050734375 0.0535032546875 0.3347875515625 0.0535364140625 0.3404871453125 0.0635539 0.3532037421875 0.059767082812500004 0.36078066249999996 0.057346604687500004 0.38371950625 0.0631531984375 0.3940747359375 0.0714248703125 0.389157225 0.0803698 0.390217090625 0.087622021875 0.429562865625 0.0997152 0.42303094999999996 0.1036110390625 0.43419338124999995 0.11127387500000001 0.4343717359375 0.1098579796875 0.4104919265625 0.1255199296875 0.358904384375 0.147008296875 0.321079228125 0.1450380765625 0.3116649609375 0.1020061359375 0.26807971249999996 0.0955262828125 0.251747096875 0.08766171406249999 0.24263276562499997 0.08322125 0.2425294125 0.071235859375 0.2469233640625 0.064889809375 0.25358904375 0.058019165625 0.2798310046875 0.058692425000000006 0.28580838750000004
1 0.08588951875 0.1573056546875 0.0776872265625 0.1741482125 0.082875071875 0.1878957359375 0.07790841093749999 0.23312432031250002 0.0779980578125 0.248533465625 0.078123315625 0.24910562343749998 0.081345896875 0.25429067031249997 0.0941420671875 0.258846871875 0.105611540625 0.254855459375 0.1156007 0.2159109828125 0.1209414703125 0.1461980703125 0.12592613749999998 0.1250222546875 0.1252033234375 0.1105269828125 0.1180452578125 0.08736519375 0.1191786859375 0.062693046875 0.1186321953125 0.059003578125 0.10986323281249999 0.058799478125000006 0.0969675046875 0.0860229328125 0.0931559109375 0.089340909375 0.08562191875 0.11130906249999999 0.08588951875 0.1573056546875