1 1 0.11009061875 0.99232735625 0.11261342968750002 0.997414453125 0.197601240625 0.9918533765624999 0.2204155828125 0.98156100625 0.2291184953125 0.9813385953125 0.232611221875 0.9815828328125 0.2396052640625 0.9955231015624999 0.23447137499999998 1 0.2408883296875 1 0.11009061875
1 0.8447197203125001 0.1755504140625 0.8817417859375001 0.188137409375 0.905791628125 0.18939780781249999 0.9283866921874999 0.18947187031249998 0.945213715625 0.18611522187500001 0.95560840625 0.17500407499999998 0.9490648578125 0.1640648578125 0.936496753125 0.157048421875 0.8512124296874999 0.1409229484375 0.80484199375 0.1363735203125 0.7986976953125 0.138619878125 0.7987754171875 0.14084555781250002 0.816460021875 0.16029421875 0.8447197203125001 0.1755504140625
1 0.766665775 0.1415558796875 0.7876618734374999 0.1316453015625 0.7889826578125 0.12535675156249998 0.78409353125 0.117683125 0.7622290984375 0.1091198609375 0.675772275 0.1035292203125 0.6484764171874999 0.11587387499999999 0.6185979078125 0.11739649999999999 0.6186101875000001 0.1177481296875 0.673220584375 0.13665862499999998 0.766665775 0.1415558796875
1 0.581468659375 0.175397215625 0.6519083234374999 0.1780368046875 0.6519019171875 0.1778533390625 0.6368017906250001 0.1719393328125 0.6365793656250001 0.16556990625 0.6502458296875 0.15992836562499999 0.6422332125 0.151031415625 0.6236776234375 0.148999328125 0.607986028125 0.1407595703125 0.5676772171875 0.1333489328125 0.55867745625 0.1402946734375 0.531047959375 0.1430851859375 0.5245700796875 0.149189559375 0.524671040625 0.1520806828125 0.5301720265625 0.162112590625 0.581468659375 0.175397215625
1 0.4625090328125 0.18176275625 0.492515434375 0.183335325 0.5003960796875 0.1782039859375 0.5251986515625 0.1826827171875 0.545000884375 0.1763031109375 0.5383831906250001 0.1632407515625 0.5130987015625 0.1449615953125 0.45386359218749994 0.1249031625 0.440308340625 0.13372941562500001 0.4034195875 0.136034671875 0.3933303140625 0.1426041171875 0.3936862859375 0.15279781875 0.42797642812500003 0.17758751718750002 0.4625090328125 0.18176275625
1 0.329013703125 0.158383775 0.36808222968750004 0.175254415625 0.3681770171875 0.175259384375 0.397248575 0.1714964671875 0.398421075 0.160961634375 0.41201339531250003 0.1531969515625 0.407124271875 0.14552332343750002 0.377469646875 0.1344325359375 0.3078398484375 0.1254852515625 0.27400044375 0.12689068750000002 0.27153890468749997 0.1386106234375 0.271576296875 0.139681390625 0.2793344203125 0.1473031671875 0.329013703125 0.158383775
1 0.20928613281250003 0.151159746875 0.2532944828125 0.1583211625 0.258505475 0.1585942578125 0.28016257499999997 0.1516953390625 0.287619128125 0.1446687203125 0.304423046875 0.1423818359375 0.30442148593749996 0.14233713750000002 0.28875455781250003 0.133072315625 0.2390382046875 0.12093013593749999 0.18171701406250002 0.111568290625 0.15247016875 0.112154784375 0.14779045156249998 0.12323702968750001 0.14799465 0.1290844828125 0.1501993078125 0.1353475953125 0.20928613281250003 0.151159746875
1 0.10164925312499999 0.206520828125 0.10907943281250002 0.20691022656250002 0.1178155546875 0.1693975625 0.11263690781249999 0.11213189374999999 0.1026354171875 0.06847694062500001 0.0885655421875 0.0600376421875 0.08023464375 0.0642221953125 0.0722789578125 0.1046591640625 0.07237956875 0.1075403 0.082853828125 0.19991339375 0.10164925312499999 0.206520828125
1 1 0.3258250171875 0.987464784375 0.34005325937499997 0.981973828125 0.3952193734375 0.9833749703124999 0.43534282968750004 0.9796229140625 0.45145406250000003 0.9800363859375001 0.4632943390625 0.98286853125 0.48152785781249996 0.9904695828125 0.488607634375 1 0.48910710156250004 1 0.3258250171875
1 0.781104225 0.4167828546875 0.801388378125 0.42420367187499997 0.8414376921875 0.42418331093750006 0.871828959375 0.4356007296875 0.88377583125 0.4362268375 0.8933878359375 0.41207110625 0.9114615046875001 0.4003027671875 0.940201740625 0.3944735765625 0.940196203125 0.39431498593750003 0.8860658000000001 0.37883889531250003 0.8599053734375 0.3795871421875 0.8401402109375 0.3870283203125 0.807621590625 0.3821452078125 0.77162743125 0.390660865625 0.77192780625 0.3992625015625 0.77316575 0.41000904531250004 0.781104225 0.4167828546875
1 0.78650629375 0.37502999375 0.7473329125 0.35602295 0.7304317453125 0.3572564546875 0.68699944375 0.34862249375 0.6549627453125 0.35753980625000004 0.6429507046875 0.366446934375 0.6930377671875 0.38920482500000003 0.7299635906249999 0.3879611421875 0.7471291921875001 0.3994323234375 0.7583271500000001 0.4000191828125 0.7673342671875 0.399456309375 0.78650629375 0.37502999375
1 0.57741293125 0.41237283593749996 0.5923217281250001 0.41315417343750005 0.6220616171875 0.4097834171875 0.67371519375 0.3891786453125 0.6395050796875 0.37996837031249997 0.6111712390624999 0.36258903125 0.59728235 0.3618611453125 0.5701347765625 0.3784520828125 0.5301225328125 0.3795340171875 0.5250294531249999 0.3856556015625 0.5251785796874999 0.389925990625 0.5277033890625 0.3984805421875 0.57741293125 0.41237283593749996
1 0.46912739375 0.4987166171875 0.47094146718749996 0.4988116890625 0.477198603125 0.4937964015625 0.4849743703125 0.443371184375 0.49377404843750006 0.4222669578125 0.486596271875 0.398785003125 0.488703184375 0.368087709375 0.47404051718750007 0.3426731015625 0.46448637656249997 0.342172390625 0.45059440312500004 0.369171284375 0.453148665625 0.38162823125 0.4484336 0.3983253671875 0.4391489125 0.40554070624999994 0.4328958328125 0.42702939375 0.43336651875000004 0.44050808437500005 0.44582025 0.4752076890625 0.46912739375 0.4987166171875
1 0.33646930625000004 0.47798747812500003 0.339438459375 0.47198154375 0.35161790000000004 0.48943892499999997 0.3528135515625 0.48950158750000006 0.3525922015625 0.454186275 0.3620061 0.3899834390625 0.37276725312500003 0.364360853125 0.3697818703125 0.339558225 0.3588428171875 0.3297426203125 0.345096284375 0.33056257968749997 0.3296200671875 0.37288230312500004 0.32438233125 0.404955903125 0.3236394921875 0.4246952609375 0.3240912734375 0.4376325890625 0.3320074625 0.4715921015625 0.33646930625000004 0.47798747812500003
1 0.2576024109375 0.47047501875000003 0.26165503437500004 0.46704824531250005 0.2667849890625 0.4318882265625 0.265114396875 0.3840487203125 0.2603292109375 0.36839408281249997 0.25034395 0.3555476921875 0.23983601875 0.3580777671875 0.23692075468749998 0.3656269125 0.23722384531250001 0.40649913125000003 0.23854258125 0.44426279687500003 0.2558353390625 0.4703824109375 0.2576024109375 0.47047501875000003
1 0.0637029578125 0.4254691890625 0.10246855937499999 0.43279895 0.09504907812499999 0.44088713906250004 0.09657525156249999 0.447999178125 0.10428467187499998 0.4484032125 0.1673945875 0.43938046406250003 0.18595017656249999 0.44141255 0.198110503125 0.436751703125 0.20527048906249998 0.42123251718750004 0.1972208015625 0.411273996875 0.1707267375 0.40246810312500003 0.1440894921875 0.40425099062500003 0.084306984375 0.3979390359375 0.050652932812499996 0.40465232812499996 0.042459907812499996 0.41197201562499997 0.04249015 0.41283805312500005 0.0541100625 0.4154297921875 0.0637029578125 0.4254691890625
1 1 0.751065721875 0.9260687140625 0.747191146875 0.9245372828124999 0.749822840625 0.9246534531249999 0.7531495328125 0.9654039171875001 0.7742678390625 0.97102675 0.77456251875 0.9897314625 0.7643027390625 1 0.7631919625 1 0.751065721875
1 0.8950385750000001 0.7755917343750001 0.9227792812500001 0.7759859359375 0.929975190625 0.7848882203125 0.9462957859375001 0.785743546875 0.9335817515624999 0.7765520703125001 0.9331739703125 0.7648747874999999 0.954259915625 0.7511450578125001 0.9212964453125 0.733523090625 0.8690126640625 0.7360811546875 0.8611854031249999 0.7324920609375 0.8198523734375 0.7398625421875 0.8121999171875001 0.7485841984375 0.8126428000000001 0.7612667046875 0.8207420750000001 0.76534025 0.8950385750000001 0.7755917343750001
1 0.744363296875 0.7875415640625001 0.756710215625 0.8038813156250001 0.7582261734375 0.8039607640625 0.761617884375 0.7961477671875 0.7591766015625 0.695894759375 0.7551296453125 0.6710364984375 0.747375309375 0.6613877968749999 0.7379828390625 0.665516715625 0.731740753125 0.6776481359375001 0.7333954921875 0.725033671875 0.73436180625 0.7438866109375 0.744363296875 0.7875415640625001
1 0.78847719375 1 0.7880310359375 0.987223703125 0.7570295390624999 0.9816744343750001 0.743847365625 1 0.78847719375 1
1 0.6049201140625 0.7584949640625 0.6574249984375 0.7517446796875 0.6801653671875 0.7412805421875001 0.7000788124999999 0.738085646875 0.7105847140625 0.7301592109375 0.6269177453125 0.7162377578125 0.615633353125 0.7018711984375 0.5978933234375 0.723193678125 0.547597603125 0.7385714734375 0.5407684015625 0.74703558125 0.54089063125 0.7505357921875 0.5420094625 0.75519795625 0.6049201140625 0.7584949640625
1 0.6680077734375 1 0.6667735593749999 0.9646567109375 0.643731328125 0.9664766281249999 0.594867603125 0.9787505859375001 0.5880746171875 0.9851518968749999 0.5882049265625 0.988883475 0.5909793921875 0.9997393796875 0.5917286015625 1 0.6680077734375 1
1 0.4902096484375 0.8148688609375 0.491264025 0.8149241187499999 0.49873678281249995 0.808316621875 0.50550486875 0.7593789828124999 0.4953417078125 0.7110944 0.49309455468749996 0.6770881484375 0.4862401171875 0.6628654515625 0.475570515625 0.660765896875 0.4693088703125 0.6635185078125 0.46490322031250003 0.6736671703125 0.46587829375 0.7015896203125 0.4731889546875 0.7746296187499999 0.4902096484375 0.8148688609375
1 0.5325785749999999 1 0.5179509109375 0.9851172781249999 0.49322248125 0.9827616890625 0.48968805 0.981451525 0.49033577656249994 1 0.5325785749999999 1
1 0.3318177453125 0.79721005 0.3659360859375 0.7689798515625 0.3637103640625 0.6748996843749999 0.3603100890625 0.6685599390625 0.34449430312499996 0.670811840625 0.3299179875 0.7085575687500001 0.32559771406250004 0.748744959375 0.32642957968749997 0.77256646875 0.33077950624999997 0.7971556375 0.3318177453125 0.79721005
1 0.3970218890625 1 0.3961094875 0.9738722203125001 0.3793537515625 0.9792703484375 0.3623413734375 0.9773191406249999 0.347837525 0.9836494921875 0.34828669843750004 0.9965121265624999 0.3510589328125 1 0.3970218890625 1
1 0.237617890625 0.806310009375 0.24775451406250001 0.8068412468749999 0.2586068984375 0.7955183921875 0.257035896875 0.7505307703125 0.253966896875 0.72285959375 0.242057825 0.6852662109375001 0.23128044375 0.6800802359375 0.22294954531250002 0.6842647890625 0.22062037031249998 0.6902962390625 0.22249467968749997 0.7439694343750001 0.224113696875 0.778289321875 0.237617890625 0.806310009375
1 0.2578072828125 1 0.2486365609375 0.9637661203125001 0.2272973578125 0.959567009375 0.2242743140625 0.964029734375 0.21973800156249998 1 0.2578072828125 1
1 0.0344149125 0.75666958125 0.09831245 0.7590206125 0.1813862859375 0.7559569328125 0.18996576406250001 0.7503705625 0.189928240625 0.7492960328125 0.1855339953125 0.7423991359375 0.173077103125 0.7385674109375 0.11880526093749999 0.728305746875 0.055496584375000005 0.7239282515625 0.0480029625 0.729893296875 0.02959565625 0.732107496875 0.0256553515625 0.7346731531249999 0.026343110937500004 0.754367978125 0.0303172609375 0.7564548328125 0.0344149125 0.75666958125
1 0.11482061406249999 1 0.12988745 0.9932709828125 0.13109702031249998 0.9837977171875 0.101368253125 0.9705837875000001 0.096256928125 0.969947409375 0.09730638750000001 1 0.11482061406249999 1