1 0.835463003125 0 0.835245565625 0.0230750453125 0.830723725 0.046417032812499995 0.83055974375 0.05044145 0.8494895484375 0.07490865 0.8575755140625001 0.0965491953125 0.8643306875000001 0.09650989531250001 0.8704178421875 0.0881368421875 0.88449095 0.0939882796875 0.88389164375 0.0836084703125 0.874029425 0.07476588125 0.8688012859375001 0.052546381249999996 0.8722587171875 0 0.835463003125 0
1 0.905628584375 0.133351840625 0.8641688859375 0.13154854062500002 0.8251349203125 0.1430204109375 0.7978870640625 0.156468215625 0.780179928125 0.17506588437499998 0.780127765625 0.1763460546875 0.7846094109374999 0.1782044390625 0.8047008984374999 0.17808755 0.831178421875 0.1767195828125 0.91323909375 0.1649973921875 0.9253585125000001 0.158793365625 0.9317098625 0.148533890625 0.9217824046875001 0.137346871875 0.905628584375 0.133351840625
1 0.8926019625 0.2433750828125 0.8856258640625001 0.23896568437500001 0.8794304390625 0.24048505625 0.8672231078125 0.2624428125 0.8639305937499999 0.34324689375 0.8637697578125 0.3488590984375 0.8778928296874999 0.4036600609375 0.8821694203125 0.373968625 0.8965500499999999 0.3471850609375 0.8989130515625 0.26410495625 0.8926019625 0.2433750828125
1 0.8476321953125 0.38126165625 0.8397545140625 0.373890846875 0.8330754484374999 0.38727965468750003 0.8269404765624999 0.387315346875 0.8224325562500001 0.37250829531249996 0.8212804874999999 0.3931829171875 0.8192028234375 0.44417245000000005 0.8268590390625 0.4896654390625 0.8368856453125 0.49501261249999995 0.8383955359374999 0.49500382812500004 0.8453244062499999 0.4880746828125 0.850502578125 0.4613446578125 0.858022775 0.452400940625 0.8544821406249999 0.4138550140625 0.8479292296875001 0.399059859375 0.8476321953125 0.38126165625
1 0.855601653125 0.5689470265625001 0.8539298859375 0.509623640625 0.832231546875 0.47629413437499996 0.828132021875 0.47631798437499995 0.8235625625 0.47716710000000007 0.815981909375 0.48759449843749997 0.810441003125 0.5232266015625 0.8014166453125 0.5356398578125 0.801280578125 0.5389791890625 0.81475706875 0.5929178984375 0.8301497 0.6165615921875001 0.84217781875 0.622424925 0.8501212015625 0.6030954515625 0.8480210015624999 0.5793744234375 0.855601653125 0.5689470265625001
1 0.815493609375 0.6042287984375 0.803102759375 0.6072675421875 0.800979890625 0.62303339375 0.7994476203125 0.660638025 0.8010972453124999 0.7066621734375 0.8091510468750001 0.734798546875 0.8155277546875 0.7388290859375 0.816377003125 0.7388241453125 0.8248512031249999 0.7258072390625 0.8351366062500001 0.724264071875 0.8413977328125 0.6960444171875 0.8285941875 0.6590357109375 0.822348796875 0.61160555625 0.815493609375 0.6042287984375
1 0.813269871875 0.7676425890624999 0.7654171562500001 0.7771212609375 0.7506334156250001 0.78517700625 0.7506220328125 0.7854563625 0.7664425375 0.788360071875 0.773569290625 0.795474378125 0.7940653953125001 0.8030012640624999 0.8002991125 0.802964996875 0.8416935578125001 0.7981448 0.8985733421875001 0.7855468515624999 0.9019156734375 0.7763271359374999 0.8965225796875 0.763069228125 0.8684159953125 0.76118824375 0.813269871875 0.7676425890624999
1 0.80703070625 0.8458570640625 0.7971579984375 0.8874476796874999 0.7932390640625 0.9280191203125 0.792531678125 0.9453795890625001 0.8005067796875001 0.98087785 0.8253489328124999 0.9733166828125001 0.8361941703125 0.882770590625 0.8286240109375 0.84276478125 0.8206254171875 0.8383613343749999 0.80703070625 0.8458570640625
1 0.6130720609375 0 0.616925984375 0.017154342187499998 0.615354146875 0.055730009375 0.620335221875 0.10910083125 0.633205615625 0.12441074375000001 0.64044635 0.12436861875 0.6442705453124999 0.12379485781249999 0.6529341468750001 0.11187783124999999 0.654929171875 0.06291640625 0.6477821984375 0.0125248421875 0.640965725 0 0.6130720609375 0
1 0.6380058453124999 0.16980786875 0.6416226734375 0.131220303125 0.636273621875 0.11196816093749999 0.6304409296875 0.10458545625 0.6120964765625 0.1032088546875 0.6004206 0.1388766484375 0.602218525 0.1700160734375 0.5932526453125 0.189351496875 0.5915838578125 0.203056228125 0.59095315 0.2185349203125 0.60033391875 0.26644334375 0.6086400328125 0.2382117921875 0.6216354359375 0.220336253125 0.6465985 0.209807728125 0.6469612312499999 0.2009056515625 0.6380058453124999 0.16980786875
1 0.6539511453125 0.30867564999999997 0.618467828125 0.3058153296875 0.57098568125 0.3251976109375 0.5709483109375 0.3261147609375 0.581692940625 0.3346523484375 0.6080242140625 0.34325538906249997 0.6224247234375 0.343171609375 0.654226584375 0.3383193703125 0.6704637328125 0.3402694109375 0.7082223375 0.323693696875 0.6899344265625 0.29926603281249997 0.6722135984375 0.297324625 0.6539511453125 0.30867564999999997
1 0.6206146171875 0.35990435781249996 0.5960642484374999 0.41048033281249996 0.5896793671875 0.4414828125 0.589250496875 0.45200802968750003 0.59851144375 0.5009490921875 0.6048830703125 0.5026108828125 0.6112190171874999 0.5025740203125 0.6170372656249999 0.49787465624999994 0.6216765875 0.4592811421875 0.6401471937500001 0.43247378281250004 0.6406912921875 0.4191206671875 0.6264420640624999 0.392503665625 0.6206146171875 0.35990435781249996
1 0.5791685234374999 0.49028843125000005 0.5557668062500001 0.5126744953125 0.54322268125 0.5465015859375 0.5427747109375 0.5574955562499999 0.5489563375000001 0.57946386875 0.5578565156249999 0.586828728125 0.56230398125 0.603119459375 0.55977535 0.6150007937499999 0.57232836875 0.640267684375 0.58302165625 0.6402054734375 0.5964642546875 0.6177539999999999 0.5946058765625 0.5880982546875 0.6016476749999999 0.56580736875 0.5932915953125 0.5450893953125 0.586084165625 0.49618150781250003 0.5791685234374999 0.49028843125000005
1 0.6175089046875 0.6499270703125 0.5918280546875 0.6613212546875 0.529055215625 0.6729312328125 0.4942825671875 0.67413063125 0.49425693437499996 0.6747597046875 0.5107094359375 0.6863272484375 0.504649728125 0.6894292609375 0.5104177921875 0.6934847125 0.5425181171875 0.6998020406250001 0.5547465500000001 0.699730896875 0.5740076953125001 0.69822601875 0.6054149453125001 0.6919097828125 0.6476245875 0.6753081734374999 0.6496498921875 0.662007109375 0.64116445 0.6518339515625 0.6175089046875 0.6499270703125
1 0.54295001875 0.7544740640625001 0.5087723468750001 0.7607712796875 0.504625034375 0.7653449625000001 0.50458916875 0.7662251765625 0.529408425 0.782671178125 0.5471692359375 0.7825678500000001 0.6043782453125 0.7806601093750001 0.611921634375 0.777549465625 0.615305628125 0.7673072546874999 0.6038111625 0.758173853125 0.5892670953125 0.7542045984375 0.54295001875 0.7544740640625001
1 0.5105566500000001 0.867600659375 0.5087396640625 0.8757892500000001 0.5158247515625 0.88392605 0.478524446875 0.8892543203125 0.4692474 0.8985085640625 0.4585062546875 0.9004083140624999 0.45845275937499996 0.9017211828124999 0.46586340625 0.9087507765625 0.4937981578125 0.9156593687499999 0.5189229453124999 0.915513196875 0.555665475 0.9133395859375 0.5720201234375 0.9152042874999999 0.5852038296875001 0.9151275859375 0.6067712968750001 0.9089532515625001 0.614564665625 0.8997076390625001 0.6077712203125001 0.884413375 0.596110103125 0.8793699531250001 0.5782642828125 0.8804960312500001 0.5105566500000001 0.867600659375
1 0.1926362046875 0.026207278125 0.1926213359375 0.02657220625 0.2109544765625 0.041528414062500005 0.2466461125 0.039276259375 0.31002769531249996 0.0491300421875 0.329116740625 0.0605704390625 0.33183434843750004 0.060554628124999996 0.374159225 0.0405789171875 0.364481746875 0.0232569265625 0.32628105 0.014278898437500001 0.302500515625 0.0154395 0.2523053890625 0.0095980125 0.1926362046875 0.026207278125
1 0.0015621296874999998 0 0 0.0383374078125 0 0.049988146875 0.0034561796875000003 0.049968039062500004 0.0447301578125 0.0342775265625 0.052523525 0.025031912499999996 0.044246401562499996 0.0097462796875 0.0100085 0 0.0015621296874999998 0
1 0.298087415625 0.21024794375 0.30019810625 0.1835357640625 0.2969649921875 0.11235483906249999 0.2932377453125 0.10347655625 0.283012796875 0.10353604218750001 0.2724251140625 0.1124976078125 0.2615903671875 0.1526104921875 0.264355575 0.16001104375 0.25909472031249997 0.1970566015625 0.2584352484375 0.213241203125 0.2712554828125 0.24155393125 0.286416784375 0.22069913593749999 0.29766422812500004 0.2206337 0.3063225859375 0.23393327656250001 0.30698759375 0.21761280156249999 0.298087415625 0.21024794375
1 0.0104660875 0.1648552765625 0.009949659375 0.17752934375 0.011212840625000001 0.19607521562500002 0.01058218125 0.20145315312499998 0.04647733125 0.2012443203125 0.046098578125 0.1929056015625 0.052964254687500004 0.1498491515625 0.0406954296875 0.1262957375 0.0404851671875 0.1262969609375 0.01958465625 0.14114338125 0.0104660875 0.1648552765625
1 0.28083284062499997 0.354223203125 0.28744620625 0.367534678125 0.29584290625 0.371627809375 0.2967275453125 0.3716226625 0.303987490625 0.3629884625 0.3079614796875 0.3395896203125 0.308153640625 0.3348736609375 0.3109293609375 0.242798521875 0.30727501562500004 0.23409389531250002 0.30706411093749997 0.23409512187499998 0.294267165625 0.2503120984375 0.2843944578125 0.2919027140625 0.28083284062499997 0.354223203125
1 0 0.328047215625 0.0028599875 0.3280305765625 0.0281448359375 0.32243039375000004 0.055559345312499994 0.304892609375 0.033153703125 0.27231088125 0 0.2767120359375 0 0.328047215625
1 0.3157809453125 0.388174178125 0.31573098125 0.339224653125 0.3086339734375 0.33778261249999997 0.2991292421875 0.345254546875 0.27975180312500003 0.3943171 0.2581569078125 0.4117591703125 0.258118634375 0.4126985 0.27042319375 0.4225546015625 0.276361059375 0.5026197578125 0.28496420625 0.4921864125 0.2898401046875 0.4728747828125 0.30199437812499996 0.45055415468750004 0.3157809453125 0.388174178125
1 0.0129325140625 0.402345475 0.0014385140625 0.42474521093749995 0.0013422 0.4271089109375 0.0074520609375 0.43649389843749997 0.0162865390625 0.470559040625 0.0281474984375 0.47316151093750003 0.0297549578125 0.47315215781250003 0.036917803124999996 0.465989028125 0.053167299999999994 0.418428 0.0585268421875 0.3872469375 0.05892014375 0.3813113375 0.011943640625 0.3815846390625 0.0129325140625 0.402345475
1 0.24754847343750003 0.5372453421875 0.1997374203125 0.5457015171874999 0.1930491515625 0.5527965265625 0.1929869390625 0.5543233484375001 0.2299364296875 0.5690376328125 0.29815344375 0.5731290859375 0.3268070078125 0.572962384375 0.33676135625 0.56841614375 0.339978696875 0.5622639109375 0.3389116515625 0.55204759375 0.3258085171875 0.545990309375 0.29320923125 0.5451577140625 0.24754847343750003 0.5372453421875
1 0 0.5717394328125 0.0267982984375 0.571583525 0.021436375 0.5526253546875 0.0213811640625 0.52889243125 0.0056862546875000005 0.5126671359375 0 0.5156367265624999 0 0.5717394328125
1 0.24136469531250002 0.6321825765625 0.237593884375 0.7247248843749999 0.2711289671875 0.75417809375 0.27769236875000003 0.718540040625 0.272590384375 0.668136578125 0.25876434375 0.6311338203125 0.24354783124999999 0.6282556921875 0.24136469531250002 0.6321825765625
1 0 0.7060825765625001 0.023443895312499997 0.705946184375 0.0224182109375 0.66802830625 0.018932784375 0.65321530625 0.008048071875 0.6443786640625 0 0.6444254859375 0 0.7060825765625001
1 0.22480273906249998 0.7730884234375 0.222233434375 0.7949980812499999 0.2202685625 0.843219509375 0.22932460781250003 0.8531507171875001 0.24063027812499999 0.8530849437500001 0.2532407390625 0.8278061062500001 0.25764873125 0.744714103125 0.2548835234375 0.7373135515625 0.24688493125000002 0.7329101015624999 0.236478615625 0.737420628125 0.22480273906249998 0.7730884234375
1 0 0.834463709375 0.00917465 0.83308719375 0.020069853125000002 0.7914906296875001 0.022517324999999998 0.7721931296875 0 0.77232413125 0 0.834463709375
1 0.1598251390625 0.9181342562499999 0.1478307125 0.9212707984374999 0.143394328125 0.9279902312500001 0.1433674203125 0.9286505953124999 0.1517401265625 0.9345373359375 0.23156717656249998 0.9412286828124999 0.29222013750000003 0.9418261890625 0.296959375 0.9417986171875 0.31183184375 0.934677396875 0.31184530625 0.9343470078125 0.30930179999999996 0.9264649015625 0.297765671875 0.9183539968750001 0.2800865078125 0.9153900937499999 0.272918090625 0.909298284375 0.21204556718749998 0.9106746812500001 0.1598251390625 0.9181342562499999