1 0.061311289062499996 0.21422716249999998 0.068078965625 0.2140696421875 0.0736500609375 0.2057587171875 0.08717703593750001 0.2110578171875 0.087140234375 0.2047323125 0.0867557078125 0.20104131875000003 0.07660336250000001 0.1924528921875 0.0704144234375 0.17053513125 0.07196406562499999 0.08960575781249999 0.0453635734375 0.080205153125 0.044443657812499995 0.0802265640625 0.0386221765625 0.0889110125 0.0347015515625 0.1095932875 0.0358998765625 0.1419227203125 0.0320134734375 0.1684873484375 0.0523609390625 0.1930171421875 0.061311289062499996 0.21422716249999998
1 0.1202749125 0.16199003750000002 0.136474890625 0.16565393125 0.16715785156250001 0.1664449203125 0.179433225 0.1661592078125 0.215833765625 0.1547146921875 0.24222795625 0.1409672703125 0.25856130781250003 0.1227083734375 0.25855075312500003 0.12089421874999999 0.252392790625 0.1185054484375 0.20828689687500002 0.1215525015625 0.1274691859375 0.1345461703125 0.11573973906249999 0.140880603125 0.109916153125 0.151118525 0.1202749125 0.16199003750000002
1 0.40604361562499997 0.12181700312499999 0.42609295312500006 0.11444999843749999 0.4288227578125 0.1099696453125 0.42877149843750006 0.10115889687499999 0.40535780312499997 0.08967666875 0.32154015 0.092637784375 0.2672224109375 0.1100658484375 0.2966518046875 0.1124115859375 0.3208104265625 0.1238008265625 0.40604361562499997 0.12181700312499999
1 0.4406734046875 0.12422833281250001 0.4459463546875 0.162346075 0.45310261875 0.176887384375 0.45421538906250003 0.1945109328125 0.46233897500000004 0.2016757921875 0.4683225796875 0.1882994359375 0.47438318593749995 0.18815837500000002 0.4790377421875 0.20137904843749999 0.4793612890625 0.2013715171875 0.4789433265625 0.1295298375 0.4697524421875 0.0867818265625 0.45860710937500004 0.0811580875 0.4515791796875 0.088675603125 0.44769277812499997 0.11524023125 0.4406734046875 0.12422833281250001
1 0.5067624125 0.151065890625 0.50101708125 0.16318375000000002 0.5010180328125 0.16334734374999998 0.5201093609375 0.1699497546875 0.54362114375 0.1663717984375 0.553760984375 0.1730737484375 0.5559019765625 0.173023915625 0.6127564203125 0.1677933703125 0.6462371953125 0.14392180625 0.6462297 0.142633353125 0.6449271875 0.135727215625 0.634591934375 0.1288961078125 0.5992743109374999 0.1256771828125 0.5859861265624999 0.11689432968749999 0.5301978 0.134356621875 0.5067624125 0.151065890625
1 0.666749546875 0.1673184875 0.729625771875 0.1610536125 0.7575140593749999 0.15131236406249998 0.76187916875 0.14414803125 0.761879096875 0.1441357015625 0.7486023796875 0.13636621875 0.747073025 0.1262994375 0.7215653078125001 0.12228671093750001 0.71794891875 0.12237088437500002 0.6824200328125001 0.1368963921875 0.635408221875 0.14607250624999998 0.6280964171875 0.15331435625 0.6311081125 0.16536710937500002 0.6608108984375 0.1674567109375 0.666749546875 0.1673184875
1 0.72935915 0.14044232968749998 0.7353178984375 0.15343673124999999 0.753951053125 0.15434986875 0.7693140453125 0.153992290625 0.817647334375 0.147479540625 0.86465326875 0.1372933234375 0.8789947140625 0.129052628125 0.87899335 0.1288179921875 0.8631180390625 0.1262164421875 0.8557239593749999 0.11931687656250001 0.8336181249999999 0.11174949218750001 0.788059271875 0.1178610765625 0.7322474390625 0.1312829640625 0.72935915 0.14044232968749998
1 0.956753259375 0.1556970578125 0.9964062546875001 0.1456819828125 0.99938773125 0.1400919984375 0.9993583046875001 0.13503409375 0.9933416671874999 0.1245383171875 0.9521181859375 0.1174159046875 0.8976887890624999 0.115652046875 0.8595122625 0.1266429953125 0.8670062406250001 0.150714278125 0.956753259375 0.1556970578125
1 0.053595665625 0.30486016875 0.0538780015625 0.3533895796875 0.063259803125 0.4031779859375 0.0744821375 0.4220370203125 0.078671271875 0.449792553125 0.08787648125 0.4495782984375 0.0958140359375 0.4421315375 0.09779737656250001 0.42489553906250005 0.0977310703125 0.41349849218749996 0.093537165625 0.3980609109375 0.09331471875 0.3598256171875 0.085936009375 0.3070490140625 0.071700484375 0.2912016875 0.061608028125000006 0.2929073796875 0.053595665625 0.30486016875
1 0.2289073765625 0.3917118234375 0.2671544234375 0.3928420890625 0.2862368125 0.3863365140625 0.29355449375 0.380104765625 0.29437475625 0.3691567453125 0.294331575 0.361734453125 0.2595664171875 0.35260918750000003 0.2287016953125 0.35635828593749996 0.209537034375 0.3487224484375 0.184910325 0.3473062703125 0.1843934015625 0.3473183015625 0.1331252140625 0.36060332968750003 0.1611075265625 0.3670236984375 0.17882510468749999 0.3787341703125 0.18889999531249999 0.4019083140625 0.20063778124999998 0.40163511406249996 0.2289073765625 0.3917118234375
1 0.3354584125 0.3330930546875 0.3326334453125 0.368457703125 0.3515478703125 0.413749759375 0.353121221875 0.4137131390625 0.3611216078125 0.40309353124999997 0.370965440625 0.37221917968749996 0.3709609171875 0.371441759375 0.3647427875 0.330940665625 0.3666688765625 0.314717175 0.3502933703125 0.278328634375 0.3261621703125 0.2980105296875 0.324244634375 0.3157046109375 0.3354584125 0.3330930546875
1 0.45513250312500003 0.4347794734375 0.45534578437500006 0.43477450937500006 0.47713601250000004 0.3845823015625 0.482982728125 0.3476765328125 0.4705535125 0.29501748125 0.45994692343750004 0.2924606625 0.45926037343750004 0.29247664218749997 0.45238880468750003 0.29838184375 0.4495809484375 0.33668766875 0.4325632328125 0.363557934375 0.43264023281249997 0.376793228125 0.44794575 0.402911159375 0.45513250312500003 0.4347794734375
1 0.5154774296875 0.39515024374999996 0.5376655375 0.416859040625 0.5720349234375 0.42737040468750004 0.5804027234375 0.4271756421875 0.5818478265625 0.42694330156250004 0.6038655140625 0.41935917187499994 0.6111655671875 0.4100971203125 0.6273126546875 0.40467010312499996 0.6390891140625 0.406416478125 0.6633126468749999 0.3928695984375 0.6632459578125001 0.3814066984375 0.6418187328125 0.3699843859375 0.6124245968750001 0.37369925625 0.5903305140625 0.36815207499999997 0.56979516875 0.3777221796875 0.5213186453125 0.38794262343749997 0.5154774296875 0.39515024374999996
1 0.6388379546875 0.4040239375 0.63297323125 0.407191153125 0.6388790906249999 0.4110946453125 0.6733885 0.4171978171875 0.6764990046875 0.41712541875 0.70214376875 0.41467333437500004 0.7329908609375 0.40789393125 0.7740733078125 0.39077392031249997 0.7742436203125 0.3891656328125 0.7741679593749999 0.37616058125 0.766585203125 0.367712740625 0.7430440390624999 0.366240190625 0.71810868125 0.3779331828125 0.65640861875 0.39048188281249996 0.621120378125 0.39231346562499997 0.6388379546875 0.4040239375
1 0.7766304468749999 0.41415136406249997 0.7828878328125 0.44783383125 0.786060440625 0.4505177140625 0.7890276125 0.45044865312500004 0.8041527328125 0.42656671562500004 0.803968103125 0.3948315 0.8025337374999999 0.3517753890625 0.79946065625 0.344492978125 0.7893425359374999 0.3417869046875 0.7803200703125001 0.3537632046875 0.7763652234375 0.3685631296875 0.7766304468749999 0.41415136406249997
1 0.88847805 0.43912534531249997 0.8965674124999999 0.44040785156249995 0.9046054421875 0.4328668265625 0.909869840625 0.46951398125 0.91901208125 0.47812591718749997 0.9210517765624999 0.48956896875 0.9213516515625001 0.48956198906250004 0.9291302031249999 0.48083199062500004 0.9355814671875 0.4542335140625 0.9353859906249999 0.4206341171875 0.9336616640625 0.3914982609375 0.9351401953125 0.378385321875 0.9350376234375 0.3607547390625 0.9293275203125001 0.341102596875 0.9201938328124999 0.33396125 0.9050850953125 0.34166684531249997 0.9001030359375 0.353549103125 0.9012158031249999 0.37117265312500003 0.88847805 0.43912534531249997
1 0.047579532812500006 0.7381401109375 0.0976147921875 0.7430369546875 0.15580483125 0.7256672359375 0.1558014765625 0.7250905484375 0.1371385 0.710799659375 0.10185613593750001 0.713641340625 0.038562078124999996 0.7050121484375 0.018000634374999998 0.6934249718750001 0.0177831203125 0.6934300343750001 0.0040740046875 0.7002619890624999 0.0042787921875 0.7354617718750001 0.024056 0.7396978640625 0.047579532812500006 0.7381401109375
1 0.0774035609375 0.9467643421874999 0.0367241984375 0.9631632531250001 0.029424146875 0.9724253046875001 0.0383358234375 0.9873714484375 0.0798803359375 0.9982761765625 0.0808178296875 0.99825435625 0.0805178484375 0.94669185625 0.0774035609375 0.9467643421874999
1 0.18745558125 0.648666515625 0.1785956765625 0.688583990625 0.18166875625 0.6958664015625 0.1769091421875 0.745983953125 0.192240325 0.7765136499999999 0.2062619609375 0.75559626875 0.21737307343749998 0.7553376546874999 0.22479812500000002 0.7658854984375 0.22471051874999998 0.7508272875 0.21731318281249998 0.7450435375 0.21816928125 0.718549440625 0.21169800468750002 0.6481022671875001 0.20760626875 0.639372778125 0.1975052578125 0.63960788125 0.18745558125 0.648666515625
1 0.21674824374999999 0.9779007125 0.2258978328125 0.9766946921875 0.229151003125 0.976867175 0.2289466609375 0.9417438593749999 0.22275685312500002 0.942419715625 0.180080409375 0.93836183125 0.15662739375 0.9520407984375 0.1714508078125 0.9719005359375 0.192030071875 0.978476034375 0.21674824374999999 0.9779007125
1 0.39784830000000004 0.69527336875 0.3978404 0.6939155328125 0.3827230734375 0.6829874499999999 0.3414995875 0.6758650328125 0.285945778125 0.6762494984375 0.279539309375 0.6763986109375 0.266534846875 0.683671284375 0.2621759734375 0.692864878125 0.27104063906250003 0.699730215625 0.29458768125 0.702212865625 0.390170040625 0.6989779234375 0.39784830000000004 0.69527336875
1 0.3583557359375 0.9813611906249999 0.3604446390625 0.9813125703125 0.36015080781250003 0.9308075203125 0.349238375 0.9310615109375 0.321332459375 0.9377724546874999 0.29496177343749996 0.95556028125 0.31804195 0.9864820562500001 0.32550227187499997 0.986308415625 0.3583557359375 0.9813611906249999
1 0.43159879375 0.6929448265625 0.44102455625000003 0.7710908296875 0.4419752828125 0.7710687015625 0.449172625 0.7616627984375001 0.45310180625 0.7424511093749999 0.46408458281250003 0.720133671875 0.47422546250000003 0.6616344 0.47411681562499997 0.6429596156249999 0.4725338203125 0.6096279609375 0.46545455625 0.6083219453125001 0.4564064265625 0.615886478125 0.4395170453125 0.6648155671875 0.4184075921875 0.68295634375 0.43159879375 0.6929448265625
1 0.4281658078125 0.9623032421875 0.44751636250000004 0.9709668140625001 0.45465764843749995 0.9708005984374999 0.46201284375 0.9655563953125 0.49577760781249997 0.9546681328125001 0.49775523125000004 0.9455560265624999 0.497726478125 0.9406137109375001 0.49124830937499997 0.9345688000000001 0.4441072140625 0.9215226921875 0.4132013546875 0.91820108125 0.40878893749999995 0.9181915343749999 0.40905795468750006 0.9644317140625001 0.4281658078125 0.9623032421875
1 0.5222980890625 0.7125432109375 0.55465690625 0.7128002906249999 0.5953217703125 0.7190554625 0.60541246875 0.7188206 0.647303965625 0.71064390625 0.652624746875 0.704634153125 0.6526073671875 0.7016467421875 0.6162864515625001 0.6881303765625 0.52360413125 0.68422615625 0.5104040984375 0.690594815625 0.50749818125 0.696723878125 0.5090275359375 0.706790659375 0.5222980890625 0.7125432109375
1 0.57073588125 0.9774751171875 0.594806534375 0.9736050984375 0.5945956515625 0.9373575125 0.5777456828124999 0.943185796875 0.5542221484375001 0.9447435499999999 0.5381397031249999 0.961281678125 0.5440866984375 0.9722558749999999 0.5586929281249999 0.9777554203125 0.57073588125 0.9774751171875
1 0.728543728125 0.7612733234375 0.7298689578124999 0.761242478125 0.73253885 0.7417291640625 0.7323652140625 0.7118834609375 0.7272137375 0.677009778125 0.71184833125 0.6405977265625 0.6966797031249999 0.63800920625 0.693683625 0.6439620890625 0.69521561875 0.7336444625 0.728543728125 0.7612733234375
1 0.716404240625 0.9470129671875 0.7122782812499999 0.932401128125 0.701115834375 0.9238362125 0.6900047234375 0.9240948250000001 0.6830195734375 0.9389652796875 0.6841237859375 0.955118240625 0.677164303125 0.9744004609375001 0.679179390625 0.9843273359375001 0.7183178296875 0.983416378125 0.7182523375 0.9721591078125 0.716404240625 0.9470129671875
1 0.863951525 0.7284301515625 0.87460790625 0.7180607890624999 0.874547596875 0.707694615625 0.8489182812499999 0.6965847609375 0.7982388140625 0.6971426890625 0.765618953125 0.697901925 0.7592241515625 0.700692890625 0.7548594015625001 0.708876384375 0.75932993125 0.718874709375 0.794682815625 0.728154240625 0.8194308875 0.72946638125 0.863951525 0.7284301515625
1 0.8556924046875001 0.958657153125 0.8556704500000001 0.9548836359375 0.8531311374999999 0.93816891875 0.811901778125 0.930036403125 0.794245903125 0.928931990625 0.79449606875 0.9719317546875 0.8517957078125 0.9614354703125001 0.8556924046875001 0.958657153125
1 0.9382438703125 0.647324421875 0.935316234375 0.6650420125000001 0.92929840625 0.672536015625 0.9306592890625 0.732806621875 0.9380294421875 0.7841126390625 0.941128190625 0.7958068140625 0.9454895046875 0.7984170671874999 0.949382603125 0.7983264546875 0.9542338375 0.7910894140625 0.960842540625 0.7115130765625 0.96147619375 0.646783684375 0.9543199296875 0.6322423734375 0.9462562328124999 0.6353716328125001 0.9382438703125 0.647324421875
1 0.9682009515625 0.9575079499999999 0.9681934390625001 0.9562165 0.9668733046875 0.9483686453125 0.946226303125 0.9387468328124999 0.92123629375 0.941045884375 0.9214007484375 0.9693133015625 0.9413191781249999 0.9688496953125 0.9682009515625 0.9575079499999999