1 0.228260715625 0.050602637500000006 0.228431165625 0.04327940625 0.2077218125 0.0356358765625 0.18319201875 0.016598250000000002 0.1566273875 0.021871542187500002 0.1242979578125 0.022368303125 0.1036156796875 0.0273676203125 0.094651090625 0.033839189062500004 0.104310428125 0.060632459375 0.1852398015625 0.0548451015625 0.2071575640625 0.0598783015625 0.21573256875000002 0.06955320781249999 0.225613740625 0.069092984375 0.2204633875 0.0562315546875 0.228260715625 0.050602637500000006
1 0.23133987656250002 0.1865436515625 0.2142291 0.168269334375 0.1880641484375 0.156370909375 0.1500874671875 0.1470406359375 0.108863975 0.1509786625 0.09259346406249999 0.15577249843750002 0.08204073281249999 0.167363065625 0.0876879828125 0.1771901 0.099311625 0.18270275625000001 0.1799353640625 0.1900467109375 0.2095453046875 0.19002345781250002 0.2256298765625 0.18927430781250001 0.23133666874999997 0.186681490625 0.23133987656250002 0.1865436515625
1 0.20295433593749998 0.33316469375 0.20295904375 0.33296246093750004 0.14942546406249999 0.31946171875 0.06562544687500001 0.32235576250000003 0.041813909375 0.335572875 0.040202259375 0.34170197343750003 0.0444494515625 0.3485671984375 0.0640753140625 0.354440253125 0.149825453125 0.3504463765625 0.1739787671875 0.3374892453125 0.20295433593749998 0.33316469375
1 0.1751681859375 0.45403343749999997 0.17613134218749998 0.41265236875 0.1763735984375 0.38363664218750004 0.170980809375 0.39857775625 0.1649202015625 0.3988600328125 0.15916765 0.3859070171875 0.1509157015625 0.39363632656249997 0.1494948609375 0.41133043281250004 0.1420818703125 0.4263656375 0.13614142812500002 0.4648361625 0.1430067671875 0.47333036875 0.146431059375 0.49961277187500003 0.15160834843749998 0.5048831453125 0.1568403078125 0.5046394624999999 0.16457865 0.5002365281250001 0.1751681859375 0.45403343749999997
1 0.1870586640625 0.5466973984375 0.18727771875000002 0.537285903125 0.181014375 0.528149328125 0.18459233125000002 0.504478778125 0.1779665921875 0.48569045468749994 0.1657084671875 0.4921373625 0.1489991984375 0.5164195125 0.13153690625 0.5730546046875 0.1403197578125 0.585866484375 0.143538684375 0.620972415625 0.1503697921875 0.6309372109375 0.15271925 0.631256703125 0.159155775 0.6309569171875 0.182435946875 0.5971258374999999 0.1870586640625 0.5466973984375
1 0.17571437031249998 0.7134245078125 0.181386803125 0.6562665109375 0.18177629687500002 0.6395322359375 0.180027871875 0.6148010046875 0.1679751140625 0.6124243828125 0.160733265625 0.620106646875 0.151557153125 0.667541840625 0.1365600296875 0.70496519375 0.140960196875 0.7326711390625 0.15102697812500002 0.7336712640624999 0.1578485828125 0.74495665 0.1614331453125 0.7447896953125 0.16597312343749998 0.7417891015625 0.17571437031249998 0.7134245078125
1 0.2068649578125 0.792343571875 0.222004209375 0.78881781875 0.2220231234375 0.788005146875 0.2085941578125 0.7811639671874999 0.161746928125 0.7742648578125 0.1074762265625 0.7707385203125 0.07948802968749999 0.774060103125 0.073300040625 0.7874653921875 0.076029625 0.7964193140625 0.131629853125 0.8059377640625 0.1697826 0.808393865625 0.1793382640625 0.807948803125 0.19934744375 0.7997567484375 0.2068649578125 0.792343571875
1 0.17016552812500002 0.9372024515625 0.168697 0.8920185046875 0.161574584375 0.851218403125 0.14861441250000001 0.8444770625 0.14043091875 0.849265196875 0.1304158453125 0.8893944953125 0.135398625 0.9787710515624999 0.15517536875 0.9838844984374999 0.1598470015625 0.9836669125 0.16990878125 0.9482333125 0.17016552812500002 0.9372024515625
1 0.3748141640625 0 0.3685483046875 0.0402009375 0.36765836875 0.07843623125 0.36216289375 0.0977891109375 0.36461131562500004 0.12264797187500001 0.37056104375 0.1278958140625 0.381917765625 0.127366865625 0.386302634375 0.101071765625 0.3978587125 0.081436609375 0.4081133859375 0.03101319375 0.4088352265625 0 0.3748141640625 0
1 0.41526594687499996 0.197244125 0.41489281718750004 0.1907830078125 0.40725697656250004 0.1720417296875 0.41100607499999997 0.1410182390625 0.40172654375 0.10619458125 0.3835104984375 0.108512003125 0.37727875 0.116147221875 0.370773175 0.1355471453125 0.371903440625 0.173688346875 0.3610836375 0.20504116093750002 0.3608782671875 0.21386469218749998 0.3848810921875 0.22302970000000003 0.3965915640625 0.2401122046875 0.4028124703125 0.2668662328125 0.40323656249999995 0.26684648125 0.41468714999999995 0.22211160312499997 0.41526594687499996 0.197244125
1 0.3791047046875 0.336472025 0.384700121875 0.30342187656249997 0.384981971875 0.29131241874999997 0.376741490625 0.2646013859375 0.3679244078125 0.25326009531250004 0.3476371828125 0.301212796875 0.3498460046875 0.3363657765625 0.33832415312499997 0.35453034375 0.3399336171875 0.372083309375 0.362231596875 0.3889383921875 0.364288646875 0.3888425828125 0.38074839531250004 0.35255440312499997 0.3791047046875 0.336472025
1 0.40165848281249994 0.44658327187499997 0.4021370875 0.42602048437500006 0.3877296984375 0.40368066718750006 0.385589334375 0.3655865125 0.3786555375 0.36003348281249997 0.3674759703125 0.3634921671875 0.3541225375 0.41699789843749996 0.3593274375 0.453480325 0.380211503125 0.5020398140625 0.38048602656249997 0.5020270265625 0.3882096265625 0.4697630453125 0.40165848281249994 0.44658327187499997
1 0.48654178750000004 0.5549318203125 0.4866126859375 0.5518857374999999 0.48223500937499997 0.5466819890625 0.433917190625 0.5398513734375 0.4135405484375 0.5317193765625 0.3913406625 0.5388073890625 0.3619994296875 0.5371469609374999 0.3381643828125 0.5513741734375001 0.3379527890625 0.5604650828125 0.3640942328125 0.573373609375 0.375905959375 0.5708054578125 0.39196487812499997 0.57510253125 0.39910622500000004 0.583850971875 0.42100047656250006 0.589894271875 0.426612075 0.590405428125 0.429053478125 0.59029171875 0.4653767375 0.5767283484375 0.48654178750000004 0.5549318203125
1 0.4229452453125 0.70333124375 0.4297246453125 0.6721666125 0.4310758703125 0.657981484375 0.43151310625 0.6391960578125 0.42614596093749996 0.6091665500000001 0.4222424671875 0.60347238125 0.41907525156250003 0.6094958734375 0.4073647796875 0.5924133687500001 0.4055331984375 0.6277545328125 0.392984496875 0.6900367468749999 0.38129150625 0.7155542546875 0.38276405625 0.738989575 0.3917210453125 0.7465503140624999 0.4001525765625 0.746157609375 0.40582523593750003 0.745260453125 0.4229452453125 0.70333124375
1 0.46625120468750003 0.7561120109374999 0.46253849843749995 0.7519230828125 0.42885603124999994 0.7474378328125 0.3832677953125 0.7495611390625 0.3684678734375 0.7542864812500001 0.3564915734375 0.763925340625 0.359197646875 0.7738893625000001 0.36648005625 0.776577196875 0.3957582296875 0.7760175953124999 0.441864109375 0.7738701796874999 0.466226265625 0.7571834859375 0.46625120468750003 0.7561120109374999
1 0.42904674218750005 0.9404597750000001 0.4349529578125 0.9034598359375 0.442862621875 0.91043640625 0.450211746875 0.9087637687499999 0.45030642656250003 0.904695946875 0.43942085000000003 0.841553990625 0.44084168906250004 0.8238598859374999 0.4360650125 0.8123304109375 0.4210846375 0.8056831640625 0.4118225875 0.8134595203125 0.40416999843749996 0.8387888453125001 0.4066070234375 0.8641374125000001 0.40225321249999996 0.9211417859375001 0.40958099687500005 0.9531183578125001 0.4167214296875 0.9607771515625 0.4176170109375 0.9607354390625 0.41975046562499996 0.9497067187500001 0.42904674218750005 0.9404597750000001
1 0.70969336875 0 0.713725309375 0.04093634375 0.7121675562500001 0.06451280000000001 0.7203685265625001 0.10232467812499998 0.735646834375 0.1108916703125 0.7378003359374999 0.11079136875 0.756886696875 0.0715391859375 0.7570226484375 0.0656981625 0.7468532734375 0.048207348437500006 0.740225509375 0 0.70969336875 0
1 0.964836078125 0 0.9667273249999999 0.007097356250000001 0.9815616687500001 0.015154470312500001 0.9817566062499999 0.015145390625 0.99093551875 0.007438835937500001 0.9938757984375 0 0.964836078125 0
1 0.7396787312499999 0.1458758078125 0.7392847406249999 0.11945226718749999 0.7465486203125 0.11335356249999999 0.7468955937499999 0.0984461328125 0.7395243390624999 0.10915815 0.7284132265625 0.1096756578125 0.7149287484375 0.09000534375 0.714613365625 0.090020034375 0.6988807 0.121334115625 0.7027674421875 0.171098884375 0.699565996875 0.178592965625 0.7077327421875 0.2178754296875 0.7170010546875 0.22569896093750003 0.7279985484375 0.22518674375 0.731975165625 0.21674632031250002 0.7396787312499999 0.1458758078125
1 0.9864517671874999 0.133160015625 0.9838666796875 0.10614143437500001 0.947536040625 0.1078335609375 0.9452114265624999 0.12556976250000002 0.953686225 0.1516169328125 0.9735233953125 0.16536625 0.9735556781250001 0.1653647453125 0.9862225062500001 0.14300998125 0.9864517671874999 0.133160015625
1 0.6980741593750001 0.3545666 0.7009145375 0.35443430625 0.708039959375 0.35068683749999996 0.71477928125 0.33829772343750003 0.7156780453125 0.2996831859375 0.7158462125 0.2754045609375 0.708723796875 0.23460446093749998 0.696979096875 0.21899254375 0.692733321875 0.22800425781250003 0.6915796828125 0.2621095109375 0.6900308109375 0.328655409375 0.6919810281250001 0.3470278140625 0.6980741593750001 0.3545666
1 0.9411004359374999 0.2769729515625 0.9671713484375 0.29291178125 0.9848874406249999 0.295944678125 0.992035496875 0.29561175156249997 0.9931948140625 0.24580279218749998 0.9653821796875001 0.24355381875 0.9411004359374999 0.2769729515625
1 0.7571557796875 0.407105203125 0.7763674671875 0.40217438124999993 0.78525861875 0.3949134421875 0.7852913312500001 0.39350801875 0.707649496875 0.3882218703125 0.6976610125 0.3755700125 0.6795202375 0.397604059375 0.6305911484375 0.41703607031249995 0.6230266140625 0.4264694484375 0.6243326296875 0.43347166093749995 0.64857384375 0.433351615625 0.6784534984375 0.431959946875 0.7348383421875 0.4192437203125 0.7571557796875 0.407105203125
1 0.9222992609375 0.3885220390625 0.9147817484375 0.395935215625 0.9174172890625 0.408929540625 0.9510057156249999 0.41745519375000006 0.960317509375 0.42351433906249997 0.9623573249999999 0.42341933281250005 0.9849232875 0.41183943437500004 0.9893260078124999 0.4120224515625 0.990338159375 0.368536309375 0.9696872296875 0.372188825 0.9222992609375 0.3885220390625
1 0.7329840187500001 0.5620269140625 0.7333400296875 0.546731215625 0.7274792328124999 0.5089836671875 0.7272221546875001 0.4766777734375 0.721469603125 0.46372475468749996 0.7114028218749999 0.46272462968749994 0.705273759375 0.4659480828125 0.6989050984375 0.4794656546875 0.7028093203125 0.5718304359374999 0.71659786875 0.608115246875 0.718494153125 0.608026925 0.7253228484375 0.6016307265624999 0.7329840187500001 0.5620269140625
1 0.982486728125 0.5046900015625 0.9829440296874999 0.4850425125 0.950933946875 0.48653340624999997 0.9478627156250001 0.5057733734375 0.9545226843749999 0.5230911093749999 0.9643597953124999 0.527900078125 0.9661200046875 0.5278180953125 0.9820350078125 0.5115267421875 0.982486728125 0.5046900015625
1 0.698800496875 0.7322478578125 0.7111859359375 0.7292801734375 0.727193159375 0.6918097734375 0.73542763125 0.64148045 0.7311986046875 0.6064215640625 0.696170603125 0.6374329000000001 0.6935908109375 0.7121720265625 0.6932339109375001 0.72750595625 0.6956965359375 0.732392428125 0.698800496875 0.7322478578125
1 0.9764108109375 0.632475634375 0.969718965625 0.618177228125 0.9584687453124999 0.618701215625 0.94725479375 0.6279576203125 0.9428721078125 0.6428516890625 0.94088615625 0.664783515625 0.9788016140625 0.663017575 0.97888036875 0.659633925 0.975024196875 0.6486991515625 0.9764108109375 0.632475634375
1 0.7437140015625 0.8181078218750001 0.7446206859375 0.7358019265625 0.733115584375 0.70989589375 0.724024675 0.7103193109375 0.7126397375 0.7226015234375 0.711647115625 0.7652485828125 0.713051209375 0.7916250796875001 0.7223307390625 0.826448734375 0.7292140546875 0.8291621109375 0.7348786546875 0.828898278125 0.7405125578125 0.825601903125 0.7437140015625 0.8181078218750001
1 0.9767876796875001 0.749544359375 0.9769263625000001 0.7435859781249999 0.9384900703125 0.745376178125 0.9386741375 0.748305590625 0.9468066546875 0.7890586453124999 0.9596517312499999 0.79033479375 0.967696328125 0.7899601109375001 0.97007320625 0.786505996875 0.9767876796875001 0.749544359375
1 0.7477944812499999 0.864529396875 0.748014925 0.8550582906249999 0.7422765765625 0.8481690499999999 0.7396570125 0.8306631296875 0.73185003125 0.81927479375 0.7238376796875 0.8167099890625 0.7164246890625 0.83174519375 0.7159287453125 0.8964040296875 0.7204823296875 0.965358934375 0.7379363921875 0.964545996875 0.7457525781250001 0.9155808796875 0.7477944812499999 0.864529396875
1 0.95893978125 0.8708791109374999 0.94717833125 0.8993377953125 0.9467998171875 0.9033114234375 0.9763623718750001 0.9019345265625001 0.976640175 0.8899989953125 0.9679964625 0.8719262828125001 0.95893978125 0.8708791109374999