1 0.1725938265625 0 0.14968148750000002 0.008615275 0.151192221875 0.08729910937499999 0.1451618640625 0.1087583375 0.13526940468749998 0.11734202812500001 0.13422689375000002 0.127356334375 0.14803971093749999 0.12163387343750001 0.1535336890625 0.1296875 0.1600226890625 0.1296875 0.1687839109375 0.1087583375 0.1869972421875 0.0864167328125 0.1870697046875 0.0739616 0.18482325 0.05868680625 0.185990609375 0.027213271875 0.18217012500000002 0.007184660937499999 0.177268934375 0 0.1725938265625 0
1 0.10337208281250002 0.19517101406249998 0.1819929296875 0.2059977859375 0.22154782812499998 0.2078125 0.22527338125 0.2078125 0.23161868437500002 0.20519946406249998 0.23162262031249997 0.20452288125 0.21501160156250002 0.1863127453125 0.1893349703125 0.1735174703125 0.1522019640625 0.1626906984375 0.1121332875 0.164659203125 0.09637361562499999 0.1685962109375 0.08645715312499999 0.1792501890625 0.0864545484375 0.17969788125 0.0919615203125 0.1892655015625 0.10337208281250002 0.19517101406249998
1 0.20579712031250003 0.346414246875 0.2057990796875 0.34607745625 0.1537969703125 0.330579478125 0.0722576328125 0.3295952265625 0.049299075 0.34140625 0.047834104687500004 0.3473117625 0.052085865625000005 0.3542015265625 0.071628221875 0.3609375 0.1544800984375 0.3609375 0.17800863125 0.349280265625 0.20579712031250003 0.346414246875
1 0.1546255671875 0.49890771406249995 0.16045617343750002 0.5117832484375 0.168371803125 0.5046301734374999 0.1694559328125 0.4874627921875 0.1764289265625 0.4731566390625 0.1815665859375 0.435960646875 0.1747267609375 0.42737695468750003 0.17093956875 0.4016258828125 0.16409142031249999 0.39447280625 0.1532313578125 0.40019526718750004 0.143114175 0.447405565625 0.1437090421875 0.5125 0.1439652859375 0.5125 0.14872005625 0.49890771406249995 0.1546255671875 0.49890771406249995
1 0.1440620578125 0.617805446875 0.15067372031249998 0.6359375 0.1518080296875 0.6359375 0.1626879375 0.6306809828125 0.1785691390625 0.6077911421875 0.19363560625 0.5568045734375 0.19366352343749998 0.5520059515625 0.1858500890625 0.5405522265625 0.1821128328125 0.5062174625 0.17528133125 0.496203159375 0.1674156375 0.4947725421875 0.14458641249999998 0.5276766921875 0.1403497359375 0.584455640625 0.140346884375 0.5849458640625 0.1471479859375 0.5949156046875 0.1440620578125 0.617805446875
1 0.177905065625 0.695630103125 0.191467190625 0.6609526515625 0.19148698749999998 0.6575496171874999 0.18712955 0.6326830359375 0.177295353125 0.631252421875 0.16949624531250002 0.618376884375 0.1625815125 0.6226687296875 0.15356510625 0.64985041875 0.148269309375 0.7142280999999999 0.1510389546875 0.745701634375 0.155875728125 0.746875 0.164468884375 0.746875 0.1697647125 0.7414097890625 0.177905065625 0.695630103125
1 0.1741056296875 0.802414734375 0.1783547859375 0.7662160109375 0.178602121875 0.7237025187499999 0.1785087296875 0.7223002859375 0.1671064171875 0.7171875 0.16385566875 0.7171875 0.15687183437500002 0.7194390562499999 0.14474453125 0.77380243125 0.1395652578125 0.8181515015624999 0.1473144265625 0.8396107296875 0.154162575 0.8467638046875001 0.1570236734375 0.8625 0.1570240953125 0.8625 0.1649810234375 0.8481944203125 0.1741056296875 0.802414734375
1 0.18358748125 0.941075721875 0.183663490625 0.9280107609374999 0.177992209375 0.8504622921875 0.154411778125 0.8433092156249999 0.1443528578125 0.8805052109375 0.1469976609375 0.933437971875 0.1546386296875 0.9734951953125 0.165679271875 0.9796875 0.1691605578125 0.9796875 0.17529127656250001 0.9763564265625 0.18358748125 0.941075721875
1 0.3665482 0.1546875 0.37507238125 0.1546875 0.38797465937500003 0.140049840625 0.39516405468750004 0.0885476953125 0.3953804546875 0.0513517015625 0.3997962421875 0.035022950000000004 0.39983821875 0.0278079140625 0.39759865156249996 0.008433246875 0.38976625 0.0012801703125 0.38090798124999997 0.0012801703125 0.3768128359375 0.0284618578125 0.3658778640625 0.04705985625 0.3572723125 0.09285028906250001 0.356976678125 0.14366561093750002 0.36426938125 0.1543559921875 0.3665482 0.1546875
1 0.41117003125 0.2286023234375 0.41029315625 0.2169297421875 0.4025273421875 0.1983317421875 0.4056548828125 0.168288825 0.396012115625 0.1339540609375 0.3782872578125 0.135384675 0.3723401296875 0.14253775156249998 0.36632641875 0.16113575 0.368078521875 0.1983317421875 0.35806121874999997 0.2283746625 0.35801128125 0.236958353125 0.381575065625 0.2469726578125 0.3932862125 0.26414004062499996 0.39984529375 0.290625 0.40018624062499997 0.290625 0.41107119843750006 0.24559016093750002 0.41117003125 0.2286023234375
1 0.3720210109375 0.3292927875 0.3825555234375 0.312741509375 0.38257882187500003 0.30873683281250003 0.381079034375 0.2949580234375 0.357821178125 0.2765625 0.3574748578125 0.2765625 0.3416090765625 0.31212540624999996 0.3434860265625 0.327862171875 0.33734746875 0.36791939687499997 0.3470152046875 0.397962315625 0.355782125 0.409375 0.3558202453125 0.409375 0.3747740140625 0.3636275515625 0.3720210109375 0.3292927875
1 0.40194752187500005 0.47096229999999994 0.40201926875 0.45862995 0.3974640125 0.430034540625 0.37609345312500003 0.38139362656250003 0.36902058125 0.412867159375 0.35410698749999997 0.43861823125 0.3540320796875 0.45149376874999997 0.370614546875 0.47724484218749996 0.373350903125 0.5144408359375 0.3785140078125 0.51875 0.385563453125 0.51875 0.3910507921875 0.5173020671875 0.40194752187500005 0.47096229999999994
1 0.42186826718750003 0.6152267859375 0.4268810796875 0.5994900171875 0.4357809640625 0.592336940625 0.44197665625000004 0.5733829625 0.44206435624999996 0.55830853125 0.43221849375000004 0.5279592609375 0.410689796875 0.5065000328125 0.40376674062499995 0.5122224937500001 0.3946338125 0.55943279375 0.3856590203125 0.57946140625 0.3914396859375 0.6009206328125 0.38832046875000004 0.6295329375 0.4005066890625 0.6515625 0.4103061890625 0.6515625 0.4237701859375 0.62667170625 0.42186826718750003 0.6152267859375
1 0.42418869375 0.6653345296875 0.43375257187500005 0.6441280828125 0.43386447031250003 0.6248944890625 0.43332162187499995 0.618124228125 0.4235290421875 0.6095405375 0.4107254421875 0.610971153125 0.394744365625 0.651028378125 0.38866406875 0.6810712953125 0.3865374265625 0.708252984375 0.3932274390625 0.7425877484375001 0.3971311515625 0.748310209375 0.4001172015625 0.7425877484375001 0.4115690328125 0.759375 0.41184145625 0.759375 0.41301235312499995 0.725420365625 0.42418869375 0.6653345296875
1 0.4297353390625 0.7974899359375 0.4300530375 0.742882278125 0.4272900953125 0.73262556875 0.41849841249999997 0.7211806468749999 0.40863924531249995 0.724041878125 0.405644875 0.7311949515625 0.40326021718750005 0.8027257109375 0.4196161515625 0.828125 0.42024810625000003 0.828125 0.42478891562500004 0.8241849390624999 0.4297353390625 0.7974899359375
1 0.43810673749999995 0.915625 0.47558215937500004 0.915625 0.5005021421875 0.90939960625 0.5088159015625 0.9018136906249999 0.5088178921875001 0.901471571875 0.4976981734375 0.8995570859375001 0.4891660171875 0.89069881875 0.45342926875 0.885777559375 0.46062815468749996 0.8779035437499999 0.45924334843750003 0.870029528125 0.3933606125 0.882824803125 0.37619895468750003 0.8818405515625001 0.364725403125 0.8867618109375 0.357486434375 0.9015255906249999 0.364587975 0.9103838578125 0.38305840468749996 0.915625 0.402722846875 0.915625 0.41368237968750005 0.9143208656249999 0.43810673749999995 0.915625
1 0.702176571875 0 0.6920650187499999 0.0210527921875 0.6920635546875 0.021304496875000002 0.703692528125 0.041220884375 0.7131771546875 0.10273733593750001 0.711008896875 0.1370721 0.724890171875 0.1546875 0.7259406015625001 0.1546875 0.7416119984375 0.098920315625 0.741621021875 0.0973692203125 0.736122903125 0.049804575000000004 0.7372403249999999 0.026914732812499998 0.7309871359375 0 0.702176571875 0
1 0.99828241875 0.0266563125 0.9479034734375 0.041074065625 0.9392338890625 0.0558378453125 0.9463354296875 0.0646961125 0.98574269375 0.0796875 0.9891500593749999 0.0796875 0.9980013609375 0.0749658234375 0.99828241875 0.0266563125
1 0.7283114171875 0.18729497343749998 0.7313057890625 0.1801418984375 0.72267224375 0.1415152890625 0.7128796625 0.132931596875 0.70303714375 0.132931596875 0.699050196875 0.1415152890625 0.6927451796875 0.210184815625 0.6935796140625 0.2359358890625 0.6846797312499999 0.24308896562500001 0.6845881765625 0.25882573125 0.6935213515624999 0.2459501953125 0.704348125 0.2459501953125 0.7177697703125 0.265625 0.71818705625 0.265625 0.73294969375 0.2359358890625 0.7283114171875 0.18729497343749998
1 0.9785824140624999 0.18994818125 0.9785889234375 0.188829246875 0.9699712875 0.1633467171875 0.9503694796875 0.149040565625 0.9374410328125 0.1719304078125 0.942120925 0.21341825 0.9406271343749999 0.2296875 0.976515796875 0.2296875 0.975568846875 0.2162794796875 0.9785824140624999 0.18994818125
1 0.7046229687500001 0.2796629796875 0.7030502796875 0.266895646875 0.696210453125 0.25831195625 0.6873272171875 0.26260380156249996 0.6803625453125 0.2754793390625 0.6809972281250001 0.335565175 0.688638196875 0.3756223984375 0.6998109203125 0.390625 0.700698671875 0.390625 0.7040189984375 0.38347650624999996 0.7046229687500001 0.2796629796875
1 0.9872495171875 0.311625278125 0.9872766546875 0.30696083125 0.9564553765625 0.2844662796875 0.939573278125 0.310217353125 0.9335096281249999 0.3373990390625 0.933390865625 0.3578125 0.9826034640625 0.3578125 0.9826722875 0.34598273125 0.9872495171875 0.311625278125
1 0.747479515625 0.4436085125 0.7661004171875 0.43967150468750005 0.7756103703125 0.4322281 0.775613240625 0.4317346921875 0.69895885 0.4229392234375 0.689018984375 0.4101439453125 0.6717313515625001 0.43081323749999995 0.62442370625 0.44754552031249994 0.61721909375 0.4564037890625 0.6186096265625001 0.4632935515625 0.6370466921875 0.4640625 0.67247269375 0.4640625 0.7259572999999999 0.45443528437499997 0.747479515625 0.4436085125
1 0.9714498609375 0.4473116734375 0.9579366703125001 0.40153198906250004 0.9510885234374999 0.3943789125 0.9382766015625 0.3972401421875 0.9282426515625 0.4301442921875 0.9212946265624999 0.4401585984375 0.931988228125 0.463048440625 0.929395425 0.490625 0.9752706265625 0.490625 0.9753168390625 0.48268199375 0.975212084375 0.4773545921875 0.9714498609375 0.4473116734375
1 0.779514821875 0.5668226046875 0.779524503125 0.5651587078125 0.773521084375 0.5585076265625 0.7277872078125001 0.5506336109375 0.68339233125 0.5585076265625 0.6519130703125 0.5594918796874999 0.6390031765625 0.565397390625 0.637515296875 0.5752399109375 0.6403421703125 0.581145421875 0.65076225625 0.5859375 0.6701828421875 0.5859375 0.7433464625 0.581145421875 0.779514821875 0.5668226046875
1 0.9771251828124999 0.5494411609375 0.9844329406250001 0.527182728125 0.9844615828125001 0.5222594734375 0.9487400125000001 0.5222594734375 0.942584809375 0.565177928125 0.9493746968749999 0.5823453109375001 0.9590972703125 0.5875 0.96073965625 0.5875 0.9760077609375 0.5723310046875 0.9771251828124999 0.5494411609375
1 0.7290852703125 0.640656253125 0.7280094484374999 0.6385475265625 0.7132290234374999 0.6414087578125 0.6982571656250001 0.6771741359375001 0.6910844171875 0.7258150515625 0.6956993765624999 0.759375 0.696716646875 0.759375 0.7285521593750001 0.7322902671875 0.7290852703125 0.640656253125
1 0.9575247843750001 0.6684350593749999 0.9417937437499999 0.6674508078125 0.9274475093750001 0.674340571875 0.9273845203125 0.68516734375 0.9359052234374999 0.695994115625 0.9501884703125001 0.6999311234375 0.9959099124999999 0.7030263734375 0.9961283828124999 0.6654743953125 0.976162865625 0.661545296875 0.9575247843750001 0.6684350593749999
1 0.739232284375 0.77652936875 0.72984269375 0.7430960765625 0.7200251421874999 0.7388042312499999 0.7121261578125 0.7430960765625 0.7091317859374999 0.7502491515624999 0.709649946875 0.8303636015625001 0.7206648671875 0.8546875 0.7315278171874999 0.8546875 0.738822159375 0.8470238218749999 0.739232284375 0.77652936875
1 0.9683482109374999 0.7865957203125 0.9282394500000001 0.7954539875 0.9252636937500001 0.815139025 0.9295383625 0.81809178125 0.9909975515625 0.8279343015625 0.9938996734375 0.8296875 0.9951730187500001 0.8296875 0.9954366390624999 0.784375 0.9941837359375001 0.784375 0.9683482109374999 0.7865957203125
1 0.734870378125 1 0.7374555421875 0.9902008406249999 0.7446366140625 0.940129309375 0.7459621109375 0.8814740875 0.7400982140625 0.8743210124999999 0.7372453359375 0.8571536296875 0.7294379046875 0.845708709375 0.7215805359374999 0.8428474781249999 0.7146075421875 0.8571536296875 0.7152255765625 0.9201006968750001 0.72166589375 0.997353915625 0.7234709859375 1 0.734870378125 1
1 0.951322178125 0.9285056609375 0.961048175 0.9485342734375 0.9698981203124999 0.9499648890625 0.9808830296875 0.9227831999999999 0.9822316921875001 0.905545265625 0.9822978656249999 0.894170896875 0.9538841375 0.894170896875 0.951322178125 0.9285056609375