1 0.8390625 0 0.8419010968749999 0.06094580625 0.8483444078125 0.0684850875 0.8584996374999999 0.090625 0.8654840859374999 0.090625 0.8709021296874999 0.0821629015625 0.8853514265625 0.0880592671875 0.8851514984375 0.0837667375 0.8842597156249999 0.07760363125 0.8733966000000001 0.0684850875 0.8660717953124999 0.0456887359375 0.8650849421875 0 0.8390625 0
1 0.7995572671875 0.167052128125 0.8450527390625 0.1649644453125 0.92810456875 0.153482190625 0.9399709171874999 0.1472191421875 0.9454436093749999 0.13700499375 0.9454266 0.1366397640625 0.9343906750000001 0.125298475 0.9174788812499999 0.121123109375 0.874828453125 0.11903542656249999 0.8358495703125 0.13051768125000002 0.8091259765625001 0.14408761875 0.7919997421875 0.1637062625 0.7920135078125 0.1640018265625 0.7995572671875 0.167052128125
1 0.9047698765625001 0.228125 0.9004841765625 0.22917683281249998 0.889855584375 0.251860359375 0.8931822828125 0.32328589375 0.894169140625 0.34011908125 0.9134896031249999 0.39635008437499997 0.91520545 0.3659549484375 0.9275012796875 0.33859932656249997 0.9224935437499999 0.25349294218749996 0.9141956812500001 0.2322163453125 0.9074481515624999 0.228125 0.9047698765625001 0.228125
1 0.8614336390625 0.44783676562499997 0.8694483671875 0.4630343328125 0.8713416125 0.48127141562500003 0.8800462625 0.48887020000000003 0.88567225625 0.47519238750000004 0.8919353062500001 0.47519238750000004 0.8973446421875 0.4890625 0.8978203421875 0.4890625 0.8956501359375 0.4204811421875 0.8828758562499999 0.37032916562499996 0.8711104687500001 0.36425013906250003 0.864157496875 0.3718489234375 0.8612562390624999 0.399204546875 0.8563933421875 0.405647634375 0.8572739281249999 0.424554171875 0.8614336390625 0.44783676562499997
1 0.8550764734375 0.519115303125 0.84812160625 0.5299776703125 0.8485641749999999 0.539479803125 0.8657102015625 0.5905438765625 0.883544203125 0.614859984375 0.8950332984375 0.6203125 0.8965559640625 0.6203125 0.902740134375 0.601182175 0.8984760703125 0.5768660640625 0.9052874734374999 0.566227765625 0.8982807546875 0.5054374921875 0.8726443749999999 0.47048308437499997 0.8643644296874999 0.4720028421875 0.8575530265625 0.482641140625 0.8550764734375 0.519115303125
1 0.8764482859375 0.6006053890625 0.8687346109374999 0.6142832 0.85836698125 0.6158029578125 0.8548888484375 0.641725578125 0.855091003125 0.6460659125 0.870876040625 0.6826722578125 0.8814918531249999 0.7313044765625001 0.8891526609374999 0.7389032609374999 0.9015371890624999 0.7358637484375 0.9031114703125 0.702429096875 0.8947069921875 0.6340400390625 0.8839675265625001 0.605164659375 0.8764482859375 0.6006053890625
1 0.872378109375 0.7488469828125 0.8732350953125 0.7672468328125001 0.8784255406250001 0.8002318562499999 0.8936414234375001 0.857982615625 0.898009875 0.859375 0.9067776578125001 0.859375 0.9164643640625 0.8549431015625 0.9172071531249999 0.8260677203125001 0.9083251062500001 0.7698367187499999 0.8966654500000001 0.7212045 0.88760688125 0.7060069312499999 0.88525398125 0.7227242546875 0.8783010093750001 0.730323040625 0.872378109375 0.7488469828125
1 0.8852162609375 0.9815108859375 0.8905955515624999 0.984375 0.8967276046875 0.984375 0.906995359375 0.978471371875 0.9133641453125 0.9359181812499999 0.9138766671875 0.879687178125 0.901597875 0.8401735 0.8768996015624999 0.847772284375 0.874378065625 0.9259768640624999 0.8752859468749999 0.94546945625 0.8852162609375 0.9815108859375
1 0.6078125 0 0.60863864375 0.017737646875 0.6188365218749999 0.062389126562499994 0.6312389656249999 0.082145965625 0.6367431953125 0.1109375 0.6462420328125 0.1109375 0.65415060625 0.10342256093749999 0.65607880625 0.0775866953125 0.649939409375 0.05782985625 0.6480990296875 0.018316178125 0.644799746875 0 0.6078125 0
1 0.6242583359375 0.14493084375 0.5983252343750001 0.1428431609375 0.5462925578125 0.155232253125 0.546305796875 0.155516478125 0.5749328625000001 0.162676146875 0.5937533546875 0.1752022421875 0.6047023 0.1984375 0.6201475750000001 0.1984375 0.6461057359375 0.189816021875 0.68571665 0.1919037046875 0.7051817828125 0.18564065624999998 0.7124888609375 0.1793776078125 0.7131334984375 0.1605884640625 0.6761731578125 0.1501500515625 0.6444041171875 0.153281575 0.6242583359375 0.14493084375
1 0.6368350031250001 0.287649765625 0.644219115625 0.325759859375 0.6429100546875001 0.34247718437499997 0.661000153125 0.3796875 0.6623382453125 0.3796875 0.6855131140624999 0.3607142671875 0.686751390625 0.34247718437499997 0.6744197296875 0.324240103125 0.67585244375 0.2877659390625 0.6537543734375 0.2391337203125 0.644926075 0.25129177343750003 0.6365349390625 0.281207275 0.6368350031250001 0.287649765625
1 0.5742491109375 0.419995640625 0.57428489375 0.4207639046875 0.6258434125 0.4432134 0.6577780125 0.4484375 0.6686185499999999 0.4484375 0.7182568734375 0.436950353125 0.72076159375 0.4254680984375 0.7143422421875 0.418161209375 0.6746827109375 0.415029684375 0.6465005875000001 0.39728438125 0.632822775 0.39728438125 0.6061964171875001 0.41294200156249994 0.5742491109375 0.419995640625
1 0.6357414671875 0.53535523125 0.6126534078125 0.5290921859375 0.591814371875 0.5384867578125 0.5420999546874999 0.547881328125 0.5367714796875 0.554665890625 0.5368161953125 0.5556259796874999 0.5602271921875001 0.5781527265624999 0.59382664375 0.5890625 0.6081140859375 0.5890625 0.628810721875 0.5823280921875 0.635971946875 0.572933521875 0.6524461828125 0.567714315625 0.6647014734375001 0.5698019953125 0.6913764484375 0.55518821875 0.6909388890625 0.5457936453125 0.66599075 0.532223709375 0.6357414671875 0.53535523125
1 0.5977145796875 0.655428634375 0.6000731218750001 0.67526908125 0.60782263125 0.707183975 0.6265060390625 0.749737165625 0.62886513125 0.75 0.6415270750000001 0.75 0.65016046875 0.74213838125 0.6508891421875 0.7235877609375 0.650568734375 0.716708484375 0.63843003125 0.6919864062500001 0.62397485625 0.6281566187500001 0.6212322046875001 0.5916824546874999 0.6095555140625 0.6099195374999999 0.6061408546875 0.603840509375 0.602248625 0.6099195374999999 0.5971419 0.6431329734375 0.5977145796875 0.655428634375
1 0.6211369484375 0.8234375 0.624284871875 0.8234375 0.632569834375 0.8120277140625 0.6356330031249999 0.798602378125 0.6332295968749999 0.7470002609375 0.6259519874999999 0.7147632749999999 0.6213942578125 0.7109375 0.620078784375 0.7109375 0.6046206875 0.7366105515625 0.605708596875 0.759968390625 0.6096761093749999 0.8135474687500001 0.6131615515625 0.8211462546874999 0.6211369484375 0.8234375
1 0.5857962140625 0.8849556375000001 0.54804538125 0.89017484375 0.5393643984375001 0.899569415625 0.527927821875 0.90154904375 0.5279596953125 0.9022333859374999 0.5368110609375 0.9100078296874999 0.5658914187499999 0.9171875 0.5925555828125 0.9171875 0.6292532390625001 0.9152270359375001 0.6458356953125 0.9171875 0.65982715625 0.9171875 0.6812365796875001 0.9110516703125 0.6883978046875 0.9016570984375001 0.6800697546875 0.885999478125 0.6676686109375 0.8807802718750001 0.6494801484375 0.8818241140625 0.5789393015625001 0.8682541765625 0.5778084875 0.8766049062500001 0.5857962140625 0.8849556375000001
1 0.23372286718750002 0.02092249375 0.29955858750000003 0.031360909375 0.321179503125 0.04375 0.321701440625 0.04375 0.3645191890625 0.0230101765625 0.353054390625 0.0052648734374999995 0.330859259375 0.0000456671875 0.203115253125 0.0000456671875 0.1784468796875 0.0069108812500000005 0.17852679062500001 0.008626618749999999 0.1973459375 0.0230101765625 0.23372286718750002 0.02092249375
1 0.006406181249999999 0 0.0156110625 0.0216317609375 0.023941246875 0.028125 0.0272064140625 0.028125 0.0304371921875 0.026191032812499997 0.029217325 0 0.006406181249999999 0
1 0.29283249218749996 0.095536096875 0.2882324234375 0.0864175546875 0.2777940109375 0.0864175546875 0.26778029999999997 0.095536096875 0.260296890625 0.1365695296875 0.2637823359375 0.1441683140625 0.2616577296875 0.1832011234375 0.26236759374999996 0.1984421796875 0.27811385624999996 0.22775494218749998 0.2917366625 0.2064783453125 0.3032189171875 0.2064783453125 0.31325054375 0.22015615781250003 0.312471921875 0.20343883125 0.30272343125 0.195840046875 0.30249316249999997 0.168484425 0.29283249218749996 0.095536096875
1 0.028004018749999998 0.175 0.0477912828125 0.1600900625 0.055911746875 0.1327344390625 0.0537913390625 0.1190566296875 0.0152127828125 0.1190566296875 0.0131393171875 0.1479163875 0.013311806249999999 0.1516198265625 0.027448381249999997 0.175 0.028004018749999998 0.175
1 0.304075615625 0.3566202625 0.309880175 0.359375 0.3150445 0.359375 0.32056472343750003 0.35206099218750003 0.32256370625 0.32774488281249997 0.3169189171875 0.2289606890625 0.3123188484375 0.21984214687499998 0.300571375 0.2365594734375 0.29423865781249997 0.2788716828125 0.2973179328125 0.34498494687500003 0.304075615625 0.3566202625
1 0.0657365078125 0.28580772187500003 0.061511103125 0.2614916109375 0.0121791671875 0.2614916109375 0.0128960171875 0.2768826484375 0.0144467140625 0.2827682078125 0.0329454890625 0.309375 0.0344599140625 0.309375 0.0657365078125 0.28580772187500003
1 0.225065096875 0.40396768437499997 0.22509155781249998 0.4045358171875 0.23546405625000003 0.41239072343750005 0.255415365625 0.41656608906250003 0.27874651250000004 0.42804834375 0.3404871359375 0.4390625 0.354334325 0.4390625 0.393165834375 0.437442915625 0.39434526875000003 0.4301360265625 0.38630892499999997 0.42074145312500005 0.335330446875 0.40299615156249996 0.3162257140625 0.38125 0.315943709375 0.38125 0.3060661265625 0.3946454203125 0.225065096875 0.40396768437499997
1 0.0302084140625 0.4473017640625 0.0304796359375 0.453125 0.07384925625 0.453125 0.0839611890625 0.429367546875 0.07615881249999999 0.4187292484375 0.06409237031250001 0.38377484375000004 0.05038086562500001 0.3807353296875 0.0434278953125 0.3883341125 0.0310792 0.4369663328125 0.0302084140625 0.4473017640625
1 0.2995974140625 0.47262676875 0.2857801734375 0.5121404468749999 0.2845953 0.5750374500000001 0.2863437625 0.612577653125 0.2908766078125 0.6215629390624999 0.2972812234375 0.624602453125 0.307648853125 0.623082696875 0.313274846875 0.6094048843750001 0.3127614453125 0.575970234375 0.3189178765625 0.528857771875 0.3083020640625 0.48022555312500004 0.2995974140625 0.47262676875
1 0.047100128125 0.5484375 0.055974715625000004 0.5436202578125 0.062432198437499996 0.5253831765625 0.059636678124999995 0.5101856078125 0.0253247765625 0.5101856078125 0.025400314062500002 0.5118074375 0.027295514062499998 0.5329819609374999 0.0434562390625 0.5484375 0.047100128125 0.5484375
1 0.32534079843749997 0.7515625 0.3254250515625 0.7515625 0.328266475 0.745498340625 0.3229048203125 0.6527931734375 0.2859985390625 0.6223980375 0.2833781546875 0.6495473515625 0.2842519484375 0.6683080625 0.2921916828125 0.7105439328125 0.309618896875 0.7485378546875 0.32534079843749997 0.7515625
1 0.0625463359375 0.690625 0.0688530640625 0.67610065 0.0670306 0.6593833250000001 0.0704695921875 0.6487450265625 0.0333407859375 0.6487450265625 0.034225553125 0.6677413578125 0.0388648015625 0.6821796765625 0.0498926703125 0.690625 0.0625463359375 0.690625
1 0.23231866562499998 0.7945372296875 0.260058828125 0.8069741640625001 0.32844905625 0.8078125 0.345702925 0.8078125 0.3526667609375 0.8048864828125 0.3568370890625 0.7965357515625 0.3517916421875 0.7860973390625 0.3148313015625 0.775658925 0.28737844218749997 0.7735712421875001 0.24330549375000002 0.7735712421875001 0.2318683890625 0.7848696000000001 0.23231866562499998 0.7945372296875
1 0.0483195515625 0.7806160640625001 0.0414045625 0.8203125 0.08027483125 0.8203125 0.0723986859375 0.7821358203125001 0.069054809375 0.77757655 0.0483195515625 0.7806160640625001
1 0.30609654062499997 1 0.30943605 0.9213493671874999 0.3081189171875 0.8788139359375 0.3069487515625 0.8536900031249999 0.299350678125 0.8392824953125 0.2911415140625 0.842322009375 0.2833570546875 0.8544800640625001 0.281074934375 0.8727171468750001 0.275364475 0.8800604562500001 0.2759618015625 0.892885309375 0.279111784375 0.9426259609375001 0.28889610781249997 0.99581745 0.290168203125 1 0.30609654062499997 1
1 0.0486712375 0.9064163609375001 0.04379516875 0.9067523484375 0.045216060937500004 0.93725946875 0.07239132499999999 0.9262493468749999 0.0704340109375 0.916854775 0.0486712375 0.9064163609375001