1 1 0.9919786015625001 0.96562000625 0.9913801531249999 0.9231547484375 0.99555551875 0.922780825 0.9977247531250001 0.9228015640624999 0.9984375 1 0.9984375 1 0.9919786015625001
1 0.9587942093749999 0.931157584375 0.9647583281250001 0.946875 0.9858154656250001 0.946875 0.9829744078125 0.9011891296875 0.9652974359375 0.8317884984375 0.95364333125 0.861756953125 0.9533946765625 0.8684624328125 0.9544643875000001 0.9052260171875 0.9587942093749999 0.931157584375
1 0.9831878125 0.797129421875 0.9818493625 0.7186941046875 0.981745090625 0.71511049375 0.958307590625 0.71511049375 0.9612023859375001 0.81459814375 0.9715594734374999 0.8171875 0.9738503187499999 0.8171875 0.9804693390624999 0.8113250031250001 0.9831878125 0.797129421875
1 0.93047984375 0.6179271296875 0.9314660515625001 0.6518208890625 0.9409816265625001 0.70954354375 0.945183259375 0.715625 0.954909340625 0.715625 0.9607687171875 0.7079662578125 0.9626097203124999 0.7018661953125 0.962589340625 0.7011657578125 0.950077375 0.6275246171875 0.95038690625 0.602288025 0.9572807453125 0.588092440625 0.948930015625 0.588092440625 0.9347292859375 0.602288025 0.93047984375 0.6179271296875
1 0.9118596875 0.47055298749999996 0.905688428125 0.4737075625 0.8899048546874999 0.5052533046875001 0.8901218578125001 0.51970455625 0.8919323 0.58192541875 0.9057812390625 0.6203952593750001 0.91828336875 0.628125 0.9186359453125 0.628125 0.9255224359374999 0.6172406859375 0.9246504421875 0.5872722296874999 0.9391148093749999 0.5462627671875 0.9338038140625 0.54310819375 0.9183981015624999 0.48001670937499996 0.9118596875 0.47055298749999996
1 0.9163484859375 0.4291312609375 0.9085367609375 0.41178110312499994 0.9076188734375 0.3802353625 0.8963543625 0.3518441953125 0.8922707859375001 0.35499876874999997 0.88620138125 0.384966496875 0.8863822875 0.3911838671875 0.893028553125 0.4527905671875 0.9042471703125001 0.479604446875 0.911554059375 0.479604446875 0.9184479015625 0.4654088640625 0.9201684265625 0.4527905671875 0.9163484859375 0.4291312609375
1 0.905780215625 0.2364133 0.9021673109374999 0.291618346875 0.8957783109375 0.3231640890625 0.88361936875 0.33578238437499996 0.89189514375 0.3703125 0.89223135 0.3703125 0.916575078125 0.3562871171875 0.9369695015625 0.267959040625 0.9339180359375 0.23483601250000002 0.9283316765625 0.22221771562499998 0.9198432625 0.21748585468749998 0.905780215625 0.2364133
1 0.8712686843749999 0.1619183453125 0.870763846875 0.1445681875 0.8783343734375 0.1177543078125 0.8759713250000001 0.10829058437500001 0.867437015625 0.101981434375 0.8610021203124999 0.131949890625 0.8516075484375 0.131949890625 0.8458515890625 0.1259265578125 0.8487107765624999 0.22419048125000002 0.8645230093749999 0.2578125 0.8648999140625 0.2578125 0.884724396875 0.2297416875 0.886628503125 0.2234325390625 0.8769126703125 0.2123915296875 0.88485035 0.1981959453125 0.874950940625 0.1808457875 0.8712686843749999 0.1619183453125
1 0.9477296265625 0.061726906250000005 0.92995425 0.047113125 0.9109964343750001 0.046069285937499996 0.8718679843749999 0.0565076984375 0.8464795265625 0.0512884921875 0.832526925 0.0596392234375 0.8088068734375 0.057551539062500004 0.79400596875 0.062496737499999996 0.7940166 0.06286208125000001 0.8026799625000001 0.06381458749999999 0.8203945921875 0.076340684375 0.8633458140625001 0.0888667796875 0.9310476671875 0.084691415625 0.9497017578125 0.0752968421875 0.9477296265625 0.061726906250000005
1 0.629662071875 0 0.6252049765625001 0.007044581249999999 0.6253931078125 0.0135102609375 0.630655146875 0.0281272546875 0.6281576296875 0.10852067812499999 0.6284266921875 0.1177677546875 0.6317800703125 0.1385373484375 0.6413123265625 0.1432692109375 0.6578184828125 0.100682459375 0.6623033765625 0.075445865625 0.662417603125 0.007622523437500001 0.6589856421875 0 0.629662071875 0
1 0.6317742125 0.193767940625 0.6018057578125 0.193767940625 0.5995277375 0.1985679796875 0.59957926875 0.200338990625 0.6291663453125 0.21255708593749997 0.64172123125 0.2140625 0.6728591078124999 0.2140625 0.7031469734375 0.2073378796875 0.7187072375 0.2000309890625 0.7340245171875 0.1843733703125 0.73473558125 0.1734913171875 0.7345599046875 0.1674536796875 0.7271382875 0.16454038437500002 0.6987167484375 0.1634965421875 0.695714034375 0.16871575 0.672236965625 0.1749787953125 0.6537043671875 0.188548734375 0.6317742125 0.193767940625
1 0.324534971875 0.19881656875 0.32519672499999996 0.2215595796875 0.3363870828125 0.2715739640625 0.34406112499999997 0.2841922609375 0.3450339296875 0.284375 0.3532741578125 0.284375 0.3653851671875 0.2636875296875 0.3688262234375 0.2384509359375 0.3491074625 0.1706275921875 0.34864851875 0.154854721875 0.32482374375 0.16116387031249998 0.324534971875 0.19881656875
1 0.3319791390625 0 0.321009690625 0.0120749515625 0.31738505781250004 0.031002396874999998 0.315013171875 0.0863721015625 0.3160205125 0.12099216093750001 0.318693559375 0.1477216390625 0.32646708125 0.15625 0.3293971015625 0.15625 0.3448354859375 0.1492989265625 0.35993064375 0.0940938796875 0.359609384375 0.0830528703125 0.3471750765625 0.08620744375 0.3437681859375 0.076743721875 0.3393516203125 0.032579684375 0.3483790375 0.0199613875 0.348103671875 0.010497665625 0.3421140609375 0 0.3319791390625 0
1 0.34080325624999996 0.27462447343749996 0.341376375 0.294321296875 0.3495451140625 0.3702282796875 0.35502823437500003 0.3921875 0.3578580515625 0.3921875 0.380000090625 0.3765374265625 0.3795753125 0.3260642421875 0.36980185625 0.27716834375 0.367576490625 0.2724364828125 0.3434763515625 0.26928190625 0.34080325624999996 0.27462447343749996
1 0.6848273703125 0.296072546875 0.6751814125 0.2898095 0.6787915765625 0.30546711875 0.674302696875 0.31381785 0.6444861046875 0.31903705625 0.6437537046874999 0.322325153125 0.643897975 0.32728340624999996 0.6447898328125 0.3294754703125 0.684616853125 0.3430454078125 0.7326421984375 0.3453125 0.7540310796874999 0.3453125 0.7806795015625 0.33782619999999997 0.7804365203125 0.3294754703125 0.764359921875 0.31903705625 0.709124503125 0.317993215625 0.6867691296875 0.30859864375 0.6848273703125 0.296072546875
1 0.628314453125 0.43610821250000004 0.628330271875 0.436651878125 0.664813021875 0.4515625 0.7416540703125001 0.4515625 0.7630721796875 0.44350208750000003 0.7643457406249999 0.433063675 0.753031378125 0.42366910312500006 0.7356204749999999 0.4215814203125 0.6933070765625 0.4309759921875 0.628314453125 0.43610821250000004
1 0.349178715625 0.4103863875 0.34853961093749997 0.48680609218750004 0.34875809687500003 0.49431496093750005 0.358759159375 0.50625 0.36177715 0.50625 0.368404365625 0.49713717500000004 0.3776036328125 0.454550425 0.37440275624999997 0.3804179328125 0.365776659375 0.37095421093750003 0.3575636109375 0.375686071875 0.349178715625 0.4103863875
1 0.6501684625 0.52931889375 0.6440111796875 0.5345381 0.6298459671875001 0.535581940625 0.6186834671875 0.5314065765625 0.6013636828125 0.5324504171875 0.59877638125 0.548643015625 0.5987921125 0.5491836828125 0.62988764375 0.559375 0.64712934375 0.559375 0.7109558093749999 0.5585464499999999 0.7297010171875 0.552283403125 0.7496286671875 0.5324504171875 0.7321570187499999 0.5282750515625 0.6960009078125 0.5324504171875 0.6501684625 0.52931889375
1 0.3980697890625 0.5243590140625 0.39033521718749997 0.5295782234375 0.3558475109375 0.5368851109375 0.3275170875 0.53897279375 0.32529431875000003 0.54711149375 0.325373278125 0.5498251562500001 0.340712465625 0.558805778125 0.37849926875 0.5625 0.3904346484375 0.5625 0.42907091406250003 0.559849621875 0.4398385703125 0.5504550484374999 0.43956521562499995 0.541060478125 0.4313143078125 0.5285343796874999 0.42172909374999995 0.5243590140625 0.3980697890625 0.5243590140625
1 0.6700225328125 0.6217755656249999 0.6622498593749999 0.6894985609375001 0.66244548125 0.696221634375 0.6726237390625001 0.721875 0.676111290625 0.721875 0.6905673906249999 0.7179900765625 0.701590703125 0.7022172062500001 0.690486309375 0.60757998125 0.6795462984375 0.603125 0.6787369984375 0.603125 0.6700225328125 0.6217755656249999
1 0.3741815609375 0.6125 0.3741441421875 0.6125 0.360928215625 0.6597434625 0.360137834375 0.6706126421875 0.3614901359375 0.7170881953125 0.3688092953125 0.7512261125 0.38052102187500003 0.759112546875 0.393849759375 0.714948509375 0.39360855781250004 0.670784471875 0.38139199375 0.645547878125 0.3741815609375 0.6125
1 0.6758291328125 0.703125 0.6640629031249999 0.720107075 0.662617740625 0.74218909375 0.6705329843750001 0.798971428125 0.6761514703125 0.803125 0.6788304468749999 0.803125 0.68728034375 0.800548715625 0.6921782890625 0.78950770625 0.6933480828125 0.7579619671875 0.689929465625 0.7122206421875 0.676622659375 0.703125 0.6758291328125 0.703125
1 0.3076166453125 0.8158729125 0.3493692015625 0.8171875 0.37670458125 0.8171875 0.4114746109375 0.8075221812500001 0.41391761875000005 0.800515396875 0.4138617546875 0.798595475 0.402980721875 0.7866453546875001 0.35893817499999997 0.7908207203125001 0.316290678125 0.7887330375 0.2922916984375 0.8090757109375 0.2923147015625 0.8098662578125 0.3076166453125 0.8158729125
1 0.5890084578125 0.8573369484375 0.589017075 0.857633090625 0.6331435171875001 0.8720951843750001 0.6879464671875 0.8734375 0.7203833859375 0.8734375 0.7324214859375 0.8689636609375 0.7384876515625 0.86061293125 0.73502935 0.8501745171874999 0.7191046171875 0.8449553109375 0.6213735640625 0.8470429921875 0.5890084578125 0.8573369484375
1 0.3850050953125 0.8672521734374999 0.371297475 0.8625203125 0.3714246078125 0.897414959375 0.3731297890625 0.9560182328125 0.375599815625 0.97450769375 0.386405384375 0.987125990625 0.40292326718749993 0.9808168437499999 0.401408753125 0.9287663687500001 0.3905455625 0.8782931843749999 0.3850050953125 0.8672521734374999
1 0.7109267046875 0.9851105828125 0.6322027953125 0.9984375 0.7492194265625 0.9984375 0.7314618078125 0.9861544234374999 0.7109267046875 0.9851105828125
1 0.06577288906249999 0.8642768875 0.0658881546875 0.8671875 0.09339573906250001 0.8671875 0.09484476875 0.855743525 0.0888336296875 0.7926520406249999 0.0806088515625 0.7611063 0.0711683859375 0.7595290125 0.06309626406249999 0.772287259375 0.06577288906249999 0.8642768875
1 0.0586671765625 0.876136715625 0.067671425 0.95342378125 0.0733036828125 0.967619365625 0.0835416234375 0.978125 0.08511070468750001 0.978125 0.09332024375 0.9739285140625 0.0971284546875 0.9613102171874999 0.0973003046875 0.9313417625 0.09057831250000001 0.9155688921875 0.0863965296875 0.876136715625 0.0586671765625 0.876136715625
1 0.0862227859375 0.631772028125 0.08643785000000001 0.6301947421875 0.052982735937500004 0.6301947421875 0.0528198625 0.631772028125 0.052886165625 0.6361875218749999 0.0550729796875 0.7113434328125 0.057569418750000004 0.723254678125 0.06406193906249999 0.7311411140625 0.07241266874999999 0.7311411140625 0.0816236625 0.7248319640625 0.084479821875 0.7153682421875 0.0862227859375 0.631772028125
1 0.082033921875 0.5045553890625001 0.0609251296875 0.5045553890625001 0.060159146875 0.5061326765625 0.05485988125 0.5392557046875 0.055915451562499996 0.5755333078125 0.07040025 0.6171875 0.07172600625 0.6171875 0.0859691078125 0.603924475 0.0917732125 0.588151603125 0.085865590625 0.564492296875 0.0858538609375 0.5282146953125 0.089662071875 0.5155963984375 0.082033921875 0.5045553890625001
1 0.115953534375 0.46833083125 0.13005799843750002 0.46519930781249996 0.1375495890625 0.451629371875 0.129420171875 0.4432786390625 0.11828804531249999 0.44014711562500003 0.0945679953125 0.43805943281250004 0.0128977265625 0.44326609218749996 0.0136846953125 0.4703125 0.053129174999999994 0.4703125 0.115953534375 0.46833083125
1 0.081523059375 0.3796875 0.113060090625 0.37066832656250004 0.123888490625 0.36336143593750003 0.122068221875 0.3550107046875 0.09965210468749999 0.3435284515625 0.034133945312500004 0.34144076874999996 0.0096876546875 0.3329431140625 0.010860759375 0.373260096875 0.07638350000000001 0.3796875 0.081523059375 0.3796875
1 0.0895930015625 0.2453125 0.1014638515625 0.24418710781250003 0.10765150937500001 0.24001174375 0.1130798515625 0.20974034375 0.10658846562499999 0.203477296875 0.054568365625000004 0.2045211375 0.0397957015625 0.184688153125 0.0181389 0.19930193125 0.0058882015625 0.20236434062500003 0.0068368984375 0.23496895156250003 0.07326278281250001 0.2453125 0.0895930015625 0.2453125
1 0.0148840265625 0.08193367812499999 0.01780526875 0.096949378125 0.016024185937499998 0.10625 0.0467930921875 0.10625 0.0477095125 0.08433108125 0.038448707812499996 0.05 0.037766409375 0.05 0.020925064062500002 0.060671775 0.014725490625 0.076485175 0.0148840265625 0.08193367812499999