1 0.9172112968749999 0.8553157015625 0.9169098734375 0.9071257875000001 0.9171232781249999 0.9149638078125 0.9318241531250001 0.9827120718750001 0.9320873828125 0.9827274031250001 0.9442288187500001 0.954781778125 0.9464310265625 0.924318640625 0.9415837968749999 0.8873266390625 0.9326257124999999 0.8608022 0.9284013874999999 0.85596745 0.9172112968749999 0.8553157015625
1 0.8815834453125 0.799998340625 0.88674006875 0.806314684375 0.90048386875 0.8101526343750001 0.93070445 0.8122766453124999 0.9854612062499999 0.8154658640625 0.995325003125 0.8088140781250001 0.9953978140625 0.7962988171875 0.9892984312499999 0.7930507437500001 0.88379384375 0.7869058 0.8816110406250001 0.79525509375 0.8815834453125 0.799998340625
1 0.9148613578125 0.627001109375 0.90061125625 0.6399372640625 0.8965054 0.6530898171875 0.89628105625 0.6916511 0.9030427796874999 0.744089653125 0.905702275 0.7482992578125 0.917815703125 0.7490047843750001 0.9222824453125 0.743680665625 0.9243423203125 0.737682359375 0.9146389640624999 0.6652274078125 0.915793440625 0.6408215265625 0.9229585234375 0.627472715625 0.9148613578125 0.627001109375
1 0.87550136875 0.5219834734375 0.8753323484375001 0.5510354625 0.86093826875 0.58733575 0.8609194406249999 0.5905717921875 0.864961809375 0.593259409375 0.877763875 0.65518785 0.8824080578125001 0.6625389328125 0.8879581078125 0.6628621859375 0.8898740406250001 0.6620114671875 0.9062462874999999 0.632373640625 0.9076765328124999 0.560567146875 0.8947499296875 0.5200454359375 0.8826486593749999 0.5116927671875 0.87550136875 0.5219834734375
1 0.8717579531249999 0.3948747078125 0.8676915765625001 0.39769700937499997 0.8619016359374999 0.42174695156249997 0.8617594687500001 0.446183346875 0.86511575 0.49238033124999997 0.8748367640625 0.5182992453125 0.8825092953125001 0.5187461203125 0.88933608125 0.506027565625 0.8914315390625 0.4939130515625 0.8885285375 0.47080041875 0.8815413703124999 0.4535681921875 0.8817192859375 0.4229871515625 0.8717579531249999 0.3948747078125
1 0.8585637078125 0.3238332140625 0.8464019515625001 0.3109750078125 0.8140635421875 0.3158965421875 0.8140481359375 0.318544728125 0.8263417343749999 0.34119378437500003 0.9073456265625 0.36701578437500004 0.93040955 0.3683591046875 0.9439609656249999 0.3682940984375 0.956222825 0.3639458265625 0.9608570875 0.3561158328125 0.942590903125 0.34087710625 0.8891035281249999 0.33269937656250004 0.8585637078125 0.3238332140625
1 0.8545135437500001 0.210547390625 0.854611396875 0.19372781875 0.8628597906250001 0.16820554062499998 0.8608888718750001 0.158913328125 0.8528272906250001 0.1523255140625 0.8455732499999999 0.18096484531249998 0.8364639374999999 0.1804342890625 0.8305215015625 0.1736331546875 0.829971228125 0.2682169875 0.8444825687499999 0.3023962796875 0.8455067921874999 0.302455934375 0.865264628125 0.276945084375 0.8673245015625 0.270946778125 0.8582774609375001 0.2597128578125 0.8664546890624999 0.24642299531249998 0.8574432296875001 0.229072865625 0.8545135437500001 0.210547390625
1 0.8589584718750001 0.108091696875 0.8345230828125001 0.10160605468749999 0.8207145062500001 0.10890170625 0.797790503125 0.1055415578125 0.782470540625 0.109711715625 0.7916389640625 0.1112582046875 0.808387875 0.12438358125 0.8483888109375 0.1385057 0.8554081421875 0.1389145296875 0.9153744046875 0.1387147453125 0.933776025 0.130674121875 0.9323235234375 0.11742716875 0.9155863906249999 0.1022774984375 0.89724365625 0.1001966671875 0.8589584718750001 0.108091696875
1 0.62024985625 0.046896696875 0.6202211640625 0.051828328125 0.6251182625 0.06717952499999999 0.619651625 0.1497239796875 0.6196409359375 0.151561184375 0.62247126875 0.17409526250000001 0.6311709453125001 0.1789972015625 0.631635625 0.179024265625 0.6490005562500001 0.1389307359375 0.6542036171875 0.1147606578125 0.6566104265625 0.0491293234375 0.652089659375 0.037979896875 0.6288685968750001 0.036627425000000005 0.6252783875000001 0.0396565890625 0.62024985625 0.046896696875
1 0.632042740625 0.16916746093749999 0.631903646875 0.1930756203125 0.63608950625 0.1958586390625 0.6420289453125 0.21914812343749998 0.655080090625 0.2382631078125 0.660016278125 0.25996458906250003 0.659847259375 0.2890165765625 0.6650448531250001 0.2919452234375 0.6660859171875 0.2920058578125 0.6782171124999999 0.26408380781249996 0.6800273328124999 0.249837034375 0.680182996875 0.223080540625 0.6735744828125 0.19192361093750002 0.6665784203125 0.17622043437499998 0.651485190625 0.1600456546875 0.63529975625 0.1575733890625 0.632218840625 0.165041796875 0.632042740625 0.16916746093749999
1 0.295668353125 0.23003635781249998 0.28157479375 0.2292155015625 0.28154828906249996 0.23377134375000003 0.28635860625 0.25278136562500003 0.326516278125 0.256597884375 0.344206478125 0.257628221875 0.393439353125 0.2509182 0.4057129875 0.2445456359375 0.40728914843749997 0.236537528125 0.385958971875 0.2221328328125 0.36151769375 0.21665933593750003 0.295668353125 0.23003635781249998
1 0.3169793796875 0.07565658593749999 0.316917109375 0.08635994999999999 0.32908065 0.08400925625 0.3320637140625 0.0933604203125 0.33485106875000004 0.136350728125 0.32567059062500003 0.1480525875 0.3256172171875 0.1572269 0.3344427109375 0.17421898593750001 0.33495618125000004 0.1742488921875 0.351941903125 0.15723056562499999 0.356097234375 0.1391177453125 0.3615671671875 0.069076109375 0.3587798125 0.0260858 0.354231553125 0.020631639062500002 0.3417400734375 0.0199040921875 0.3334850625 0.023082979687499998 0.3169793796875 0.07565658593749999
1 0.3398828078125 0.283947896875 0.3359206734375 0.2911203421875 0.3359110765625 0.29276996093749996 0.3423667828125 0.38195354375 0.347197165625 0.40472717812500003 0.3479482015625 0.40477092031249995 0.37168342499999996 0.389779325 0.3729802375 0.3409086109375 0.3651588390625 0.29303639375 0.36316123437500003 0.28833133593750004 0.340139303125 0.2839628359375 0.3398828078125 0.283947896875
1 0.7188297546875 0.3800915046875 0.7222398140624999 0.316048171875 0.7144412375 0.28700708750000004 0.705897446875 0.28650946875 0.6960040859375 0.300753984375 0.6946805890625 0.354211853125 0.6854467375 0.3750880234375 0.6732920906250001 0.3759096671875 0.6683109328125 0.38308156718749997 0.6683022859375 0.3845677453125 0.6823658203125 0.3825564328125 0.6904362984375 0.38761519375 0.6953280078125 0.4169619359375 0.7013919859375 0.41884469218750003 0.705449465625 0.41755144375000003 0.7188297546875 0.3800915046875
1 0.671769809375 0.3998505140625 0.6625982265625 0.4100233203125 0.6618686671875 0.41576508749999996 0.6617694281250001 0.4328226875 0.6693452078125001 0.46853995312499996 0.674032315625 0.5330548890625 0.689428 0.4972419046875 0.6908493499999999 0.4269644625 0.681882371875 0.40196907499999995 0.671769809375 0.3998505140625
1 0.33974453125 0.4202104796875 0.3380713125 0.458780809375 0.337813303125 0.5031288234375 0.3462152859375 0.5140820515625 0.348310303125 0.514204071875 0.355449596875 0.5052515515625 0.3658112390625 0.46455665625 0.36521719531249996 0.3926322625 0.357173403125 0.3829863421875 0.34904955000000004 0.3871018921875 0.33974453125 0.4202104796875
1 0.62060144375 0.5574731921875 0.6068340875 0.557683825 0.596154278125 0.5530118421875 0.5793288171875 0.5530443578125 0.5765853140625 0.5669834703125 0.57657233125 0.5692149375 0.6015957296875001 0.5789732109375 0.6867448125 0.5839325796875 0.703070146875 0.5794887578125001 0.723059703125 0.561415728125 0.7062636859375 0.5563875171875 0.6710719359375 0.5583877859374999 0.6267470937499999 0.55276869375 0.62060144375 0.5574731921875
1 0.3724049796875 0.49865904843750003 0.3623013140625 0.4950114359375 0.35310304531250003 0.5097714 0.3501123609375 0.538395790625 0.3499355546875 0.5687862828125 0.3515927359375 0.595339359375 0.3597987078125 0.605528903125 0.37133568281249996 0.60620085625 0.38193931718749996 0.6001659874999999 0.386041275 0.591227478125 0.3861747109375 0.5682916984374999 0.3811584625 0.5603516843749999 0.3742691484375 0.5262998859375 0.3724049796875 0.49865904843750003
1 0.6436748531250001 0.6434019734375 0.633583984375 0.7102360015625 0.6335602078125 0.7143229234375 0.64294581875 0.7408105828125 0.644763284375 0.7409164390625 0.6603386875 0.7376763078125 0.67156125 0.723034246875 0.66399783125 0.6308195203125 0.6532339781250001 0.6257456203125 0.6528197484375 0.6257214953125 0.6436748531250001 0.6434019734375
1 0.341464246875 0.681570684375 0.34127178125 0.7146527046875 0.34797519062500004 0.7523952140625 0.35839314375 0.7601869546875 0.35922015625000003 0.7602351234375 0.3734834375 0.7187007875 0.3747446640625 0.6759462828125 0.36375339218749997 0.6508329921875 0.357867328125 0.618369196875 0.343430415625 0.6634154453125001 0.341464246875 0.681570684375
1 0.6010095703125 0.7758523046875 0.611683490625 0.781536434375 0.630072815625 0.783825640625 0.659925159375 0.7855643421875 0.6866070375 0.785900234375 0.695737446875 0.773441053125 0.6957389453125 0.7731834625 0.679108990625 0.7601513046874999 0.6577140406249999 0.7568802125 0.6026328375000001 0.75974703125 0.59888188125 0.7644581171875 0.5988585671875 0.7684655828125 0.6010095703125 0.7758523046875
1 0.3157881578125 0.796324315625 0.3156320984375 0.8231488984374999 0.3247972453125 0.85764021875 0.33057301875 0.8601635312499999 0.3338711234375 0.8603556250000001 0.34508463906250003 0.8511739734375 0.3412851359375 0.8081247156250001 0.3435496140625 0.7669582125 0.32344903125 0.741314365625 0.3172872 0.75625118125 0.3157881578125 0.796324315625
1 0.615326921875 0.8930772125 0.6151281234375 0.9272477265625 0.6193358359375 0.9391225499999999 0.626015875 0.944581384375 0.630872621875 0.9448642578124999 0.6375366671875 0.9432417671875 0.6426863546875 0.928246 0.6412136 0.8333268765625 0.6312789546875 0.8006272765625001 0.61685983125 0.8426154218749999 0.615326921875 0.8930772125
1 0.30197595625 0.9172127953125001 0.297824771875 0.92868688125 0.29781628437499996 0.9301457140625 0.3595449796875 0.935313340625 0.3810202265625 0.9365641312499999 0.40588082812500004 0.9354144312500001 0.41817212968749995 0.9260054296875 0.4121501375 0.9094548687499999 0.361691421875 0.9065159828124999 0.3127087625 0.9127754671874999 0.30197595625 0.9172127953125001
1 0.3596707 1 0.3578927328125 0.9698993281250001 0.3492220625 0.9600872234375 0.34898985625 1 0.3596707 1
1 0.0425225296875 0.750856309375 0.0423031828125 0.788558740625 0.044398503125 0.8233967718749999 0.051305609375000005 0.854390465625 0.0539758 0.8549947843749999 0.061127478125 0.855411321875 0.0695954 0.8432191625 0.0691436859375 0.7468299375 0.0652206328125 0.7358944546874999 0.0456229609375 0.7347530203125 0.0449055625 0.7362408078125 0.0425225296875 0.750856309375
1 0 0.920335859375 0.000782534375 0.920669925 0.0182017046875 0.9216844765625 0.0852021046875 0.919730190625 0.09899301875 0.9154709765625 0.109755265625 0.9059729187500001 0.10522110625 0.8965964359375 0.09301224218750001 0.8918353953124999 0.0639661453125 0.8891311640625 0.0486402953125 0.8943134671875 0 0.8952239359374999 0 0.920335859375
1 0 0.6779828218749999 0.013191274999999999 0.6804994390625 0.02644034375 0.6814577875000001 0.0896284609375 0.685138075 0.10188806718750001 0.6836404625 0.1095686578125 0.6780128734375 0.109615765625 0.6699157078125 0.10355255468749999 0.660450165625 0.0943959078125 0.6568793875 0.013379706250000001 0.6481107765624999 0 0.645114459375 0 0.6779828218749999
1 0.0230619484375 0.5325833765625 0.003107721875 0.5445835296875 0.00149689375 0.5486915359375 0.001469815625 0.5533460015625 0.013722759374999999 0.5603891156249999 0.0383468203125 0.56648708125 0.08540008593750001 0.569227621875 0.12232666875 0.5596271515625 0.1086535296875 0.5436434515624999 0.0933983390625 0.5366800046875 0.0704331171875 0.540404878125 0.0352708109375 0.5373444171874999 0.0230619484375 0.5325833765625
1 0 0.45566266874999994 0.012633879687499999 0.4602664984375 0.0459536859375 0.46220715625000003 0.112092521875 0.46397421093749996 0.12587165625000002 0.46173928750000004 0.13359346562500002 0.4490266796875 0.1259953140625 0.440484228125 0.115309615625 0.436824390625 0.0923856125 0.4334642421875 0.012845467187500001 0.433894 0 0.4380964625 0 0.45566266874999994
1 0.07970548125 0.288392278125 0.0781783671875 0.2898329046875 0.07464475312499999 0.288097525 0.0438016625 0.28630111875 0.035379584375 0.3666525671875 0.0353658390625 0.369015225 0.0441192703125 0.40103737500000003 0.0503391796875 0.4108826109375 0.057628820312499995 0.411307184375 0.059248082812500005 0.41109595 0.0705062265625 0.3903376796875 0.0728996921875 0.3269999234375 0.0862755328125 0.2903045109375 0.08577835624999999 0.28874598281249997 0.07970548125 0.288392278125
1 0.048130412500000004 0.18459562499999999 0.026641246875000003 0.197518865625 0.014391165624999999 0.199842846875 0.0004299765625 0.19475534218749999 0.000235215625 0.22823181875 0.00045892968750000003 0.228393559375 0.0792289046875 0.24532109375000002 0.0931815078125 0.246133740625 0.10589874375 0.24567210468749998 0.11203850468750001 0.24197975 0.1183254796875 0.2129837515625 0.1122446015625 0.2065546484375 0.06178 0.204627909375 0.048130412500000004 0.18459562499999999
1 0.0223180375 0.0897878015625 0.01812771875 0.108053121875 0.01809549375 0.11359206250000001 0.048957715624999995 0.1153895828125 0.05174142968749999 0.07926495624999999 0.0438399703125 0.04515420625 0.026571221875000002 0.0548554078125 0.0193883484375 0.071262325 0.0223180375 0.0897878015625