1 0.9111394734375 1 0.91210100625 0.9849680749999999 0.9098904546875 0.9417879875 0.894216475 0.9384089843750001 0.8850336343749999 0.9542852328125001 0.8839296046875 0.9596925687500001 0.88205225625 1 0.9111394734375 1
1 0.887516778125 0.8155431500000001 0.8851230703124999 0.8669370109375001 0.8976229453125001 0.9371322937500001 0.911694815625 0.9069281468750001 0.9152925640625 0.8750038140624999 0.9118039515625 0.836603784375 0.905511315625 0.8157525343750001 0.887516778125 0.8155431500000001
1 0.8576852734375 0.7511581734375 0.8575805640624999 0.7534063328125 0.863210775 0.7603518890625 0.877440378125 0.7636837375 0.88237974375 0.7638005796875 0.9649226390625 0.764761053125 0.966006275 0.7414949671875 0.860949365625 0.7402725203125 0.8576852734375 0.7511581734375
1 0.87876254375 0.600711896875 0.8769779546875001 0.6390277265625001 0.8819295125 0.6948273109375 0.8858513125 0.7012661859375 0.8953449828125001 0.7013766546875 0.9020461078125 0.69346308125 0.904441128125 0.68713035625 0.9044462187500001 0.6870210453125 0.8974017984374999 0.6118952375 0.8996470859375 0.5863484046874999 0.907700671875 0.572057328125 0.8992618531250001 0.571959134375 0.8838243 0.586164290625 0.87876254375 0.600711896875
1 0.8884162515625 0.5269095125 0.8776792562500001 0.46285218281249996 0.8717965546875 0.4531938734375 0.8653186359375 0.4563151140625 0.8481483140625 0.4860009515625 0.8442507953125 0.5696822578125 0.8541798265624999 0.6048283171875 0.86646604375 0.6129628296875 0.8743708281250001 0.6018666421875001 0.87578446875 0.5715152046875 0.8935417093750001 0.5301657718749999 0.8884162515625 0.5269095125
1 0.8809428078125 0.384302859375 0.8630270109374999 0.391482359375 0.8310781281249999 0.3911106015625 0.802068925 0.40124208437500003 0.8020506796875001 0.401633809375 0.8048311953124999 0.405581125 0.835321521875 0.41306332343749996 0.8397609984375001 0.41311498125 0.9037744671875 0.4088432828125 0.931422321875 0.3986107546875 0.9317662359375 0.3912267875 0.9177331531249999 0.38367553125 0.9050518609375 0.3814171234375 0.8809428078125 0.384302859375
1 0.8995514468750001 0.245337153125 0.9128048921874999 0.232704890625 0.9070577734375 0.19747520000000002 0.8810716984375 0.2115576140625 0.8554844625 0.294925234375 0.85409120625 0.324839 0.8542456859374999 0.3343153234375 0.8589247312499999 0.347156246875 0.86714034375 0.3520467734375 0.8828011 0.3330492859375 0.8906794359375001 0.2772001140625 0.8995514468750001 0.245337153125
1 0.854256409375 0.14135739687499999 0.855074834375 0.12378551093750001 0.8647784890624999 0.09672715625 0.863115196875 0.08711794218749999 0.8549739875 0.080629971875 0.8461763812499999 0.11089548906249999 0.836682709375 0.1107850203125 0.8300243515625001 0.103118990625 0.825465184375 0.2010061375 0.83996238125 0.23802248124999997 0.840743196875 0.23803156718750001 0.8626604921875 0.210182509375 0.8650678062500001 0.20381728125 0.8560949499999999 0.1925247046875 0.8652033890625 0.1782459015625 0.8565281406249999 0.16056354687500002 0.854256409375 0.14135739687499999
1 0.8509216046875 0.0443215640625 0.844456909375 0.0698192984375 0.852226109375 0.0842944890625 0.849000371875 0.1082316015625 0.8534706999999999 0.12405534843749999 0.8535636999999999 0.1240564296875 0.8550318765625 0.11469502499999999 0.868508528125 0.0972704296875 0.8831756140625 0.0542867328125 0.882522375 0.010269078125 0.84375 0.0098179203125 0.8436948484375 0.01100205625 0.8509216046875 0.0443215640625
1 0.5836628359375 0.0238597171875 0.55955378125 0.026745454687499996 0.5549163359375 0.0351068546875 0.554855315625 0.036416992187500004 0.5966150453125 0.05461772499999999 0.6219284984375 0.060189395312500005 0.6792669874999999 0.062621125 0.6913601390624999 0.0627618421875 0.7084361343750001 0.05591888125 0.7091239625 0.04115095 0.7000306015625 0.030490898437500004 0.6907407203125 0.02405025625 0.67127660625 0.030156315625000003 0.5836628359375 0.0238597171875
1 0.679317703125 0.1410496140625 0.6758771640625 0.1462867 0.65162071875 0.15233699375 0.6318126921875 0.16582701875 0.6092028234375 0.17084105 0.5788513859375 0.170487878125 0.5765585625 0.1746218765625 0.5764361765625 0.177249553125 0.605123584375 0.189791215625 0.61940280625 0.191682328125 0.648329034375 0.1920189140625 0.6804491109375 0.18539058749999998 0.6967674640625 0.1781925 0.7134788640624999 0.16255559375 0.7158623953125 0.1456965453125 0.708022565625 0.14243904999999998 0.679317703125 0.1410496140625
1 0.361930934375 0.1762752453125 0.3365683515625 0.1717584296875 0.2670430375 0.1888916359375 0.25228914375 0.188719959375 0.2520732953125 0.193354309375 0.25632836875 0.2130417140625 0.3137380953125 0.21582058437499999 0.3685425 0.20590404843750001 0.3816659671875 0.1986687875 0.3836564546875 0.19024855624999998 0.361930934375 0.1762752453125
1 0.296807259375 0.0384745484375 0.30854279687499997 0.035681928125 0.311260940625 0.045303415624999996 0.3123422375 0.0900686734375 0.3022533515625 0.10273775781250001 0.3018069390625 0.112322421875 0.31048218437499997 0.1300047765625 0.3293074984375 0.111044109375 0.334419734375 0.09192387656249999 0.343116496875 0.0185028203125 0.3427659046875 0.0039884421875 0.3046495953125 0.00354491875 0.29747902656249997 0.024051440625 0.296807259375 0.0384745484375
1 0.307285025 0.2498665921875 0.30709607656250004 0.2539234 0.309978078125 0.3447224375 0.3139922890625 0.3679134375 0.315370640625 0.36792947656249997 0.3402711859375 0.35146816875 0.343706909375 0.30036223125 0.33757455625 0.25074326875 0.335688059375 0.2459263890625 0.31157525937499997 0.2424491921875 0.307285025 0.2498665921875
1 0.6548613453125001 0.27460929375 0.6455714640625 0.2681686515625 0.64802939375 0.2840286125 0.6428440171875 0.2924116671875 0.612246928125 0.2973327578125 0.6113510765625 0.300320396875 0.6110923734375 0.305874853125 0.6117556234375 0.30788128124999997 0.651053028125 0.3220590609375 0.6788074078124999 0.3236946953125 0.7247476625 0.3242292578125 0.7487427703125 0.3179186625 0.749135815625 0.30947984375000004 0.733652678125 0.29874544062499997 0.6777912671874999 0.2970400109375 0.655869225 0.287286109375 0.6548613453125001 0.27460929375
1 0.5872412109375 0.4151806859375 0.5872385265625 0.41523832499999996 0.62348744375 0.43092191875 0.7024739624999999 0.431841009375 0.7241597453125 0.424171071875 0.726248496875 0.41364113593749996 0.7155085625 0.40401735 0.6980349390625 0.401703178125 0.654461771875 0.4106949734375 0.5872412109375 0.4151806859375
1 0.248195871875 0.41086688125000004 0.2581444484375 0.41876828125000004 0.2963869140625 0.42867910625 0.3759521140625 0.42960493125 0.3858908453125 0.4213101703125 0.3814915578125 0.4128155875 0.3467899609375 0.40291298124999997 0.2622728171875 0.39876326406249996 0.2482592359375 0.40950643124999997 0.248195871875 0.41086688125000004
1 0.6400546921875 0.46878949687500004 0.6398182640625001 0.4512053359375 0.62308943125 0.447814059375 0.6125654859375 0.4756406453125 0.608545778125 0.56194536875 0.61374949375 0.580365096875 0.631453778125 0.5998560703125 0.6332522875000001 0.5998769984375001 0.6378622953125 0.58384229375 0.635354134375 0.54705198125 0.640676353125 0.5007629265625 0.6356997015625 0.494311778125 0.6353144671875001 0.47992250781249995 0.6400546921875 0.46878949687500004
1 0.31677336562499997 0.47004170624999997 0.3122313296875 0.47932429374999996 0.3110955578125 0.5037097578124999 0.3158937625 0.511587528125 0.32164088125 0.5468172171875 0.322411346875 0.575595759375 0.3286060984375 0.5775719578125 0.33363895781249997 0.5776305203125001 0.343048759375 0.56304941875 0.3492770265625 0.5199675265625 0.3482701328125 0.4736048234375 0.3392972765625 0.462312246875 0.32980360468750003 0.462201778125 0.31677336562499997 0.47004170624999997
1 0.6042308921874999 0.6210220125 0.6075147640624999 0.700291225 0.6170807171875 0.7044330609375 0.6193088828125 0.7044589875 0.6292814265625 0.6861597140625 0.6432524500000001 0.612800028125 0.634043165625 0.5839232921875 0.6158874703125 0.5885069609375 0.605100825 0.60234423125 0.6042308921874999 0.6210220125
1 0.2395165359375 0.6643470546875 0.2395020390625 0.6646583140625 0.286120028125 0.6797835359375 0.2907704375 0.6803125890625 0.3476565734375 0.68097451875 0.37901743906249996 0.6755873765625 0.38754509531250003 0.6640769390625 0.3435044890625 0.6487885437500001 0.298825184375 0.6472132296875001 0.2727256421875 0.6585191984375001 0.2395165359375 0.6643470546875
1 0.5631192515625 0.731694740625 0.5629172015624999 0.7360328218750001 0.56482660625 0.743508971875 0.5757630625 0.7489133484375 0.6050258359375 0.75119319375 0.6113856234374999 0.751267196875 0.6540378234374999 0.7498241578125 0.664261184375 0.7362226062499999 0.6472788671874999 0.7233599093749999 0.6250129109375 0.7209899734375 0.5672101406250001 0.726649921875 0.5631192515625 0.731694740625
1 0.2664860046875 0.7566154125 0.2640971578125 0.8079049265625 0.2716576703125 0.841089021875 0.27577915000000003 0.8427262171875001 0.2818410921875 0.8427967546874999 0.29312672812499996 0.8333472890625 0.2909905796875 0.78856975625 0.2951091421875 0.7454633140625 0.27520253125 0.7196587234375 0.2681293953125 0.7355595187499999 0.2664860046875 0.7566154125
1 0.5782032234375001 0.8111446046875 0.57359471875 0.8760047703125 0.5725323765625 0.8988136796875 0.5766804421875 0.9118204046875 0.5847297484375 0.9182351359375 0.585063171875 0.918239015625 0.5955189812499999 0.91523623125 0.6015372625000001 0.8993231625 0.60404049375 0.8002570812500001 0.59508724375 0.766711015625 0.5950082421875 0.766710096875 0.5782032234375001 0.8111446046875
1 0.30064326874999997 0.9649990875000001 0.313718490625 0.9697987734375 0.3141437421875 0.9698037218750001 0.3192986828125 0.8982019984375 0.3199530109375 0.8841532921875 0.3183608421875 0.8565201796874999 0.3084075359375 0.843617884375 0.2918594609375 0.8495851140624999 0.2892387625 0.90585255 0.2958898203125 0.9537556046875 0.30064326874999997 0.9649990875000001
1 0.30645181875 1 0.30890083281249997 0.9474187093750001 0.307873034375 0.9468255453125 0.299629109375 0.95129310625 0.299326246875 0.9577956890625 0.3001011859375 1 0.30645181875 1
1 0.6689423015625 1 0.6713141874999999 0.9980894062500001 0.673304675 0.9896691765625001 0.6501291015625 0.9725127203125 0.6294114609375 0.971216225 0.5408642078125 0.9849618203125001 0.536847965625 0.9936586171874999 0.5366824390625 0.9972125359374999 0.5412455875 1 0.6689423015625 1
1 0 0.81280041875 0.004059775 0.8348587249999999 0.0041523671875000005 0.8348755140625 0.014597196875 0.8349970499999999 0.023642334374999997 0.8223001109375 0.0264676 0.744015803125 0 0.743707825 0 0.81280041875
1 0 0.9188543984375 0.01816545625 0.9174870374999999 0.03278810625 0.9123800671875 0.0444615203125 0.901961659375 0.0401113625 0.892412225 0.02752833125 0.8880441109375001 0 0.886764984375 0 0.9188543984375
1 0 0.6972526765625 0.025808442187500003 0.6975529859375 0.029312846875 0.6397582796875 0.0269667125 0.622149571875 0.021009609375 0.6140887046875 0.012570790625 0.613990509375 0.0027795125 0.6202698171875001 0 0.6276191843750001 0 0.6972526765625
1 0.007304512500000001 0.51448285625 0.0070390265625 0.5201829421874999 0.0105613578125 0.5405322484374999 0.00779525625 0.5772611890625 0.0055518734375 0.5831929625 0.035930326562499997 0.583546446875 0.0399616390625 0.5664473109375 0.0416728890625 0.529706096875 0.030005020312500002 0.4865499984375 0.02981499375 0.4865477859375 0.013476262499999999 0.500608421875 0.007304512500000001 0.51448285625
1 0.050928579687499996 0.43862673281250003 0.0498205140625 0.37308313593750003 0.021722271874999997 0.3727561828125 0.0201723484375 0.40603367031250004 0.019370634375 0.45903755312500005 0.0218655734375 0.47345137187499997 0.0352066421875 0.48159815781250004 0.044017471875000005 0.47370913281249993 0.04770284375 0.4625638453125 0.050928579687499996 0.43862673281250003
1 0.01262775625 0.3330592984375 0.012499923437500001 0.33580391718749997 0.0202640421875 0.3687515765625 0.026284326562499998 0.3786357734375 0.03444578125 0.378730740625 0.0356404140625 0.37852035625 0.048285418749999996 0.35629115625 0.0534828125 0.290021775 0.056336353125 0.282862584375 0.0199625671875 0.2824393375 0.01262775625 0.3330592984375
1 0.00575216875 0.212155459375 0.005622690625 0.214935403125 0.014788556250000001 0.22998406093749998 0.057308565624999995 0.23047882656250002 0.0684178484375 0.1757598359375 0.06845993593750001 0.1748562 0.0674187609375 0.153031275 0.0634969609375 0.146592403125 0.03320385 0.139846671875 0.0265771296875 0.1461628015625 0.025176709375000002 0.1988907328125 0.00575216875 0.212155459375
1 0.0012366171875 0.0656749546875 0.033066493749999995 0.0660453296875 0.0334995828125 0.062357039062499994 0.026697612500000002 0.027115073437499998 0.0082443078125 0.03808851875 0.0005929859375 0.05439970937500001 0.00039804062499999995 0.05858528281249999 0.0012366171875 0.0656749546875