1 0.9712390484375 0.10032372812499998 0.975598190625 0.1423929015625 0.9884894203125001 0.1454337734375 0.9913179984375 0.14553254843750002 0.9989976859375 0.1311540578125 0.9985854140624999 0.0602904515625 0.991444790625 0.037377667187500005 0.9885069421875 0.0345194234375 0.9739868093749999 0.03401236875 0.9719245671875001 0.04135344375 0.9712390484375 0.10032372812499998
1 0.8582114000000001 0.10339198281249999 0.860802915625 0.10339663125000001 0.9284627203125 0.09046005625 0.9284605687499999 0.09009011875 0.8994611859375 0.07697447187499999 0.8683933140625 0.0738323640625 0.8311561609375 0.0776750015625 0.81101101875 0.08405068906249999 0.8111139749999999 0.1017473046875 0.8582114000000001 0.10339198281249999
1 0.8018740843750001 0.0815480078125 0.8018624890625 0.07955490625 0.7960001859375 0.0725999703125 0.782007075 0.0690255265625 0.6965973625 0.0650143578125 0.6967333 0.0883799484375 0.7992924734375 0.09196139375 0.8018740843750001 0.0815480078125
1 0.5738572625 0.0921758921875 0.5876046765625 0.1067372265625 0.602206740625 0.1116361109375 0.6382103953125 0.11289338593750001 0.69317678125 0.10733809218749998 0.698899103125 0.1037326921875 0.6988412765625001 0.09379314062500001 0.6915102640625 0.0877365421875 0.6852871125 0.0854620296875 0.6123656000000001 0.09320152968749999 0.5875148953125 0.0913051265625 0.57380845 0.08378585625 0.5738572625 0.0921758921875
1 0.537030559375 0.199966696875 0.5385094703125 0.2000183421875 0.5435583078125 0.1976476140625 0.5598385343750001 0.167166540625 0.5600707796875 0.1391280640625 0.559798265625 0.0922871078125 0.54683338125 0.0533813828125 0.5344967421875 0.045222140625000004 0.5344202250000001 0.045219468750000005 0.5273041234375 0.055804365625 0.52747576875 0.0853074703125 0.51227855 0.1251412421875 0.51744065 0.1284264640625 0.5311764921875 0.19100531406250001 0.537030559375 0.199966696875
1 0.40915462343750003 0.189252440625 0.4100748328125 0.189284575 0.4134549890625 0.1868410203125 0.4195952015625 0.159900909375 0.4195059 0.14455126093749998 0.41495249999999995 0.090639584375 0.40460299062500005 0.06411888906249999 0.3971905421875 0.063860040625 0.390188871875 0.0773549828125 0.3882035296875 0.0897054890625 0.3914254578125 0.1131051921875 0.3987264765625 0.130437425 0.3989071546875 0.16149332656249998 0.40915462343750003 0.189252440625
1 0.2653072609375 0.1857913625 0.2888577140625 0.1732430328125 0.30984459375 0.0915198421875 0.30971090625 0.068540896875 0.308738234375 0.05439635 0.30352193125000004 0.0417943546875 0.29529878125 0.0368691640625 0.2952494859375 0.0368674421875 0.280969490625 0.0549791234375 0.27614164375 0.10914731562499999 0.2691206765625 0.1399517296875 0.25684726874999997 0.15194296875 0.2641173140625 0.18574980937500002 0.2653072609375 0.1857913625
1 0.17180384843750002 0.15659197656249998 0.19041943125 0.1541562546875 0.20750017656250003 0.15475272812500002 0.233945575 0.1639050015625 0.243250375 0.1621727375 0.24773441875 0.156342559375 0.24771896875000002 0.153687 0.21986866875 0.1459272671875 0.2198147984375 0.1366680078125 0.22747411718750002 0.1297938109375 0.1326842109375 0.126483675 0.095645065625 0.1415892828125 0.123715084375 0.16314146093749998 0.12993823437500002 0.16541597187499998 0.14075393125 0.1565362859375 0.154776971875 0.16525476249999999 0.17180384843750002 0.15659197656249998
1 0.008742534375 0.1533991859375 0.024074721875 0.1539345984375 0.0601953390625 0.1456104171875 0.0850699875 0.151622046875 0.09899725937500001 0.1438796171875 0.122301153125 0.146750603125 0.1367387125 0.1424636984375 0.13673598125 0.141994384375 0.128476421875 0.14079466093749998 0.111323853125 0.1278525109375 0.0693265609375 0.11404276093750002 0.0025803171875 0.115826321875 0.0006789828125000001 0.11670727031250001 0.0008795906250000001 0.1511888265625 0.0027957921875 0.152863359375 0.008742534375 0.1533991859375
1 0.053700560937499996 0.3751701125 0.10658124531249999 0.3786457125 0.121496096875 0.3791665515625 0.13651974375 0.373342578125 0.1364270328125 0.3574068734375 0.12806114531249999 0.3479375125 0.11870846093750001 0.34143932499999996 0.1001108328125 0.346961465625 0.014677181249999999 0.33883506875 0.0019785000000000002 0.3400752828125 0.00207751875 0.357095271875 0.028825912500000002 0.36915848281249997 0.053700560937499996 0.3751701125
1 0.147377059375 0.3475263015625 0.11787395625 0.34649603125 0.114804278125 0.352560421875 0.1443792078125 0.365936371875 0.15710668125 0.3679126390625 0.18714016718749998 0.36896143124999997 0.21733064687499998 0.363340903125 0.23281669843750002 0.3566815046875 0.2482548703125 0.3417916546875 0.24877899375 0.33588981875 0.2487153765625 0.3249550234375 0.24192996562500002 0.3220274296875 0.21397366718750002 0.3200225765625 0.2108980078125 0.32505815937500004 0.1876419953125 0.3304176296875 0.1690862640625 0.3431414140625 0.147377059375 0.3475263015625
1 0.2108492546875 0.7104519015624999 0.210930446875 0.724407646875 0.21692003437500001 0.7246168078124999 0.234566009375 0.7205949875 0.23526438125000002 0.6980889734375 0.2350336 0.6584209359375001 0.22570318281250001 0.611611921875 0.21842926718750003 0.5989380734374999 0.2101897796875 0.597097865625 0.19694176875 0.6183699484375 0.1929710859375 0.6430709625000001 0.2108492546875 0.7104519015624999
1 0.06353285 0.6833302109375 0.060712960937500005 0.6722774328125001 0.070011775 0.6695163625 0.11347207968749999 0.6679482390625 0.1259483078125 0.677641296875 0.135265078125 0.6779666453125001 0.1507436390625 0.6700915968750001 0.150730259375 0.66779175 0.1335566625 0.6511634484375 0.1148991796875 0.646397525 0.0434406828125 0.6387591515625 0.0037245296875 0.6401921796875001 0.0038850484375 0.6677830546875 0.048426270312500005 0.6828026781250001 0.06353285 0.6833302109375
1 0.33880863125 0.6726346796875 0.3777346828125 0.66733311875 0.382381096875 0.6654381796875 0.384926428125 0.6452378750000001 0.3849054625 0.6416342562499999 0.3775611046875 0.6374977265624999 0.28598809687500004 0.6415001109375 0.26307925625 0.645765025 0.263082684375 0.6463542906249999 0.2795742109375 0.67056616875 0.33880863125 0.6726346796875
1 0.33607858125 0.2845489078125 0.270843234375 0.2791850453125 0.2413880109375 0.286385228125 0.24143589375 0.29461568125 0.2570237 0.3054459953125 0.3113775109375 0.30837266875 0.3331705109375 0.31839107499999997 0.33479513125000004 0.33079097968750004 0.3436366703125 0.33693402968749997 0.34407795937499996 0.33694943906249997 0.3409524421875 0.3217486203125 0.3455629421875 0.313680840625 0.375036121875 0.30956707968749997 0.37655300468749997 0.303448465625 0.3749762671875 0.2992790140625 0.33607858125 0.2845489078125
1 0.3852826640625 0.34463706875 0.3888590421875 0.344761959375 0.42947001093750004 0.337201459375 0.49247098593749994 0.33443101875000003 0.4924647125 0.3333526515625 0.4573006109375 0.317601375 0.3858660546875 0.3140782265625 0.361075203125 0.3224698890625 0.35958226249999997 0.3327037296875 0.370505696875 0.3423425625 0.3852826640625 0.34463706875
1 0.42889866093749995 0.7257705343749999 0.4358116265625 0.7168135 0.44449667656249997 0.6808717296875 0.44403668593749995 0.6018060703125 0.4361177203125 0.5926258234375 0.4279143703125 0.59699679375 0.41885385625 0.63083494375 0.41624623437499997 0.7130253015625 0.4262829640625 0.7256791921875 0.42889866093749995 0.7257705343749999
1 0.4771954 0.3460142234375 0.460120640625 0.3464465578125 0.4571108171875 0.3627990125 0.48536877812499996 0.37312707500000003 0.5609545703125 0.3757665890625 0.5674131328125 0.37590823281249997 0.5860107609375 0.370386090625 0.6050533140625001 0.3525106171875 0.6050460265625001 0.3512579375 0.5889786859374999 0.3468319890625 0.5532883421875 0.3497000453125 0.5082393296875 0.3450411078125 0.5020580765625 0.34996823906249996 0.4880889078125 0.350509021875 0.4771954 0.3460142234375
1 0.4793941140625 0.6397236671875 0.47634837656249995 0.6499032828125 0.491930196875 0.659704790625 0.5190018921874999 0.6633053421875 0.5551653062499999 0.6645681953125 0.5788927046875 0.6637701859375 0.5880741234375 0.656232240625 0.5879969218750001 0.64296224375 0.58181873125 0.6330144375 0.57247801875 0.6285738624999999 0.54918609375 0.627760490625 0.541452046875 0.6326334 0.507332453125 0.6386421015625 0.4793941140625 0.6397236671875
1 0.7066812046875001 0.36729705625000003 0.7031574843749999 0.354229765625 0.688011403125 0.3427111296875 0.6838875796874999 0.342567121875 0.5944438765625 0.347347609375 0.5898513296875 0.3585018078125 0.6085387390625 0.368411765625 0.680027165625 0.381194171875 0.7067102265625 0.37228527499999997 0.7066812046875001 0.36729705625000003
1 0.6566660890625 0.67592359375 0.7063836140624999 0.67765976875 0.7385511375 0.672810309375 0.7443405000000001 0.6645033859375 0.7443204640625 0.661059596875 0.7026872187500001 0.6458429734375 0.659202971875 0.6432958734375 0.6344240906249999 0.6537451484375 0.60185130625 0.6587792671875 0.6485189546875 0.67480930625 0.6566660890625 0.67592359375
1 0.7454881875 0.41590430156249997 0.7505689828125 0.4052143703125 0.7520617328125 0.3805723640625 0.7519711265625 0.3649983296875 0.7501263218750001 0.3291274140625 0.7368025453125 0.3194200328125 0.736645446875 0.319414546875 0.7244513265625 0.3359932203125 0.7225201875 0.357660496875 0.729018246875 0.4137766796875 0.734062159375 0.41774183750000005 0.7380905765625 0.4178825125 0.7454881875 0.41590430156249997
1 0.76096546875 0.7045607296874999 0.78245414375 0.703276515625 0.8239312421875 0.7067595437499999 0.8244187203125 0.706776565625 0.8475830640625001 0.6883120546875 0.8475720750000001 0.6864232765625 0.8335527296875 0.6803745765625 0.7683233656249999 0.676039521875 0.731116140625 0.68502619375 0.7280584343750001 0.6931481953125 0.7371562421875 0.70372929375 0.76096546875 0.7045607296874999
1 0.9101479453125 0.401901940625 0.914618990625 0.3960886609375 0.9145729749999999 0.3881792609375 0.9131457984375 0.383491871875 0.8986267187499999 0.37818526406249997 0.8815194875 0.37758786718750004 0.8013266 0.376501265625 0.76877775625 0.3856506109375 0.8123398140625 0.4015721984375 0.8824219546875 0.4057386671875 0.8971193359375 0.40625191093749996 0.9101479453125 0.401901940625
1 0.9097739656250001 0.72410796875 0.917926596875 0.727225940625 0.92321143125 0.7274104921875 0.9240960093749999 0.6824680390625 0.9238504656250001 0.6402626812500001 0.9215053390625 0.6189490296875 0.9111450031249999 0.6061674015625 0.8947202328125 0.611803753125 0.8950183515625 0.6630459906249999 0.9045666953125 0.713058771875 0.9097739656250001 0.72410796875
1 1 0.6639703625 0.9482496062499999 0.6621631984375 0.9521151015625 0.6690568921875 0.9755097453125 0.6698738515625 1 0.669132784375 1 0.6639703625
1 1 0.35838437968750003 0.922138834375 0.36880687968750003 0.9176480890625 0.3797138296875 0.9176499 0.38002504843749996 0.9317229546875 0.38871410625 1 0.39109839218750003 1 0.35838437968750003
1 0.7418122828125 0.9548237531250001 0.7419452828125 0.9776844406249999 0.7594020953125 0.9810124484375 0.7790199296875 0.9816975187500001 0.8273461937500001 0.9801826609375001 0.8583601968749999 0.974065509375 0.8598591234375 0.964860475 0.8458300984375 0.9551131921874999 0.7480099953125 0.9527258375000001 0.7418122828125 0.9548237531250001
1 0.9299796671875 1 0.9249095140625 0.9455058421875 0.9196841765625001 0.9313510515625 0.9093328734374999 0.9201222203125001 0.9001007156249999 0.924457265625 0.8960577609374999 0.9367359171875 0.8952005984375001 0.9662030968750001 0.9014637765625 0.9819466078125 0.90295564375 1 0.9299796671875 1
1 0.626644334375 0.98357071875 0.670399875 0.9857153343749999 0.7019095953125001 0.986815678125 0.7166944734375 0.9846581437499999 0.7242987640624999 0.97885095 0.7242492281249999 0.9703362640625001 0.7181096046875 0.9610498171874999 0.7087748781250001 0.9576380484374999 0.6264528 0.9506489078125 0.61401846875 0.9481574953124999 0.614212396875 0.9814908296875 0.626644334375 0.98357071875
1 0.5188728109375 0.97261298125 0.5260339484375 0.972863053125 0.544698271875 0.9693883359375001 0.5804185453125 0.9716643140624999 0.5897898734375 0.9750894593749999 0.5943934625 0.9752502203125 0.612973371875 0.963543775 0.6132898578125 0.9627031125000001 0.613238584375 0.9538898265625001 0.6020140234375 0.947732103125 0.569369415625 0.94042054375 0.53365513125 0.939173371875 0.49180747656249996 0.9510837859375 0.5058724140625 0.967003909375 0.5188728109375 0.97261298125
1 0.381477471875 0.957964828125 0.3932783078125 0.9619783937499999 0.416750871875 0.9627980734375001 0.49328562031249995 0.963056096875 0.50724281875 0.9604576984375001 0.513237653125 0.9502377171875 0.51320999375 0.9454835750000001 0.507117125 0.9388527625 0.4962296046875 0.9353867671874999 0.47292570781250004 0.9325157828125 0.39221029375 0.9348401281250001 0.38136516875000004 0.938661515625 0.381477471875 0.957964828125
1 0.3754543578125 0.9643043 0.410293615625 0.9777414484375001 0.410046321875 0.9352353359375 0.3309782375 0.9246930484375 0.2984234109375 0.9328135874999999 0.2875957421875 0.9396356609375 0.28919642031250004 0.9479203406250001 0.311001390625 0.9599963593749999 0.3754543578125 0.9643043
1 0.21140501562499997 0.9597358375 0.224209675 0.9779449421875 0.22817276875 0.9780833375 0.247149228125 0.9661270406250001 0.25955363125 0.9634744203125001 0.269634128125 0.966902884375 0.26943908437499997 0.9333777046874999 0.1878736734375 0.917770203125 0.1661465125 0.9190686687499999 0.159959275 0.9229669953125 0.153921671875 0.9525854875 0.1601687640625 0.958975228125 0.21140501562499997 0.9597358375
1 0.0894066796875 0.9822374265624999 0.105266984375 0.9862888328125001 0.1088428359375 0.9864137046874999 0.10866205468750001 0.9553401671874999 0.07681074375 0.9519682375 0.042697135937500005 0.9590057468750001 0.053668453125 0.9768750296875 0.070791096875 0.9846731515625 0.0894066796875 0.9822374265624999