1 0.0169117046875 0.0757719359375 0.0680923078125 0.07756270937500001 0.0788055203125 0.075061359375 0.08011071875 0.066962275 0.07215665624999999 0.0583779375 0.0488002484375 0.050007329687500005 0.011614453125 0.042953826562500005 0.0012816484375 0.0440473921875 0.0021652171875 0.0744136671875 0.0081555484375 0.07531304531250001 0.0169117046875 0.0757719359375
1 0.13403912812500002 0.08347044218750001 0.156130534375 0.084628203125 0.17203738125 0.0844074703125 0.20100135 0.0736741796875 0.1326538421875 0.054778203125 0.077903496875 0.050099553124999995 0.078411253125 0.06754998906250001 0.10404689062500001 0.0777814328125 0.13403912812500002 0.08347044218750001
1 0.20986073749999998 0.0780833796875 0.2946633171875 0.0815072921875 0.30846295156250003 0.0791676921875 0.3144275296875 0.07233373125 0.311006359375 0.0599824375 0.2043979953125 0.05439532968750001 0.204978509375 0.0743463296875 0.2098157859375 0.078081025 0.20986073749999998 0.0780833796875
1 0.377422978125 0.16331069375 0.3861496875 0.16376804218750002 0.37916571875 0.15059365625 0.3774247796875 0.1258487109375 0.385539296875 0.0538537140625 0.38331469375 0.0475737015625 0.3769552109375 0.03953613125 0.36775275625 0.039053851562500005 0.3638423875 0.04501234375 0.35846961093749996 0.0949533765625 0.3596953234375 0.13707835 0.3638282953125 0.14978985625000002 0.377422978125 0.16331069375
1 0.46799929375 0.15311961875 0.47054523593750003 0.157270203125 0.4740521359375 0.1574539921875 0.5109116546875 0.14515920468750002 0.5402326421875 0.146695853125 0.55082685 0.140104521875 0.5427537828125 0.1274302015625 0.5022435546875 0.11203498593750001 0.4297424421875 0.1092563 0.39935427031250004 0.1239986953125 0.396904009375 0.129031840625 0.39694146875 0.130319209375 0.405884128125 0.1365921390625 0.46799929375 0.15311961875
1 0.6098010828125 0.1529926078125 0.6164646140625 0.13639240625 0.61885855625 0.11340501875 0.61645434375 0.100952165625 0.6088927546875 0.086688171875 0.6017352890625001 0.0863130640625 0.5922736890625 0.11201176406249999 0.589047134375 0.1765586453125 0.5971026562499999 0.20779795 0.6010473234375 0.2109130484375 0.6013412921875 0.21092845468750002 0.6106991390625 0.18385680625 0.6098010828125 0.1529926078125
1 0.6854580015625 0.1685333046875 0.695910846875 0.1583993375 0.7265667828125 0.1528594 0.7804303703125 0.15057759375 0.7985323671875 0.13723317968749998 0.793664725 0.128810590625 0.7811702890625 0.12305110625 0.748703378125 0.1193077171875 0.662938159375 0.1372735359375 0.6505350953125 0.1596906125 0.650581915625 0.1612996953125 0.67642055625 0.16805967187499998 0.6854580015625 0.1685333046875
1 0.760608171875 0.1894140359375 0.7606372703125001 0.1904140859375 0.7946750312499999 0.207019590625 0.8901634140624999 0.212023925 0.8835019093750001 0.2056671234375 0.8832341453125 0.19646466875 0.9123468734375001 0.19084385312500002 0.9059360203125 0.1823403890625 0.8966172578125 0.1798101421875 0.8706207031250001 0.18661520625 0.8536453937499999 0.18572556875 0.8350376203125001 0.1816875703125 0.8177945484375 0.17159547656250002 0.8041436718750001 0.17904755 0.7933311187500001 0.16950634375 0.7924330953125 0.16945927968750002 0.786960103125 0.1710004484375 0.760608171875 0.1894140359375
1 1 0.1811716296875 0.9836681734375 0.1817600390625 0.9695412718749999 0.1728521953125 0.9449986718750001 0.1766706484375 0.9063980921875 0.16451111093749998 0.9048027296875001 0.1644275015625 0.8876321421875 0.1644757765625 0.8710733546875 0.17790106562500002 0.8710494531249999 0.17817411249999998 0.8714500828125 0.1919428515625 0.8887031984375 0.2012855921875 0.93527943125 0.20658776875 0.9593024281250001 0.20784675937500002 0.9964898765625 0.1987669671875 1 0.19636321406249999 1 0.1811716296875
1 0.9419447046875 0.4416865859375 0.9604448 0.48404739531249996 0.960955103125 0.48407414062500004 0.9696072390625 0.48011687812500004 0.9720011828124999 0.45712948906250006 0.9644190515625001 0.3719850125 0.9700151874999999 0.3537880140625 0.9636108015625 0.344207234375 0.9531164359375 0.3344121078125 0.9388015062499999 0.33366189375 0.9336699921875 0.3464455265625 0.9353372625 0.40374585312500005 0.9361137859375 0.41672729531249997 0.9419447046875 0.4416865859375
1 0.8241263156249999 0.45038125312500005 0.8259829515625 0.45047855468750003 0.8305168249999999 0.44840487968750004 0.8296636703125 0.4190838921875 0.8341475062500001 0.3977468875 0.84690110625 0.3799249953125 0.8523625328125 0.3570983671875 0.857385203125 0.3542798828125 0.8555544562499999 0.3264485171875 0.8522624578125001 0.3185717078125 0.8359474421875 0.3192575296875 0.8210590468750001 0.33388582968749997 0.8143506109375 0.3489428203125 0.8082831453124999 0.3802172171875 0.8090199015625 0.40553790625 0.81134856875 0.4212057515625 0.8241263156249999 0.45038125312500005
1 0.8148623234375 0.7619192124999999 0.8177285078125 0.7620694234375 0.8173013703124999 0.747389640625 0.8327529625000001 0.6819425890625 0.8279445375 0.6570368828125 0.8140234640624999 0.6347353171875 0.8058884078125 0.6358498359375 0.7990901671875 0.6478204062499999 0.79096001875 0.6963617890625 0.79158761875 0.7179310046875 0.7940534046875001 0.75541640625 0.8148623234375 0.7619192124999999
1 1 0.70668053125 0.9957069234375 0.70972155 0.9524077921874999 0.70438953125 0.943059278125 0.7008367890625 0.9457886796875 0.6887286046875001 0.9349862109375 0.6881624703125 0.881449890625 0.701691721875 0.874291759375 0.718546971875 0.8742968515625 0.718721971875 0.8837368890624999 0.7273349687499999 0.9164091796875 0.7313583593749999 0.9374675531250001 0.73246198125 0.9978749171875 0.73127481875 1 0.73091453125 1 0.70668053125
1 0.6488788546875 0.6895187859374999 0.6932472640625 0.6993814140625 0.7274163859375 0.7011721421875 0.7463093375 0.7017714515625 0.7625706078125 0.6781212125 0.7392737015625 0.67179559375 0.648016059375 0.6598664359375 0.6417750640625 0.662894165625 0.6421016640625 0.6741186671875 0.644189721875 0.68723116875 0.6488788546875 0.6895187859374999
1 0.6688226171875 0.34059764531250003 0.673690259375 0.349020234375 0.6712919953125 0.3628055609375 0.67312998125 0.3629018859375 0.6801308640625 0.3585461921875 0.6813170546875 0.346357128125 0.702654228125 0.3382869421875 0.756636821875 0.34009511406250004 0.7717714046874999 0.330678928125 0.7715333921875 0.32249896875 0.7419743921874999 0.3127823609375 0.6772488328125 0.3124530453125 0.6390553578125 0.323723575 0.6382154703125 0.3260878375 0.6383375328125 0.3302828921875 0.6393528734375 0.33394852343750003 0.6688226171875 0.34059764531250003
1 0.5921773 0.41638367656249997 0.5953385546875001 0.3531431015625 0.6033286343750001 0.311958715625 0.6007897125 0.294876234375 0.5912729390625 0.283591484375 0.5810928921875 0.284598828125 0.573660546875 0.30580698906250003 0.575823440625 0.380140834375 0.59153063125 0.4163497859375 0.5921773 0.41638367656249997
1 0.5591701875 0.6892344968749999 0.6254276328125 0.6902230406250001 0.6591104859375 0.6827998625 0.663502103125 0.6748625328125 0.65400483125 0.6661973156250001 0.5814442140625 0.6613736390625 0.540075065625 0.6694149296874999 0.53137883125 0.6756823234375 0.531465934375 0.6786758749999999 0.5429938921875 0.6883867328125 0.5591701875 0.6892344968749999
1 0.4500129234375 0.3825697375 0.5287463781249999 0.3877169203125 0.559313059375 0.3791094953125 0.5557506156249999 0.362587825 0.5387455546875 0.360675690625 0.5280620921875 0.3641995375 0.5141434515625 0.36244915624999996 0.50782185625 0.357013178125 0.4631580234375 0.35773525156249997 0.42754519062499996 0.35178512031250003 0.41127593124999995 0.35487400468749997 0.41129673437500003 0.3555889421875 0.4313158953125 0.3754642546875 0.4500129234375 0.3825697375
1 0.4384640453125 0.645855775 0.43853238125000005 0.648204325 0.4412576296875 0.65656924375 0.46909491093750005 0.6600700046875 0.5032537890625 0.6690067453124999 0.5106743812500001 0.6742120015624999 0.5349120609375 0.67548224375 0.543406996875 0.6721320203125 0.550766028125 0.6602664640625 0.5504982640625 0.651064009375 0.5394280296875 0.6412954234375 0.49522235156249994 0.635959378125 0.494143275 0.6359028265625 0.45303802812500005 0.63778885 0.4384640453125 0.645855775
1 0.343576525 0.3783931859375 0.40887040937499997 0.3723850859375 0.42712116250000004 0.3641531453125 0.42216426562500003 0.352663071875 0.3293336609375 0.3396305421875 0.31422883125 0.35006922500000004 0.3116058296875 0.3609710796875 0.31180795156249996 0.3679175296875 0.3360370953125 0.3779980609375 0.343576525 0.3783931859375
1 0.3392129046875 0.673026671875 0.349603246875 0.6735712078125 0.3829129328125 0.67452933125 0.4257062875 0.6624789359375 0.4176629703125 0.6508271125 0.3788744625 0.6416477421875 0.34801026562500004 0.64003021875 0.328008040625 0.64102381875 0.2826536796875 0.6527763125 0.28266136875000003 0.6530406140625 0.3147141828125 0.6607458296875001 0.3392129046875 0.673026671875
1 0.2735749234375 0.4068225265625 0.2810208890625 0.40943736406250003 0.285002225 0.4096460171875 0.2898899390625 0.40613670312499994 0.29440840625 0.3509026671875 0.29173477812500004 0.32919055468749997 0.2789709078125 0.3115722078125 0.265947890625 0.3201348390625 0.2656664359375 0.3370514265625 0.2670329921875 0.3840168984375 0.268148128125 0.3957521234375 0.2735749234375 0.4068225265625
1 0.23565256875 0.737804584375 0.23632645624999998 0.7378399015625 0.255618575 0.714746184375 0.252361209375 0.6729723437499999 0.2551939109375 0.6299768140625 0.24260965156249997 0.6185313046875 0.2345194984375 0.6211890296875 0.22650133437500003 0.6531845875 0.22779832500000002 0.6977592265625 0.2293031265625 0.7226121890625 0.23565256875 0.737804584375
1 0.11998990312499999 0.383836796875 0.193009459375 0.387663590625 0.2078763359375 0.3880781953125 0.250669690625 0.3760278 0.21796476718750002 0.3641044515625 0.1222262515625 0.3570451359375 0.1069429109375 0.36134885 0.105801203125 0.3654684703125 0.1060472109375 0.373923225 0.110564859375 0.379915509375 0.11998990312499999 0.383836796875
1 0.08303599375000001 0.6549206578125 0.1799744640625 0.6600009874999999 0.18226914375 0.660062815625 0.17725274375 0.646527753125 0.16630151875000002 0.6408491453125 0.11665103750000001 0.629058653125 0.0657251125 0.6263897375 0.0607562359375 0.6403770203125 0.060836070312500004 0.6431207578125 0.07267149218749999 0.653298109375 0.08303599375000001 0.6549206578125
1 0.03387624375 0.5902449515625 0.0255615765625 0.585186628125 0.0186882 0.5886540375 0.0217303546875 0.6932060921875001 0.030480346874999998 0.6840592328125 0.03387624375 0.5902449515625
1 0.09860151406249999 0.35326425 0.0936446171875 0.34177417656250003 0.0105649703125 0.3234979734375 0.0094110703125 0.3234375 0.0104723296875 0.359910653125 0.07281322031250001 0.3672267765625 0.09860151406249999 0.35326425
1 0.21258220312499998 0.9623560046874999 0.2431238328125 0.9659732671875 0.2876487203125 0.9683067171875 0.29747274687499997 0.9672853703125 0.29681165 0.9445649312500001 0.2905718703125 0.9419408140625001 0.19331989375 0.9358231187499999 0.180355859375 0.9438888703125 0.1804850296875 0.948328165625 0.1815097453125 0.9535810171874999 0.21258220312499998 0.9623560046874999
1 0.1369723859375 1 0.139072809375 0.9563695015624999 0.144422628125 0.9421521796875 0.1440934796875 0.9308401015625 0.1428831015625 0.9118843468750001 0.1384339 0.8993243218750001 0.12909673906250002 0.8942124124999999 0.11918610781250001 0.9044790140625001 0.114477759375 0.9180999703125 0.1100403359375 0.9937178171875001 0.11022312812499999 1 0.1369723859375 1
1 0.409335953125 0.9775851734375 0.4185059578125 0.975002946875 0.4243823921875 0.9661670640625 0.4241423875 0.9579186625 0.41627846249999995 0.9514046875 0.3992139 0.947447565625 0.3267127875 0.9446688796875 0.3145770421875 0.9456448046875 0.3155058890625 0.9775672359375 0.3227564046875 0.9779472203124999 0.32766483750000003 0.977388715625 0.409335953125 0.9775851734375
1 0.5098212171875 0.979950284375 0.534312446875 0.9765788687500001 0.5464730078125 0.9708636875 0.5463308609374999 0.9659784359374999 0.54466864375 0.9618075781250001 0.5242201453125 0.947463753125 0.5119934734375 0.950906725 0.4765293984375 0.9500690671875001 0.45323249062500004 0.9437434484375 0.43797890156249997 0.9490696562500001 0.4258292328125 0.9622740125 0.42588455625000005 0.9641753718749999 0.4619298515625 0.9774404046875 0.5098212171875 0.979950284375
1 0.6043712265625001 0.9802250890625 0.6220754859375 0.9811529296874999 0.6377652109375 0.9805876546875 0.6484784265625 0.9780863015625 0.6559564625000001 0.970310725 0.64785364375 0.9566139093749999 0.6338755 0.9528185390624999 0.5365640218750001 0.9446558546875 0.5236996890625 0.9479449015625001 0.524276225 0.9677591390625 0.5342808953125 0.9721014625000001 0.6043712265625001 0.9802250890625
1 0.726478403125 0.98650948125 0.7477560750000001 0.976394303125 0.7490612703124999 0.9682952203124999 0.7380505421875 0.960571625 0.7053753687500001 0.9496707687500001 0.6283813046875 0.953229109375 0.6295683890625 0.9940265546875 0.63273678125 0.994192603125 0.6624946953124999 0.9851981078125001 0.726478403125 0.98650948125
1 0.8219178125 1 0.8255944515625 0.9948398828125 0.8765501312499999 0.9985312937499999 0.8825444593749999 0.992719828125 0.8755088265625 0.962743971875 0.8692169796875 0.9583304874999999 0.8475525390625 0.95515323125 0.7675314640625001 0.963529696875 0.7684983546875 0.9967595734374999 0.7778144499999999 0.9943777125000001 0.7902493828125 0.99809220625 0.7929691265625001 1 0.8219178125 1