1 0.06630938125 0.06587888593749999 0.06776640625 0.0576393984375 0.061871596875000004 0.0515004359375 0.0006034093750000001 0.051856884375 0.0008180125 0.070299778125 0.055475729687499996 0.06902854375 0.06630938125 0.06587888593749999
1 0.118945684375 0 0.11780165000000001 0.001255775 0.108849553125 0.027707159375000002 0.1053403109375 0.055493439062500004 0.10568126250000001 0.08479465 0.10655814374999999 0.096048096875 0.11874624062500001 0.1243176171875 0.1194966171875 0.12431325156249999 0.1338842125 0.0570666140625 0.135110421875 0 0.118945684375 0
1 0.298039384375 0.06545810625000001 0.2978503734375 0.0492145296875 0.2900198921875 0.04354410625 0.2046281359375 0.045069776562500004 0.19068889375 0.0482375015625 0.18502660312500002 0.0549259109375 0.1850547703125 0.057346699999999994 0.187362446875 0.06610200625 0.298039384375 0.06545810625000001
1 0.35830233906250003 0.14480040156250001 0.366992896875 0.14474984062500001 0.3600991296875 0.131706765625 0.358781228125 0.106868028125 0.36822007968750003 0.0338268078125 0.3660901921875 0.0276275984375 0.3598270109375 0.0198995359375 0.3505677515625 0.019953404687500002 0.3465247984375 0.026188526562499998 0.340001471875 0.0787223921875 0.340462925 0.1183796828125 0.344667028125 0.131796546875 0.35830233906250003 0.14480040156250001
1 0.44945045625 0.128540071875 0.45239895468749997 0.133314721875 0.4535341375 0.13330811874999998 0.49280900625 0.1179990578125 0.5223121093749999 0.1178274140625 0.5330978765625 0.11056253125 0.5251902484375 0.0982620203125 0.48466195 0.085122415625 0.41169255624999995 0.0865758171875 0.38082819375 0.10321739999999999 0.37938588906250004 0.10616066875 0.379436128125 0.1104782140625 0.38718302968749996 0.11552694375000001 0.44945045625 0.128540071875
1 0.5247580171874999 0.11043964375 0.5248459359375001 0.11799537499999999 0.5509701546875 0.12797966249999998 0.6113901296875001 0.1323897390625 0.6178935703125 0.132351903125 0.6472195046875 0.12536194843749998 0.649897984375 0.12174127812499999 0.6498903968749999 0.1210891234375 0.6222071875 0.1111032 0.5911512875 0.111283878125 0.5739867421875 0.1041816046875 0.552625825 0.1014795046875 0.5490908171875 0.1015000703125 0.5382604859375 0.1033605765625 0.5247580171874999 0.11043964375
1 0.68184305 0.047003220312499996 0.68232570625 0.088482609375 0.703660465625 0.16682229531249998 0.72761693125 0.1801543296875 0.728614953125 0.1801485234375 0.7353185796874999 0.14645041406249998 0.7228283531249999 0.134099878125 0.715265340625 0.103085875 0.7094889109375 0.048767976562499996 0.6949601734375 0.0303341671875 0.6946643921875 0.0303358875 0.6866925515625 0.0349244984375 0.68184305 0.047003220312499996
1 0.874068796875 0.163676240625 0.8669942453124999 0.157224875 0.866886503125 0.147965615625 0.8963058109375 0.14059232500000002 0.8899988593750001 0.132398009375 0.8806581484375 0.1303945984375 0.8543564031249999 0.138778628125 0.8372756578124999 0.138878 0.818606203125 0.1358999859375 0.8014177171875 0.1267401 0.7875383312500001 0.135051859375 0.776561025 0.1258558359375 0.7703737859374999 0.1279495859375 0.7439566234375 0.14772011093749998 0.7439745078125 0.1492571109375 0.7785068374999999 0.164232203125 0.874068796875 0.163676240625
1 1 0.1268727859375 0.992279346875 0.12436968749999999 0.9690113640625 0.1265628078125 0.9549404390625 0.11841366093750001 0.930155575 0.1237022359375 0.891215984375 0.11364001718750001 0.872594415625 0.1147772296875 0.8556812687500001 0.1292798953125 0.8547867640625 0.137848378125 0.854845984375 0.1429377671875 0.8730253812500001 0.15181426874999998 0.9388613328125001 0.155486259375 0.9400481656249999 0.15547935468750002 0.9816252656250001 0.1429514421875 0.9985623546875001 0.130506390625 1 0.130339059375 1 0.1268727859375
1 0.91472599375 0.320282646875 0.9167278968750001 0.3674306078125 0.922161025 0.3922454015625 0.93994715625 0.4336237703125 0.9410207343750001 0.433617525 0.9493436359375 0.4293568625 0.9521590312500001 0.40604697968750003 0.9460212359375 0.32067317968750003 0.951977253125 0.3020037265625 0.9456960046875 0.29272286875 0.9354944640625 0.2836395203125 0.9208246156250001 0.2837248671875 0.9144810859374999 0.2992353109375 0.91472599375 0.320282646875
1 0.8026305796875001 0.40785835625000005 0.804381921875 0.4078481671875 0.8090803328125 0.4054429546875 0.8087370328124999 0.3759398484375 0.8136281078125001 0.354170790625 0.8267857734374999 0.335459440625 0.8326875859375 0.312131603125 0.8377954843750001 0.3089960859375 0.8364414453125001 0.28105175937500004 0.833264684375 0.273305740625 0.8168218453125 0.274954303125 0.80157043125 0.290572034375 0.79454946875 0.306141884375 0.788336384375 0.3358772484375 0.7887033999999999 0.3674183921875 0.79025465 0.37915317656249997 0.8026305796875001 0.40785835625000005
1 0.723332396875 0.6582086656249999 0.7233779 0.6621192578125 0.737879359375 0.662034890625 0.8011774718750001 0.678197609375 0.8106367796875 0.6781425765625 0.8296498921875 0.6748763765625 0.8512333953125 0.661375415625 0.8495848328125 0.653153996875 0.8370786734375001 0.6460246234375 0.7844855078124999 0.636104365625 0.7824660406249999 0.6361161140625 0.7282872515625 0.6384265421875 0.723332396875 0.6582086656249999
1 1 0.6430226453125 0.9575422859374999 0.6402579671875 0.88617356875 0.645817559375 0.8675879171875 0.6500411921875 0.8500038015625 0.6668315796875001 0.8500185374999999 0.668097959375 0.866346371875 0.6767991999999999 0.8756631421875 0.6767449953125 0.8879777609374999 0.6674134640625 0.9314919375 0.6702469328125 0.9408446187499999 0.67327915 0.938360134375 0.683649928125 0.955299525 0.6835513765625 1 0.669703603125 1 0.6430226453125
1 0.7152659703124999 0.6646339765625 0.73267515625 0.6645326921875 0.7381566953124999 0.6615771328125 0.7347757671874999 0.6379326484375001 0.7300934390625 0.6359021375 0.6818610234375 0.6279517359375 0.632183553125 0.6292696265625 0.6169992921875 0.65168486875 0.6170310296875 0.6544123015625 0.6387419000000001 0.65906888125 0.7152659703124999 0.6646339765625
1 0.6751637500000001 0.3668705984375 0.6780958046875 0.36795512812500003 0.681085775 0.36793773281250003 0.685451815625 0.36681074375 0.6902525484375001 0.3372777109375 0.6984287953125 0.3325714421875 0.7138970312499999 0.3355872515625 0.7076157796875 0.32630639375000003 0.6952520343749999 0.3248254234375 0.6857398171875 0.3031401625 0.684078615625 0.248798321875 0.6736098671875 0.233330225 0.6653794140625 0.23337810781249999 0.6592761125 0.2562454953125 0.6598114515625 0.3022524984375 0.661337553125 0.3281285328125 0.6751637500000001 0.3668705984375
1 0.6004973921875 0.33402925625 0.6218057531250001 0.33390528750000004 0.6250941203125 0.33348944375 0.6358559453125 0.32416694687500003 0.6341834375000001 0.31388791562499996 0.6092309765625 0.3047731984375 0.537814375 0.3062175640625 0.5022092203125 0.32124100312500004 0.5022177640625001 0.3219752984375 0.5660041109375 0.3266310859375 0.6004973921875 0.33402925625
1 0.5740357203124999 0.7154590140625 0.5764993453125 0.7154446812499999 0.586344878125 0.703051109375 0.5863271343750001 0.7015262718749999 0.582354703125 0.6207031187500001 0.5726979375 0.5865954984374999 0.5644132796875 0.5819849953125 0.5562912375 0.5913496484375 0.556127921875 0.6577224968750001 0.5562093031249999 0.6647164109375 0.5668875578125 0.7062026125 0.5740357203124999 0.7154590140625
1 0.40958346875 0.3598677375 0.420405146875 0.35568927499999997 0.434392275 0.356636778125 0.440393625 0.3615250109375 0.44388830625000003 0.3615046796875 0.485658453125 0.3583962703125 0.51055765 0.3611168078125 0.5265944546875 0.361023509375 0.538453484375 0.3580891171875 0.51803969375 0.338659234375 0.4993343265625 0.332594803125 0.42012980781250003 0.33202672187500004 0.389945959375 0.3422408765625 0.38999545156250004 0.3464942171875 0.39249075 0.3589383046875 0.40958346875 0.3598677375
1 0.4423173203125 0.6402616921875001 0.476562609375 0.64726459375 0.4837024921875 0.6519177218750001 0.50869120625 0.651772340625 0.5169472515625 0.64805851875 0.524567571875 0.63566766875 0.5244598296875 0.626408409375 0.5134825234375 0.6172123875 0.4684155546875 0.6143879515624999 0.4265379734375 0.6187470937499999 0.41201711718749995 0.6275513953125 0.41205831093749995 0.6310915796875001 0.41434306718749997 0.6383666906250001 0.4423173203125 0.6402616921875001
1 0.2883942796875 0.34376159687499996 0.28842724531249997 0.346594696875 0.292221784375 0.35553809375 0.3854852578125 0.3632265109375 0.40088152343749994 0.3518193 0.405336396875 0.3343024859375 0.37784668125 0.324386359375 0.37579216875 0.3243983125 0.305957515625 0.33488065625 0.2883942796875 0.34376159687499996
1 0.25593407031250004 0.6428083499999999 0.2559402875 0.6433426625 0.287546590625 0.6491291234375 0.3100128828125 0.659178640625 0.35631564375 0.658909259375 0.399299946875 0.64436345625 0.3914042890625 0.633091753125 0.3525048171875 0.626116709375 0.3214370875 0.62629745625 0.301282321875 0.6284716859375 0.25593407031250004 0.6428083499999999
1 0.2510693765625 0.3641890734375 0.2706604078125 0.3640750953125 0.293702190625 0.362413125 0.3045119 0.3572058546875 0.3071942546875 0.34794736875 0.3071772171875 0.3464832328125 0.3027675640625 0.340753984375 0.24679511718749997 0.33490636406249996 0.225079928125 0.3370904515625 0.20876326562499997 0.349079625 0.2087789796875 0.3504300609375 0.21761523437500002 0.3628557859375 0.2510693765625 0.3641890734375
1 0.2055388265625 0.7301037125 0.2072220515625 0.7300939203125 0.22638775312499998 0.7065093609375 0.22384229375000003 0.6645958671875001 0.2274516046875 0.6210936640625 0.214979446875 0.6102959234374999 0.20678513125000003 0.613449396875 0.1981563515625 0.6461337890625 0.1986822109375 0.6913259515625 0.19974719531250001 0.715981753125 0.2055388265625 0.7301037125
1 0.1384002046875 0.3144723640625 0.1414335125 0.3983113265625 0.1562062734375 0.441308653125 0.156463628125 0.44130715625 0.16625135 0.4090372390625 0.167188721875 0.312751978125 0.1618640046875 0.29725395312499997 0.15234637812500001 0.29444616562500003 0.1512211234375 0.2944527125 0.143381621875 0.3004672828125 0.1384002046875 0.3144723640625
1 0.0673419703125 0.657465246875 0.0909982875 0.65732761875 0.1527027203125 0.6553956609375 0.147888709375 0.6420482765625 0.1369592875 0.6369674812499999 0.08716210625000001 0.6279973062499999 0.035919870312500005 0.628295425 0.030909734374999998 0.6420258828125001 0.030951893749999997 0.645649071875 0.042442303125000004 0.6550082609375 0.0673419703125 0.657465246875
1 0.014903317187500001 0.40983702343750006 0.0283128453125 0.32434950156250003 0.027049151562500002 0.3041691515625 0.01031721875 0.2809729921875 0.0032853656250000003 0.2823435734375 0.004799871875 0.4125 0.008607528125 0.41247784843749996 0.014903317187500001 0.40983702343750006
1 0.1502120046875 0.95737706875 0.2458957953125 0.9578266171875001 0.259763209375 0.948486053125 0.258102671875 0.9392358281250001 0.2269629734375 0.932214859375 0.169797359375 0.928762584375 0.1626862890625 0.92880395625 0.14990362343750002 0.9308748265625001 0.1502120046875 0.95737706875
1 0.0954918296875 0.9651348140625 0.12358404062499999 0.964971378125 0.12725894375 0.9648217906250001 0.13963341875 0.9606342921875 0.1441840640625 0.95134793125 0.1331947859375 0.941123103125 0.119159775 0.936060375 0.040506871875 0.9296418359375 0.0408251875 0.9569978140625001 0.08216803125 0.9599397390625001 0.0954918296875 0.9651348140625
1 0.353123640625 0.99367486875 0.34805078906250003 0.9114006734375 0.344855959375 0.902101859375 0.33552442656250003 0.8959445484374999 0.3272939734375 0.89599243125 0.3212114765625 0.9037923187500001 0.3185343671875 0.919644240625 0.318734625 0.9368544 0.3202018296875 0.993866403125 0.320827153125 0.998201178125 0.35382355312499997 0.9980092109375001 0.353818696875 0.9975919 0.353123640625 0.99367486875
1 0.4123107453125 0.9570411921875 0.422097315625 0.9537294359375 0.4577996296875 0.9524928515625 0.477244515625 0.95666341875 0.48330632968750004 0.956628153125 0.49660753281250003 0.9512381953125001 0.5104031203125 0.935724790625 0.4683220296875 0.9225942203124999 0.43260774375000005 0.9228020015625 0.40007087343750003 0.9291645531249999 0.3967954171875 0.9308818078125001 0.397013621875 0.94963421875 0.4084138640625 0.9570638640625001 0.4123107453125 0.9570411921875
1 0.5779370265625 0.949827184375 0.581086084375 0.9498088640625 0.6030359859375001 0.947739978125 0.6138696390625 0.9445903203125001 0.62153784375 0.9363146984374999 0.6136182421874999 0.9229853828125 0.599607171875 0.9199802671875 0.5017451703125 0.9174629828124999 0.4966645328125 0.9190518187500001 0.49696065 0.944500078125 0.4989628078125 0.945258828125 0.5779370265625 0.949827184375
1 0.6706852546875 0.96934911875 0.667877803125 0.9049200953125001 0.656307971875 0.8832468046875 0.648059453125 0.8817418921875 0.640984284375 0.89265335625 0.6326603328125 0.923271265625 0.6327525656249999 0.9311978046875 0.6399308765625 0.9963446875 0.680386053125 0.9961093265625 0.6803847890625 0.99600070625 0.6706852546875 0.96934911875
1 0.7531851234375 0.9697859328125 0.76268428125 0.9706288375 0.7823388046875001 0.9705144906250001 0.8493465390624999 0.959611165625 0.848968515625 0.9271239 0.845873975 0.9280916343750001 0.8334157015624999 0.9250774875 0.8115089734375 0.9108006703125 0.797761271875 0.9304292999999999 0.746507065625 0.9296986125 0.74062415 0.9356482406250001 0.7406416515625 0.937152284375 0.746926059375 0.9657068421874999 0.7531851234375 0.9697859328125
1 0.9315766734375 0.9815791390624999 0.948573621875 0.97427811875 0.9592396750000001 0.95672516875 0.9249824156249999 0.9486934625 0.900183915625 0.9505996984375 0.9005424375000001 0.9814110515625 0.9129072234375 0.978601125 0.9315766734375 0.9815791390624999