1 0.9235996703125 0.9214646390624999 0.9237573187500001 0.9214591343749999 0.937272634375 0.8908138640625 0.940328375 0.858688440625 0.9363141640625001 0.8220070968750001 0.9096598828125 0.8229378859375001 0.909775959375 0.8517506750000001 0.9235996703125 0.9214646390624999
1 0.9109462359375 0.7594979609375 0.9170663109375001 0.7593579046875 0.9766492187500001 0.7572772234375 0.9773309125 0.7338489218750001 0.893997578125 0.7367589859375 0.891427478125 0.7459954890625 0.8912928234375 0.75062326875 0.8966158234374999 0.7568169109375 0.9109462359375 0.7594979609375
1 0.911097703125 0.5851346953125 0.906637246875 0.5987851921875 0.9054124109374999 0.6408800734375 0.9107789203125 0.690897321875 0.9318731171874999 0.6901606953125 0.933637728125 0.6852065328125 0.9252136203125 0.6102567296875 0.9270212687500001 0.5845786328125 0.9348719359375 0.569896059375 0.9263793671875 0.5701926265624999 0.911097703125 0.5851346953125
1 0.8999609109375 0.4481557921875 0.8934982234375 0.45158334531250005 0.8756332531250001 0.4841316328125 0.87334125 0.5629026671874999 0.8849153640624999 0.6007700921875 0.8954470375 0.6071434546875001 0.8982957171875 0.6070439765625 0.9051784749999999 0.5968606171874999 0.906064440625 0.5664118984375001 0.9232003843750001 0.5241891703125 0.9179857890625 0.5211693953125 0.9060505593749999 0.45754875312500004 0.8999609109375 0.4481557921875
1 0.9069043890625 0.405604896875 0.8999863187500001 0.3882361890625 0.9009189171875001 0.3561849078125 0.8911425421875 0.3277094625 0.8868029984374999 0.331062875 0.879236559375 0.3602940296875 0.8788863390625 0.372330290625 0.88178880625 0.4304959890625 0.8916118093750001 0.45736887031249995 0.8990428078124999 0.45710937500000004 0.9068934734375 0.44242680156249997 0.9093896546875 0.4295321453125 0.9069043890625 0.405604896875
1 0.9059047359375001 0.204997434375 0.8812536468750001 0.29097123125 0.8805760265625 0.3142595203125 0.8810828125000001 0.3291362875 0.88601763125 0.341771446875 0.8920489390625 0.34502884375 0.8954417953125 0.34491036249999996 0.9097918640625 0.3265328109375 0.9167317640625001 0.27025771249999997 0.925095359375 0.23794693281249998 0.9382072515625 0.22468157031249997 0.9318021109375 0.1896846546875 0.9059047359375001 0.204997434375
1 0.8541877625 0.104247309375 0.852182909375 0.10987595624999999 0.8521487203125 0.1110509078125 0.8611058312500001 0.1216160171875 0.85219359375 0.1363356625 0.86123480625 0.1536302296875 0.8638599609375 0.1727497859375 0.8633470328125 0.1903779921875 0.8540617546875 0.2179181484375 0.85590511875 0.22745939062499998 0.862241290625 0.23212314687500002 0.8646264218749999 0.23203985624999998 0.872528134375 0.202864865625 0.8820822749999999 0.20253122812500002 0.8892801218749999 0.210284553125 0.8921245437499999 0.1125281421875 0.8762585218750001 0.0746597375 0.8541877625 0.104247309375
1 0.9226228093750001 0.016169584375 0.8847794453125 0.027431564062500004 0.8592928640625 0.0230191125 0.8446226796875 0.032015346875 0.82064599375 0.0307316453125 0.8059423421874999 0.036063720312500006 0.8059235515625 0.036709509375 0.81405040625 0.037324923437500004 0.8313079484375001 0.049448184374999996 0.8719442875000001 0.0600839515625 0.8851278718750001 0.0596235703125 0.9432403265625 0.0540233609375 0.9627490921874999 0.043797668750000004 0.9615480796875 0.0300532046875 0.944352315625 0.0158068 0.9371823796875001 0.015661153125 0.9226228093750001 0.016169584375
1 0.6380790203125 0 0.6404975203125 0.0079126875 0.6326250234375 0.0962390671875 0.6351102890625 0.12016631874999999 0.64369754375 0.1242473484375 0.644712971875 0.1242118890625 0.6638302546875 0.08074093437499999 0.6698841875 0.05491455468749999 0.673170434375 0 0.6380790203125 0
1 0.664536321875 0.133972503125 0.6654222890625 0.1035237859375 0.659146121875 0.100541084375 0.6455213 0.13143465000000001 0.6435737140625 0.144513528125 0.642667228125 0.1756674265625 0.6486375546875001 0.206569809375 0.655602253125 0.22233595625000002 0.671059521875 0.2378055328125 0.6815746015624999 0.2384321671875 0.6882572546875 0.23819880312500002 0.69141589375 0.2306909296875 0.693316803125 0.20180770468749998 0.6881022046874999 0.1987879296875 0.682432225 0.1749718953125 0.669191359375 0.15622304843749998 0.664536321875 0.133972503125
1 0.3583636765625 0.190404271875 0.290128121875 0.21050396093749998 0.274823634375 0.21103840468750001 0.274743709375 0.213785221875 0.2798023 0.2352558734375 0.3232053140625 0.23533757500000002 0.34013838281250003 0.2347462578125 0.3922288953125 0.2228459109375 0.405265628125 0.2149672109375 0.4071153015625 0.206418678125 0.3850809546875 0.1934017328125 0.361437428125 0.19029693281249999 0.3583636765625 0.190404271875
1 0.3311804453125 0 0.31718638125 0.0426070796875 0.3167367015625 0.058061567187499996 0.3281699296875 0.05480948906250001 0.3310748625 0.06431366093749999 0.332953940625 0.10907424218749999 0.3230267609375 0.12222839375000001 0.32274698281249997 0.1318437796875 0.33178819531250003 0.1491383453125 0.3503944625 0.129277371875 0.35520030468749997 0.10989831875 0.3626531328125 0.035995015625 0.361142040625 0 0.3311804453125 0
1 0.288085765625 0.318521815625 0.285222509375 0.33645796250000004 0.285018296875 0.3434762734375 0.2895909921875 0.345775278125 0.3090033828125 0.34509738125 0.38682696875 0.3362835484375 0.4110198734375 0.33013625 0.3941329921875 0.305274134375 0.34288183125 0.30600337031249997 0.2929552359375 0.3162307859375 0.288085765625 0.318521815625
1 0.681592853125 0.2726125265625 0.677189840625 0.330329165625 0.6768601875 0.34165863124999996 0.6838758765625 0.36946844218749997 0.693048253125 0.3691481359375 0.7036308671875 0.353490665625 0.7063244828124999 0.2973638515625 0.7165314421875 0.27459431562500003 0.729316925 0.2725469015625 0.7353225218749999 0.2636613421875 0.7353459921875001 0.26285471718750003 0.719949303125 0.26647028281249996 0.711596625 0.2619591578125 0.7071747359375 0.23169579375 0.7008519390625 0.23031565468749998 0.696559025 0.232066503125 0.681592853125 0.2726125265625
1 0.669736415625 0.37190648125000003 0.6693282 0.385935934375 0.6766740671875 0.42395813593750004 0.679959346875 0.48979546249999995 0.6805944421875 0.489773284375 0.697066153125 0.45206287031250003 0.700272696875 0.3783078515625 0.6914646359375001 0.3530004640625 0.6808955531249999 0.351768609375 0.6710150046875001 0.3633201953125 0.669736415625 0.37190648125000003
1 0.331988140625 0.4062472546875 0.32848774999999997 0.45888041093750004 0.3275022109375 0.49275117343749997 0.33602899062499997 0.5033666875 0.33916156875 0.5032572953125001 0.3464086375 0.49379514531249996 0.358283353125 0.45015520625 0.3594133859375 0.3748717640625 0.35120059531250003 0.365552946875 0.3425681375 0.37065720468749996 0.331988140625 0.4062472546875
1 0.6401694953125 0.6045247046875 0.6570613734374999 0.6071367000000001 0.66860968125 0.5747147078125 0.6699262328125 0.49302100937500004 0.664116365625 0.47401266406250003 0.6445527015625 0.45388367812499997 0.64035993125 0.46954440625 0.640171234375 0.47602948281249996 0.6429672859375 0.5083708578125 0.63843030625 0.55495643125 0.64355164375 0.5611813328124999 0.6441935453125 0.5755673375 0.6396208515625 0.5869335703125 0.6401694953125 0.6045247046875
1 0.3387254421875 0.541998728125 0.340557890625 0.588361875 0.3488434296875 0.5981348515625 0.36119405625 0.5977035578125001 0.3723117640625 0.5904548765625 0.37642778906249996 0.5815757484375 0.37716948125 0.5560854421875 0.37246256875 0.5488252796875 0.36605742812500003 0.5138283671874999 0.36477362343749997 0.48505635468749997 0.354251171875 0.48222193437499994 0.3442307328125 0.4985812125 0.3387254421875 0.541998728125
1 0.59284039375 0.654267875 0.6111219218749999 0.662835871875 0.6833151421875 0.670744109375 0.6850138671875 0.6706847875 0.713686025 0.6592542546875 0.7094034390624999 0.641375434375 0.6937175703125 0.6302577781250001 0.5973166171875001 0.6421081140625 0.5928983734375 0.6522752203125 0.59284039375 0.654267875
1 0.3270722359375 0.6810492531250001 0.32613963749999997 0.713100534375 0.332404890625 0.752905140625 0.34180894375 0.7591544734375 0.3443636859375 0.759065259375 0.3600166546875 0.71511939375 0.36238386093749997 0.6702105296875 0.35145265625 0.6449772828125 0.3460624578125 0.6115458625 0.329801565625 0.6601417765625001 0.3270722359375 0.6810492531250001
1 0.6334454796875 0.7109460375000001 0.6312590765625 0.7286753984375001 0.6310015921875001 0.73752455625 0.635360271875 0.790925959375 0.6395678546875 0.7940229624999999 0.646803609375 0.7937702843750001 0.6522987796875 0.7919353890624999 0.6579330437500001 0.7805320859375 0.6609887828125001 0.7484066609375 0.66021790625 0.7020064453125 0.6466972625 0.6928729812500001 0.6334454796875 0.7109460375000001
1 0.2510018046875 0.8151612531250001 0.25098894843749997 0.8156031328125 0.26647285 0.8212822093750001 0.3101826875 0.8211344687500001 0.3364326953125 0.8202177984375 0.3724891890625 0.8090960984375 0.375941425 0.8004916046874999 0.3650941390625 0.7881444906249999 0.320098790625 0.79395773125 0.2768913375 0.793345584375 0.2510018046875 0.8151612531250001
1 0.5481522812499999 0.8530982453125 0.5925916375 0.8663932843750001 0.63630293125 0.86593894375 0.681951934375 0.8643448453125 0.6936458421875 0.8596829156249999 0.70030320625 0.8509664953125 0.6974069640625 0.8404627093749999 0.681535765625 0.8357144812499999 0.5821150140625 0.841307315625 0.5481522812499999 0.8530982453125
1 0.2800750546875 0.9308333031249999 0.275365028125 0.943462990625 0.2753262046875 0.9447972671875 0.309345459375 0.9444757812500001 0.37006759218749996 0.94235531875 0.38867875 0.9397666890625 0.4018081484375 0.9287032749999999 0.39589210937499997 0.9119419890625 0.34300749375 0.9137887609374999 0.2914474453125 0.925133709375 0.2800750546875 0.9308333031249999
1 0 0.842841646875 0.053919981250000006 0.8373974421874999 0.086187484375 0.8288471906250001 0.0880680453125 0.8192370859375 0.073922965625 0.8101866109375001 0 0.813544303125 0 0.842841646875
1 0 0.9600985359375 0.052055571875 0.95374258125 0.06663309375000001 0.947931059375 0.07815992656250001 0.9369236093750001 0.0736302328125 0.92753735625 0.06093327187499999 0.923738775 0.03051544375 0.923740496875 0.014304471874999999 0.9306695515625 0 0.9322673046875 0 0.9600985359375
1 0.0137276453125 0.7413760218750001 0.013201457812500001 0.744094190625 0.0472612453125 0.7429047953125 0.047697921875 0.740189753125 0.0507833515625 0.6687179140625 0.0509051765625 0.6645310859375 0.0482793140625 0.6473151765625 0.042143034375 0.63952478125 0.0336504671875 0.6398213484374999 0.023909806250000002 0.646565240625 0.0204453125 0.6562918421874999 0.0137276453125 0.7413760218750001
1 0.0248365765625 0.541194259375 0.0247038421875 0.5457560453125 0.0287500453125 0.5666991875 0.026615990625000002 0.6035952328125 0.022701084375 0.6145863687500001 0.0226157546875 0.61751894375 0.0294239203125 0.628020175 0.050291265625000005 0.6272914703125 0.051440878125 0.6251414296875 0.058789531250000006 0.5912651578125 0.059862017187500005 0.554406184375 0.0473205984375 0.5116188734375 0.030977364062500002 0.5265980140625001 0.0248365765625 0.541194259375
1 0.0371089359375 0.39814193124999997 0.036774131249999994 0.3991525359375 0.03558948125 0.43986628281250006 0.0357462125 0.503851278125 0.03851125625 0.5181631421875 0.049561240625 0.5242967484375 0.0536975125 0.52415230625 0.060804250000000004 0.5173846531249999 0.0643153734375 0.5060554921875 0.0671379640625 0.4819428890625 0.064254859375 0.398794909375 0.063682240625 0.3972139703125 0.0371089359375 0.39814193124999997
1 0.04577755 0.4182868375 0.0475589703125 0.417890646875 0.0598890703125 0.39504696875 0.0639473515625 0.32846641875000004 0.07394466875 0.3018757328125 0.0739497328125 0.3017016875 0.0325396609375 0.303147759375 0.02343564375 0.3747608734375 0.02340634375 0.37576787500000003 0.03191518125 0.4088313265625 0.0382165609375 0.4185508734375 0.04577755 0.4182868375
1 0.037574275000000004 0.22292250937500002 0.0180712796875 0.23725164687500003 0.018002381249999998 0.23961956562500003 0.031193934375 0.2599668390625 0.03400560625 0.272676140625 0.0337183890625 0.273543103125 0.06689015468750001 0.27238471875000003 0.0807365671875 0.1974012140625 0.07926624531250001 0.17503945625 0.07520647968750001 0.1687774859375 0.044607434375 0.1634422828125 0.038051490625 0.170074965625 0.037574275000000004 0.22292250937500002
1 0 0.095490971875 0.0180946921875 0.0961446859375 0.022088573437500002 0.096005215625 0.0566767703125 0.0865321578125 0.045983928125000004 0.0688771859375 0.028571942187499998 0.062061778125 0.0092485078125 0.065918046875 0 0.0641877609375 0 0.095490971875