1 0.9725069484375 0.42269117500000003 0.9708276218749999 0.4361961609375 0.994140828125 0.4374179546875 0.9937549171875 0.41530911093749995 0.987797746875 0.3963065390625 0.9719113578125 0.3803216234375 0.9635672171874999 0.3798843265625 0.9635921921874999 0.3813152 0.9709058546874999 0.3954212734375 0.9725069484375 0.42269117500000003
1 0.9509655296874999 0.5663626093749999 0.9576084828125 0.5700226625 0.9578373718750001 0.5700346578125 0.9643603015625001 0.5602681015625001 0.977812521875 0.493008121875 0.98338378125 0.48990184843750006 0.9753878500000001 0.46948484687500003 0.9307468078125 0.46714530937500004 0.9312661500000001 0.4968984109375 0.9323538015624999 0.53140471875 0.9509655296874999 0.5663626093749999
1 1 0.651865259375 0.9602218734375001 0.6466520859375 0.95005116875 0.6461190625000001 0.9187461140625001 0.651756396875 0.9168407328124999 0.654237228125 0.9168835890624999 0.65669241875 0.9462321906250001 0.6689482234375 0.98024579375 0.6707308015625 0.9990908734374999 0.6795941015625 1 0.6797617578125 1 0.651865259375
1 0.98542783125 0.84611998125 0.9926576328125 0.809118140625 0.9789066343749999 0.794804484375 0.9704300421875001 0.76037775625 0.9691154953125001 0.7485877734375 0.935628771875 0.7468328093750001 0.9356359890625001 0.7472462703125 0.958133634375 0.8293974328125 0.98542783125 0.84611998125
1 0.9237717953125 0.961883853125 0.930811728125 0.9545200484375 0.9409468640625 0.9550512093749999 0.9493937718750001 0.9877772578125 0.9582840390625 0.9814466796874999 0.9603581765625 0.971360634375 0.9508445140624999 0.9419769265625 0.9505179734375 0.92326944375 0.953540125 0.9030383343749999 0.963348721875 0.8848620125 0.9540725421875 0.8690837468750001 0.96399988125 0.8577101453125 0.961628884375 0.8507893875000001 0.9584275171875 0.8463750921875001 0.9273949671875 0.84474874375 0.9219463203125 0.8573024296874999 0.9237717953125 0.961883853125
1 0.9548409234375 1 0.9532647656250001 0.994866175 0.9394247109375 0.9754504796875001 0.9381621671874999 0.9655154703125 0.9380181671875001 0.9655079234375 0.9334512421875001 0.9798169484375 0.9336269250000001 0.9898817765624999 0.93469193125 1 0.9548409234375 1
1 0.74588988125 0.8573180546874999 0.7406748484375 0.8808324875 0.7263914328125 0.9004734187500001 0.720079959375 0.9256295171875 0.715560559375 0.9281493218750001 0.7160761875 0.9576896406250001 0.7161691640625001 0.95940705 0.7196959703125 0.9680875046875 0.737684303125 0.9673311109375 0.754279340625 0.951209575 0.76186536875 0.9346158953125 0.76912485625 0.899314734375 0.7686795734375 0.87380453125 0.7661007796875 0.8549790109375 0.7525079109374999 0.8230947375 0.7498327328125 0.8229545375 0.74532585625 0.8250051265625 0.74588988125 0.8573180546874999
1 0.37108507031250004 0.8629720859375001 0.37606454375 0.8904190406250001 0.3911168734375 0.9149910515625 0.3911440515625 0.9149924765625 0.40009910312499997 0.913767259375 0.4077445015625 0.9005749390625001 0.41799645781250006 0.8433419890625 0.4146755265625 0.7819994640625 0.39067109218749996 0.77447133125 0.38866508125 0.7743662 0.388952740625 0.7908461375 0.37108507031250004 0.8629720859375001
1 0.411183828125 1 0.406802309375 0.950820940625 0.40194158125 0.9301767046875 0.383481696875 0.909907696875 0.381870271875 0.9098232453125 0.3726326140625 0.9269415625 0.37281072656249997 0.9371456437499999 0.383183346875 0.9512822468750001 0.3806361609375 0.9987242421875001 0.3802289859375 1 0.411183828125 1
1 0.3909647390625 0.6654367921875 0.3839418859375 0.7108005687500001 0.3850138265625 0.7722119796875 0.4123056078125 0.792290434375 0.41749095625 0.76707531875 0.42362239687500003 0.66714830625 0.41922427500000004 0.658887440625 0.4154315265625 0.6586886703125 0.393127934375 0.6604527859375 0.3909647390625 0.6654367921875
1 0.7781004609375 0.7188249203125 0.769180509375 0.72345481875 0.7540698124999999 0.71963363125 0.754111715625 0.7220342093750001 0.759164115625 0.7297263796875 0.7727073140625 0.7321352734375 0.7832580453125 0.7564759578125 0.7854231640625 0.8160587828124999 0.7969812796875 0.8336557640625 0.8059902890625 0.83412790625 0.8144352749999999 0.8022871234375 0.8098101046874999 0.7306815 0.794428328125 0.6873972609375001 0.7916507578124999 0.6862108390625 0.7872879609375001 0.6859821937499999 0.7831670671875 0.6868070828125 0.7781004609375 0.7188249203125
1 0.7453684890625001 0.578869828125 0.74684080625 0.663218825 0.763812978125 0.7034229187500001 0.7681968203125 0.6322894359375 0.777530446875 0.586902228125 0.7749516546875 0.5680767109375 0.765604453125 0.556838015625 0.7570397437499999 0.5563891578125 0.75337714375 0.5567512906250001 0.7453684890625001 0.578869828125
1 0.3844256734375 0.5596493687499999 0.385608790625 0.627430165625 0.39670422968749997 0.6702091265625 0.4059210375 0.682586028125 0.41804125625 0.667929103125 0.41308954687500005 0.5776159937500001 0.40230133125 0.5396698703125 0.396174225 0.5359159265625 0.3917614078125 0.5356846609375 0.3843723703125 0.5438276265625 0.3844256734375 0.5596493687499999
1 0.7163087906250001 0.4529940375 0.72102109375 0.46513487031249995 0.7201621375 0.48038197499999996 0.7146502484374999 0.48688960625 0.71888950625 0.5363863875 0.715558159375 0.570277078125 0.7156876703124999 0.5776967296875 0.7198988125 0.5942095171874999 0.7409092984375001 0.5732220109374999 0.747309828125 0.5531679546875 0.7469219953125 0.46649227968750007 0.735075584375 0.431913484375 0.7349373359375 0.4319062390625 0.7171083765625 0.43434557187499995 0.7163087906250001 0.4529940375
1 0.35662320468750003 0.48721952343749997 0.35669677499999997 0.4914344 0.35915348593749996 0.49924544531250004 0.38980504374999997 0.5031020171875 0.42735760625 0.5129457375 0.4359592890625 0.5190220109375 0.46146949531250003 0.52035894375 0.4715949484375 0.5163892125 0.47986247187500003 0.5033213453125 0.4796855625 0.493186209375 0.46760388906249994 0.48242717031250004 0.4370508234375 0.47873749375 0.40511789687500005 0.47706396093750003 0.37238545 0.47856208125000005 0.35662320468750003 0.48721952343749997
1 0.7228461015625001 0.42818070312499995 0.7333374625 0.44912002500000003 0.74563579375 0.4446671796875 0.7528636750000001 0.34309850625 0.74017943125 0.3254425078125 0.7247186890624999 0.3205346859375 0.7205955625 0.3203186015625 0.7102193078125 0.34935923281250003 0.7228461015625001 0.42818070312499995
1 0.3862486625 0.3063536140625 0.3872107515625 0.3614717140625 0.3882236171875 0.3700052421875 0.40487994687500006 0.42185189999999995 0.411013309375 0.386491721875 0.4229257296875 0.3599300328125 0.420968409375 0.312251965625 0.40468980156249995 0.264735915625 0.40305679687499996 0.264650334375 0.392132490625 0.27166087656250004 0.3862486625 0.3063536140625
1 0.7266457796875 0.23477679375 0.7226455031250001 0.23456714843749998 0.7108122546875 0.242288921875 0.70942088125 0.2914906109375 0.7122668437499999 0.32562225312500004 0.7181052718750001 0.33782210468749996 0.729425903125 0.3418136421875 0.7360936046875 0.3370657078125 0.74166765625 0.277415584375 0.7416212375 0.274756309375 0.7391138359375 0.252267765625 0.7266457796875 0.23477679375
1 0.3654971359375 0.28141476249999997 0.36581086875 0.2814312046875 0.3876509125 0.255645675 0.38459715 0.209609271875 0.3882704625 0.1622262953125 0.374549153125 0.14961332031250002 0.3655995125 0.15254253906249998 0.35609710781250004 0.188778403125 0.356786165625 0.228254503125 0.3585497453125 0.2643152953125 0.3654971359375 0.28141476249999997
1 0.7814150093750001 0.186068509375 0.7846198046875 0.17498550625 0.77765983125 0.16561998125 0.762255425 0.1591871890625 0.6704580046874999 0.1566264828125 0.6231141499999999 0.169896640625 0.659025 0.1830296078125 0.7645064921875 0.1908078515625 0.7814150093750001 0.186068509375
1 0.394215415625 0.034613440625000005 0.3855182453125 0.0856407328125 0.38655188749999997 0.1448580296875 0.4039780984375 0.1523015296875 0.4041978046875 0.15231304375000002 0.4151703765625 0.139358240625 0.4179847296875 0.1072223671875 0.4143193390625 0.02171355625 0.40551746875 0.0212522703125 0.3996382484375 0.0230037671875 0.394215415625 0.034613440625000005
1 0.11900553750000001 0.2070312859375 0.13413475156250002 0.1976983109375 0.1322571609375 0.187474046875 0.0981059609375 0.17780858593749999 0.0364914890625 0.17050806875 0.027251971874999996 0.1700238453125 0.0030116453125 0.1725370125 0.003434115625 0.1967403921875 0.011843025 0.20029004218750002 0.11900553750000001 0.2070312859375
1 0.050007442187499994 0.0281881546875 0.044105803124999995 0.1121104828125 0.044231701562499996 0.11932315468750002 0.046319132812500004 0.12484495625 0.0732792328125 0.12625787500000002 0.0766207953125 0.070361890625 0.083080696875 0.053709193749999995 0.08139054531249999 0.0213372515625 0.07664855781249999 0.0074957375 0.0696709484375 0.0036512999999999997 0.0649201203125 0.00340231875 0.055370903125 0.013177120312500002 0.050007442187499994 0.0281881546875
1 0.0070054140625 0.31190621093750004 0.0076425328125 0.348406775 0.021632603125 0.3468194515625 0.11169003125000002 0.347038778125 0.1218351421875 0.3441951734375 0.12846095468750002 0.3344165546875 0.12830370156249998 0.3254075453125 0.1196823609375 0.31820514375000003 0.10388726718750001 0.314536490625 0.0629575 0.31239145156250003 0.021003590625 0.310783415625 0.0070054140625 0.31190621093750004
1 0.0094283296875 0.45071494218749997 0.0095113859375 0.455473215625 0.011496425000000001 0.4605979890625 0.0337747875 0.47633554062499994 0.0340298890625 0.47634890937499996 0.0473876203125 0.47260482968749995 0.086483609375 0.47352866875000005 0.1118360125 0.48042655625 0.11223283749999999 0.48044735312500003 0.128980959375 0.4746307640625 0.1439922328125 0.45854103124999995 0.100127021875 0.44234721875 0.054846415625 0.4399741625 0.0231063359375 0.4443299984375 0.0094283296875 0.45071494218749997
1 0.11207948281249999 0.594151359375 0.1375503734375 0.5932360390625 0.149396165625 0.5904815640625001 0.15774231562500002 0.5819181999999999 0.148983378125 0.5668329156249999 0.133618284375 0.5626523765625 0.03735994375 0.5545769640625 0.025294009375 0.5539446140625001 0.009738259374999999 0.557904540625 0.0100894234375 0.578022653125 0.023545825 0.5838860265625 0.11207948281249999 0.594151359375
1 0.0688838 0.7254060359375 0.081686784375 0.7498647578125001 0.0907254796875 0.7520375796875001 0.0984005640625 0.7405459390625 0.10791230468749999 0.705362815625 0.0977320703125 0.6170616171875001 0.0513162265625 0.614629065625 0.051338071875 0.6158805859375 0.06539960156249999 0.65470976875 0.0688838 0.7254060359375
1 0.0469521015625 0.7803378015625 0.0465041828125 0.7861156203124999 0.0470083515625 0.81499941875 0.061091925000000005 0.8966193046875001 0.0981737640625 0.8985626812499999 0.0937782765625 0.8847393265625 0.0969191703125 0.8713109390625 0.1122693390625 0.8483276640625 0.09060577343750001 0.8319002031249999 0.090752278125 0.775836771875 0.084524696875 0.769354371875 0.080810459375 0.7691597171875 0.0513378640625 0.77377115 0.0469521015625 0.7803378015625
1 0.0699485921875 1 0.0687243640625 0.9948005234374999 0.0717465171875 0.9745694140625 0.06353709375 0.9554488046875 0.045975734375 0.9437350906249999 0.0439391484375 0.9436283578125 0.03582975625 0.979481209375 0.035829939062499996 0.9794917015625 0.037636178125 1 0.0699485921875 1