1 0.075418565625 0.07698715625 0.076767796875 0.0688749765625 0.0688862609375 0.060655387500000005 0.0456437609375 0.053273039062500006 0.008602415625 0.0477621 0.001137075 0.0488533640625 0.0018183796875000002 0.078125 0.0684187421875 0.078899965625 0.075418565625 0.07698715625
1 0.10205290156249999 0.075639746875 0.1390942453125 0.0811506890625 0.16981617031250001 0.0794762 0.19876309375 0.06762120625 0.13071597968749998 0.0515896359375 0.07143263749999999 0.04894380625 0.0717500421875 0.06258082499999999 0.0756861703125 0.0661890765625 0.10205290156249999 0.075639746875
1 0.3075505125 0.0723100546875 0.311904971875 0.0702838859375 0.3116124921875 0.05771774843750001 0.3006592875 0.049688190625 0.21606755625 0.0497198625 0.2022923640625 0.05260752656249999 0.1966388046875 0.059256121875 0.19667979062500002 0.0610170234375 0.199437175 0.0710520421875 0.3075505125 0.0723100546875
1 0.37162057187499997 0.1527214953125 0.37986180625 0.152817390625 0.3725419015625 0.1391061 0.37095271093750004 0.1144788890625 0.37943233125 0.04228945 0.3772565796875 0.036111953125 0.370979978125 0.028348693749999997 0.3618336359375 0.028242265625000002 0.357911828125 0.0343488125 0.35194105000000003 0.0874680484375 0.35281518749999996 0.12502454375 0.3572979984375 0.1389287203125 0.37162057187499997 0.1527214953125
1 0.4610694046875 0.1378363703125 0.463226403125 0.1412908109375 0.46855847656250005 0.1413528546875 0.5039097906250001 0.128175015625 0.5331405593749999 0.128515146875 0.5433137484375 0.12181034375 0.5432908953125 0.12082845 0.5357680625000001 0.10924200625 0.4954605640625 0.09556518124999999 0.42317652499999997 0.0957400671875 0.39278575312499997 0.1116421984375 0.390121621875 0.1171445203125 0.3901390859375 0.1178948390625 0.3992234453125 0.12390892499999999 0.4610694046875 0.1378363703125
1 0.622211784375 0.14470285 0.6274207046875 0.1447634609375 0.6567094124999999 0.13829795 0.6596917203125 0.1342687125 0.631762875 0.12378388124999999 0.6009936453125 0.1234258484375 0.583904990625 0.116115109375 0.5607571078125 0.1127978046875 0.5484967234375 0.11468711250000001 0.5354914078124999 0.1212966375 0.5356713375 0.12902715468749998 0.5613721046875 0.13922056875 0.622211784375 0.14470285
1 0.7128277453125 0.1117764734375 0.6590998609375001 0.1162312171875 0.641904071875 0.1295216984375 0.6419601609375001 0.131931496875 0.6457740875 0.1384278265625 0.658200046875 0.1436523421875 0.6815952000000001 0.1453938390625 0.6927108578125 0.14552318125000002 0.7761885125 0.1247055625 0.7894669796875 0.100476434375 0.75628685625 0.0931523421875 0.755283753125 0.09314067031249999 0.7434314015625 0.105020684375 0.7128277453125 0.1117764734375
1 0.8736558546875001 0.1641969375 0.9027210484375001 0.1574232484375 0.896377971875 0.1492215609375 0.8870998953125 0.1470816296875 0.8611352796875 0.154907384375 0.8442122015625 0.154710465625 0.825679703125 0.151446865625 0.808543740625 0.1421036078125 0.7948868171875 0.1500725734375 0.7839047031249999 0.1408009203125 0.7777981640625 0.142761834375 0.75057893125 0.1627648078125 0.78783361875 0.1794336484375 0.8817040625000001 0.1805259296875 0.8738687390625 0.17334327968750002 0.8736558546875001 0.1641969375
1 1 0.14525893437499998 0.9974156171875 0.144382021875 0.974386 0.14614601875 0.9603506171875 0.1378548234375 0.9358535 0.1426496984375 0.8971554265625 0.13203955625 0.8787175406250001 0.132840996875 0.862125615625 0.1468717203125 0.861223659375 0.15653889999999998 0.8613105890625 0.160273703125 0.879569075 0.1694263625 0.9327828437499999 0.17330990156249998 0.948523215625 0.17349305625 0.987072153125 0.16254939375 1 0.15322739218749998 1 0.14525893437499998
1 1 0.35853776875 0.9881818765625001 0.3568441234375 0.903684759375 0.360940834375 0.8850812984375 0.354628453125 0.8759924515625 0.3606186046875 0.8677502140625 0.3698330953125 0.86810869375 0.3852348421875 0.882557525 0.39141623124999997 0.9096084093749999 0.391730996875 0.9505245625000001 0.390949428125 0.9750216796875 0.386154553125 1 0.3759576609375 1 0.35853776875
1 0.7559736015625 0.3324905109375 0.7561665359374999 0.340779740625 0.7571415546875 0.3490593890625 0.7728809765625 0.36448230625 0.7884311671875001 0.3717751453125 0.8209044359375 0.3792649 0.843981359375 0.37953342343749996 0.860857128125 0.377697821875 0.889804053125 0.3658428296875 0.8865852078125 0.359709465625 0.8573544390625001 0.3593693359375 0.835697709375 0.3540374125 0.816928671875 0.3406112109375 0.793709825 0.334245125 0.7907009375 0.3294263875 0.7824481734375001 0.32933035781250003 0.76284598125 0.3298220515625 0.7559736015625 0.3324905109375
1 0.80158015625 0.731006721875 0.805597559375 0.73105346875 0.805264096875 0.7167265453125 0.8210007703125 0.650773728125 0.8163628031249999 0.62611104375 0.80265010625 0.604418853125 0.7945558312500001 0.6058627140625 0.787728478125 0.618087628125 0.7793759640625 0.666819528125 0.7798836312499999 0.688631 0.7821049625 0.7256853343749999 0.80158015625 0.731006721875
1 1 0.6559637359375 0.9686831328125001 0.653387115625 0.8980321703125 0.6576449421875 0.879665246875 0.6614951625 0.8624212921875 0.677786353125 0.8624499359375 0.6790170125 0.8787417828124999 0.687900025 0.8879725515624999 0.6880074359374999 0.9000673593749999 0.67900430625 0.9432152437499999 0.6825543328125 0.9525169765625 0.685710521875 0.9499683578125 0.6968056093749999 0.9640029046875 0.6969689156250001 1 0.6864436 1 0.6559637359375
1 0.7011544625 0.7141453 0.7030795578125 0.709553565625 0.7100995875 0.661955859375 0.70793746875 0.6127132640624999 0.683153334375 0.5955063828125 0.6786091578125 0.618524178125 0.673983096875 0.702409140625 0.674165046875 0.7102264593750001 0.67785209375 0.716950240625 0.7011544625 0.7141453
1 0.6600380421875001 0.3404026015625 0.7235398156249999 0.3381427921875 0.76169385625 0.32537895156249996 0.7631377015624999 0.3213318125 0.76145731875 0.31521635 0.7321082796875 0.30979491875 0.727303665625 0.30161113125 0.7300257828125 0.28640303437500003 0.7209369359375 0.292393184375 0.71968231875 0.3045704046875 0.698356740625 0.3134661234375 0.644534240625 0.3138558265625 0.630784646875 0.32291771874999997 0.6310049078125 0.33238106093750003 0.658817171875 0.3403883953125 0.6600380421875001 0.3404026015625
1 0.648022621875 0.3305495828125 0.58328896875 0.32471641562500003 0.541537621875 0.315086728125 0.5246618546875 0.3169223296875 0.5141055062500001 0.3259433609375 0.51588050625 0.33612386562499996 0.5399098140625 0.345253090625 0.5611977484375 0.3455007984375 0.61145435 0.345363846875 0.648022621875 0.3305495828125
1 0.6536026859375 0.6533209265625 0.6394963406249999 0.64198095 0.558028840625 0.6440809453125 0.524395571875 0.6528334499999999 0.5199694171875 0.6609098265625 0.5293894156250001 0.6691473171875 0.5931313953124999 0.670784359375 0.602211221875 0.6708900125 0.6430226875 0.661325696875 0.6536026859375 0.6533209265625
1 0.42399616875 0.36221675625 0.442599628125 0.3685291375 0.487781396875 0.36963975 0.5223804125 0.370042346875 0.551617515625 0.36065381093750004 0.5481621328124999 0.34435784687500004 0.531215403125 0.3431446671875 0.5205407875 0.34708439687500003 0.50667098125 0.3459070234375 0.5003988640625 0.3407541140625 0.455854440625 0.34328375 0.42359648281249995 0.33921343125000003 0.4188473015625 0.3391581703125 0.40354674843750005 0.3426750953125 0.42399616875 0.36221675625
1 0.47991958593749995 0.69446025 0.48160594218749997 0.694479871875 0.4902778828125 0.691937265625 0.49166585781250005 0.6642686078125 0.49799190156249995 0.63050523125 0.5028941609375 0.6228720484375 0.5023570390625001 0.599795125 0.49807715 0.5905170562500001 0.4857029875 0.5826828453124999 0.47655664687500005 0.5825764171875 0.4676609625 0.593239221875 0.46606943906250003 0.628531646875 0.4664368453125 0.644316903125 0.4706824765625 0.679404890625 0.47991958593749995 0.69446025
1 0.332054825 0.369389784375 0.401994103125 0.3601292328125 0.4202427578125 0.3511977109375 0.41536718281249996 0.33996514375000003 0.3228702609375 0.3307609640625 0.307745834375 0.3417608109375 0.30358314218750004 0.358776775 0.30358844218750003 0.35900450625 0.33122643281249997 0.36938014531249996 0.332054825 0.369389784375
1 0.34722623750000003 0.7178133234375 0.352571828125 0.6855765828125 0.36317775937499996 0.6610912765625 0.3611588734375 0.618002528125 0.3459286046875 0.5747600515625 0.3349287828125 0.58232228125 0.329826184375 0.6138134265625 0.3309953984375 0.6640476265624999 0.3319243515625 0.6714939249999999 0.34722623750000003 0.7178133234375
1 0.30973434218749996 0.3675679859375 0.32025073437499996 0.3626746125 0.3230911203125 0.3525478140625 0.3183338140625 0.3463965484375 0.262807275 0.33965452812499997 0.241316121875 0.3414364265625 0.22534376875 0.35295375625 0.22537773906249997 0.3544132640625 0.23416880624999997 0.3666887015625 0.30973434218749996 0.3675679859375
1 0.2397775109375 0.6833075125 0.2787875734375 0.6874336359375001 0.2832859578125 0.6874859796874999 0.29343443593749996 0.6758039874999999 0.29016828281249996 0.667638103125 0.25300866875 0.6570458625 0.1884405921875 0.658326515625 0.1732299453125 0.6642326171875 0.173230865625 0.6642721421875 0.19828635625 0.6848566890625001 0.2397775109375 0.6833075125
1 0.1144652 0.38247866875000003 0.172780896875 0.3831572328125 0.2011706828125 0.3827927984375 0.2439164515625 0.3690664015625 0.2113722234375 0.35852786875 0.1159403 0.3553854453125 0.1006739546875 0.3602877328125 0.099115565625 0.3658438390625 0.09926502968749999 0.37226543125 0.10417664374999999 0.37861621875 0.1144652 0.38247866875000003
1 0.09034095625 0.6555614015625 0.1101475015625 0.655791871875 0.1741826984375 0.6549095578124999 0.169259815625 0.6416444703125 0.1583723171875 0.636437859375 0.10892866406249999 0.6267186640625 0.058159434375 0.6261279109375 0.052436503125 0.6421694296875 0.0524410140625 0.6423632671874999 0.0649282765625 0.65262228125 0.09034095625 0.6555614015625
1 0.07043921875 0.647519440625 0.0744241984375 0.6402480749999999 0.071508725 0.635134225 0.0147675453125 0.63447398125 0.014991984375 0.644116796875 0.0575070546875 0.6473689609375 0.07043921875 0.647519440625
1 0.03521811875 0.4095657828125 0.0474763171875 0.32511595312499997 0.04599455 0.305104128125 0.029197267187499997 0.281838 0.02110299375 0.283281859375 0.012207309375 0.2939446625 0.0097655921875 0.3524564890625 0.010678542187499999 0.3916805203125 0.02414668125 0.41405108906250004 0.03521811875 0.4095657828125
1 0.2428010578125 1 0.2434767796875 0.9980683015625 0.24223713125000002 0.9011570499999999 0.23276851562499998 0.88720446875 0.223657984375 0.888636503125 0.21726032343749999 0.9193229562499999 0.21484562812500002 0.9757218859375 0.21501465312499998 0.9829839 0.21804999687499999 1 0.2428010578125 1
1 0.12635274218749998 0.965102446875 0.15555985781249998 0.96442631875 0.16777293437500002 0.9605044906250001 0.1721754359375 0.951411853125 0.16116966875 0.941123940625 0.1472052453125 0.9358815265624999 0.06550120937500001 0.9278189187500001 0.0637856109375 0.9284338015625 0.0643975859375 0.9547267515625 0.1108262046875 0.9588258703125 0.12635274218749998 0.965102446875
1 0.3300244609375 0.9673460671875 0.4023085 0.9671711843749999 0.41304461562499994 0.96587373125 0.41227941875 0.9329977156249999 0.40155158125 0.934650859375 0.320107734375 0.9377671140625001 0.31094792656250003 0.9407084843750001 0.3063564546875 0.9477218921875 0.3066198296875 0.959037615625 0.3130304234375 0.9641003703125 0.3300244609375 0.9673460671875
1 0.5343865046875 0.9509348375 0.53416048125 0.9412239078125 0.5138529828125 0.9277798046875001 0.5016399046875 0.9317016328125 0.46627894375 0.9323061562499999 0.4430837515625 0.9269563296875001 0.42784105781250004 0.9328748750000001 0.41434971093749995 0.9479576640625 0.45507709687500003 0.96128631875 0.49344321718749995 0.9617327484375 0.5237460546875 0.9563424984375001 0.5343865046875 0.9509348375
1 0.5811269593749999 0.956504734375 0.616384134375 0.9569149875 0.6246714734375 0.9562802046875 0.63536974375 0.953356734375 0.642872821875 0.9453161609375 0.634873015625 0.932015271875 0.6209559 0.9288053765625 0.5239618609375001 0.92462879375 0.5120946734375 0.9281336234375 0.5125689125 0.94850889375 0.5215235890625001 0.9520320140624999 0.5811269593749999 0.956504734375
1 0.616188803125 0.97097140625 0.6167771156249999 0.970978253125 0.648759103125 0.9600513749999999 0.7125579484375 0.958761771875 0.7338362203125001 0.94783353125 0.7351854515625 0.9397213515624999 0.72425064375 0.9324822203125 0.6933877140625 0.923445315625 0.6869930171874999 0.92337090625 0.6152258046875 0.9295970671875 0.616188803125 0.97097140625
1 0.7759516984375 0.9676617890625 0.7959074203125 0.9808730062500001 0.798685184375 0.980905328125 0.8112180453125 0.962992225 0.8620109296875 0.9645992390625 0.8680228515625 0.958573284375 0.86118305 0.929030134375 0.8549345875000001 0.9248934875 0.8333488203125 0.9226103437500001 0.7543546703125 0.9340665093749999 0.75512041875 0.9669661749999999 0.76357304375 0.9644697953125 0.7759516984375 0.9676617890625
1 0.9509887546875 0.99517415625 0.9781703390625 0.99356400625 0.9774404531249999 0.9622051218750001 0.9590735296874999 0.9660553421875001 0.9405410312500001 0.9627917421875001 0.9237835296875 0.9697086468749999 0.9148597078125 0.9844720046875001 0.9149240703125001 0.9872373390625 0.9464021 0.995120784375 0.9509887546875 0.99517415625