1 0 0.9914995624999999 0.0292828234375 0.9971033296874999 0.039590984375 0.9976435578125 0.067339946875 0.9947362609375 0.0829201671875 0.987429559375 0.0829460984375 0.9866869796875 0.080506871875 0.9718658874999999 0.0389830296875 0.96559225 0 0.9642297828125 0 0.9914995624999999
1 0.0461437796875 0.8750906296875 0.0473364484375 0.8409371015625 0.0470924125 0.83312256875 0.035846384375 0.803158540625 0.018137798437499998 0.8702559750000001 0.01445239375 0.924319559375 0.032074359375 0.9252430875 0.0416537640625 0.90086304375 0.0461437796875 0.8750906296875
1 0 0.754503309375 0.0519725171875 0.7572270734375001 0.0648418953125 0.7577462749999999 0.078837903125 0.7554066765624999 0.084989725 0.7488610234374999 0.0850364234375 0.747523796875 0.082602740625 0.736141025 0 0.7318119984375 0 0.754503309375
1 0.0639198296875 0.657559575 0.0765858421875 0.5860824515624999 0.0766118140625 0.5853387109375 0.0748481828125 0.5792845671875 0.0689826640625 0.571246996875 0.059780209375000004 0.5707647171875 0.055474670312499995 0.5767232078125 0.045192996875 0.6364797015625 0.0442229765625 0.6642574781249999 0.0487426609375 0.6815007203125 0.061606862500000005 0.6951176046875001 0.0702866140625 0.6955724921875001 0.064080084375 0.6823045203125 0.0639198296875 0.657559575
1 0.11318262812499999 0.569086375 0.11581392187499999 0.49373601562499997 0.11581925312500001 0.49347979531249997 0.1005371359375 0.4617582109375 0.094509946875 0.458350271875 0.0880516375 0.4672880109375 0.0726036 0.5283197796875 0.067383346875 0.531138265625 0.081319628125 0.572065521875 0.0802957171875 0.6013865093749999 0.0866742828125 0.6119019171875 0.08811592968750001 0.6119774703124999 0.0996153375 0.6054910765625 0.11318262812499999 0.569086375
1 0.10983693750000001 0.4079163046875 0.11758719375 0.391316103125 0.11986155312499999 0.377826984375 0.120462765625 0.3606105359375 0.119849159375 0.3558758609375 0.11317670625000001 0.34161186718750003 0.1060192421875 0.3412367609375 0.0948781625 0.3669354609375 0.087502303125 0.43148234218750003 0.093581965625 0.46272164687500006 0.09667092031249999 0.4652820203125 0.09784318125 0.46534345468750005 0.1087591359375 0.438780503125 0.10983693750000001 0.4079163046875
1 0.1202574375 0.343978925 0.12343411875000002 0.31167869062500003 0.103957075 0.22408003281250002 0.0799022078125 0.20890506250000002 0.0715591609375 0.242480571875 0.08339798125 0.25546929218750003 0.0894776421875 0.28670859531250004 0.092703965625 0.3409888734375 0.10570059218750001 0.35931079375 0.10801174843750001 0.3594319171875 0.11471384062500001 0.3560566703125 0.1202574375 0.343978925
1 0.1539690546875 0.2376360390625 0.1467052265625 0.21097277656250002 0.1472980171875 0.1939974671875 0.1510121828125 0.175639709375 0.1603432984375 0.159928171875 0.160397240625 0.15838346875 0.1531124796875 0.1448290984375 0.1611738390625 0.1361446 0.1613873703125 0.1300298578125 0.160862734375 0.128228896875 0.14138285625 0.0993793859375 0.123729578125 0.135559034375 0.1204422828125 0.2296948375 0.127869196875 0.2223538953125 0.13707165 0.2228361765625 0.143031665625 0.2516920640625 0.1443335140625 0.251760290625 0.1516007234375 0.2467881234375 0.1539690546875 0.2376360390625
1 0.125981459375 0.11353657343750001 0.1376586078125 0.1311549234375 0.13822763124999998 0.13873440625 0.1389888828125 0.13877430156249998 0.1440091375 0.125303603125 0.1427724984375 0.1020482828125 0.15143746875 0.0885880875 0.147187234375 0.0636287953125 0.1570066625 0.031346778125 0.1578125 0.008270603125000001 0.12144964843749999 0.006364906250000001 0.11516655312499999 0.071226865625 0.125981459375 0.11353657343750001
1 0.3905107953125 0.08959771562499999 0.43256918593749993 0.0744763609375 0.43258700625 0.0739660578125 0.428476196875 0.064953878125 0.40543516718749995 0.06067325 0.3203800921875 0.0613375328125 0.3020758109375 0.0542320484375 0.2926023140625 0.05988176093749999 0.2829859921875 0.0696214546875 0.282486103125 0.08393638125 0.29649359375 0.0906758296875 0.336993203125 0.092798325 0.36564090625 0.0934161703125 0.3905107953125 0.08959771562499999
1 0.4012733296875 0.208629871875 0.401338165625 0.20677323749999998 0.399184028125 0.202050696875 0.369863040625 0.20051405 0.348436634375 0.19426930781250001 0.3303822984375 0.1800063609375 0.3074483875 0.172658246875 0.3045405 0.167384021875 0.276727015625 0.16695074375000002 0.268903846875 0.1696138484375 0.2698757546875 0.1860546421875 0.28477226093749997 0.20220082499999997 0.2999544140625 0.210167053125 0.3264986796875 0.21747709531249998 0.365674503125 0.2195302125 0.372306746875 0.21908070781250003 0.4012733296875 0.208629871875
1 0.6712078171875 0.22470559531249998 0.6679800765625 0.199799890625 0.6554421046875001 0.1774983234375 0.6472082578125 0.1786128421875 0.6396196734374999 0.1905834125 0.6275624609375 0.24251668125 0.6276674078125 0.2981794109375 0.6484759890625 0.30479239062499996 0.6509922953125 0.3049242640625 0.6515081312500001 0.29015264531249996 0.6712078171875 0.22470559531249998
1 0.6413116624999999 0.141752615625 0.6447549609375 0.16048548125 0.66037695625 0.17862196875 0.6622018109375001 0.17871760625 0.6712859390625 0.16342194375000002 0.671609278125 0.154162684375 0.6628379453125001 0.141334725 0.6674143515625001 0.0982856078125 0.6708051765625 0.08918710937499999 0.6823889640624999 0.09273921406249999 0.682828340625 0.08015710312499999 0.6709597453125 0.035163510937499996 0.6425923609375 0.033676839062500005 0.6386781312500001 0.0704970265625 0.6413116624999999 0.141752615625
1 0.6950056375 0.3590094203125 0.693519115625 0.34346998281249996 0.6889608984375 0.34118236562500004 0.6414070421875 0.3304952421875 0.5919886203125 0.3289297 0.5741563609375 0.3525799390625 0.5971259765625 0.3589055546875 0.6706978390625 0.368571371875 0.6905348078125 0.3696109828125 0.6947036953125 0.3676558875 0.6950056375 0.3590094203125
1 0.356446153125 0.33347628125 0.357900359375 0.33001843124999997 0.35794945624999996 0.328612496875 0.3568032171875 0.32325133125 0.3276607609375 0.3166022109375 0.32331678125 0.30817962187500003 0.326938796875 0.2930039515625 0.3174653 0.2986536625 0.3154936140625 0.310842725 0.29356731875 0.3189129125 0.2395192671875 0.317104740625 0.2237301046875 0.326520928125 0.2234444546875 0.33470088593749997 0.249309721875 0.3433566359375 0.271381546875 0.34451337187500003 0.31740172499999997 0.3447468078125 0.356446153125 0.33347628125
1 0.3712981375 0.439442640625 0.37132071875 0.438795971875 0.3079925515625 0.4304589109375 0.266647240625 0.4190728 0.24960052031250002 0.4202281515625 0.23847669531250001 0.42886447031249997 0.239662840625 0.439170296875 0.2622897140625 0.44891597968749997 0.309754084375 0.45140348281250003 0.335056203125 0.4523645796875 0.3712981375 0.439442640625
1 0.699481103125 0.4549789875 0.699532828125 0.4534977890625 0.6869551953124999 0.442337446875 0.605057953125 0.4411184921875 0.5707859796875 0.4485416703125 0.5658706984374999 0.45647900156250004 0.5748443078125 0.46514421562499997 0.5856054125 0.4658602375 0.6509180437500001 0.469283128125 0.6893631953125 0.4619266015625 0.699481103125 0.4549789875
1 0.3405382375 0.578296615625 0.3437234203125 0.5118626828124999 0.34416705 0.49915878437499994 0.33516197812500004 0.46824643593750004 0.31869428125 0.47047546718750005 0.31707899687499996 0.48739719062500003 0.32079174374999997 0.49841400625 0.31928423906250003 0.5122493078125 0.3139562046875 0.5181542140625 0.3154608765625 0.5630680609375001 0.310131425 0.5983475421875 0.31339556874999996 0.61439171875 0.31476354375 0.6144634109375 0.33375658750000003 0.596493615625 0.3405382375 0.578296615625
1 0.6170944046875 0.499805959375 0.6078919515625001 0.4993236796875 0.598312265625 0.509643871875 0.5936819703125 0.554236196875 0.5963169171875 0.5961172109375 0.604980471875 0.6120315890625 0.6153132 0.6094810359375 0.6183282109375 0.58181043125 0.6266712562500001 0.548234921875 0.6306728171875 0.5426971078125 0.6316539421875 0.514601403125 0.6290948937499999 0.5081650515625 0.6170944046875 0.499805959375
1 0.31355399687499996 0.5987464265625 0.31278580312500004 0.5987061671875 0.3016659265625 0.6257653390625 0.30941193437500003 0.6972888609375001 0.31796770625000004 0.7162896578125 0.3293768203125 0.7122494828125 0.33961194375 0.6295999796875 0.3399861984375 0.6188827031249999 0.330081640625 0.60406403125 0.31355399687499996 0.5987464265625
1 0.6877591921875 0.7009985375000001 0.6877779984375 0.7004600234375 0.6566579328125 0.692887765625 0.6323593453125 0.680346303125 0.5891137625 0.6791042640625 0.545403996875 0.691154659375 0.552727278125 0.7028064828125 0.5822707031250001 0.7098815640625 0.6380754796875 0.71280616875 0.64205491875 0.712609778125 0.6877591921875 0.7009985375000001
1 0.335418109375 0.7496956578125 0.33643868125 0.720470328125 0.336088153125 0.7145729953125 0.32441100624999997 0.696954646875 0.31079523125 0.7055172796875 0.30718743125 0.7501631921875 0.30815461875 0.7811345640625 0.3128898625 0.792204965625 0.32001164375 0.7947548015625 0.3242498609375 0.7949769171875001 0.32930367031249996 0.79151914375 0.335418109375 0.7496956578125
1 0.6991767765625 0.8223020265625 0.699200309375 0.8216281390625 0.675756946875 0.800368365625 0.6340188671875 0.800229696875 0.590951815625 0.7938751828124999 0.5797208703125001 0.8055789890625 0.5825216390625 0.8139207015625001 0.6136021890625 0.8242294671874999 0.668728046875 0.827118490625 0.6840878421875 0.8274384890625001 0.6991767765625 0.8223020265625
1 0.28012995625000003 0.8615405125000001 0.315407734375 0.8633893421875 0.365711221875 0.86478999375 0.40851361875 0.8529897515625 0.4085338796875 0.8524095765625 0.3773706421875 0.8408162499999999 0.28176304375 0.833756934375 0.2661524125 0.8380606484375 0.2631501265625 0.8468344999999999 0.263086078125 0.8486685984375001 0.26859611875 0.8566273078125001 0.28012995625000003 0.8615405125000001
1 0.6205080578125 0.869986815625 0.6078453078125 0.8736884828125 0.6023556046875 0.8842230171875001 0.591428665625 0.9331234546875 0.58965029375 0.9840493796875001 0.605794653125 0.9910796046874999 0.6164507203125 0.97926979375 0.619256375 0.95927331875 0.6208990937500001 0.9122320015625001 0.6212968421875 0.870028153125 0.6205080578125 0.869986815625
1 0.6136674734375 1 0.6152556484375 0.9841870734375 0.615589953125 0.9746138359375 0.60816148125 0.969927596875 0.5987826593750001 0.9744958234375 0.5978920343749999 1 0.6136674734375 1
1 0.325647578125 1 0.330660265625 0.9755945390624999 0.3311983421875 0.9601860390624999 0.3310662953125 0.9519350203125001 0.31551472812500003 0.927929484375 0.307280878125 0.929044003125 0.2977011953125 0.939364190625 0.2916112203125 1 0.325647578125 1
1 0.9288428296875001 0.7901275734375 0.9219684828125001 0.778794846875 0.9127121390624999 0.7798557765624999 0.9044768718749999 0.8103448671875 0.898231290625 0.8718589171875 0.9008970265625 0.8940735359374999 0.9242060921874999 0.8952951125 0.925258715625 0.8927631890625 0.9288428296875001 0.7901275734375
1 0.9116482953125 1 0.91738751875 0.9944424328125001 0.9229850046875001 0.9808214765625 0.9327959859374999 0.9010541421875 0.93286753125 0.8990053515625 0.931456153125 0.89468751875 0.9062900984375 0.8933686218749999 0.900760984375 0.9425519453125 0.8940871140625 0.9576625234374999 0.894085696875 0.9870371 0.8977445562499999 0.999597125 0.8984570703125 1 0.9116482953125 1
1 0.938401775 0.74052536875 0.93982086875 0.699887834375 0.9405462359375001 0.6650278968750001 0.9393413640625001 0.652596478125 0.9062125296874999 0.6508602703124999 0.9078264 0.6633131234375 0.909060203125 0.7453175921875 0.91180435 0.7547376109374999 0.9194869703125 0.760426871875 0.9297147828125001 0.7609628875000001 0.9353756203125 0.7544268953125 0.938401775 0.74052536875
1 0.9793408984375 0.599181009375 0.9796820921875 0.589410503125 0.9600845453125 0.5750666796874999 0.9475960406249999 0.57850965 0.9120665078125001 0.5776719906250001 0.8890968906250001 0.571346375 0.8734505546875001 0.57667258125 0.8590260734375 0.5912821187499999 0.8979208218749999 0.6058914 0.93968115 0.608079965625 0.9683440265625001 0.60418179375 0.9793408984375 0.599181009375
1 0.93555075 0.46355977499999995 0.9356595499999999 0.4604441421875 0.9344926499999999 0.43850029687500003 0.931802396875 0.42753706874999997 0.9238918875 0.419392325 0.9103300046875 0.4264117484375 0.9067775093750001 0.44013987656250003 0.9003149484374999 0.5372013390625 0.903684696875 0.5498405281250001 0.9238727843750001 0.550898540625 0.9278145312499999 0.5417346000000001 0.93555075 0.46355977499999995
1 0.9498280546875 0.4133195140625 0.9507969218750001 0.3855747828125 0.9471032359375 0.3271709328125 0.9048152046875 0.3249547109375 0.9158100140625001 0.3603166921875 0.9156185656250001 0.4244670765625 0.9261115484375001 0.44666146875 0.9315813875 0.44798879999999996 0.9345894640625 0.44814644687499994 0.9417723109375 0.438206009375 0.9498280546875 0.4133195140625
1 0.991945128125 0.238243115625 0.982547996875 0.24059915781250002 0.9703094374999999 0.2368846625 0.9492043875 0.2214374671875 0.934637078125 0.240136984375 0.8837468578125 0.236445575 0.87735978125 0.24225704062500003 0.8824971375 0.27223289687499996 0.8885271515625 0.27664638125 0.905266103125 0.2791162015625 0.9129840078125 0.2795206796875 0.9907852453125001 0.2714577875 0.991945128125 0.238243115625
1 0.9808212328125 0.10852944843750001 0.9799904796875 0.08541183125 0.9482079296875 0.083746178125 0.951938171875 0.104040115625 0.9482240046875001 0.12239787499999999 0.954788678125 0.139748290625 0.9687855375 0.1493895515625 0.9723210328125 0.1495748390625 0.9803973687499999 0.12066734531250001 0.9808212328125 0.10852944843750001