1 0.9264997749999999 0 0.9261645156249999 0.05762626875 0.9416785624999999 0.0543209578125 0.9460562343750001 0.012085374999999999 0.9459162437499999 0 0.9264997749999999 0
1 0.9193350328125 0.15730351874999998 0.9192339031250001 0.174686340625 0.9332253796875 0.17452353437499998 0.936136121875 0.1713648765625 0.945588178125 0.1446941890625 0.9509716359375 0.1071340859375 0.949087328125 0.075908128125 0.9370866671875 0.046904595312500005 0.9367379515625001 0.046908653125 0.9209675078125 0.11529518750000001 0.9193350328125 0.15730351874999998
1 0.928524315625 0.2845527109375 0.9307107390624999 0.289214453125 0.945370321875 0.2890438734375 0.9523119156250001 0.279588734375 0.951778828125 0.1936632546875 0.9487614671875001 0.1796368171875 0.94329085625 0.1749487296875 0.9356154906249999 0.175038040625 0.9291515499999999 0.1767402109375 0.928524315625 0.2845527109375
1 0.91961351875 0.28302944218750004 0.9086537124999999 0.2831569703125 0.9052473531249999 0.28830344218750004 0.8966283671875 0.3493371078125 0.896464740625 0.3774621078125 0.9015300343750001 0.394589503125 0.9159110328125 0.4084837140625 0.9241754953125 0.40838754843749997 0.917025903125 0.39440919218750004 0.9161382921874999 0.3694212140625 0.9263178828124999 0.29981723437499996 0.9263506203125 0.2941902796875 0.9248663625000001 0.2896375484375 0.91961351875 0.28302944218750004
1 0.8051554484375 0.44730866875 0.8144943874999999 0.4533979296875 0.8769162546875 0.46610042656250006 0.8800112046875 0.47122935625 0.92072635625 0.455260771875 0.95041385625 0.4549153265625 0.961393428125 0.4475566515625 0.95365305 0.43525086562500004 0.9174142890624999 0.42367051250000004 0.8389157484374999 0.42458392656250005 0.8083165093750001 0.441073959375 0.8051554484375 0.44730866875
1 0.8679588609375 0.57531400625 0.8606274624999999 0.5925856515625 0.8589220687499999 0.6049581734375 0.8588059953125 0.62490934375 0.8593853265625 0.6285351718750001 0.8665349171875001 0.6425135265625 0.873766321875 0.64242938125 0.8842514359375 0.615746675 0.8897985203125 0.5500615703125 0.8827489234374999 0.518895715625 0.8792723796875 0.51629559375 0.8784541875 0.5163051140625 0.8681406671874999 0.54406400625 0.8679588609375 0.57531400625
1 0.8919818609375 0.697456453125 0.8871347343749999 0.6428290578125 0.8739227812499999 0.6257254375 0.87014273125 0.6257694218750001 0.8644892750000001 0.6290310125 0.8592512625 0.6415911171875 0.8569942484374999 0.6744276578124999 0.8792124625 0.7616632015625 0.9039240375 0.7754372046875 0.9112492671875 0.7414703359375 0.9112527296874999 0.7408750953125 0.8990314578125 0.7286223078125 0.8919818609375 0.697456453125
1 0.7952359375 0.809563834375 0.7655063671875 0.8171406828125001 0.7717082859375 0.8253324203125001 0.781071265625 0.827289446875 0.807681846875 0.8187159015625 0.824869346875 0.8185159078125 0.8436013156250001 0.8213969046875 0.860734725 0.83049443125 0.8748453062499999 0.8220663359374999 0.8857287140625001 0.8312365875 0.891990734375 0.829097746875 0.9202359375 0.8081093265625 0.884600015625 0.792777378125 0.788359084375 0.7938972421875 0.7952900296875 0.8002663109375 0.7952359375 0.809563834375
1 0.8591461125000001 0.9626191593750001 0.8674923874999999 0.9484604937500001 0.8624725453125001 0.923520596875 0.8730303812500001 0.8843378906250001 0.8721064078125 0.8655999109374999 0.8577435921875001 0.8485807 0.85081143125 0.8478543421875001 0.84394394375 0.8479342515624999 0.834916325 0.86603265625 0.830456815625 0.932322740625 0.8304501671875 0.9334653156250001 0.8425444625 0.975311490625 0.8531458640625 0.9900050531250001 0.8597705124999999 0.9899279671875 0.861075871875 0.9860326171875 0.8591461125000001 0.9626191593750001
1 0.643664690625 0.9182546859375 0.638644846875 0.8933147890625 0.621638378125 0.85208340625 0.619825546875 0.8521045 0.6120035109375 0.8561273281249999 0.6089095359375001 0.8785739203125 0.608890446875 0.8818551749999999 0.6134333015625 0.9654782859375001 0.608315084375 0.98075165625 0.6082842328125 0.9860543906249999 0.612740765625 0.99280241875 0.642351728125 0.9924578640625 0.6453399203125 0.9854181437499999 0.643664690625 0.9182546859375
1 0.5781411453125 0.7961561203125 0.581230084375 0.8023181046875001 0.610917584375 0.8019726593750001 0.6327625328125001 0.8068834109375 0.6514344015625 0.8200949874999999 0.674835840625 0.8260206140624999 0.6779307890624999 0.831149540625 0.7060618 0.82978921875 0.7138923296875 0.8265991375 0.7124259921875 0.8100883937500001 0.6968911453125 0.7947743390625 0.681308215625 0.7877247484375001 0.6512003843749999 0.7814316812500001 0.6202091734375 0.7817922953124999 0.6079007671875 0.7834139812500001 0.5781411453125 0.7961561203125
1 0.3166527046875 0.728542440625 0.30637879218749997 0.7799573421875 0.3063119203125 0.7914514968749999 0.30775191562500004 0.83801360625 0.3314758859375 0.8439871296874999 0.3315667890625 0.8283621296874999 0.3495196578125 0.7609702781250001 0.34553287187500004 0.7360183609375001 0.33255627187500003 0.7148317 0.3293927625 0.7148685109375 0.3239568328125 0.715958296875 0.3166527046875 0.728542440625
1 0.3335921234375 0.9773922625000001 0.324367325 0.96500045 0.327721028125 0.9212143875000001 0.33087474375000003 0.9118033249999999 0.343253259375 0.9147840765625 0.34331689062500004 0.9038465765625 0.32710612656250004 0.8493514078125 0.3128902328125 0.8431768625 0.3082833046875 0.8432304687500001 0.30127059218749996 0.8512144265625 0.299586753125 0.873198684375 0.29933509375 0.9164551828124999 0.3026640203125 0.966815384375 0.3066871671875 0.9855173015625001 0.3167838859375 0.9962461890625001 0.32846108749999997 0.9961103124999999 0.33353758125 0.9867672625000001 0.3335921234375 0.9773922625000001
1 0.28041062656250004 0.67810886875 0.28508610624999997 0.680120440625 0.333475525 0.6878212828125 0.3834815359375 0.6862064234374999 0.40081327968749997 0.6612130390625001 0.37740582968749997 0.6563204703125 0.30006947500000003 0.6511515546875 0.283056375 0.6513495203125 0.27742386093750004 0.6543849015625 0.28041062656250004 0.67810886875
1 0.6602284515625 0.6512897453125001 0.6624759515624999 0.70553726875 0.6756784437500001 0.7444435 0.679801584375 0.7459579171875 0.686009021875 0.7443232921875 0.6913470296875001 0.7145756890625 0.6996387625 0.7097920234374999 0.7151164484375 0.7127367125 0.70897264375 0.7034338375 0.696585040625 0.7020155859375 0.687414784375 0.680248771875 0.6866998890625 0.6255732921875 0.6769637359375 0.6108309265625 0.6679773906250001 0.6109354921875 0.6603056703125 0.638017046875 0.6602284515625 0.6512897453125001
1 0.6547668984375 0.515839975 0.6543270171875 0.591449353125 0.6694201109375 0.6283180953125 0.6749671953124999 0.5626329921875 0.6845101546875 0.5203373046875 0.6825440328125 0.503173846875 0.6744493921875 0.4936806171875 0.664380434375 0.4937977796875 0.6629704750000001 0.49402724062500003 0.6547668984375 0.515839975
1 0.341286465625 0.49934567812499997 0.33539789375 0.49606344375000005 0.3318632984375 0.496104571875 0.32473026875 0.504225509375 0.32326996406249997 0.57767503125 0.3333551015625 0.6197423234375 0.341555934375 0.6305836578124999 0.352637209375 0.61684058125 0.35269602187500004 0.6067316765624999 0.3503839984375 0.5336124921875001 0.341286465625 0.49934567812499997
1 0.655074675 0.38141367812500004 0.6365460671875 0.40068790468750004 0.6302386375 0.4195100296875 0.6287419703125 0.49920954999999995 0.6388907421875001 0.5303393421875 0.6554378468750001 0.5270220109375 0.6565708984375 0.509822490625 0.6525023 0.4989330734375 0.653617171875 0.48485855312500004 0.658818821875 0.4785484484375 0.65598326875 0.4332720109375 0.660134646875 0.398860790625 0.6601481687499999 0.39653658125 0.6565862 0.3813960890625 0.655074675 0.38141367812500004
1 0.34928811406250004 0.433451240625 0.341856721875 0.4679103859375 0.3366459796875 0.47578299062499996 0.33650962500000003 0.49922049062499996 0.340587315625 0.5085474078125001 0.35293855625 0.5162156578125 0.3622360765625 0.5161074718750001 0.3715972296875 0.5050617859375001 0.3749600234375 0.4597132234375 0.37107323281250004 0.41757380624999996 0.36276064531249996 0.403563790625 0.35684190937500004 0.4036326609375 0.35151785625 0.40530220000000006 0.34928811406250004 0.433451240625
1 0.6291069625000001 0.3610114875 0.6290042453125 0.3786672984375 0.6388999109375 0.39226748749999996 0.6564346234375 0.39675063593750004 0.666928828125 0.368505428125 0.65701640625 0.2967506359375 0.6479608609375 0.2783784359375 0.647168990625 0.27838765 0.6364370609375001 0.28292855 0.6291069625000001 0.3610114875
1 0.331033884375 0.30184535156250003 0.33088829531249997 0.3268702015625 0.3312434984375 0.3468256625 0.3454517765625 0.39040737187499996 0.3568608671875 0.38246264375 0.36431952968750003 0.3433159984375 0.3645013375 0.3120659984375 0.362553396875 0.291777540625 0.34862325312500003 0.2459264765625 0.348196084375 0.24593144687500001 0.3419740515625 0.2779554546875 0.331033884375 0.30184535156250003
1 0.5969938234375001 0.24118350312499998 0.593808721875 0.25155044375 0.5984601609375 0.25769424375 0.6546741 0.263238065625 0.6765611203125 0.2609174109375 0.6938207421875 0.248320721875 0.6845238734375 0.2350000578125 0.6671115171875 0.234408559375 0.6199777015625 0.23495701093750002 0.6079613734375 0.2358909421875 0.5969938234375001 0.24118350312499998
1 0.3213052375 0.1431263328125 0.31620559375 0.1451096125 0.305656846875 0.18272981875 0.30734116718750004 0.248330778125 0.3134486109375 0.263883653125 0.3342552125 0.2386432390625 0.3324345375 0.19647978125 0.33657454375 0.155145334375 0.336590053125 0.15247932343749998 0.32584239843749996 0.14307353750000001 0.3213052375 0.1431263328125
1 0.552235234375 0.146501565625 0.5849876328125 0.15645033749999998 0.6818506125 0.1573892109375 0.6975056625 0.15204210625 0.7006907640625 0.141675165625 0.6944888453125 0.133483428125 0.6834207515624999 0.129538371875 0.6358895062500001 0.13009144687500002 0.5960693765625 0.1315296796875 0.552235234375 0.146501565625
1 0.347924615625 0.0209498375 0.338762615625 0.0320642265625 0.335558890625 0.061168553125000004 0.33554052031250003 0.06432608125 0.33708414375 0.143013746875 0.35054116562500004 0.13816997656250002 0.3557700875 0.1271723734375 0.3651454234375 0.0781776984375 0.365452325 0.025425965625 0.353101640625 0.0208895984375 0.347924615625 0.0209498375
1 0.6358944484375 0 0.6354733625 0.0723786546875 0.6460811453125 0.06789028281250001 0.6578785796875 0 0.6358944484375 0
1 0 0.20947845156249997 0.08783834375 0.209378178125 0.1019549359375 0.199917025 0.1004465265625 0.1906376875 0.06923859843749999 0.1837699078125 0.018769749999999998 0.1810193234375 0.0016530343749999999 0.1812184953125 0 0.18149463593749998 0 0.20947845156249997
1 0 0.091961946875 0.033824809375 0.09416975625 0.0494137484375 0.1001862890625 0.0791072578125 0.0988077859375 0.0916312984375 0.0945301046875 0.096372890625 0.08517804062499999 0.0854954921875 0.07497473125000001 0.0714630421875 0.069973075 0.012122390625 0.0654795 0 0.06562055781250001 0 0.091961946875
1 0.0352992359375 0.36785541718750003 0.0445603953125 0.37399723125 0.0528248578125 0.37390106562500003 0.05906865625 0.36601644218749996 0.062267825 0.3487928796875 0.061691578125 0.2789507203125 0.029622825000000002 0.2793238734375 0.0295224765625 0.29657248593749996 0.0322546046875 0.3585164796875 0.0352992359375 0.36785541718750003
1 0 0.4603528203125 0.003188159375 0.46243159218749996 0.0043014421875 0.46241863906249997 0.0160818671875 0.45839494375 0.0520253765625 0.456943715625 0.0743209703125 0.46160388750000003 0.07605274375 0.4615837359375 0.0910938875 0.455456125 0.1052465390625 0.43979662499999994 0.064716278125 0.427342975 0.02453071875 0.4278105765625 0 0.43272452031249997 0 0.4603528203125
1 0.0427984453125 0.5126116875 0.0403887828125 0.57723495 0.0402010109375 0.6095103546875 0.0673262296875 0.6091947234374999 0.07263895000000001 0.5325755875 0.0707091890625 0.5091621281250001 0.06767364687500001 0.498260690625 0.060420474999999994 0.49145112500000004 0.057871128125000004 0.49148078906250003 0.0459794328125 0.4985131265625 0.0427984453125 0.5126116875
1 0.03646095 0.6775361156249999 0.0476973203125 0.6992788890625 0.055952693750000004 0.7007452234375 0.06324773125000001 0.689723578125 0.07273615 0.6568028906250001 0.0668237640625 0.5929322406249999 0.028074759375 0.593383125 0.034772084375 0.6127164078125 0.03646095 0.6775361156249999
1 0.017437490625 0.7491717234374999 0.015860998437500003 0.76491165625 0.015803571875 0.7747824546875 0.02535285 0.838136090625 0.0594038453125 0.837739871875 0.0613862796875 0.8299048328125 0.07597635625 0.80786154375 0.05643006874999999 0.7940274359374999 0.057763109374999996 0.742452915625 0.052167670312500004 0.7368430484374999 0.0488433109375 0.7368817296875 0.021606084375 0.7428736406249999 0.017437490625 0.7491717234374999
1 0.004023965625 0.9196555671875 0.004012253125 0.9216686859375001 0.0109080734375 0.9382070171875 0.028406425000000003 0.9489401656249999 0.036870875 0.9144689984375001 0.035796578125 0.8979601484374999 0.0061218265625 0.8983054453125 0.006984921874999999 0.9023175999999999 0.004023965625 0.9196555671875