1 0.08551716718749999 0.08378651875000001 0.0799930671875 0.054631815625 0.0689667953125 0.02696860625 0.0504141046875 0.026428778125000003 0.055435340624999996 0.085222584375 0.0755898 0.158211171875 0.07565061875 0.158212940625 0.0870733609375 0.12733437187500002 0.0872244859375 0.11636412031250001 0.08551716718749999 0.08378651875000001
1 0.07555591874999999 0.1613304203125 0.0552274890625 0.16073892343750001 0.061239460937500004 0.275454175 0.07387362812500001 0.278958390625 0.081169621875 0.2725800875 0.0836663984375 0.2578238984375 0.08000161875 0.1670965890625 0.07555591874999999 0.1613304203125
1 0.1726494140625 0.3472346765625 0.15745075 0.331974353125 0.142400828125 0.32708772812500003 0.10197151874999999 0.3259113546875 0.04541116875 0.33198445 0.03944506875 0.3358933875 0.03999205 0.34633040937500004 0.048148395312499995 0.3527748234375 0.054863482812499996 0.3551502890625 0.13184910156250002 0.34648995781249997 0.1583089546875 0.3483498984375 0.173118734375 0.3561898640625 0.1726494140625 0.3472346765625
1 0.1481273421875 0.46900361406249996 0.2133901640625 0.45673207031249996 0.22178302656249999 0.45123313906250007 0.2216156765625 0.44803990625 0.2193042609375 0.4438236921875 0.18538554062499998 0.425396146875 0.1618585484375 0.42438116406250004 0.1055105234375 0.422741603125 0.0656100609375 0.43499149687500005 0.0580457984375 0.4478518578125 0.06999745 0.45582988437500005 0.10135058593749999 0.45674216718749994 0.14511308125 0.4743661 0.1481273421875 0.46900361406249996
1 0.143251628125 0.601740821875 0.161002946875 0.5946270640625 0.194006246875 0.5955873625 0.22259087812499997 0.5857230890625 0.22254153125 0.584781496875 0.21960789531249997 0.581071759375 0.1898427265625 0.573406565625 0.1756784203125 0.5729944265625 0.11718323593749999 0.575911428125 0.08970256875 0.5860122062500001 0.090103065625 0.5936541265625 0.10535504531249999 0.6017281828125001 0.11867079375 0.6042957078125 0.143251628125 0.601740821875
1 0.15972137343749998 0.78082249375 0.178247928125 0.6922111906249999 0.1774091984375 0.6762072640625 0.1748963609375 0.65439509375 0.1687459953125 0.6410349484375 0.1609637609375 0.636531084375 0.1592734 0.6364818999999999 0.1455068609375 0.65518759375 0.143075196875 0.71278454375 0.1371629046875 0.7455654890625001 0.1247543203125 0.7583856250000001 0.134298834375 0.7949116109375 0.15972137343749998 0.78082249375
1 0.19524583125 0.85392678125 0.1961971265625 0.872078596875 0.18893368906250002 0.8998772796875001 0.191635984375 0.9098418015625 0.2007155328125 0.9166965843750001 0.2067143078125 0.88556580625 0.21653963593749997 0.88585169375 0.22461396250000001 0.894324875 0.21933859218750001 0.793664809375 0.20034790781249998 0.7546858453125 0.1990319578125 0.75464755625 0.17951839375 0.78262026875 0.1776809140625 0.7891573984375 0.1881116125 0.800994440625 0.1801563203125 0.815591803125 0.1909329453125 0.8340295062499999 0.19524583125 0.85392678125
1 0.21133159687499997 1 0.22027736875 0.9632932609375 0.212191853125 0.892209103125 0.201967215625 0.8733018796875 0.19138019374999998 0.872993828125 0.18722308906250001 0.8733584515624999 0.17289054375 0.891065553125 0.1728366171875 0.9108357671875 0.185915684375 0.9524075453125 0.18184087499999999 0.9786513593749999 0.19135283125 0.9937569671875 0.19112874375 1 0.21133159687499997 1
1 0.450843421875 1 0.4515368046875 0.9105163624999999 0.44696447343749995 0.885668590625 0.439460690625 0.8817723515625 0.43641834843750005 0.881683828125 0.42065575 0.9244466515624999 0.41658093906250004 0.950690465625 0.4176488046875 1 0.450843421875 1
1 0.41578588749999995 0.8693107781249999 0.4174290359375 0.9006639140624999 0.42415221562500005 0.9041548359375 0.4356095046875 0.873182884375 0.43571202812500004 0.8716777703125 0.433066953125 0.82120674375 0.426086359375 0.795466303125 0.41757962343750005 0.7787422937499999 0.4003392625 0.7617641640625 0.3869243609375 0.760114665625 0.3826514828125 0.7599903375 0.37994283125 0.767761284375 0.38040779375 0.7974324890625 0.3860392734375 0.8008916453125 0.39388671249999996 0.8258347125000001 0.40911663125000003 0.846049640625 0.41578588749999995 0.8693107781249999
1 0.7518108234375 0.8783798734375001 0.7646971515625001 0.85585668125 0.7674686328125 0.8314451359374999 0.7673083968750001 0.8283876593749999 0.745402603125 0.7580839953125 0.7445827015625001 0.7424393484375 0.741322628125 0.7423444906250001 0.71977454375 0.7474524031249999 0.7207044703125 0.8067948140625001 0.734561871875 0.8632180765624999 0.742895646875 0.8766417546874999 0.7508114140625 0.8783507937499999 0.7518108234375 0.8783798734375001
1 0.7787496625 1 0.7797799140625 0.9472831218750001 0.7782435249999999 0.9179670874999999 0.7743671296875 0.886461090625 0.7659577765625001 0.877231390625 0.7631324203125 0.8771491812500001 0.7469880718749999 0.8840167921875001 0.7325476765625 0.941264325 0.7331530468749999 0.9528154796875 0.74608051875 0.9498963328125001 0.7498745171875 0.95989261875 0.7548091984374999 1 0.7787496625 1
1 0.7217853296875 0.758123440625 0.74703490625 0.7407339921875 0.7469141015625 0.7369294421875 0.7440352453125 0.6819975953124999 0.733944653125 0.6365512390625 0.731501803125 0.6315372140625 0.70621966875 0.62750628125 0.7022852640624999 0.63563004375 0.71502959375 0.7332121375 0.7217853296875 0.758123440625
1 0.34730209218749997 0.7294674359375 0.35629516250000004 0.7346720546875 0.3633968234375 0.766184015625 0.3676127359375 0.7673533421875 0.371594809375 0.7674692078125 0.3743138546875 0.7665016687499999 0.38634395781249997 0.7256604921875 0.386218090625 0.7012662859375001 0.383467071875 0.648773721875 0.37586655156250004 0.6256228265625 0.36640437812500004 0.6253475046875 0.35682423124999996 0.640771475 0.3587593796875 0.698495484375 0.35014479375 0.7213119078125 0.33713083906249997 0.7225808875 0.331099509375 0.7322912859375 0.34730209218749997 0.7294674359375
1 0.390116321875 0.6268049265625 0.3891193609375 0.6077817640625 0.3787915125 0.569698559375 0.3697534828125 0.50063556875 0.369555678125 0.5006298124999999 0.355400784375 0.5393602828125 0.35828722968750004 0.6152361078124999 0.3694962609375 0.6419246375000001 0.380499771875 0.6438924562499999 0.3897197296875 0.6326271890624999 0.390116321875 0.6268049265625
1 0.7936246375 0.586311128125 0.7936229453125 0.5862788515624999 0.781635525 0.5772253203125 0.740231875 0.5660194953125 0.6725710125 0.564050765625 0.659008390625 0.563846890625 0.6495651109375 0.572292425 0.654973315625 0.5811700937500001 0.6917918703125 0.59205175 0.77942225625 0.5978716484375 0.7936246375 0.586311128125
1 0.4126849234375 0.5216008624999999 0.40657228125 0.4849773953125 0.40733942812499996 0.4372179046875 0.4015349875 0.43045841874999996 0.39966495156250004 0.41557516874999995 0.4034263921875 0.40415107499999997 0.4013833921875 0.38596749375 0.3937798421875 0.3843258640625 0.3832204484375 0.3840186171875 0.3745557796875 0.414844565625 0.3800580390625 0.49903474687499993 0.3876460328125 0.5190273203125 0.4095126515625 0.5410830062499999 0.41279745312499994 0.523748075 0.4126849234375 0.5216008624999999
1 0.716167484375 0.5235962671875 0.7196667890625 0.5147078484375001 0.7182912140625 0.4884603375 0.7128272625000001 0.48066021093750005 0.7032827484374999 0.4441342234375 0.6995426765625 0.41436772343749995 0.691386090625 0.4117067296875 0.6879786546875 0.4116075828125 0.6794921703125001 0.4269655015625 0.6774603578125 0.47139289531250006 0.6832434296875001 0.519342978125 0.6936741265624999 0.5311800203125 0.7034994546875 0.5314659078124999 0.716167484375 0.5235962671875
1 0.44533223906249997 0.3407908421875 0.44520233749999993 0.338312190625 0.42575578125 0.32835626875 0.35429503281249997 0.316091928125 0.34736434374999997 0.315890265625 0.32014521875 0.325283315625 0.32606834687499997 0.3439863140625 0.34299494531249997 0.3563261796875 0.3448162203125 0.35637917343750003 0.44175154218749996 0.3506224640625 0.44533223906249997 0.3407908421875
1 0.7181446046875 0.3368188046875 0.715671515625 0.289629434375 0.7070630515625 0.25321058750000003 0.69736755 0.2465083359375 0.6941150171875 0.246413696875 0.6817595484375001 0.29037025 0.6830893265625 0.3365431046875 0.6964817640625001 0.3632951640625 0.70484809375 0.3981392203125 0.717537490625 0.349078984375 0.7181446046875 0.3368188046875
1 0.39428174843749997 0.29272811249999997 0.39913489375 0.2813357828125 0.3995886703125 0.2483960109375 0.3948973015625 0.2004776984375 0.38065059218749997 0.19048929375 0.3799771125 0.19046969687499998 0.3680371328125 0.20793439062500002 0.36706446718749997 0.2309731671875 0.37672801875 0.2905697015625 0.382697825 0.2950767234375 0.385525328125 0.2951589953125 0.39428174843749997 0.29272811249999997
1 0.7388885593750001 0.22656723125 0.73618296875 0.17494146875 0.7249274578125 0.14035727656250002 0.7188319515625 0.13792467343749998 0.7148941046874999 0.13781009375 0.7035258046874999 0.14797279531250002 0.7103140984375 0.194304475 0.7104656921875 0.23879540000000002 0.73368345625 0.2658333484375 0.7393688609375 0.2495222875 0.7388885593750001 0.22656723125
1 0.414277059375 0.1947548953125 0.41180495625 0.1475843625 0.40752763437499995 0.0895498296875 0.3950123203125 0.0551769703125 0.39462946250000003 0.0551658296875 0.38193213125000003 0.10033861875000001 0.384418725 0.18938399687500002 0.390655575 0.20439430781249998 0.39973512499999997 0.21124909218750001 0.41047919374999997 0.2082664140625 0.414277059375 0.1947548953125
1 0.6813306781249999 0.12051866093750001 0.6873945640625 0.13222864375 0.70137353125 0.13741668437500001 0.7018417828125 0.137430309375 0.7005969640624999 0.09129630625 0.6980240015625 0.0422012546875 0.6946142609375 0.02039860625 0.69444921875 0.0202064078125 0.6662201453125001 0.019385026562499998 0.66873794375 0.06742749375 0.6813306781249999 0.12051866093750001
1 0.97519486875 0.17034595 0.9750216093749999 0.1703409078125 0.9660371812499999 0.1848057734375 0.9662938375 0.189703046875 0.9685858218750001 0.2261475515625 0.9963282296875 0.2269547734375 0.99590349375 0.2188503328125 0.9943209234375001 0.20547693437499998 0.9849493734375001 0.1722512765625 0.97519486875 0.17034595
1 1 0.06497972656249999 0.996838609375 0.0648877390625 0.979110175 0.0659257140625 0.964544759375 0.07095209375 0.9535657421874999 0.08153302031250001 0.9590311609375 0.0915023921875 0.972461334375 0.09625332343750001 1 0.0980102953125 1 0.06497972656249999
1 1 0.3114782640625 0.9750129734374999 0.31075121562499997 0.975792434375 0.3310775171875 0.9800188390625 0.3493246296875 0.9870014671874999 0.3577660453125 0.9957350921874999 0.35802016875 1 0.35517906875 1 0.3114782640625
1 1 0.44337281562499997 0.9612862703125 0.45476825937500004 0.9769959625 0.4715759390625 0.9938408937500001 0.47860630625 1 0.4774135015625 1 0.44337281562499997
1 1 0.557063228125 0.9778772984374999 0.5571165515625001 0.963197453125 0.559959525 0.9556904078124999 0.5739115906250001 0.9643989421875 0.5828852906249999 0.9761217375 0.5864965046874999 0.998796109375 0.58914411875 1 0.5891791484375 1 0.557063228125
1 1 0.6406630203125 0.9972430781250001 0.6405828015624999 0.9945334453125 0.6410202609375 0.9837354515625 0.663773153125 0.9844805781250001 0.700043103125 1 0.700494671875 1 0.6406630203125