1 1 0.004608746875 0.99985811875 0.0015625 0.916129584375 0.0015625 0.909612178125 0.0050923 0.9097765656250001 0.008621765625 0.9129158984375 0.021255275 0.9562434124999999 0.025474684375 1 0.024713696875 1 0.004608746875
1 0.9429267328125001 0.1500616296875 0.944183753125 0.17705036875 0.9699452718750001 0.17705036875 0.9731431640625001 0.1419065984375 0.9695454140624999 0.1099577171875 0.956235625 0.08125 0.9551800765625 0.08125 0.9429244578124999 0.14989381875000002 0.9429267328125001 0.1500616296875
1 0.9606133781249999 0.294968475 0.9829558437499999 0.294968475 0.979212590625 0.2310707109375 0.9753784140624999 0.2166937140625 0.9684584875000001 0.2109375 0.9652161578125 0.2109375 0.9567996890625 0.21308705468750003 0.9606133781249999 0.294968475
1 1 0.359003421875 0.9576017109375 0.35329641562499997 0.9288477171875 0.35329641562499997 0.9115214843749999 0.358570675 0.8985999546875 0.37251047812500004 0.8990122843749999 0.3813633625 0.9122584437500001 0.374393459375 0.9377684171875 0.373338609375 1 0.3820251390625 1 0.359003421875
1 0.9128994234375 0.44194956875 0.9174511765625001 0.517029440625 0.9358168578124999 0.5489783234375001 0.9422947765625 0.5521732109374999 0.9481774765625 0.542588546875 0.9589144703124999 0.4786907828125 0.964039928125 0.47549589531249997 0.9462826874999999 0.43396234843750003 0.9448690453124999 0.4036109109375 0.9378982390624999 0.39375 0.934931953125 0.39375 0.9246780484375 0.4004160234375 0.9128994234375 0.44194956875
1 0.9216493484375 0.632557696875 0.9219308093749999 0.6386007921875 0.9303768953124999 0.6690158937499999 0.9347451093749999 0.67221078125 0.94395439375 0.6434567875 0.9424663515624999 0.6115079062500001 0.94903189375 0.593936021875 0.9510804203125 0.569974359375 0.9483754984375 0.5571948078125 0.940844096875 0.54375 0.9326192671875001 0.54375 0.9236542578125 0.569974359375 0.9216493484375 0.632557696875
1 1 0.7046875 0.9700592640625001 0.7046875 0.88983043125 0.7257548796875 0.877125196875 0.7501263609375 0.8771744609375001 0.7511840875 0.9121202515625001 0.7584553015625 0.9243102375 0.745797071875 0.95591520625 0.73841310625 1 0.7342360609374999 1 0.7046875
1 0.89976438125 0.9007237015625 0.906363290625 0.8932069765625 0.9158569609375 0.8932069765625 0.9246545718749999 0.9235584140625 0.9327957781249999 0.9171686390625 0.9344590703125 0.9075839734375 0.9247554156250001 0.8804274234375 0.9239369921874999 0.8628555390624999 0.9262087234375 0.8436862109375 0.9348839718749999 0.826114325 0.9257755328125 0.811737328125 0.9347483890625 0.8005552187499999 0.9323410750000001 0.7941654437500001 0.9112906140625 0.7671875 0.90920565 0.7671875 0.8952017437500001 0.8027620687500001 0.89976438125 0.9007237015625
1 1 0.9463343453125 0.9910387187499999 0.9419963062500001 0.9431410046875 0.9390625 0.9178314859375 0.9390625 0.8796106781249999 0.9504351265625001 0.8626283578124999 0.9630933531249999 0.853092825 0.96414820625 0.8693129171875 0.96942246875 0.8931763171875 0.9673127625 0.9079463609375 0.9757515828125 0.9332598125 0.9704773187500001 0.97368721875 0.98102584375 0.99280741875 0.9799709906249999 1 0.973679875 1 0.9463343453125
1 0.6261845125 0.9647620109374999 0.6263029328124999 0.9673045234375 0.630378759375 0.9746967281250001 0.6544878140625 0.9778612875 0.7421015859375 0.9725870249999999 0.761565696875 0.9789161390625001 0.7708555796875001 0.9725870249999999 0.7799489390625001 0.962038503125 0.7792611109375 0.9472705687499999 0.766928003125 0.9421875 0.691835853125 0.9421875 0.667440025 0.9472705687499999 0.6261845125 0.9647620109374999
1 0.64623319375 0.8249077 0.6462384906249999 0.8250214250000001 0.6496763624999999 0.8312565921875 0.6800278 0.8312565921875 0.70263766875 0.8365308546874999 0.722445696875 0.850243934375 0.746702140625 0.8565730484375 0.7501426796875 0.861847309375 0.77884754375 0.8607924578124999 0.786687371875 0.8576279 0.784303840625 0.8407502640625 0.767592440625 0.824927478125 0.7512740875 0.8175435125 0.7209544234374999 0.8109375 0.686978790625 0.8109375 0.6759485625 0.8122692515625 0.64623319375 0.8249077
1 0.322035340625 0.808582628125 0.3220657984375 0.8092365499999999 0.337868015625 0.8092365499999999 0.4073933296875 0.8271690390625001 0.43275591406249997 0.8229496296875001 0.454481434375 0.8092365499999999 0.45249094375 0.80079773125 0.43936747968749995 0.793413765625 0.39240695625 0.784375 0.3434792296875 0.784375 0.3271533484375 0.784974946875 0.322035340625 0.808582628125
1 0.39956659375000003 1 0.39551855156250004 0.9948723609375 0.396599846875 0.9501439265625 0.39931799218749997 0.9405592625000001 0.4121250234375 0.9437541484375 0.4116042078125 0.932572040625 0.392122496875 0.876661496875 0.37399152812500003 0.86875 0.373754853125 0.86875 0.3658255890625 0.8782589421875 0.3647851375 0.921297853125 0.36494139375 0.9246527609375 0.373441053125 0.996469803125 0.37438251562499997 1 0.39956659375000003 1
1 0.37743564687500003 0.723244334375 0.3787339875 0.75112024375 0.38125584218749997 0.755507253125 0.405368640625 0.7523123671875 0.4072551390625 0.747520034375 0.4133874921875 0.6979992687500001 0.40995176874999995 0.64688105625 0.3843795859375 0.6296875 0.3837512375 0.6296875 0.3796586609375 0.65327083125 0.37743564687500003 0.723244334375
1 0.74472796875 0.6682386359375 0.7365123578125 0.6730309671875 0.7218351765625 0.6700950078125001 0.721913565625 0.6717780390625 0.7273162953125001 0.67942074375 0.740048925 0.6810181875 0.7505842265625 0.7033824046875 0.7542431546875 0.7592929484375001 0.7655357 0.7752673890625 0.77397451875 0.7752673890625 0.7809996953125 0.7449159515625 0.7747102484374999 0.6778233 0.7591371140625001 0.6378871968750001 0.75809635625 0.6375 0.750104640625 0.6375 0.748588590625 0.6378871968750001 0.74472796875 0.6682386359375
1 0.6569833609375 0.5860530703125 0.7236878640625 0.5912776890625 0.7672610296875 0.6007713609375 0.7847346515625 0.5986616578125 0.7954745859375 0.5891679843750001 0.7933858359375 0.5786194609375 0.7706347171875 0.5703125 0.693637915625 0.5703125 0.656968909375 0.5857428062500001 0.6569833609375 0.5860530703125
1 0.319516953125 0.5867743203125 0.31961771875 0.5889377859375 0.33309779375000004 0.5994231296875 0.41761493906249997 0.596258571875 0.45231653437499997 0.5867649015625 0.45671582187500004 0.5783260828125 0.44724089375 0.5703125 0.3656262375 0.5703125 0.32896942500000004 0.5793809343749999 0.319516953125 0.5867743203125
1 0.6875023640625 0.5546875 0.7061301140625 0.5344076062500001 0.7115664015625 0.5152382765625 0.70882674375 0.433768628125 0.6967901796875 0.40181974687500005 0.6800613453125 0.40501463437499996 0.679824915625 0.4225865203125 0.684565140625 0.433768628125 0.6841799078124999 0.448145625 0.6792032546875 0.45453540156249994 0.6845254749999999 0.50086128125 0.6825133250000001 0.5303366140625 0.6830135890625 0.5410774828125 0.6869155609375001 0.5546875 0.6875023640625 0.5546875
1 0.3422879671875 0.471822090625 0.34235545312500004 0.473271034375 0.34561255 0.4825916390625 0.3744648046875 0.48470134375 0.40995248906250004 0.49208531093749996 0.4181853609375 0.497359571875 0.442147021875 0.497359571875 0.4515351640625 0.49314016250000003 0.45893281874999997 0.48048193437500003 0.45849064375 0.47098826406249994 0.4468663609375 0.46149459375 0.41573896093749996 0.459375 0.389760090625 0.459375 0.357458621875 0.46254944531250003 0.3422879671875 0.471822090625
1 0.671676728125 0.33121802499999997 0.6846002296875 0.39919088281250004 0.6949867265624999 0.41836021093750003 0.7063668953125 0.41356787968750003 0.7103415859375 0.317721234375 0.6979941875 0.30174679375 0.6854569640625 0.2984375 0.6793635078125 0.2984375 0.6713197015625 0.3235525359375 0.671676728125 0.33121802499999997
1 0.3107974265625 0.33246758593750003 0.310823821875 0.333034303125 0.3435142328125 0.3391482078125 0.3696137734375 0.350751584375 0.41429307812499994 0.34969673125 0.458333684375 0.3349287984375 0.449806028125 0.3233254234375 0.41632325468750003 0.3171875 0.3653698109375 0.3171875 0.3569086171875 0.3180511625 0.3107974265625 0.33246758593750003
1 0.6816034359375001 0.215625 0.6811177875000001 0.215625 0.6681636171875 0.22498389687499998 0.6681962328125 0.25649041875 0.669362471875 0.281530021875 0.671809321875 0.3032586578125 0.6776044 0.314440765625 0.6868011875 0.3171875 0.6888727218749999 0.3171875 0.6944076359375 0.312843321875 0.6979265671875 0.25741006875 0.697717196875 0.2529148109375 0.6949069375 0.23297111718750002 0.6816034359375001 0.215625
1 0.35688063125 0.227686578125 0.40180558906249997 0.23190598750000002 0.4123981296875 0.21924775937500002 0.40881019687500003 0.210808940625 0.36998023281250003 0.20026041718749998 0.3029858453125 0.20237012187499998 0.2878353734375 0.208485628125 0.28786605 0.2091442515625 0.313847903125 0.22979628281250003 0.35688063125 0.227686578125
1 0.5856550609375 0.1616734234375 0.5856921546875 0.1624698609375 0.6184761671875 0.172629878125 0.7176159609375 0.1747395828125 0.733344753125 0.16946532187500002 0.7360483343750001 0.1589167984375 0.7292655124999999 0.1504779796875 0.7149444593750001 0.1453125 0.7102 0.1453125 0.6284791453125 0.14731342187500002 0.5856550609375 0.1616734234375
1 0.31161261875 0.08159007812499999 0.31610736093749997 0.09293908125 0.327535121875 0.0982133421875 0.3790955078125 0.1077070125 0.4318111625 0.1077070125 0.43741485156250004 0.0908293765625 0.4241439921875 0.080280853125 0.4033666828125 0.078125 0.35397560625 0.078125 0.31150153281250004 0.0792050171875 0.31161261875 0.08159007812499999
1 0.659375 0 0.6629280171875 0.076284715625 0.6676750640625 0.0838289765625 0.679055234375 0.07903664375 0.6886589890625 0 0.659375 0
1 0.1122036921875 0.22016415937499997 0.1261385140625 0.210670490625 0.1240988953125 0.2011768203125 0.09180609843750001 0.193792853125 0.043685315625 0.190625 0.0209928625 0.190625 0.00896616875 0.19250725 0.010182509374999999 0.21862257343749997 0.0115155828125 0.219109309375 0.1122036921875 0.22016415937499997
1 0.066995390625 0.1084684859375 0.0972977 0.107413634375 0.10988072812500001 0.10319422656249999 0.1142308859375 0.0937005546875 0.102557471875 0.08315203125000001 0.0879348234375 0.07787777031250001 0.0032847515624999995 0.070524934375 0.004592821875 0.09860972031250001 0.050726165625 0.10213937343749999 0.066995390625 0.1084684859375
1 0.05166798593750001 0.3041923359375 0.055587975 0.388356071875 0.056682296875 0.3944818046875 0.090701284375 0.3944818046875 0.0890107078125 0.386494584375 0.080847984375 0.3018300453125 0.077237015625 0.29224538125 0.06757122343750001 0.2859375 0.0589458359375 0.2859375 0.0530498140625 0.2938428265625 0.05166798593750001 0.3041923359375
1 0.0521652171875 0.473388053125 0.0888573 0.4723332 0.11306461406249999 0.47760746249999997 0.1287442734375 0.47127834843749994 0.1423843125 0.4554555640625 0.1000350390625 0.4421875 0.059535403125 0.4421875 0.028621865625 0.44807159687500003 0.0210547203125 0.45205330000000005 0.0217117046875 0.46615901718749997 0.039582184375 0.47760746249999997 0.0521652171875 0.473388053125
1 0.0772952984375 0.52369315625 0.0786926484375 0.61604266875 0.0791185703125 0.625187396875 0.0821856203125 0.6339167984375 0.10528418125000001 0.6339167984375 0.10744789375 0.627527021875 0.10885324375000001 0.5444599296875 0.10562750781250001 0.52049826875 0.101942134375 0.509316159375 0.0933889515625 0.5015625 0.09274118906249999 0.5015625 0.0797902359375 0.509316159375 0.0772952984375 0.52369315625
1 0.11932774531250001 0.7293694296875 0.1069624125 0.6982192703125001 0.10176501874999999 0.6319253406249999 0.0891200140625 0.6095611234375 0.08060679375 0.607963678125 0.073743640625 0.6191457875 0.06625076875 0.650838034375 0.06658609531250001 0.6580376421875 0.07691023125 0.7293694296875 0.11932774531250001 0.7293694296875
1 0.06436231406250001 0.765175234375 0.06329423906250001 0.7875394515624999 0.079480784375 0.86741165625 0.11326556406249999 0.86741165625 0.11102053593750001 0.8610218796875 0.1135898765625 0.8482423265625 0.127316178125 0.8258781093750001 0.106604365625 0.8115011125 0.10520394531249999 0.7587854578125001 0.0993335875 0.753125 0.0951196171875 0.753125 0.0682841140625 0.7587854578125001 0.06436231406250001 0.765175234375
1 0.0598256171875 0.9490049796875001 0.059994001562499996 0.952620259375 0.06772040781250001 0.96917245 0.08617371093750001 0.980354559375 0.0929756828125 0.9452107890624999 0.08968781718749999 0.9171875 0.05834369375 0.9171875 0.0584747328125 0.9200009343750001 0.0617897484375 0.9324312359375 0.0598256171875 0.9490049796875001