1 0.9825055624999999 1 0.9827984015625001 0.98322325625 0.97810475 0.9818044203125 0.9183744656249999 0.9797220093749999 0.8758490578125 0.9831389953125 0.87355338125 0.99357833125 0.8734545499999999 0.99924036875 0.8748320796875 1 0.9825055624999999 1
1 0.9113321843750001 0.88871741875 0.9148755 0.9182474218750001 0.9204446015625001 0.9350963437500001 0.941072315625 0.935456403125 0.9403449796875 0.888808678125 0.92599710625 0.8195330359374999 0.9258825249999999 0.819531034375 0.912964578125 0.8490105984375 0.9117776328125 0.8631976796874999 0.9113321843750001 0.88871741875
1 0.9251500125 0.7238944453125 0.9236995890624999 0.8069891234375 0.9465058187500001 0.8073872078125 0.9482531640625 0.707281865625 0.9363276828125 0.704053128125 0.93568724375 0.7040419484375 0.9284477546875 0.7100817734375 0.9251500125 0.7238944453125
1 0.9005908140625 0.6086616796875 0.900064221875 0.6388301750000001 0.9071578984374999 0.6990068625 0.911083125 0.7051754578125 0.9207165625 0.7053436109375 0.9269358625 0.69777928125 0.9288260640624999 0.6923792609375 0.9288762328125 0.6895051328124999 0.920019553125 0.6174454468749999 0.921498175 0.5923063609375 0.9290216875 0.578282428125 0.9207056796875 0.578137271875 0.9059056609375 0.5920341921875 0.9005908140625 0.6086616796875
1 0.882852665625 0.5196731203125 0.8197237046874999 0.5320888296875 0.811179890625 0.53752546875 0.8111343015625 0.5401372140625 0.8132166625 0.5444530624999999 0.8443728890625 0.56163398125 0.8547624203125 0.5619615546875 0.9209721484375001 0.56311725 0.9593704984375 0.5511634578125 0.9674498687499999 0.538826671875 0.956570590625 0.5313580484375 0.9266963765625 0.5308365921875 0.8860880421875 0.5145305046875001 0.882852665625 0.5196731203125
1 0.8690587109375001 0.35564936875000003 0.8685357109374999 0.3856120515625 0.869286365625 0.39216769375 0.8762609781249999 0.409590303125 0.8757120765625 0.4410368453125 0.8853337531250001 0.468716615625 0.8866827484375 0.46874016249999995 0.88982596875 0.46644810156250005 0.8976513781250001 0.435128571875 0.8936065671875 0.36900011250000003 0.8836781218749999 0.3420891078125 0.8764016140625 0.341962096875 0.8690587109375001 0.35564936875000003
1 0.891909425 0.222392665625 0.86834450625 0.3070233515625 0.8680730750000001 0.3225736515625 0.869006134375 0.3430989578125 0.8739840781250001 0.3557682953125 0.8798156953125 0.3592119734375 0.8833031828125 0.35927284843749996 0.8971001093750001 0.342016534375 0.9032581921875 0.287075809375 0.9110835984375001 0.25575628125 0.9237771734375 0.2433953984375 0.91710445625 0.208677190625 0.891909425 0.222392665625
1 0.8573982734375001 0.1620367921875 0.838475915625 0.16482595312499998 0.8211803171875 0.16452405781249999 0.7945959140625 0.1557414828125 0.7851256625 0.157655815625 0.7786911984375 0.1658620421875 0.8084384 0.17366000625 0.8082751 0.183015515625 0.8015293281250001 0.189044065625 0.8987867062499999 0.1907416984375 0.9342245640625 0.17585561249999998 0.9062855687500001 0.1545715796875 0.90003255 0.152382796875 0.888862959375 0.161546190625 0.874857171875 0.152983178125 0.8573982734375001 0.1620367921875
1 0.8572265124999999 0.057368300000000004 0.8515898843749999 0.082434809375 0.8596588890625 0.0967309078125 0.857168209375 0.12027952500000001 0.8618732515625 0.1353932109375 0.862180140625 0.1353985671875 0.8632954359375 0.1266777 0.87607134375 0.1095998390625 0.8892863734375 0.0673647421875 0.8870036953125 0.0154827078125 0.8484375 0.014809531249999999 0.8483265015624999 0.021168662499999998 0.8572265124999999 0.057368300000000004
1 0.5940092734375 0.035494690625000005 0.5703699359375001 0.0382015171875 0.56656738125 0.04542686875 0.56652375 0.04792648125 0.6076340250000001 0.0658872265625 0.6327005359375 0.07152385312500001 0.698954534375 0.0747193390625 0.70037153125 0.0747440734375 0.71769691875 0.06780838125000001 0.71795094375 0.0532553671875 0.7086984265625 0.0426956859375 0.69937333125 0.036294009375000005 0.6803965390625 0.042201675 0.5940092734375 0.035494690625000005
1 0.6546973796875 0.10916855 0.638092809375 0.107305909375 0.6348370812499999 0.11511311093750001 0.6337824140625 0.1345651265625 0.633624728125 0.1435989046875 0.6384461828125 0.14663223125 0.6442715125 0.170326003125 0.6574556859375 0.18942980781250002 0.662268959375 0.2115331078125 0.661747503125 0.241407321875 0.667696421875 0.2445381171875 0.6679812187499999 0.2445430890625 0.6809250875 0.21500436562499997 0.6833059875 0.19774505625 0.6837176625 0.1741601515625 0.6770175015625 0.14101426875 0.67001544375 0.1251639875 0.6546973796875 0.10916855
1 0.34237708125 0.137979565625 0.3340885171875 0.13626208125 0.3201907734375 0.15803878124999998 0.3156566890625 0.182779440625 0.31564685937500003 0.18334258750000001 0.3320850265625 0.25104195625000003 0.3318105765625 0.2667652265625 0.35582888125 0.26089324375 0.3588959046875 0.204325759375 0.3494340265625 0.15068519375 0.34237708125 0.137979565625
1 0.311745128125 0.0487013015625 0.323963609375 0.0458469 0.32691744218749996 0.0553352953125 0.3292674828125 0.09941488750000001 0.31969241406250004 0.11183019999999999 0.31952774375000004 0.1212641640625 0.3285108734375 0.13858714375 0.3287098140625 0.138590615625 0.3465822140625 0.12016359375 0.35106956093749997 0.10136825000000001 0.357384759375 0.030750857812499997 0.3574417578125 0.027485437499999998 0.35630798750000003 0.0062193796875 0.3219583921875 0.0056198046875 0.3119537328125 0.0367503125 0.311745128125 0.0487013015625
1 0.334090390625 0.366467159375 0.3360870546875 0.3712204296875 0.3508390546875 0.3734232921875 0.36059625 0.3735936046875 0.36401235781249996 0.3673987640625 0.3640676609375 0.3642304578125 0.3585786734375 0.27409904375 0.35379284218749996 0.250423415625 0.328542921875 0.2672835421875 0.32799982499999997 0.28152726562499997 0.32729406562499996 0.321960190625 0.334090390625 0.366467159375
1 0.710579834375 0.2730894828125 0.7023461609375 0.26822734531250003 0.6976701125 0.238262409375 0.6936589484375 0.23717641406249998 0.6899787609375 0.2371121765625 0.6872751015625 0.23808096406249998 0.6730754609375 0.277153259375 0.669368275 0.33442349843749997 0.669190240625 0.34462307812500004 0.6765209890625 0.3728561875 0.6851172421875 0.37300623593750004 0.6955842875 0.35775926406249997 0.697584365625 0.3027459625 0.70732410625 0.280896684375 0.7198255625 0.27954209375 0.7262272390625 0.27021699843749997 0.710579834375 0.2730894828125
1 0.6084462562499999 0.42201569843750003 0.608442121875 0.4222525640625 0.6446160375 0.4379442796875 0.721464390625 0.439285671875 0.7430571828125 0.4316819734375 0.74481095625 0.42131440937500003 0.7339679671875 0.411766784375 0.716708659375 0.40938588593749997 0.674092528125 0.418000378125 0.6084462562499999 0.42201569843750003
1 0.331101446875 0.3901673234375 0.3283571265625 0.44014312499999997 0.3277485 0.47501133749999996 0.3373165171875 0.48728450937499995 0.3381063328125 0.48729829531249996 0.3462239828125 0.47693562343749996 0.35736001093750003 0.4346642375 0.357610428125 0.3607467234375 0.349459090625 0.35116760468749997 0.341060746875 0.3557394296875 0.331101446875 0.3901673234375
1 0.6341608859375001 0.47105387343749994 0.63763396875 0.5067383828125 0.6337195578125 0.5522814328125001 0.6388072828125 0.5586614640625001 0.639599778125 0.5728305515625001 0.6352496578125 0.5837642625 0.6359872640625001 0.6010780046875001 0.6485882843749999 0.6036890781250001 0.6528268859375 0.6037630625 0.6635083015625 0.5732478765625 0.6638685 0.49304105312499996 0.6579608359375 0.4740642609375 0.6385671015625001 0.4532792625 0.6341750890625 0.47024011093749996 0.6341608859375001 0.47105387343749994
1 0.3749080421875 0.5045810046875 0.3669556875 0.509641284375 0.33223747812500004 0.5163140015625001 0.3038993015625 0.517898990625 0.300573203125 0.5282391125 0.3161331734375 0.537869071875 0.3384159140625 0.540444884375 0.3873787453125 0.541299534375 0.4041653421875 0.5404454953125 0.41533493281249995 0.5312821015625 0.4154982328125 0.5219265921875 0.40785433437499996 0.5093153546875 0.39849294999999996 0.50499268125 0.3749080421875 0.5045810046875
1 0.6306537296875 0.6719787078125 0.630481959375 0.6818194078125 0.639123771875 0.7066802937500001 0.64254498125 0.7067400109374999 0.6571685734375 0.703108775 0.668877534375 0.6875850953125 0.66220823125 0.593100315625 0.65085605625 0.5881837437499999 0.6411712046875 0.6068883671874999 0.6306537296875 0.6719787078125
1 0.272958015625 0.6652372390625 0.3198738015625 0.6806136078125 0.336930240625 0.6826497734375 0.3735728265625 0.683289371875 0.4111594921875 0.677007915625 0.41922071875 0.6657106296874999 0.375449584375 0.650389153125 0.331442571875 0.6485811906250001 0.3060857484375 0.6595765796874999 0.272958015625 0.6652372390625
1 0.63031030625 0.701331953125 0.630096828125 0.703883584375 0.628861265625 0.77466889375 0.6289654984374999 0.7783759796874999 0.64226471875 0.788009875 0.6423402453125 0.78801119375 0.6550902484375001 0.7709679578124999 0.65755348125 0.7489916671875 0.6523044984374999 0.692279028125 0.6461498265625 0.6874531796875 0.635699925 0.6904163875 0.63031030625 0.701331953125
1 0.255081321875 0.787769109375 0.255077859375 0.7879674249999999 0.270531240625 0.7944117328125 0.3078633296875 0.7962396609375 0.3398267484375 0.7967975843749999 0.37444998125 0.7879071 0.3777397921875 0.7796459812500001 0.3669512375 0.7669798531249999 0.3228535015625 0.7703693953124999 0.28043696093750003 0.7675493765625 0.255081321875 0.787769109375
1 0.607992146875 0.896807196875 0.612942646875 0.9110488609375 0.62099884375 0.9173656906250001 0.621530975 0.9173749796875 0.6315987765625 0.9145201203125 0.6370707296875 0.898887571875 0.6366933218749999 0.8013670062499999 0.6268746593750001 0.7681666921875 0.6115531828125 0.8119378265625 0.607992146875 0.896807196875
1 0.330031953125 0.8814493921875 0.329125840625 0.9333605875 0.33083894062499997 0.9531025375000001 0.3408179796875 0.9656163015624999 0.3416607015625 0.9656310109374999 0.35775618593749997 0.9598636046875001 0.3586618734375 0.9079768125 0.35018460625 0.8574990453125 0.3451792171875 0.8464020343750001 0.3317480390625 0.8414491734375 0.330031953125 0.8814493921875
1 0.3486820515625 1 0.3495955328125 0.9476667671874999 0.342388884375 0.94353746875 0.3351311421875 0.9474883828125 0.33481679999999997 0.9654970765625001 0.33645635937499996 1 0.3486820515625 1
1 0.7030972640625001 1 0.707888503125 0.9960693265625 0.7096059859375 0.9877807640625 0.6863113937499999 0.9707370703124999 0.6734837578125 0.969860028125 0.6635854703125 0.9696872531249999 0.579157275 0.9823843203125 0.5750550109375 0.9918562921875 0.575014 0.9942058703125 0.5845598484375001 1 0.7030972640625001 1
1 0.037063912500000004 0.8410885421875 0.0396707046875 0.841573575 0.047160757812499995 0.8417043156249999 0.0558631890625 0.8290277937500001 0.056079348437499996 0.816643996875 0.056662140625 0.7329070109375 0.0297244078125 0.7324368109375 0.02764325 0.7444330296875 0.0275190546875 0.7515481859375 0.0303363078125 0.8095149906250001 0.037063912500000004 0.8410885421875
1 0 0.917418903125 0.06302783125 0.9130222874999999 0.0772694984375 0.9080717890625 0.0884572328125 0.8978688937499999 0.083903553125 0.8884310484375 0.07139751562499999 0.884053484375 0.0415414453125 0.8824925265625 0.0257093078125 0.8884550828125001 0 0.8899806734375 0 0.917418903125
1 0.039859953125 0.6040045171874999 0.031055318749999998 0.60970294375 0.02777214375 0.6190824734375 0.0221595546875 0.7023432281249999 0.022122496875 0.70254543125 0.022074634375 0.7052875171874999 0.0549828 0.7058619312500001 0.0554235859375 0.7029238531249999 0.05775300625 0.6290426265625 0.054936399999999996 0.611692596875 0.04917721875 0.6041671515625 0.039859953125 0.6040045171874999
1 0.0582096984375 0.47947357031250004 0.0390366796875 0.47913890312499996 0.0373647875 0.482255334375 0.0317458359375 0.5093961140625 0.0309536078125 0.554782759375 0.0424206671875 0.5931083828125 0.0437047421875 0.5931307968749999 0.058532215624999995 0.580138790625 0.0650436734375 0.5645243875 0.06025784375 0.5408487578125001 0.06192858125 0.5047033812499999 0.0663061453125 0.4921973421875 0.0582096984375 0.47947357031250004
1 0.03977215 0.40774022812500005 0.0396746734375 0.41332460624999995 0.043295414062499996 0.49192817968749997 0.043724239062499996 0.49310066875 0.070026703125 0.49355977968750003 0.07115752343750001 0.49007298749999995 0.0713075484375 0.481478096875 0.07002736875 0.39016239375 0.067155871875 0.375957015625 0.053779584375 0.3678595 0.04532635 0.3755759796875 0.04201573125 0.386527834375 0.03977215 0.40774022812500005
1 0 0.348404640625 0.06489971875 0.3559283953125 0.06493014687500001 0.35592892656249997 0.098104440625 0.347151846875 0.1092377421875 0.34006745625 0.1078105703125 0.3317240015625 0.085997584375 0.3199052609375 0.0207823015625 0.3166872859375 0 0.308986953125 0 0.348404640625
1 0.0652067859375 0.13802207187499999 0.032615884375 0.1374531953125 0.019778053125 0.211150996875 0.021472825 0.233199865625 0.0255210484375 0.2395617515625 0.0479980546875 0.244662075 0.0571540203125 0.2448218921875 0.061903585937500005 0.24019681093749998 0.061769771875000004 0.188291875 0.08176729687499999 0.1744856765625 0.0675985125 0.152219075 0.0646995703125 0.139586025 0.0652067859375 0.13802207187499999
1 0.00035354375 0.0692883234375 0.015178935937499999 0.070598871875 0.024708103125 0.0707652046875 0.05726664687500001 0.0635365078125 0.046568815624999996 0.0456728734375 0.0294002296875 0.0380944703125 0.010477871875 0.0408836328125 0.0008893078125 0.038594385937499996 0.00035354375 0.0692883234375