1 0.9183814953124999 0.10657783125 0.9210883421875 0.1175911515625 0.9292645703125 0.11952728593749999 0.9377661453125 0.1121466484375 0.9457811640625 0.0891901453125 0.9522265921875 0.052162653125 0.9512686078125 0.044306046875 0.9203125 0.042864243749999996 0.9186757765625 0.08973388593750001 0.9183814953124999 0.10657783125
1 0.9141745359375 0.21863253125 0.9133519234374999 0.242189090625 0.9256888359375001 0.242763690625 0.9301724968749999 0.2383065609375 0.940353578125 0.2123403015625 0.94679900625 0.1753128078125 0.9458258890625 0.144161071875 0.9350597546875001 0.11554300937499999 0.9341369937499999 0.11550003125 0.9166924921874999 0.1816871765625 0.9141745359375 0.21863253125
1 0.9203822296874999 0.354585875 0.9217147453125 0.357692859375 0.9344360203125 0.3582853625 0.942817421875 0.3477884875 0.9447709796874999 0.26233684375 0.94217258125 0.2482179359375 0.935913096875 0.24235110468749999 0.932601478125 0.2421968625 0.924247665625 0.24389429062499998 0.9203822296874999 0.354585875
1 0.8858745734375001 0.4016005671875 0.8842302156249999 0.448688784375 0.8871933859375 0.4599746359375 0.9011086546874999 0.4746206375 0.90933910625 0.4750039765625 0.9026254828125 0.4606933984375 0.9024642734375 0.4358007609375 0.9153009046875 0.36329856718750003 0.913460190625 0.35699155312499997 0.9088055765625 0.3506414453125 0.8971549296875001 0.35009880781249997 0.8939670906250001 0.3545283265625 0.8858745734375001 0.4016005671875
1 0.9028002515625 0.48965042187499996 0.8254674234375001 0.4860485875 0.794324746875 0.5008313734375001 0.791455065625 0.506040109375 0.7914159953125 0.5071589390625 0.80010480625 0.51346634375 0.861749559375 0.5297337328125 0.8646755171875 0.5350224109374999 0.9055870875 0.5214707 0.93509019375 0.522844828125 0.9460374796875 0.5162540546875001 0.946050840625 0.5158714703125 0.938878390625 0.503442146875 0.9028002515625 0.48965042187499996
1 0.8645015265625 0.5802040703125 0.8567536406249999 0.57984320625 0.8458000531250001 0.6051689578125 0.8391811109375 0.6631202875 0.83885106875 0.6725714390624999 0.844495728125 0.701538084375 0.84827949375 0.7046518234375 0.8485721640625 0.70466545625 0.859766615625 0.6773642093750001 0.8608511125 0.6463083078125 0.86864923125 0.6295629843749999 0.8724394171875 0.6070654015625 0.872480565625 0.6058870656249999 0.8709252093750001 0.5938966156250001 0.8645015265625 0.5802040703125
1 0.83712564375 0.721981153125 0.847693875 0.733512428125 0.8538110218750001 0.7649037515625 0.8570571875 0.8194911625 0.8707612656249999 0.8387274437500001 0.8709282249999999 0.8387352203124999 0.8792029109374999 0.834520503125 0.8847807421875 0.8223377296875001 0.887977075 0.78982486875 0.8683799203125 0.7018141640625 0.8451384375 0.687290071875 0.844040109375 0.6872389171875 0.83740525625 0.713974103125 0.83712564375 0.721981153125
1 0.8059419515625 0.8109658765625 0.8132505828125 0.8377467328125 0.8126541093749999 0.854827478125 0.8089169921874999 0.873317265625 0.7990612609375 0.8899667546875 0.8068036921875 0.9043252484375 0.797541925 0.9143552156249999 0.79748889375 0.9158738328125 0.7990055734375 0.9210705718750001 0.8186056578124999 0.9499792312500001 0.836367959375 0.9134788296874999 0.839675671875 0.8187583328124999 0.8322029000000001 0.8261868859374999 0.822943640625 0.825755628125 0.81701655 0.797098209375 0.8151839875 0.7970128562500001 0.808324915625 0.8017449421875 0.8059419515625 0.8109658765625
1 0.8421348640625 1 0.8443248765625 0.977383234375 0.8334432656249999 0.9348827609375 0.8216940609375 0.9172270046875 0.8210312265624999 0.90840313125 0.8207935718750001 0.9083920624999999 0.8153043203125 0.9231506812499999 0.8165485625000001 0.9465384421874999 0.8078300890625 0.96013025625 0.8121065249999999 0.985214565625 0.8076163359375 1 0.8421348640625 1
1 0.6151882203125 1 0.613598528125 0.937017846875 0.620422065625 0.9186718109375 0.6145745734375 0.9090675359375 0.605270228125 0.89991894375 0.5899274765625 0.8992043437499999 0.5831522875 0.913753075 0.5823191984375 0.9376096437499999 0.58213639375 0.9822120921874999 0.5851689203125 1 0.6151882203125 1
1 0.613144803125 0.80410465 0.6054009109375 0.819297178125 0.597966503125 0.8480648125 0.596802671875 0.8813926109375 0.5977083125 0.8920389578125001 0.6089805546875 0.9220023328125 0.6092513515625 0.9220149453125 0.615305009375 0.9192989875 0.61633528125 0.8897958812500001 0.6222384609375 0.8682963390625 0.6362636421875 0.850285725 0.6432498546875001 0.8272813031249999 0.6485023375 0.8244153015625001 0.6484495781249999 0.796417071875 0.6458538859375 0.78912618125 0.6391930375 0.788815946875 0.62911915 0.7892954609375 0.613144803125 0.80410465
1 0.285898490625 0.82113940625 0.28537236875 0.8362055765624999 0.287413515625 0.8519410359374999 0.300028853125 0.8743030953125001 0.30831353125 0.873133640625 0.315948975 0.8610467015625 0.32808068437500004 0.80873084375 0.3279751640625 0.7527343875 0.30905913749999997 0.7468340109375 0.3044876078125 0.7466210875 0.3039872640625 0.7609490578125 0.285898490625 0.82113940625
1 0.31565745 1 0.317586959375 0.981841571875 0.31493726718750004 0.9101734125000001 0.3114727390625 0.8913482015625 0.295563396875 0.872973784375 0.29404012968750004 0.8729028375000001 0.2847779921875 0.888549553125 0.28445264375 0.8978663234375001 0.29327810468750004 0.9107199406250001 0.28867339062499997 0.9540544499999999 0.28526162187500004 0.9632274671875001 0.27478652187499997 0.9600768640625 0.27421759843750004 0.9763686953124999 0.28046175624999997 1 0.31565745 1
1 0.2621153921875 0.69549366875 0.263226540625 0.7070996859374999 0.2678130703125 0.70937426875 0.3156623046875 0.7198467203125001 0.365387671875 0.7211322375 0.38333065781250003 0.697236428125 0.3602183671875 0.69100755625 0.284761984375 0.6815356578125 0.2664455703125 0.6806825562500001 0.26256833749999997 0.682523 0.2621153921875 0.69549366875
1 0.6014003406249999 0.7152151734375 0.6010080265625 0.7161500921874999 0.6007318390624999 0.7240590484375 0.6010410734375 0.7255032390625 0.630364546875 0.7320214015625 0.6347355171875 0.740468821875 0.6311343046875 0.7555747375 0.63137401875 0.7555859015624999 0.6406233578125 0.7500173718750001 0.6426072734375 0.7377440156249999 0.66466974375 0.729497271875 0.719053496875 0.73099975625 0.7349407140625 0.7214349171875 0.7352281281249999 0.7132044640624999 0.708443275 0.7043990124999999 0.691518403125 0.703610725 0.6406872640625 0.703648753125 0.6014003406249999 0.7152151734375
1 0.636283128125 0.6471586359375 0.6359841453125 0.6557204109375 0.63697138125 0.6673259390624999 0.6458510656249999 0.6786267625 0.65619335625 0.6775531390625 0.6663202125 0.6531396765624999 0.66778574375 0.5816631875 0.6542856171875 0.5453724453125 0.6534657968750001 0.5453342609375 0.6462335671874999 0.6086551484375 0.636283128125 0.6471586359375
1 0.3111097875 0.5473515156250001 0.3088474609375 0.61213608125 0.31693071562499997 0.6509810140625001 0.3247815953125 0.6622339187499999 0.336586490625 0.64878585625 0.3363739859375 0.566343965625 0.328307671875 0.53175121875 0.3229017640625 0.528372953125 0.3188284515625 0.5281832343749999 0.31168409218750004 0.535642925 0.3111097875 0.5473515156250001
1 0.6669831453125 0.493029378125 0.6457097640625 0.49176161250000006 0.5855292921874999 0.4889586625 0.5570151171875 0.496983809375 0.5568977375 0.500345109375 0.55894211875 0.5137592828125 0.5759869375 0.5155836375 0.587000209375 0.511974671875 0.6009394375 0.5136543812500001 0.6069709859375 0.5190877046875 0.6521098203125 0.5180986390625 0.6876804 0.5238772843749999 0.7048705984375 0.520564209375 0.7048720328125 0.5205231328125 0.685401125 0.5000700874999999 0.6669831453125 0.493029378125
1 0.32567990625 0.4886532640625 0.3255468453125 0.4924636484375 0.32809893125 0.533006915625 0.3368159421875 0.548966121875 0.3472124578125 0.5463397078125001 0.3502461171875 0.51848523125 0.35864070937500003 0.4846591625 0.36405586562500003 0.477134775 0.3648692375 0.4538428484375 0.3610793609375 0.444334409375 0.3509547484375 0.43734210156250003 0.3386336953125 0.4367682390625 0.3301067140625 0.44600247499999995 0.32567990625 0.4886532640625
1 0.661663171875 0.3704314296875 0.5979290296875 0.3766116953125 0.5797175890624999 0.38467310781249997 0.5796427140625 0.38681726250000004 0.583235340625 0.3965369234375 0.676115628125 0.40910673124999997 0.6920387734375 0.398513084375 0.6972036265625 0.3815822015625 0.6972169 0.381202109375 0.6728122375 0.37095070625000004 0.661663171875 0.3704314296875
1 0.2695735921875 0.347468 0.2695457171875 0.3482662421875 0.30034811875 0.3555801421875 0.3247976453125 0.3680541765625 0.3683118328125 0.36905040312500004 0.41229306718750003 0.35667214375 0.4049242859375 0.344993659375 0.3682154421875 0.33641834375 0.33188143281250004 0.3347260609375 0.3150418078125 0.33565491718749996 0.2695735921875 0.347468
1 0.64641359375 0.2527868421875 0.6398397171875 0.25047184375 0.634737903125 0.250234221875 0.6298984625 0.2535729578125 0.62177353125 0.309186075 0.6230719953125 0.3310210390625 0.634821203125 0.34867679375 0.6485210375 0.3399829515625 0.6513726859375 0.3046841171875 0.651942484375 0.2883672234375 0.651178053125 0.2638959953125 0.64641359375 0.2527868421875
1 0.3024558515625 0.21254784375 0.30193683125000004 0.2274106609375 0.3017619625 0.279365859375 0.307392553125 0.295181315625 0.3288362828125 0.27129494374999996 0.3282427375 0.2292736421875 0.333876259375 0.1859870515625 0.3237236453125 0.1762769296875 0.317486921875 0.17598645 0.3135712515625 0.177264728125 0.3024558515625 0.21254784375
1 0.6102407421875 0.13804125312499999 0.6093377171875 0.1639004796875 0.6087188796875 0.22357651406249998 0.621603878125 0.26772561875 0.6330306640625001 0.235596096875 0.6384502140625 0.139418640625 0.6338484281250001 0.12365110312500001 0.6279850734375 0.1215863140625 0.6218779328124999 0.12130187031249999 0.6152214609375 0.1258941796875 0.6102407421875 0.13804125312499999
1 0.3364978515625 0.0892339921875 0.33537609375 0.12135695937499999 0.334857809375 0.1763366375 0.34839496875 0.172301178125 0.353918575 0.1616712 0.36491302812500004 0.11241301562499999 0.36670244687500003 0.061170779687499996 0.35373784375 0.0556016390625 0.3493761546875 0.0553984890625 0.3397365765625 0.0661361078125 0.3364978515625 0.0892339921875
1 0.351648525 0.06882228124999999 0.356889109375 0.016622378125 0.346875 0.016155962500000003 0.3448009671875 0.07554849375 0.351648525 0.06882228124999999
1 0.5822618859375 0.0429124609375 0.585916684375 0.052800325 0.6708174375 0.071181359375 0.6910396999999999 0.071092746875 0.7148418125 0.055758325 0.7148550453125 0.055379379687499994 0.71364106875 0.04741390625 0.7030948453125 0.037648389062499996 0.6281799984374999 0.029257953125000003 0.6063564312499999 0.028241504687500002 0.5823318546875 0.040908809375 0.5822618859375 0.0429124609375
1 0 0.22373602187500002 0.08500130624999999 0.22859073593749998 0.099299803125 0.21998238125 0.0980703484375 0.21065079843749998 0.0672659328125 0.2020026984375 0.0052978406249999995 0.19499456875 0 0.1955705875 0 0.22373602187500002
1 0.029362665625 0.1003185875 0.028602359375000004 0.12209094218750001 0.0286018875 0.131592934375 0.032283315624999996 0.144206965625 0.0413799 0.1492966078125 0.052047540625 0.13890621718750001 0.0576795953125 0.1251706484375 0.0669118953125 0.05006771249999999 0.039589015625 0.048795128125 0.0353184390625 0.08680146562499999 0.029362665625 0.1003185875
1 0.0559488078125 0.2937035484375 0.0229913203125 0.292168528125 0.023132098437500002 0.2932538078125 0.0243734109375 0.3757436140625 0.02713448125 0.38520413750000004 0.0361768421875 0.39184657343749996 0.0444072953125 0.3922299125 0.050851257812499995 0.38475344218749996 0.05443669375 0.3682646390625 0.0546548 0.3620189015625 0.056053909375 0.29478716718750003 0.0559488078125 0.2937035484375
1 0 0.47409439062500003 0.0064878859375 0.47226841249999996 0.042238096875 0.4729030265625 0.0653503875 0.4791318984375 0.0810939015625 0.473682284375 0.09560795625 0.45890108749999997 0.059889929687499996 0.44569611875000004 0.008587984375 0.44330669218749996 0 0.444524359375 0 0.47409439062500003
1 0 0.5757882953125 0.060153553125 0.582436978125 0.08351733125000001 0.5814642046875 0.0944946796875 0.5788840421875 0.10254606875000001 0.571015203125 0.09524914062499999 0.5572791046875001 0.0813817640625 0.5535417812500001 0.018577390625000002 0.5486297265625 0 0.5477644703125 0 0.5757882953125
1 0.0119668640625 0.643286103125 0.0111075765625 0.667892853125 0.014289284374999999 0.7181755421875 0.054087584375 0.720029178125 0.046466659375000004 0.6955667578125 0.0466593765625 0.6310299296874999 0.036101651562499996 0.6087637078125 0.0286828140625 0.6070069234375 0.0278250984375 0.606966975 0.0203442015625 0.6173617171875 0.0119668640625 0.643286103125
1 0 0.8243344765625 0.0035284703124999995 0.8535433875 0.035552414062499996 0.8550349265625 0.03907263125 0.84275631875 0.0542350703125 0.8216880328125 0.03517576875 0.806802446875 0.0379939953125 0.755608128125 0.032490417187499995 0.749603028125 0.029755529687499997 0.7494756484375 0.0019857640625 0.7539310171875 0 0.7566902453125001 0 0.8243344765625
1 0 0.9504628109375 0.0118919203125 0.9460674843750001 0.0233722390625 0.92908403125 0 0.922307415625 0 0.9504628109375