1 0.3190810734375 0 0.3148615703125 0.0052421203125 0.305814996875 0.0324115875 0.2982258828125 0.0894150390625 0.297639428125 0.12301301406250001 0.29780853125 0.139319934375 0.29842240468750003 0.139294921875 0.320275059375 0.11605362187499998 0.346055540625 0.0422579890625 0.350158871875 0 0.3190810734375 0
1 0.5597160578125 0.047119889062499996 0.5596727015625 0.049603846875 0.5639086421874999 0.0559185359375 0.5867688 0.062334768750000005 0.6230175328125 0.06943007343749999 0.672955484375 0.07094665312500001 0.675445925 0.07084517500000001 0.6900459484375 0.0679234921875 0.7036912109375 0.0538966875 0.68287510625 0.04004945625 0.625468015625 0.038714759375000005 0.5756381968750001 0.0419697890625 0.5597160578125 0.047119889062499996
1 0.8313798484375001 0.048142056249999995 0.8469737109375 0.0621414859375 0.853915534375 0.06201170625 0.906926734375 0.059851665624999995 0.9429088890624999 0.049660096875 0.9468900453125 0.040925546875 0.9336512109375 0.0316680390625 0.8379085515625 0.03312001875 0.8314450375 0.0444073453125 0.8313798484375001 0.048142056249999995
1 0.878958384375 0.1848302390625 0.8787479234375001 0.196887590625 0.8892105984375 0.20307093593749997 0.8996182703125 0.235024996875 0.8997653906249999 0.2350190015625 0.914845575 0.20776942968749998 0.91744205625 0.1291754328125 0.9127741687500001 0.11596521093750001 0.9006195828125 0.11071743281249999 0.8839191156249999 0.1554278890625 0.878958384375 0.1848302390625
1 0.6273230953125 0.17354621406249998 0.575829096875 0.1974273359375 0.5758167578125 0.1981341828125 0.6012985578125 0.21595281875 0.6176289749999999 0.21528740625 0.632471271875 0.20762576406250002 0.6822369203124999 0.20804720468750001 0.70339528125 0.2022865953125 0.7036733640625 0.1863552234375 0.6483745015625 0.17391305625 0.6273230953125 0.17354621406249998
1 0.32497334843750003 0.2566398703125 0.3288593984375 0.267637478125 0.3398435640625 0.2703251765625 0.3425069765625 0.2702166515625 0.35131948749999997 0.24375014374999998 0.3611685953125 0.1706036640625 0.3490474484375 0.163440178125 0.3432543859375 0.14453276406249999 0.3265046640625 0.1689108203125 0.32497334843750003 0.2566398703125
1 0 0.2274580828125 0.0400148671875 0.23071027968750002 0.061630128125 0.2379426234375 0.0674114703125 0.2377070515625 0.0993162765625 0.23319240625 0.1128545828125 0.22529305000000002 0.11500559375 0.2117346 0.10178815000000001 0.201251603125 0.059599775 0.2054198828125 0.017625309375000002 0.1973332640625 0 0.198051440625 0 0.2274580828125
1 0 0.095244709375 0.00930973125 0.09486536718750001 0.0215468875 0.09090719375 0.040682584375000004 0.0913520921875 0.09455773281249999 0.07568604375 0.10247726093750001 0.06066792343750001 0.0987741875 0.0534711015625 0.074041103125 0.0446819484375 0.051095376562499996 0.0431676796875 0.041687960937500004 0.033754053125 0.0340465203125 0.0328407984375 0.0243182375 0.0418095265625 0.000701396875 0.0492689375 0 0.0894519 0 0.095244709375
1 0.038822571875 0.3048229484375 0.025208425 0.3130350671875 0.023624715625 0.346126996875 0.023498212499999997 0.3533743484375 0.03546874375 0.35664695625 0.043311521874999995 0.39844300625 0.0545206484375 0.406862290625 0.055856746874999995 0.40680784843750006 0.07176530625000001 0.3819688328125 0.0770685328125 0.35878058749999997 0.08038892343750001 0.3088722890625 0.06887264531250001 0.2921124234375 0.042174465625000004 0.2932002921875 0.038822571875 0.3048229484375
1 0.0403274890625 0.43000879062499997 0.0422434484375 0.46056025937499995 0.0241962484375 0.4922877578125 0.0238134953125 0.5142156359375 0.028253142187500004 0.5203525953125 0.0712889390625 0.5185990203124999 0.0788075203125 0.470556465625 0.076134215625 0.41323500625 0.0714663265625 0.40002478437500005 0.056727004687500006 0.40253971093749996 0.04771386875 0.42779347031250003 0.0403274890625 0.43000879062499997
1 0 0.602766565625 0.010148015625 0.608227925 0.0177894609375 0.609141178125 0.0794771796875 0.5845844625 0.0796697 0.5735550515625001 0.0625566671875 0.566904640625 0.031926715625000004 0.5669280984375 0 0.559312165625 0 0.602766565625
1 0.01974371875 0.6579211109374999 0.019598393750000002 0.6662467046875 0.0274415625 0.690138034375 0.0241880515625 0.7362149125 0.0337244625 0.75114110625 0.04521246875 0.7523084703125 0.047354815625000005 0.7522211750000001 0.058501776562499996 0.7348167359375 0.0613540234375 0.7117283609375 0.0661674125 0.64644445625 0.0639541203125 0.644620296875 0.0245795734375 0.6462246859375 0.01974371875 0.6579211109374999
1 0.026300489062499998 0.8165861109374999 0.0143590296875 0.8769578156250001 0.014344946875 0.8777646375 0.0186725390625 0.8798623718749999 0.0645250046875 0.8779940281249999 0.0718770875 0.8715219171875 0.072111159375 0.8581119578124999 0.0478806125 0.77295369375 0.033341925 0.76397436875 0.025788349999999998 0.77576823125 0.026300489062499998 0.8165861109374999
1 0 0.9441410140625001 0.007943634375 0.9542052734375 0.0173969046875 0.956422396875 0.0270073703125 0.9560308 0.053963428125000004 0.9498808734375 0.0903618953125 0.94839775 0.117352946875 0.9375009999999999 0.11371405000000001 0.9266277046875 0.10041104218750001 0.9210466687500001 0.01039411875 0.9234899593750001 0 0.9400734999999999 0 0.9441410140625001
1 0.2761781203125 0.905271046875 0.27616941562499997 0.9057697234375001 0.3286908 0.9187559234375 0.39434988125000003 0.9160805203125 0.4192486546875 0.9071518765625 0.41578088593749996 0.8864746609375 0.40630929687500006 0.88073750625 0.3181011265625 0.8892301874999999 0.2854057296875 0.8979101343749999 0.2761781203125 0.905271046875
1 0.33287234374999997 0.741839646875 0.333228425 0.791598140625 0.32598445468750004 0.8248768703125 0.3259080015625 0.829256896875 0.34004489531250004 0.8495921765625001 0.3418683453125 0.8495178765625001 0.354484715625 0.836676325 0.364857096875 0.8037097937500001 0.3634761578125 0.7425069828125 0.35274769687499996 0.7257150171875 0.341684846875 0.728080140625 0.33287234374999997 0.741839646875
1 0.34120614374999997 0.668442071875 0.340695703125 0.6976852375 0.3468714640625 0.7373071625 0.3542021015625 0.73815671875 0.35947412500000003 0.7379419 0.37052360625 0.7152856046875 0.37832299687500004 0.6192504890625 0.37481372031250004 0.6098217484374999 0.3674607796875 0.6101213578125 0.3450341296875 0.63209298125 0.34120614374999997 0.668442071875
1 0.349528275 0.5494750984375 0.349354409375 0.5594358328125 0.352615278125 0.6223281203125001 0.36977214062499997 0.6216290328125 0.377492909375 0.6002566234375 0.3800225109375 0.525494046875 0.3633672328125 0.497457503125 0.349528275 0.5494750984375
1 0.3381864453125 0.390965371875 0.334029040625 0.4534547171875 0.3337306 0.4705524234375 0.3363807484375 0.494413646875 0.3455342171875 0.5183541015625 0.3460453109375 0.5183332765625 0.3723881078125 0.4661456109375 0.361994034375 0.43019655781250005 0.3650469140625 0.3956139296875 0.3592204125 0.3786222265625 0.34839163281249996 0.3675773859375 0.3381864453125 0.390965371875
1 0.3388439828125 0.27555646093749997 0.3318344921875 0.3108246890625 0.3316391546875 0.3220154875 0.335155765625 0.3465375578125 0.33227008125 0.371541640625 0.34351315625 0.3966481359375 0.344632403125 0.39660253125 0.3529696578125 0.3783555828125 0.358406640625 0.3475045 0.37080704375 0.26851102656250003 0.363621296875 0.2592320921875 0.355042865625 0.2595816375 0.3388439828125 0.27555646093749997
1 0.590928834375 0.316334846875 0.59091956875 0.3168656359375 0.626883790625 0.33045306406249997 0.6317629578124999 0.330254253125 0.659214734375 0.32367081875000003 0.7090017734375 0.322866771875 0.7187942265625 0.3102215734375 0.6883995781250001 0.29676463750000004 0.6272252421875 0.2919095890625 0.590928834375 0.316334846875
1 0.6308215703125 0.4460827453125 0.6400834171875001 0.469208721875 0.6512465859375001 0.461096471875 0.6652056281250001 0.47722349375000006 0.6659759734375 0.47719210468749995 0.6807921046875001 0.4522351984375 0.667490653125 0.3723746484375 0.6603383453125 0.3611800046875 0.6479496874999999 0.3693421890625 0.6312212875000001 0.423182978125 0.6308215703125 0.4460827453125
1 0.5938167703125 0.5133195296874999 0.5920450046875 0.5207451796875 0.5920218546875 0.5220714078124999 0.6602462390625 0.5461266765625 0.68136181875 0.5428170453125001 0.6948114750000001 0.5509638046875 0.700722803125 0.5507229375 0.729233146875 0.5420910578125 0.733278475 0.5296800359375 0.7257439859375 0.5226393296875 0.6515233359375 0.497497365625 0.6343247390625 0.495748915625 0.5938167703125 0.5133195296874999
1 0.599340496875 0.6394980546875 0.5993007015625 0.6417779796875 0.614681709375 0.649978709375 0.6011647906250001 0.6566525734375 0.7209957 0.6529485328125 0.725716590625 0.652756171875 0.73539275625 0.6438354921875 0.733755128125 0.6279821796875 0.6955692984375 0.6221904203124999 0.6419080609375001 0.6256015671874999 0.607318346875 0.6331340828124999 0.599340496875 0.6394980546875
1 0.6175051171875 0.7617223640625 0.6283446500000001 0.7706592265625 0.6758460984375 0.7796993343749999 0.7010627578124999 0.7786718328125 0.7221716015624999 0.7692853078125 0.7261527546875 0.7605507578124999 0.7186182640625 0.7535100546875 0.693778225 0.7508483515625 0.6177045328124999 0.750297796875 0.6175051171875 0.7617223640625
1 0.6464370421875001 0.8938057328125 0.6458685828124999 0.9263727828125001 0.6527991546874999 0.9430228484375001 0.653210615625 0.9430060828125001 0.6828673609375 0.9114647734375 0.697718746875 0.8323714296875 0.690666753125 0.8154296593750001 0.6711926671875 0.808565784375 0.66367253125 0.8184439359375 0.6464370421875001 0.8938057328125
1 0.653837303125 0.9165502984374999 0.652857434375 0.972686859375 0.657634928125 0.9724921906249999 0.659049565625 0.9472922140625 0.653837303125 0.9165502984374999
1 0.92525745625 0.8993614765625001 0.9225719765625 0.9064775890625001 0.921607434375 0.9617361359375 0.928022065625 0.9614747593749999 0.929108996875 0.8992045390625 0.92525745625 0.8993614765625001
1 0.9241371718750001 0.7863552125 0.9126730562500001 0.8117088406249999 0.9105049984375 0.88217913125 0.9101711031249999 0.9013079718749999 0.9290320812499999 0.9005394453125 0.9385637984375 0.8719129546875 0.943867025 0.848724709375 0.943276871875 0.812376178125 0.9387427390624999 0.7915031203125 0.9241371718750001 0.7863552125
1 0.9202006718750001 0.7720989828125 0.9373246828124999 0.7815360078125 0.9402081875 0.7814185140625 0.9447104765625 0.7711002859375 0.946571303125 0.73465188125 0.9421947234375001 0.6735711328125 0.9203763015625 0.674460165625 0.9187404890625 0.7681757609375001 0.9202006718750001 0.7720989828125
1 0.9498224546875 0.587958428125 0.9439290734375 0.574798140625 0.9317744875 0.5695503640624999 0.9242543546875 0.5794285171875 0.920187115625 0.5958467328125 0.9188678140625001 0.6714294703125 0.9389666484375001 0.67061050625 0.9398395921875 0.6687677421875 0.9427587140625 0.6418479484375 0.95561551875 0.6068658421875 0.9571419562499999 0.589574528125 0.9498224546875 0.587958428125
1 0.9064798312500001 0.48661748749999995 0.905655109375 0.533865834375 0.91659031875 0.556443490625 0.9161893203125 0.5794166781250001 0.9349834375 0.5786508765625 0.9385153875000001 0.5632074984375001 0.9472610124999999 0.553279409375 0.950882353125 0.48612973125 0.9366780531250001 0.45799331875 0.920846996875 0.45289534531250003 0.9064798312500001 0.48661748749999995
1 0.8738315390625001 0.3897806640625 0.8673423187499999 0.403054740625 0.8672836609375001 0.4064152609375 0.916230603125 0.42015335 0.922893665625 0.41988185 0.975043240625 0.40402588125000005 0.965614434375 0.3958377484375 0.9351128296875 0.388508259375 0.8676739124999999 0.3840577265625 0.8676569671875001 0.38502854375 0.8738315390625001 0.3897806640625
1 0.8993656265625001 0.26013398906249996 0.89710523125 0.308072784375 0.8964097734375001 0.3479155375 0.8988037453125 0.36153066875 0.89948536875 0.3615028953125 0.9135581796875 0.35910169375 0.924198071875 0.31080949375 0.9262929703125 0.26095113125 0.91964224375 0.22102085468750002 0.9148071609375 0.2173891765625 0.8993656265625001 0.26013398906249996