1 0.302211828125 1 0.3020254390625 0.9972551234375 0.2768218640625 0.918930525 0.25679996250000003 0.8973665859375 0.2558352546875 0.9802733437500001 0.25788654375000003 1 0.302211828125 1
1 0.6254187859375 1 0.625978015625 0.9845322 0.6227769000000001 0.9229884281249999 0.608216234375 0.901422346875 0.606124275 0.90138583125 0.59284616875 0.9142676015625 0.5909151046875001 0.9255352328124999 0.5907224484375 0.942092028125 0.5933170984375 0.9860116984375 0.5964248203125 1 0.6254187859375 1
1 0.8987164328125001 1 0.8977987140625 0.9336947859375 0.88837758125 0.9203779375 0.8848443390625 0.9203162640624999 0.878335690625 0.9231070750000001 0.8673910953125 0.9659575640625 0.8677426890625 1 0.8987164328125001 1
1 0.8769140109375 0.8232288140625 0.88294069375 0.8663755359374999 0.8993635531249999 0.9138029203125001 0.9124899171875 0.90788325 0.9178787578125001 0.8936301390624999 0.9175508953125 0.8095909578124999 0.90269970625 0.7815371859375 0.9019050296875 0.781523315625 0.8900642187500001 0.815259965625 0.8769140109375 0.8232288140625
1 0.6142453328124999 0.8998285750000001 0.6312166125 0.9001248093750001 0.63670083125 0.8776749734375 0.63470981875 0.8243507125 0.642733471875 0.8080939921875 0.6429242265624999 0.7917005500000001 0.62237031875 0.762647428125 0.59842801875 0.81710974375 0.5983835328125 0.8209329375 0.599271021875 0.840128896875 0.6142453328124999 0.8998285750000001
1 0.30594858281250004 0.7570555015625 0.305038115625 0.7570396078125 0.291467478125 0.7606636875 0.2863642984375 0.7741612421874999 0.285301603125 0.8654890359375 0.302996271875 0.8920391000000001 0.309762128125 0.8716612328125001 0.3228295421875 0.8637425562500001 0.32283829218750004 0.8629905703125 0.31468004375 0.785664021875 0.30594858281250004 0.7570555015625
1 0.0107055046875 0.7988062359375 0.0063360125 0.8376722984375 0.011499825 0.852109609375 0.04379075 0.8526732484374999 0.041536365625 0.8423859171875 0.0446719078125 0.7973495234375 0.033694053125 0.783559628125 0.027833675000000002 0.783457334375 0.0187053140625 0.7845986968750001 0.0107055046875 0.7988062359375
1 0.021756721875000003 1 0.02474174375 0.9984994046875 0.0364598203125 0.9539549953125 0 0.9533185874999999 0 0.999023796875 0.00036883437500000003 1 0.021756721875000003 1
1 0 0.71085401875 0.05414255 0.71179908125 0.0536065078125 0.6974425484375 0.048670707812500005 0.6727612359374999 0.032119859375 0.646004221875 0.031782334375 0.6459983312500001 0.018835353125000003 0.6558436859375 0.009172396874999999 0.7007661421875 0 0.7034756703125 0 0.71085401875
1 0.0078377828125 0.5581712921875 0.0156468359375 0.560357196875 0.024475240625 0.587156053125 0.04011719375 0.5894786796875 0.045506034375 0.5752255671875 0.04957475 0.521283509375 0.0081759171875 0.520560890625 0.0108302578125 0.5254299812500001 0.0078377828125 0.5581712921875
1 0 0.4486486828125 0.015215371875 0.4483085921875 0.0337491390625 0.44079761250000005 0.0338858546875 0.4290482625 0 0.41626029062500003 0 0.4486486828125
1 0.019505946875 0.338682625 0.0338901046875 0.3368841046875 0.044524723437500004 0.3206729609375 0.042925409375 0.282056390625 0.006102359375 0.28141364062499996 0.0059074328125 0.29816564843750004 0.0079711984375 0.3200349171875 0.019505946875 0.338682625
1 0.011649206249999999 0.2076434296875 0.011609134375 0.21108721406250003 0.05193943125 0.21179118125000002 0.049971940625 0.200141775 0.0517860953125 0.1564493984375 0.044428495312499997 0.1445546984375 0.043277885937499996 0.144534615625 0.02831124375 0.153990046875 0.011649206249999999 0.2076434296875
1 0.0449004875 0.097460946875 0.0556781703125 0.0689547203125 0.056131214062500004 0.0300202953125 0.059732748437500004 0.0119823609375 0.02799773125 0.0114284234375 0.0272052578125 0.0795333859375 0.033198828125 0.0931575 0.0449004875 0.097460946875
1 0.25378239687500004 0.0822299359375 0.2630486140625 0.08954065 0.2977935359375 0.0979816140625 0.39199506875 0.1048489 0.4023169234375 0.09850032812500001 0.406673525 0.076378653125 0.3806241828125 0.067593696875 0.30967253281249996 0.06635523125000001 0.2537933515625 0.08128852656249999 0.25378239687500004 0.0822299359375
1 0.304373390625 0.1666210296875 0.310986684375 0.20163378125000003 0.3090612484375 0.25488968125 0.31803271875 0.2693934546875 0.32975822187500003 0.271647721875 0.34172216875 0.25341018437499996 0.3450961546875 0.18788198750000001 0.33505764375 0.15286362343749998 0.32257995 0.140032946875 0.3196473546875 0.1399817578125 0.3044341671875 0.1613979578125 0.304373390625 0.1666210296875
1 0.3169711359375 0.2927472265625 0.3210053328125 0.370307534375 0.332468546875 0.395102784375 0.34554722187500003 0.3932814765625 0.35530555625 0.3401622984375 0.3507751125 0.2806449203125 0.3287753265625 0.25891520625000003 0.3192333 0.25874864999999997 0.317310315625 0.26359821875 0.3169711359375 0.2927472265625
1 0.27299151093749996 0.4460256828125 0.3023082625 0.46409427968749994 0.38224148593749996 0.46418376875 0.40487361406250005 0.4567443265625 0.405086284375 0.4384675640625 0.336222628125 0.4325179265625 0.32742285625 0.432364325 0.27300347187499996 0.4449977109375 0.27299151093749996 0.4460256828125
1 0.301755765625 0.54968445625 0.304742284375 0.62967085 0.3147441046875 0.65406308125 0.3152650859375 0.654072175 0.3267924265625 0.6423533171875 0.3335344421875 0.6240246296875 0.331352675 0.5870938078125 0.3435550671875 0.54836446875 0.317059675 0.49313331250000003 0.31655349374999997 0.4931244765625 0.3060298796875 0.5190151125 0.301755765625 0.54968445625
1 0.30691782968750003 0.7156213359375 0.311758253125 0.7484993703125 0.3206581890625 0.7691506859375 0.334046840625 0.7406900328125 0.33174585156249997 0.7140051140625 0.33734929375 0.681309378125 0.3300171265625 0.6381398671875 0.3145979671875 0.622804184375 0.303066003125 0.6226028921875 0.2961461015625 0.6313998562500001 0.30691782968750003 0.7156213359375
1 0.5731931765625 0.7025474375 0.6106440109375 0.7272432328125 0.6763089265625 0.720554928125 0.7092780984375 0.7054614296875 0.699184103125 0.69222775625 0.645890225 0.69260325625 0.6148659453125 0.6858696234375 0.612362603125 0.6858259265625 0.5732079031249999 0.7012819343750001 0.5731931765625 0.7025474375
1 0.619531275 0.6151986375 0.619372975 0.628802959375 0.6328752328125 0.6524671765625001 0.6487556296875 0.634298 0.6604095984375 0.6426998078125 0.6724927671875001 0.61421636875 0.671425728125 0.593701778125 0.655122090625 0.5360284953125001 0.6435815593750001 0.528526303125 0.64158045 0.5284913734375001 0.6341866734375 0.5397622578125 0.619531275 0.6151986375
1 0.6262659828125 0.4393439 0.6262333609375 0.442147371875 0.6359750625 0.45789634218749997 0.633101809375 0.48039175 0.6609640390625 0.5546635609375 0.6701262625 0.5527738921875 0.6875982765625 0.5100373390625 0.685201909375 0.49154914375000003 0.6561057296875 0.411107003125 0.649133534375 0.403597825 0.64577625 0.40353922343750004 0.6352656890625 0.4066440453125 0.6262659828125 0.4393439
1 0.64948138125 0.324532153125 0.6486235421875 0.3982546421875 0.6539325015624999 0.42793188437499996 0.6708799359375 0.43027729687500005 0.6801375390625 0.4201909078125 0.680381940625 0.2869714 0.6736876140625 0.301201725 0.663976359375 0.2835199703125 0.6627334984375 0.2834982765625 0.6555062296874999 0.29268598125 0.64948138125 0.324532153125
1 0.614668934375 0.227218053125 0.6145232578125001 0.2397374328125 0.69557495625 0.23728085625 0.722259871875 0.23382939687499998 0.7305477375 0.226139575 0.7265557109375 0.21692965625 0.7047219890624999 0.2076531375 0.6764115890625 0.207158978125 0.62611549375 0.21778796093750002 0.614668934375 0.227218053125
1 0.65262863125 0.0540581 0.6524606281249999 0.0684963015625 0.6642034546875 0.142437575 0.695153540625 0.17577135625 0.7032010375 0.15746545625 0.7036063921875 0.12262939218749999 0.6875650421875 0.0424151234375 0.67996500625 0.032185459374999996 0.6794649515625 0.03217673125 0.6588682593749999 0.0398646234375 0.65262863125 0.0540581
1 0.9274062015625001 0.105338015625 0.9269773796875 0.11482671874999999 0.9265807234375 0.14891533125 0.9305834734375 0.168930965625 0.93624355 0.1874761328125 0.960204603125 0.187894375 0.9600671203125 0.10385851718750001 0.9488399031249999 0.07751193906250001 0.9473630171874999 0.077486159375 0.932890421875 0.0828881796875 0.9274062015625001 0.105338015625
1 0.9304177734374999 0.22208457187500003 0.9294387234375 0.3062239640625 0.955225765625 0.306674078125 0.9605599625 0.25347767656250003 0.9597075234375 0.21452046406249997 0.954836865625 0.20264200468750002 0.95376650625 0.20262332187499998 0.9335978640624999 0.21406471875 0.9304177734374999 0.22208457187500003
1 0.9102817109375 0.35408596718749996 0.9006682578125 0.3612042390625 0.9006441546874999 0.3632756046875 0.9059402984375 0.37490215781249997 0.9202086078124999 0.381679953125 0.92216664375 0.3895486203125 0.9406244578124999 0.388565053125 0.977661609375 0.3761540578125 0.9958417031250001 0.37481822343750004 0.9961091953125001 0.351830065625 0.9265267156249999 0.3506154984375 0.9102817109375 0.35408596718749996
1 0.9194831984375 0.5385280859375 0.9203058343749999 0.5426416374999999 0.9429342046875 0.5430366171875 0.9430772703124999 0.5307415359375 0.956442078125 0.5043300640624999 0.9582482921875 0.46132006406250003 0.9417538999999999 0.420040221875 0.9247110875000001 0.4258915296875 0.9105418109375 0.45283056093749996 0.9099209921875 0.5061835875 0.9104640390625001 0.5281226734375 0.9194831984375 0.5385280859375
1 0.8713011375 0.6017690625000001 0.8785379531249999 0.61725220625 0.8710537671875 0.6230280375 0.8710524609375 0.623140228125 0.8750739671875 0.623210425 0.9441269125 0.6170913171875 0.9770201328124999 0.6085252328124999 0.98737236875 0.5995656953124999 0.93055064375 0.583545521875 0.9261102156250001 0.5834680140625 0.8713228546874999 0.5999026296875 0.8713011375 0.6017690625000001
1 0.8999650328125 0.690255621875 0.8997824421875 0.7059474703124999 0.900290021875 0.745412928125 0.9101377765625 0.7968247359375 0.925779728125 0.7991473625000001 0.929934621875 0.778723921875 0.9283489640625 0.6905635921875 0.9139163078125 0.6473306812499999 0.9104951078125 0.6472709625 0.9079381218749999 0.6492153890625 0.8999650328125 0.690255621875