1 0.2789949 0.9388036171874999 0.257168703125 0.958995375 0.2571915921875 0.9603067281250001 0.3009780828125 0.9635581921874999 0.365553053125 0.9590719171875 0.39285130156250003 0.9516004671875 0.414114465625 0.9351050421875 0.41583524374999997 0.9214463671875001 0.40203338593750004 0.9164320921875 0.39222946406250003 0.9159754671875 0.353068325 0.9172739671875 0.2789949 0.9388036171874999
1 0.6667249265625 1 0.6670681890625 0.951463096875 0.6622914234375 0.892464909375 0.6479393124999999 0.871681075 0.64550056875 0.8715674890624999 0.6334045203125 0.88328271875 0.631178325 0.8988525546874999 0.635852415625 0.9519683890625 0.6452527031249999 0.9896308296875 0.648687871875 1 0.6667249265625 1
1 0.9221533125000001 1 0.9285916999999999 0.9717590828124999 0.92634915625 0.91483811875 0.911193959375 0.8979934249999999 0.9071961296875 0.8978072218750001 0.8978523671875 0.9027510281250001 0.8990268359375 0.9700363421875 0.9003124 1 0.9221533125000001 1
1 0.9039196234375 0.803129990625 0.9041268390624999 0.8150013843749999 0.909261159375 0.8455532265624999 0.9261027453124999 0.8908816640625 0.9273895734375 0.8909415984375 0.9386956718749999 0.8861079671875001 0.9434560921875 0.8726153546875001 0.9408028421875001 0.7921649796875 0.925532721875 0.7643955078125 0.9252050390625 0.7643802453124999 0.9146555187500001 0.7968247171875 0.9039196234375 0.803129990625
1 0.643518125 0.8095831109375 0.6372926171875 0.8227961984375 0.6376292218749999 0.8420802500000001 0.65704489375 0.8689888375000001 0.6786208031250001 0.817095615625 0.6769943203125 0.7954687671875 0.6614739703125 0.7396069359374999 0.644391878125 0.738811325 0.6401282593750001 0.7584862796875 0.643518125 0.8095831109375
1 0.3548838515625 0.725327271875 0.35210650781249997 0.7251979140625 0.340958184375 0.727871540625 0.3361977640625 0.7413641531249999 0.337703690625 0.8276386625000001 0.3556486234375 0.853943934375 0.3615563671875 0.8346271890624999 0.3735285734375 0.827595821875 0.3734655 0.8239823796874999 0.3638688921875 0.7524489078125 0.3548838515625 0.725327271875
1 0.014902475000000002 0.7643194265625 0.0154501859375 0.795697775 0.0217461421875 0.7959910140625001 0.064708846875 0.7880001640625001 0.10788973906249999 0.7925093140625 0.12141885937500001 0.7818985890625 0.11921806875 0.7680572640625 0.1053616640625 0.7599179890625 0.080481425 0.7562612046875 0.0647017796875 0.75552625625 0.0446646265625 0.7620869140625001 0.014902475000000002 0.7643194265625
1 0.03359245 0.9504606265625 0.035184706249999996 0.9701266890625 0.032706471875 0.9793246171875 0.032714903125 0.97980760625 0.08211259062500001 0.9821083406250001 0.0851504796875 0.9704946921875001 0.0937293515625 0.9610983078125 0.09234244999999999 0.9531969515625001 0.08217132187500001 0.9429272718749999 0.0792606140625 0.9192814203124999 0.06881568125000001 0.8933254671874999 0.062360817187499994 0.8896829796875 0.0601537859375 0.8895801859375 0.0463841328125 0.8961990828124999 0.03359245 0.9504606265625
1 0.06613479531250001 0.6680080125 0.08957693125 0.6641039125 0.11478348281249999 0.6490411375 0.1047613734375 0.6360845125 0.0614713859375 0.6253253625 0.05748687031250001 0.6131183124999999 0.041898634375 0.612392278125 0.016176978124999998 0.6119748875 0.010845876562499999 0.6213598640625 0.0116172484375 0.6655517578125 0.015198040625000001 0.6681335625 0.06613479531250001 0.6680080125
1 0.0359598609375 0.5396116546874999 0.03614076875 0.549975796875 0.04116851875 0.5822265390625 0.09249664375 0.5846171859375 0.0922570640625 0.5708916953125 0.07292522812499999 0.5366850671875001 0.07487761875 0.5054289578125 0.06734339218749999 0.5031188546875 0.058148459374999996 0.47722112031249997 0.046943265625 0.47523902187499995 0.04294103125 0.47505261406250004 0.038353814062500005 0.4880543109375 0.0359598609375 0.5396116546874999
1 0.030666878125 0.4243821 0.038474909375 0.4423784765625 0.049724909375 0.442902453125 0.0711296890625 0.3812053109375 0.0697427859375 0.37330395156249996 0.0660354453125 0.3668421734375 0.021979734375 0.3647902453125 0.022062840625 0.36955140625 0.02886926875 0.39295133125000004 0.030666878125 0.4243821
1 0.07087572343750001 0.2551151984375 0.0603430671875 0.23855621093749999 0.048366503125 0.23799839218750002 0.04560191875 0.23826452968749998 0.0358757234375 0.253485046875 0.039197139062500004 0.300660309375 0.0306812734375 0.32664431718750003 0.030768032812500002 0.33161476093750003 0.0776430328125 0.3337979984375 0.0775840890625 0.3304211078125 0.07378643124999999 0.2787610484375 0.07087572343750001 0.2551151984375
1 0.028515025 0.20254000312499998 0.028671879687500002 0.21152624531250003 0.085305509375 0.21416399843749998 0.0749191125 0.16143451874999998 0.07543897656250001 0.1196633265625 0.0678698546875 0.1077634796875 0.0674190109375 0.10774248125000001 0.0529047515625 0.11665458749999999 0.028515025 0.20254000312499998
1 0.0037536546875 0.0361611734375 0.0037996796875000003 0.0387978921875 0.01494698125 0.056588190625 0.107082025 0.059630465625 0.12069842187499999 0.054019740625 0.124423621875 0.042952390624999996 0.09679808906250001 0.031673840625 0.059543187500000004 0.029938665625 0.031117123437499998 0.023306518749999998 0.022685751562500002 0.022913821875 0.0124407265625 0.025246865624999996 0.0037536546875 0.0361611734375
1 0.342123075 0.10168950000000002 0.3579059828125 0.154431425 0.365234853125 0.144976821875 0.37215302031249997 0.11199280625000001 0.3755786390625 0.02202960625 0.3726048546875 0.017354349999999998 0.345071653125 0.0160719703125 0.340868503125 0.0298151484375 0.342123075 0.10168950000000002
1 0.337745821875 0.208688015625 0.3378157625 0.212694884375 0.348248465625 0.246017640625 0.3622380453125 0.2603835484375 0.3780773375 0.237610990625 0.3699270515625 0.200006771875 0.3702871859375 0.1490845984375 0.36129760625 0.1349515703125 0.35535575937499997 0.1336431890625 0.3494377875 0.1333675546875 0.33907141093750004 0.149589890625 0.337745821875 0.208688015625
1 0.30682895781249997 0.3157606984375 0.3069972296875 0.3254009671875 0.3153553609375 0.32896345312499997 0.41328548125 0.327279703125 0.4366185234375 0.317125603125 0.43443955 0.304534278125 0.38787188281249996 0.2944030828125 0.374435259375 0.2937772625 0.3265309578125 0.295761403125 0.30682895781249997 0.3157606984375
1 0.3613642546875 0.39903088750000004 0.363784334375 0.4706828015625 0.3716608171875 0.492600746875 0.3891608171875 0.49341582187500005 0.39289446875 0.42109968125 0.3786613828125 0.36735189375 0.3771616484375 0.3672820421875 0.36127685625 0.394023825 0.3613642546875 0.39903088750000004
1 0.3451032984375 0.526023109375 0.3501880984375 0.6026683578124999 0.3605988046875 0.6266635265625 0.3716434515625 0.6154227984375 0.37758542031250003 0.5980668375 0.3744693609375 0.56265628125 0.3850690734375 0.5259253546875 0.3582991328125 0.47256712656250005 0.35759983125 0.47253455625 0.348339915625 0.4967860046875 0.3451032984375 0.526023109375
1 0.2926329734375 0.66522955625 0.2928064125 0.6751658359375 0.30207375000000003 0.6825878750000001 0.3822695375 0.6750822000000001 0.41355481093749996 0.6715434 0.4330099234375 0.6637066500000001 0.40534075312500006 0.6499281 0.3798941953125 0.6512408749999999 0.3523668484375 0.6455873249999999 0.34501390781249996 0.6452448562499999 0.3073888125 0.65036185 0.2926329734375 0.66522955625
1 0.69400574375 0.7151536734375 0.685410521875 0.65205925625 0.6698629140625 0.619988071875 0.6575340421875 0.6292097953125 0.6596739078125 0.6802484078125001 0.654072146875 0.710781365625 0.6540864578125001 0.7116011656250001 0.6709060296875 0.7513024015624999 0.69400574375 0.7151536734375
1 0.6171186859375 0.5614603625 0.6331309703125 0.575606703125 0.625484203125 0.5864914031249999 0.6531315531249999 0.599019953125 0.6727175765625 0.598683203125 0.7273358937500001 0.584990303125 0.734960840625 0.5728556031250001 0.7230652234375 0.564807653125 0.6438927359375 0.5467568218750001 0.639399271875 0.5465475359374999 0.6170717609375 0.5587720625 0.6171186859375 0.5614603625
1 0.68005255 0.40262519843750005 0.6730510625 0.39511438125 0.6703469609375 0.394988434375 0.6599841 0.3977721140625 0.652273534375 0.42885332500000006 0.652319553125 0.4314896765625 0.6620897390625 0.4468499421875 0.659966221875 0.4683021296875 0.6886983421874999 0.5401711984374999 0.6974141171875 0.5386179515625 0.7128165390625 0.4985336421875 0.7127939671875 0.4972405078125 0.71013735 0.4804348390625 0.68005255 0.40262519843750005
1 0.672344884375 0.4159838984375 0.6781313875 0.40305000625 0.68843941875 0.421162821875 0.695768290625 0.41170821875 0.7014022296875 0.3767052 0.7016939109375 0.3218614578125 0.6935094 0.28229645468750003 0.678879040625 0.2798548234375 0.677050915625 0.279769678125 0.67010014375 0.2873828140625 0.672344884375 0.4159838984375
1 0.6346710109375 0.2253905234375 0.6348690968749999 0.23673883125 0.713112565625 0.2366419828125 0.7385373046875 0.23407920781249997 0.746249528125 0.2269445078125 0.742175228125 0.21801185781250002 0.7208417515625001 0.208431471875 0.694285571875 0.20719459843750002 0.646140434375 0.21603693281249997 0.6346710109375 0.2253905234375
1 0.6235127765625 0.1227924203125 0.623530503125 0.1238080421875 0.640567728125 0.131783221875 0.6739010624999999 0.133335746875 0.750088003125 0.120647421875 0.7597610140625 0.113604046875 0.751568775 0.093238746875 0.735642675 0.0857836890625 0.729236703125 0.08548532656249999 0.653638653125 0.094922496875 0.6235127765625 0.1227924203125
1 0.951715071875 0.0911637328125 0.94765054375 0.090974425 0.936194346875 0.09496075625 0.931570828125 0.11629650625000001 0.931278321875 0.1344390015625 0.9316640312500001 0.156536275 0.9363818234375 0.177255478125 0.9429740796875 0.1971544203125 0.9651768984375 0.19818853281249998 0.9649916765625 0.18757723906249998 0.9627866031250001 0.1157912140625 0.951715071875 0.0911637328125
1 1 0.25189000625 0.955672084375 0.24590977656250002 0.9364073796874999 0.2450125078125 0.9131367031250001 0.24470927343749999 0.9020522671875 0.24893524218750002 0.9020744265625 0.2502047734375 0.9135730796875 0.2697092734375 0.9234424578124999 0.27391589843749997 1 0.2774816234375 1 0.25189000625
1 1 0.354138003125 0.9390738671875001 0.35130032187500004 0.9209489765625 0.3546714625 0.911820075 0.361318646875 0.9118478937500001 0.362912396875 0.9173765093749999 0.3744888125 0.93121109375 0.3813780875 0.9333027906250001 0.3889694125 0.9509280312499999 0.38854133750000003 0.9860039593750001 0.3776851875 1 0.37706143281250004 1 0.354138003125
1 0.9243062406250001 0.450551078125 0.9247670906250001 0.4769531921875 0.9271371890625 0.5210132984375 0.9360583171875 0.531224759375 0.93741099375 0.53716533125 0.95866099375 0.538155065625 0.9584214140625 0.524429575 0.9704764812500001 0.49952157656249996 0.9710077437500001 0.4584033265625 0.9543762015624999 0.41914591718749994 0.952147325 0.41904210624999993 0.9379259078125 0.4235562796875 0.9243062406250001 0.450551078125
1 1 0.5915385703125 0.9460887703124999 0.5748828953125 0.9439237374999999 0.5747820578125 0.8908201140625 0.5893163625 0.8908418484375 0.59056148125 0.8984289593750001 0.6060734203125 0.8912085062499999 0.6115673375 0.8912147859375 0.6119270390625 0.9611522390625 0.6077458203125 0.99237205625 0.6004570203124999 1 0.59390224375 1 0.5915385703125
1 0.922360946875 0.6968763921875001 0.9243127250000001 0.7383671703125 0.9400656890624999 0.7822030609375 0.9449972390625 0.7785143703124999 0.9517784984375 0.73768721875 0.9496386343750001 0.68664860625 0.9387829921874999 0.637163240625 0.9254871015624999 0.634811315625 0.9237093671875 0.6347285171875 0.9214964265625 0.6473481375000001 0.922360946875 0.6968763921875001