1 0.32383476093749997 0.053845145312499995 0.3279938859375 0.0678964046875 0.334245928125 0.067969153125 0.3416950578125 0.06700215000000001 0.34316161093750003 0.0039930468750000005 0.328253340625 0.0038195734375 0.3240545796875 0.0444008296875 0.32383476093749997 0.053845145312499995
1 0.589918153125 0.01223608125 0.6294487078125 0.02208198125 0.6854880109375 0.026731453125 0.6859979546874999 0.026737387499999998 0.702639265625 0.024274475 0.717626815625 0.0096995703125 0.7157403015625 0.0083367734375 0.5749998046875 0.006699109375 0.574987178125 0.0072415859375 0.589918153125 0.01223608125
1 0.9199032296875 0.078202453125 0.926189246875 0.08110873125 0.9265397171875 0.08111280781249999 0.928176259375 0.0108003078125 0.9125 0.010617898437499999 0.9117850656250001 0.0413343625 0.9199032296875 0.078202453125
1 0.907676709375 0.15069655625 0.9065515734374999 0.19903700156249998 0.9108941703125 0.211756465625 0.9217679640625001 0.21703160000000002 0.924588053125 0.21706441562499998 0.942699128125 0.170274215625 0.95042409375 0.1264191484375 0.937214040625 0.1178949703125 0.9259774796875 0.0821897328125 0.9092099859375 0.1112912609375 0.907676709375 0.15069655625
1 0.63257169375 0.13599382499999998 0.5761387828125 0.1592126015625 0.576122375 0.1599175515625 0.6033245984375 0.1805047890625 0.6226019703125 0.1807291015625 0.637974240625 0.1736003671875 0.692305146875 0.17691425624999998 0.7154424984375 0.1718201 0.7158481 0.1543938265625 0.6555530453125 0.1376020828125 0.63257169375 0.13599382499999998
1 0.2542654890625 0.1553939390625 0.2542491921875 0.1560941484375 0.278801034375 0.1736027703125 0.37532545 0.17472593281249998 0.38714654375 0.1705706828125 0.39167384375 0.1558740609375 0.362603540625 0.146149878125 0.283324034375 0.1358414578125 0.2746438328125 0.1491489109375 0.2542654890625 0.1553939390625
1 0.01905680625 0.176092746875 0.0267588515625 0.19083068593750002 0.0388401765625 0.192691496875 0.0417708296875 0.19272559843749998 0.053860660937500006 0.17859034375 0.05225094375 0.13253404375 0.056540073437500005 0.11584301718750001 0.0242669390625 0.1154674859375 0.015960528125 0.1362969984375 0.01905680625 0.176092746875
1 0.006496515625 0.2879187359375 0.00055026875 0.312960946875 0.0005209796874999999 0.313364334375 0.00006620312499999999 0.33290340625 0.0587141703125 0.3335858375 0.0593367296875 0.32201545625 0.046029290625000004 0.3176753765625 0.0377171578125 0.2715410875 0.0245557984375 0.26092485625 0.006496515625 0.2879187359375
1 0.0098549546875 0.41598979218750004 0.011756829687500001 0.44949379062499994 0.00489771875 0.4610695359375 0.0048965609375 0.46111931406249995 0.05164446406249999 0.461663275 0.04911849375 0.3997057296875 0.0440974140625 0.3849989875 0.0279629296875 0.3869038625 0.0179465421875 0.4139913296875 0.0098549546875 0.41598979218750004
1 0 0.5735928046875001 0.028118418750000002 0.5739199921875 0.0128414484375 0.5284174562499999 0.000636515625 0.5282754390625 0 0.5296815046875001 0 0.5735928046875001
1 0 0.6953802453125 0.0060320375 0.70522195 0.0207286515625 0.7074855765625 0.0332312328125 0.68879750625 0.0364965140625 0.6637241 0.0381662234375 0.6428173609375001 0 0.64237325625 0 0.6953802453125
1 0 0.785434421875 0.0148338859375 0.8394179015625 0.029099874999999997 0.8490058921875001 0.0313673390625 0.8490322765625 0.039011265625 0.8376066140624999 0.038709549999999995 0.792961309375 0.0424334875 0.77486793125 0 0.7743741734375 0 0.785434421875
1 0.0130457484375 0.9174792796875 0.01212058125 0.95722823125 0.021565546875 0.9848925375 0.027225431249999998 0.984958396875 0.0343244703125 0.982598 0.0413677328125 0.9680316375 0.0441474328125 0.8927297765625 0.0104890625 0.8923381265625 0.0102926765625 0.9007757046875 0.0130457484375 0.9174792796875
1 0.24591765625 0.916948234375 0.24589049687500003 0.91811511875 0.3020654078125 0.9350170609375 0.3747226703125 0.9358625046875 0.401509584375 0.9276535453125 0.3978558859375 0.9048166546875 0.387551634375 0.8979925265625001 0.291192525 0.9022346703125 0.2554404703125 0.9098637296875 0.24591765625 0.916948234375
1 0.30798535 0.7406174062499999 0.308059815625 0.7950263093750001 0.3011875140625 0.825414546875 0.3009082875 0.837411271875 0.31499886718750003 0.8585843203125 0.3173692265625 0.8586119015625 0.33101986875 0.845516278125 0.3425715109375 0.8100762078124999 0.341448721875 0.7430994046875 0.3298226140625 0.724130571875 0.3177095796875 0.726082240625 0.30798535 0.7406174062499999
1 0.31630786875 0.7129789 0.3159125109375 0.7299650515625 0.318339634375 0.7367151859375001 0.3282648375 0.7368306765625 0.35152127499999997 0.715396446875 0.3582953 0.654789384375 0.35017794062499996 0.6002868921875 0.336821809375 0.5980388624999999 0.3241731484375 0.623003084375 0.31630786875 0.7129789
1 0.3271686296875 0.5821040515625 0.34332479843749997 0.6104091375 0.3447035796875 0.61042518125 0.3603660921875 0.5536371578125 0.3568058015625 0.47616890781250004 0.3380390453125 0.4759505375 0.329460528125 0.4988695015625 0.32860382499999996 0.52044219375 0.3271686296875 0.5821040515625
1 0.3164439921875 0.3565712859375 0.3123506859375 0.4129487046875 0.311539196875 0.44781357968749996 0.31381456874999997 0.469541996875 0.32361845 0.4960864421875 0.3243088765625 0.49609447500000003 0.353370265625 0.440705634375 0.342231090625 0.400816296875 0.34578852968749996 0.3631905890625 0.33952435468750003 0.3442841484375 0.32775216875 0.33159146562499997 0.3164439921875 0.3565712859375
1 0.2659129140625 0.26760740156249996 0.2561738234375 0.2748528046875 0.255917825 0.285851515625 0.27137786406250003 0.302532978125 0.30921119531249996 0.30993094062500004 0.321935103125 0.310078996875 0.348721321875 0.3061146421875 0.375855575 0.3091120671875 0.40545627656249994 0.296048046875 0.384754175 0.28642123750000004 0.35140617343749997 0.280669815625 0.2659129140625 0.26760740156249996
1 0.591863009375 0.28943035781250004 0.591851909375 0.28990727656250004 0.6286920640625 0.3058338203125 0.6415945921875 0.3059839546875 0.666469390625 0.3013143671875 0.720831496875 0.3032877734375 0.7316037484375 0.2900046625 0.6985053453125001 0.2735293796875 0.631746940625 0.2647075046875 0.591863009375 0.28943035781250004
1 0.599821990625 0.417526934375 0.5998001015625001 0.41846742031249995 0.625121659375 0.4339519765625 0.6288072671875 0.43399486249999997 0.7142213203125001 0.41941398281250003 0.7265527609375 0.41177009375000007 0.726573746875 0.4108684109375 0.7189046234375 0.3980149515625 0.6607328171875 0.379907065625 0.639843515625 0.37832315156249996 0.6102740125 0.3900466890625 0.6183614109375 0.40220840625000004 0.599821990625 0.417526934375
1 0.6373171171875 0.5524718234375 0.653683525 0.5965072625000001 0.66208759375 0.5984890468749999 0.6631047328124999 0.5985008828125 0.694261775 0.52373784375 0.6921164328125 0.5006940953125001 0.70298005625 0.484455834375 0.703010075 0.48316613437499994 0.694674240625 0.4484084390625 0.6813667999999999 0.444068359375 0.6731291328125 0.4523429734375 0.6403990078125 0.5335741781250001 0.637325921875 0.55209351875 0.6373171171875 0.5524718234375
1 0.657804046875 0.612363496875 0.6570425265625001 0.6450815296875 0.6570310453125 0.6744293578125 0.6628569843750001 0.71216425 0.6701656234375 0.7220539734375 0.6710466312500001 0.722064225 0.6818185125 0.704014421875 0.6881800734375 0.7187367625000001 0.6926856015625 0.582769096875 0.6835456890625 0.5721996593750001 0.6660707218749999 0.5740889359375 0.657804046875 0.612363496875
1 0.6195454921875 0.7788168328125 0.6306499624999999 0.78862806875 0.6785521250000001 0.8002977187500001 0.7122316515625 0.8006896156250001 0.733098021875 0.7925018515625 0.737500521875 0.7831671609375 0.7293195234375001 0.7750268921875 0.70221646875 0.7706889828125 0.6198492359375 0.7657667828125 0.6195454921875 0.7788168328125
1 0.6774128562499999 0.9800206265625 0.678904190625 0.9800379796875 0.686835978125 0.9701149062500001 0.7060644140625 0.8891356640625 0.7069064734375 0.8529573703125 0.699384403125 0.8342408265625 0.6664337328125 0.8673392796874999 0.6499019890625 0.9518681250000001 0.6498668734375 0.9533768531250001 0.6572966703125 0.9718638015625001 0.6774128562499999 0.9800206265625
1 0.9206742171875 0.8681121203125001 0.9192772234375 0.9281326625 0.9498765984374999 0.92848871875 0.9538012406249999 0.911960359375 0.9533859265625001 0.87219580625 0.94855961875 0.8491208640625001 0.93261990625 0.8426575375 0.9206742171875 0.8681121203125001
1 0.9272482078125 0.7871153359374999 0.9280990484375 0.8000756140625 0.957860196875 0.8004219156250001 0.9591723218749999 0.7440475671875 0.9553943390624999 0.7335405234375 0.9342387750000001 0.7207386546875 0.9285846890625 0.7332285656249999 0.92844570625 0.735665940625 0.9272482078125 0.7871153359374999
1 0.92892284375 0.6538598125 0.9369170484374999 0.6560454499999999 0.9432786109375 0.670767790625 0.955979096875 0.676929096875 0.9567466953125001 0.676938028125 0.9648237171874999 0.6668332578125 0.9707212703125 0.643883096875 0.97159774375 0.60622619375 0.9418092421875001 0.6058795734375 0.930701565625 0.635046959375 0.92892284375 0.6538598125
1 0.914215146875 0.541274146875 0.9281240390625 0.5698683234375 0.9422905140625 0.575179809375 0.9459015624999999 0.575221828125 0.9638043671875 0.5347090171875 0.9634864375 0.4907603640625 0.9575917531249999 0.478136071875 0.9164021124999999 0.47765678749999996 0.9152472125 0.4969323859375 0.914215146875 0.541274146875
1 0.921766228125 0.4182975703125 0.9294093390624999 0.44999606875 0.9474009499999999 0.4502054203125 0.9543157890625 0.42750384218750004 0.9641116328124999 0.3522836203125 0.957214446875 0.36057383125000003 0.939982946875 0.35200285625 0.9221027546875 0.40383904218750005 0.921766228125 0.4182975703125
1 0.9195811484374999 0.3394715671875 0.9247779312500001 0.3436634015625 0.9248657687499999 0.34366442343750003 0.9420027296875 0.2978801296875 0.9464443703125 0.2142271421875 0.9213767234375 0.213935453125 0.9151673062500001 0.24106721874999998 0.9125608062499999 0.295444925 0.9195811484374999 0.3394715671875