1 0.30995423125 0.8760575734374999 0.288608471875 0.8537536609374999 0.2880823328125 0.8537659062499999 0.28582428125 0.8980083890625 0.29179264374999997 0.962037028125 0.2998651546875 0.9890717359375 0.302559521875 0.9924161109374999 0.3355059890625 0.9916492734375 0.3331091140625 0.9494085484375001 0.30995423125 0.8760575734374999
1 0.638310128125 0.9611721203125001 0.6358014140625 0.9087297875000001 0.6279553171875001 0.8719674515625 0.621036021875 0.84879484375 0.6146593109375 0.8446030906249999 0.6120061156250001 0.8446648437500001 0.6078047203125 0.8584222968749999 0.605876928125 0.9412480796875 0.6070344703125 0.9696779578125 0.6175915437499999 0.985083659375 0.6273627484375 0.9848562328125 0.6354603046875 0.9767942218749999 0.638310128125 0.9611721203125001
1 0.8699426703125 0.8678677031250001 0.8701436125 0.9553004171874999 0.8797768828124999 0.9686875015625 0.8885739156250001 0.9645938046874999 0.8994750984375001 0.923506178125 0.8995445125 0.8671148953125 0.8845492546875 0.850814559375 0.8822663453124999 0.8508676953125001 0.870173884375 0.857933803125 0.8699426703125 0.8678677031250001
1 0.8803145140625 0.7577260265625 0.88016079375 0.7643304640624999 0.8846512390625 0.7990329734375 0.89977889375 0.8434037140624999 0.9123525515625 0.8372776453125 0.9176446546875001 0.8235431703125 0.9182574609374999 0.743805584375 0.9043369234374999 0.717613446875 0.9037103578125001 0.7176280296875001 0.892002209375 0.7502500953125 0.8803145140625 0.7577260265625
1 0.6160623375000001 0.7720213734375 0.61651511875 0.78499858125 0.630127296875 0.841071421875 0.64629645 0.84069508125 0.6517696828124999 0.8191785046875 0.65045946875 0.768652746875 0.6582844171875 0.7529148484375 0.658646678125 0.7373506453124999 0.639883109375 0.7112754484375 0.63906053125 0.7112945953125 0.6162846703125 0.762469109375 0.6160623375000001 0.7720213734375
1 0.3200066203125 0.743731503125 0.31957619843749996 0.762224175 0.3249344515625 0.8187751359375 0.3330069625 0.84580984375 0.3467791203125 0.84160035 0.35207122343749997 0.827865875 0.3540636578125 0.7422627625 0.3378672484375 0.718304946875 0.3369157265625 0.7183270937499999 0.330567665625 0.736976225 0.3200066203125 0.743731503125
1 0.0279576609375 0.8385729749999999 0.03869713125 0.85176214375 0.0400501203125 0.851730653125 0.05256158749999999 0.8496671421875 0.06034125312500001 0.8358747687499999 0.064932965625 0.7988229390625 0.0567698890625 0.77567928125 0.05274569999999999 0.7349390484375 0.049046256249999996 0.729712290625 0.0236049671875 0.7303044421875 0.023015 0.7556518671875 0.031441440625 0.79571351875 0.0279576609375 0.8385729749999999
1 0 0.969420225 0.0050061421875 0.9706958890624999 0.01413991875 0.97882765625 0.016776803125 0.9787662812500001 0.022342173437499998 0.9777510328125001 0.032301393750000004 0.9675743703125 0.055705596875 0.9645434171874999 0.0812290203125 0.95400449375 0.08529376718750001 0.9464512421875 0.0778590578125 0.931707 0.0237027921875 0.9192933203125 0.0042185890625 0.9209899281249999 0 0.9198821421875 0 0.969420225
1 0.0167975296875 0.6202097046875 0.0180005 0.6665998171874999 0.022432234375 0.6898303218749999 0.038012715625 0.714745809375 0.0506769390625 0.7047286890625 0.060379623437499995 0.6617244875 0.072908 0.657543946875 0.072615153125 0.6167168640625 0.059114690625 0.60925320625 0.055975128124999995 0.59681046875 0.029693046875 0.597422190625 0.0169008171875 0.6157720624999999 0.0167975296875 0.6202097046875
1 0 0.5731579250000001 0.016181796875 0.5727812906249999 0.0496899671875 0.5533547703125 0.08076047187499999 0.555117809375 0.08287969375000001 0.5476098406250001 0.10837416875000001 0.5383147 0.1106670859375 0.5233440421875 0.0971642046875 0.5186858953125 0.058433017187500005 0.5171089296875 0.02990675 0.5177728859374999 0 0.522635534375 0 0.5731579250000001
1 0.0222639296875 0.45112305468749997 0.029319071875 0.4684590875 0.0405131015625 0.46819854375 0.0643502046875 0.405420646875 0.0632875546875 0.39766749375 0.050753078125 0.3751772109375 0.0115479109375 0.376089721875 0.011459234375 0.37989960312500004 0.02174466875 0.42002360000000005 0.0222639296875 0.45112305468749997
1 0.0678325984375 0.26322188125 0.057663985937499995 0.24696076718749999 0.04996936875 0.2471398625 0.0433192375 0.248236665625 0.0330067265625 0.2640324625 0.03440750625 0.310667171875 0.023778018749999998 0.34008164375 0.030418567187500002 0.3574273265625 0.06731740625 0.356568496875 0.07142731718749999 0.35303640000000003 0.0716568078125 0.343176509375 0.0697767703125 0.2865102859375 0.0678325984375 0.26322188125
1 0.0279695359375 0.20730979375 0.0274417625 0.22998506093749999 0.036505710937500005 0.23765987812499997 0.072368065625 0.236825171875 0.08369794375 0.2307280515625 0.073937878125 0.169379646875 0.0761476734375 0.1278468078125 0.06940868125 0.1170701640625 0.0678138203125 0.117107284375 0.053804896874999994 0.12642236874999999 0.0279695359375 0.20730979375
1 0.07582046875000001 0 0.06634481875 0.0245919421875 0.0654844484375 0.0615569234375 0.05872379062500001 0.09369162812500001 0.0586814328125 0.095511534375 0.0619101046875 0.1083074265625 0.0741215015625 0.117745559375 0.092798365625 0.1057990703125 0.0932262359375 0.08741596406249999 0.0939344171875 0.014227429687500001 0.0880324890625 0.0007534984375 0.085728003125 0 0.07582046875000001 0
1 0.350705940625 0.0957135796875 0.3651075578125 0.15004347812500002 0.372796659375 0.14014215624999998 0.3810291484375 0.10689453125 0.3880872734375 0.0172845703125 0.3820947796875 0.007701690625 0.36834300625 0.005481603125 0.360578284375 0.0056623296875 0.35223115156249996 0.030184267187500002 0.350705940625 0.0957135796875
1 0.29995413593750003 0.1962729140625 0.29992015312500003 0.19773299375 0.3220436953125 0.2127829609375 0.359182371875 0.20445990625000002 0.40973708125 0.2045263390625 0.42355840312500004 0.19550289375000002 0.425764471875 0.1842635796875 0.4085152890625 0.17347709375 0.3626435828125 0.1727111875 0.3441307046875 0.1731420796875 0.31301085156249997 0.18315862968750002 0.29995413593750003 0.1962729140625
1 0.35254301250000003 0.2940035859375 0.3562049421875 0.350308021875 0.378094890625 0.3711877125 0.38555757812499997 0.3710140171875 0.389515334375 0.3611995421875 0.385560559375 0.2640680265625 0.3749812078125 0.24113678125 0.373907303125 0.24116177656249999 0.362426828125 0.243217284375 0.35254301250000003 0.2940035859375
1 0.3577168140625 0.3983528828125 0.35726141562499997 0.464491784375 0.36422599375 0.48571886875 0.3816389296875 0.485313578125 0.388289509375 0.41321334375 0.37604558906249996 0.3597976765625 0.37541399062499997 0.3598123765625 0.3579490578125 0.3883747453125 0.3577168140625 0.3983528828125
1 0.403700471875 0.530325990625 0.36862311875 0.533628640625 0.3368508375 0.524683565625 0.328858553125 0.5248695875 0.279218221875 0.5504123265625 0.2792092734375 0.550796790625 0.3038417953125 0.5599985890625 0.3329378265625 0.5630506921875 0.4089001625 0.557553328125 0.43233683906250003 0.5471225390625001 0.43234134687500003 0.5469288437500001 0.42106545312500004 0.536137353125 0.403700471875 0.530325990625
1 0.3309298734375 0.6098990343749999 0.3388824828125 0.677613509375 0.3431330859375 0.708626115625 0.35138672656250003 0.727878725 0.36445849375 0.700351875 0.36255960468750004 0.675117946875 0.3682592515625 0.6438737437500001 0.3617475 0.6031914109375001 0.3464448625 0.58848805625 0.33684167343750004 0.5887115734374999 0.3312555921875 0.5959048218749999 0.3309298734375 0.6098990343749999
1 0.592224915625 0.6555591640625 0.6281427468749999 0.6780197765625 0.690573253125 0.6691080453125 0.7220490484375001 0.65345815 0.712610915625 0.641246753125 0.6619983078125 0.6436678812500001 0.638353896875 0.6394749796875 0.6274353968749999 0.6397291109375 0.59223730625 0.6550268640625 0.592224915625 0.6555591640625
1 0.6492469140625 0.4954537859375 0.6374793015625 0.522811328125 0.6374552640625 0.5238441 0.6382098843749999 0.5423779875 0.653111125 0.5964763546875 0.66536780625 0.6039689625 0.6731021875 0.5921221140624999 0.6899294296875 0.5100626609375001 0.676732503125 0.4871013140625 0.67383199375 0.487168825 0.6602598140625 0.5029753421875001 0.6492469140625 0.4954537859375
1 0.6465454859374999 0.40167108125000006 0.6464531828125 0.405636803125 0.6553286296875 0.419829953125 0.6523429593750001 0.44128862812499997 0.6780759703125 0.5106906546875 0.68682771875 0.508542484375 0.703947809375 0.46731011093749997 0.7018677890625 0.44985828124999994 0.675026846875 0.37464863125000003 0.6692287718750001 0.368590296875 0.6626404406249999 0.3687436421875 0.6552169140624999 0.3712207703125 0.6465454859374999 0.40167108125000006
1 0.6139872828125 0.32441415625 0.6139494890625 0.32603798125 0.6223091796875 0.3323697203125 0.6571838875 0.33777353906249996 0.711629646875 0.33774940781249996 0.7507138484375 0.32938106875 0.7530357140625 0.3131666328125 0.7449012109375001 0.3059245140625 0.6170815890625 0.3088995484375 0.6304965703125001 0.3147756546875 0.6139872828125 0.32441415625
1 0.6830138203125 0.2428851328125 0.6902953765625 0.2504935359375 0.6990924093750001 0.246399840625 0.7082969859375 0.22479641718750001 0.708885659375 0.1995045875 0.6988236953125 0.15112699999999998 0.6895100546874999 0.14011682812499998 0.6779619703125 0.1403856140625 0.6798711515625 0.21768015 0.6830138203125 0.2428851328125
1 0.67313443125 0.064441653125 0.6874583078125001 0.139525359375 0.69469458125 0.149079290625 0.7147762078125 0.140834 0.7226464390625 0.123150575 0.710821434375 0.0437024828125 0.6821969343750001 0.0137931078125 0.6814541937499999 0.013810395312500001 0.6739188109375001 0.0307414578125 0.67313443125 0.064441653125
1 0.6833580578125 0 0.6838169984375 0.029638953125 0.6872358921874999 0.0429762296875 0.688236175 0 0.6833580578125 0
1 0.9463620421875 0 0.9456062046874999 0.0324738328125 0.952053796875 0.032323764062499996 0.952806140625 0 0.9463620421875 0
1 0.9418059718749999 0.1473636921875 0.9568671921874999 0.14117972343750002 0.962340425 0.1196631484375 0.9644445749999999 0.0826692171875 0.9600128421875 0.05943871093749999 0.9566000406249999 0.0480092953125 0.9327384578125001 0.048564681250000005 0.9313345890625 0.1088806578125 0.931200615625 0.12233240625 0.9418059718749999 0.1473636921875
1 0.9341635546875 0.1886217296875 0.9324711000000001 0.2613364859375 0.9580685203125 0.2607406984375 0.9630832078125 0.215901140625 0.9626997968750001 0.17896510937500001 0.9583254796875 0.1682164578125 0.9565848562499999 0.168256971875 0.937824175 0.17954409531249998 0.9341635546875 0.1886217296875
1 0.9416022203125 0.36690061093750004 0.9541758781249999 0.3607745421875 0.9607117609375001 0.34701111875 0.9682197312499999 0.344891896875 0.9673834937500001 0.32741111875 0.9557607687499999 0.29268115625 0.9550523343749999 0.28229335 0.9319708203125 0.282830578125 0.9306478703125001 0.339669909375 0.9343659453125 0.35734668125 0.9416022203125 0.36690061093750004
1 0.958885453125 0.40740834687499994 0.949954496875 0.40734428593749994 0.915697384375 0.4081416296875 0.8802846828125 0.4235326578125 0.8801735546874999 0.4283071953125 0.884231759375 0.4402236109375 0.9130672484375 0.4544697453125 0.98121853125 0.4503972921875 0.9891410265625 0.44327052812499995 0.9897030859375 0.41912213125 0.9838877874999999 0.4192574828125 0.958885453125 0.40740834687499994
1 0.925473890625 0.5297230546875 0.8774324531250001 0.54607609375 0.8773488281249999 0.549668971875 0.8833283984375001 0.5625780484375 0.876928090625 0.5677455765625 0.87690393125 0.5687835203125 0.9456141578124999 0.5598852234375 0.9769452078124999 0.550454234375 0.9868537578125001 0.5415408937499999 0.9868543328125 0.541516221875 0.9371546374999999 0.52945118125 0.925473890625 0.5297230546875
1 0.9003921874999999 0.6331523515625 0.89973424375 0.6614202875 0.8997679562500001 0.687075140625 0.9078806828125 0.73160915625 0.9247214796875 0.73121718125 0.9276503984375 0.7175377093749999 0.9271099890625001 0.6339380218749999 0.9135036640624999 0.5924678046875 0.9118893640625 0.592505378125 0.9081151437500001 0.5954907046875 0.9003921874999999 0.6331523515625