1 0.0581113796875 0.6401515156250001 0.050847457812499997 0.7026515156250001 0.0520581109375 0.746212121875 0.0738498796875 0.7234848484375 0.09806295468750001 0.6515151515625 0.10169491562499999 0.60606060625 0.0968523 0.5909090906250001 0.083535109375 0.5928030296875 0.06658595625 0.6136363640625 0.0581113796875 0.6401515156250001
1 0.0992736078125 0.30681818125000004 0.0859564171875 0.29356060624999997 0.071428571875 0.3143939390625 0.0677966109375 0.371212121875 0.06900726406249999 0.42045454531250004 0.0738498796875 0.4375 0.0823244546875 0.43181818125 0.089588378125 0.409090909375 0.09806295468750001 0.3731060609375 0.10169491562499999 0.321969696875 0.0992736078125 0.30681818125000004
1 0.0702179171875 0.1609848484375 0.083535109375 0.16856060625 0.0992736078125 0.1515151515625 0.1004842609375 0.096590909375 0.09079903125 0.05681818125 0.0823244546875 0.053030303125 0.072639225 0.066287878125 0.0702179171875 0.1609848484375
1 0.1973365625 0.08143939375 0.19128329375 0.121212121875 0.20338983124999999 0.128787878125 0.2142857140625 0.1609848484375 0.22881355937499998 0.13446969687500002 0.2300242125 0.05681818125 0.2251815984375 0.04356060625 0.2130750609375 0.0378787875 0.1973365625 0.08143939375
1 0.21670702187500002 0.2916666671875 0.2021791765625 0.34659090937500003 0.2009685234375 0.36742424218749997 0.222760290625 0.41856060624999997 0.24213075 0.39204545468749996 0.24213075 0.3768939390625 0.234866828125 0.361742425 0.2372881359375 0.3125 0.2324455203125 0.2916666671875 0.21670702187500002 0.2916666671875
1 0.2130750609375 0.611742425 0.204600484375 0.683712121875 0.21670702187500002 0.691287878125 0.222760290625 0.7102272734375 0.23970944374999997 0.6856060609375 0.23970944374999997 0.6022727265625 0.234866828125 0.5890151515625 0.22154963749999998 0.5852272734375 0.2130750609375 0.611742425
1 0.2192796609375 1 0.22881355937499998 0.9867424249999999 0.233656175 0.946969696875 0.24213075 0.9242424249999999 0.23849878906250002 0.8882575750000001 0.23123486718750003 0.875 0.21791767499999998 0.8731060609375 0.2070217921875 0.8863636359375 0.20944310000000002 0.928030303125 0.19975786874999998 0.9696969703124999 0.19975786874999998 1 0.2192796609375 1
1 0.095399515625 1 0.0992736078125 0.984848484375 0.09443099218749999 0.9678030296875001 0.095641646875 0.9488636359375 0.0823244546875 0.8958333328125001 0.0677966109375 0.8882575750000001 0.0605326875 0.8920454546875 0.050847457812499997 0.9166666671874999 0.04842615 0.9393939390625 0.038740920312499996 0.9488636359375 0.037530265624999996 0.95643939375 0.0460048421875 0.9659090906250001 0.055428309375 1 0.095399515625 1
1 0.359910065625 1 0.36561743281250003 0.9791666671874999 0.37893462499999997 0.9715909093749999 0.380145278125 0.93181818125 0.36803874062499997 0.928030303125 0.35956416406249997 0.8863636359375 0.3474576265625 0.8768939390625 0.331719128125 0.9015151515625 0.32687651406249996 0.9242424249999999 0.32445520625 0.9734848484375 0.3426150125 1 0.359910065625 1
1 0.47994854687500005 1 0.48789346250000004 0.94318181875 0.48426150156250003 0.8863636359375 0.4794188859375 0.8731060609375 0.464891040625 0.875 0.456416465625 0.8996212124999999 0.4491525421875 0.9015151515625 0.45157385000000005 0.93181818125 0.43341404375000003 0.9640151515625 0.43341404375000003 0.9829545453125 0.44430992812500003 0.9981060609375 0.4440072640625 1 0.47994854687500005 1
1 0.5879602562499999 1 0.6053268765625 0.9696969703124999 0.6065375296875 0.9621212124999999 0.5847457625 0.9015151515625 0.5738498796875 0.9015151515625 0.56658595625 0.91856060625 0.565375303125 0.9488636359375 0.553268765625 0.9924242421875 0.5539605671875 1 0.5879602562499999 1
1 0.7104295578125 1 0.7203389828125 0.9753787875000001 0.710653753125 0.946969696875 0.7130750609375001 0.9015151515625 0.70338983125 0.8863636359375 0.6900726390624999 0.884469696875 0.6791767546874999 0.9015151515625 0.6767554484375 0.9242424249999999 0.6731234859375 0.9886363640625 0.686440678125 1 0.7104295578125 1
1 0.8303660453124999 1 0.8329297828125 0.99431818125 0.8462469734375 0.9829545453125 0.8462469734375 0.9696969703124999 0.8208232453125 0.884469696875 0.8062954 0.875 0.7990314765625001 0.8863636359375 0.8002421312499999 0.9267670453125 0.789346246875 0.9867424249999999 0.8038740921875001 0.99431818125 0.8069872015625 1 0.8303660453124999 1
1 0.9237288140625 0.8617424249999999 0.9176755453125001 0.875 0.9164648906249999 0.9640151515625 0.934624696875 0.9753787875000001 0.9467312343750001 0.9659090906250001 0.9503631968749999 0.952651515625 0.9443099281249999 0.9204545453125 0.9443099281249999 0.884469696875 0.934624696875 0.8579545453125 0.9237288140625 0.8617424249999999
1 0.89709443125 0.5643939390625 0.8910411625 0.5738636359375 0.8958837765625001 0.6609848484375 0.9031477000000001 0.6931818187500001 0.910411621875 0.7026515156250001 0.9261501203125 0.6477272734375 0.9261501203125 0.5871212124999999 0.9176755453125001 0.5606060609375 0.89709443125 0.5643939390625
1 0.7917675546875 0.575757575 0.783292978125 0.5890151515625 0.78450363125 0.638257575 0.7772397093750001 0.674242425 0.7929782078125001 0.696969696875 0.8062954 0.683712121875 0.8159806296875001 0.6515151515625 0.8135593218749999 0.5909090906250001 0.8026634375 0.5738636359375 0.7917675546875 0.575757575
1 0.6719128328124999 0.5833333328125 0.6658595640625 0.678030303125 0.669491525 0.6875 0.6767554484375 0.6875 0.698547215625 0.6666666671875 0.70338983125 0.611742425 0.6949152546875 0.5625 0.6828087171874999 0.5606060609375 0.6719128328124999 0.5833333328125
1 0.5738498796875 0.6818181812499999 0.5871670703125 0.628787878125 0.5823244546875 0.558712121875 0.565375303125 0.558712121875 0.5581113796875 0.5795454546875 0.5569007265625 0.6534090906250001 0.5738498796875 0.6818181812499999
1 0.4491525421875 0.558712121875 0.4394673125 0.58143939375 0.4358353515625 0.6553030296875 0.4394673125 0.683712121875 0.4491525421875 0.7083333328125 0.474576271875 0.6571969703125 0.4636803875 0.621212121875 0.4661016953125 0.5871212124999999 0.4600484265625 0.5700757578125 0.4491525421875 0.558712121875
1 0.3474576265625 0.5700757578125 0.33898305156249997 0.5890151515625 0.3341404359375 0.6193181812499999 0.3232445515625 0.696969696875 0.33050847499999997 0.70643939375 0.33898305156249997 0.70643939375 0.35472155 0.691287878125 0.361985471875 0.6515151515625 0.3571428578125 0.621212121875 0.35956416406249997 0.5965909093749999 0.3474576265625 0.5700757578125
1 0.3171912828125 0.365530303125 0.3401937046875 0.4015151515625 0.35593220312499996 0.3636363640625 0.349878934375 0.3333333328125 0.3510895890625 0.28409090937500003 0.33898305156249997 0.2746212125 0.32445520625 0.30492424218749997 0.3171912828125 0.365530303125
1 0.43704600468750004 0.28409090937500003 0.42130750624999996 0.3371212125 0.4200968515625 0.35606060624999997 0.4309927359375 0.38257575781250003 0.4418886203125 0.375 0.456416465625 0.39204545468749996 0.470944309375 0.36742424218749997 0.456416465625 0.2878787875 0.4491525421875 0.2765151515625 0.43704600468750004 0.28409090937500003
1 0.5569007265625 0.25568181874999996 0.5496368031250001 0.263257575 0.5217917671875 0.3371212125 0.5193704593749999 0.3541666671875 0.535108959375 0.39393939375000003 0.543583534375 0.3958333328125 0.5702179171874999 0.327651515625 0.5677966109375 0.30681818125000004 0.577481840625 0.2916666671875 0.5690072640625 0.259469696875 0.5569007265625 0.25568181874999996
1 0.6537530265625 0.253787878125 0.6464891046875 0.2916666671875 0.6476997578125 0.3446969703125 0.6537530265625 0.378787878125 0.6610169484374999 0.388257575 0.6707021796875 0.371212121875 0.6767554484375 0.384469696875 0.6779661015625 0.2613636359375 0.669491525 0.2518939390625 0.6537530265625 0.253787878125
1 0.7772397093750001 0.26704545468749996 0.7736077484375 0.2916666671875 0.7699757875000001 0.36742424218749997 0.7808716703125 0.36742424218749997 0.7905569 0.35606060624999997 0.8014527843750001 0.308712121875 0.8014527843750001 0.28409090937500003 0.7929782078125001 0.263257575 0.78450363125 0.259469696875 0.7772397093750001 0.26704545468749996
1 0.8716707015624999 0.327651515625 0.8716707015624999 0.359848484375 0.878934625 0.3768939390625 0.9079903140625 0.34659090937500003 0.92130750625 0.26893939375000003 0.9140435828125 0.2518939390625 0.8946731234374999 0.24431818125000002 0.8874092015624999 0.253787878125 0.8716707015624999 0.327651515625
1 1 0.24053030312499998 0.9878934625 0.28409090937500003 0.9854721546875 0.34659090937500003 0.9963680390625 0.4053030296875 1 0.3978919640625 1 0.24053030312499998
1 0.9884123140625001 0 0.9842615015625 0.0113636359375 0.9842615015625 0.096590909375 0.9891041156249999 0.1174242421875 1 0.10106060624999999 1 0.0052083328125 0.9920096859375 0 0.9884123140625001 0
1 0.87288135625 0 0.8631961265625 0.0303030296875 0.8583535109374999 0.053030303125 0.8595641640625 0.08901515156249999 0.8644067796874999 0.10984848437500001 0.878934625 0.11553030312499998 0.8898305078125001 0.090909090625 0.8910411625 0 0.87288135625 0
1 0.7469733656249999 0 0.7469733656249999 0.08901515156249999 0.7506053265625 0.09848484843750001 0.7699757875000001 0.10984848437500001 0.7748184015625 0.09848484843750001 0.77602905625 0.0625 0.7704802265625 0 0.7469733656249999 0
1 0.65309266875 0 0.6513317187500001 0.003787878125 0.6489104109375 0.0303030296875 0.6368038734375 0.0643939390625 0.6355932203125 0.08143939375 0.6428571421875 0.08333333281250001 0.6489104109375 0.096590909375 0.6610169484374999 0.1022727265625 0.668280871875 0.09280302968750001 0.6731234859375 0.071969696875 0.6731234859375 0 0.65309266875 0
1 0.54237288125 0 0.5387409203125 0.0170454546875 0.5302663437499999 0.0265151515625 0.5278450359375 0.09280302968750001 0.54237288125 0.121212121875 0.5581113796875 0.1268939390625 0.5738498796875 0.08901515156249999 0.572639225 0.049242425 0.5605326875000001 0.0246212125 0.5605326875000001 0 0.54237288125 0
1 0.41767554531249995 0.1268939390625 0.4237288140625 0.11931818125 0.4394673125 0.1268939390625 0.456416465625 0.0738636359375 0.4418886203125 0.01893939375 0.43341404375000003 0.028409090625 0.4249394671875 0.058712121875 0.41767554531249995 0.1268939390625
1 0.313559321875 0.0625 0.31234866875 0.111742425 0.31961259062499997 0.1515151515625 0.32445520625 0.1553030296875 0.33898305156249997 0.1136363640625 0.3414043578125 0.0321969703125 0.337772396875 0.013257574999999999 0.3232445515625 0.015151515625 0.313559321875 0.0625