1 0.6759346828125 0 0.6747617015625 0.0031169390625 0.675816665625 0.051852090625 0.6972922203125 0.1287856265625 0.717441178125 0.15091880468750002 0.7194209625 0.1508957671875 0.7224679468749999 0.1154642625 0.723140615625 0.1039149828125 0.7193840921875 0.039158279687500006 0.7119505171875 0.0108087796875 0.70371215 0 0.6759346828125 0
1 0.388415325 0.1138200375 0.39046253750000004 0.0786707703125 0.39017305 0.027496917187499997 0.375890821875 0.005320534375 0.36077644375 0.0197144046875 0.35723199375000003 0.0360047921875 0.357931815625 0.09083750625 0.36477348906249996 0.129349609375 0.371145128125 0.1536491828125 0.37748470625 0.1579974375 0.38045328125 0.15796289531250002 0.3861411265625 0.14128783281249999 0.388415325 0.1138200375
1 0.1062648171875 0.024403871875 0.096937146875 0.0285746953125 0.084061540625 0.071378515625 0.0819271953125 0.1303064953125 0.0977448859375 0.148402725 0.11044172968749999 0.1412657046875 0.115056959375 0.06202527812500001 0.11582576250000001 0.0385106203125 0.1062648171875 0.024403871875
1 0.071127975 0.28647750625 0.0719492625 0.2864679484375 0.085282475 0.252709753125 0.098166765625 0.244783071875 0.0983998875 0.24078051562499997 0.0947355015625 0.2018211859375 0.08057514375 0.15526967187500001 0.0672329890625 0.16151835 0.061647198437499995 0.1747682328125 0.0601762828125 0.200022884375 0.0576546046875 0.2591246625 0.071127975 0.28647750625
1 0.34577211874999997 0.2089916109375 0.28592134062499996 0.22526189218749998 0.28493801093750004 0.242145009375 0.30699317187499997 0.24707965625 0.35998998125 0.24386734062499998 0.3757963 0.25147034687500003 0.3920564625 0.2512811421875 0.42062940624999995 0.23094831249999997 0.42069998281250004 0.22973657812499998 0.368205484375 0.2074327515625 0.34577211874999997 0.2089916109375
1 0.7331953734375001 0.22617945156250002 0.7139714515625 0.2201492671875 0.7065977765625 0.20725685624999998 0.6288325218749999 0.21724648593749998 0.5998477484375 0.22666850156249999 0.6030807421875 0.24090691562500002 0.6165706625 0.24577900156250002 0.7066820875000001 0.2447304609375 0.733152134375 0.2269218328125 0.7331953734375001 0.22617945156250002
1 0.9858405343750001 0.20466367343749997 0.9685427531249999 0.2088277296875 0.9239785875000001 0.20675063906250002 0.9090701796875 0.218604503125 0.9102706515625 0.2328665671875 0.92404445 0.240493221875 0.9562823140625 0.24338754062499998 0.964147128125 0.24329602499999997 0.984026021875 0.23581765312499997 0.9858405343750001 0.20466367343749997
1 0.9665759406250001 0.0388053125 0.9395480515625 0.0495023796875 0.935029165625 0.0573418890625 0.9422515578124999 0.07283170156249999 0.9928035906250001 0.08511261875000001 0.995942753125 0.0312152671875 0.9911174656249999 0.0359241046875 0.9665759406250001 0.0388053125
1 0.964441296875 0.3532765203125 0.94909713125 0.32705020937499996 0.9355182140625 0.337363928125 0.9238229265625 0.3821851578125 0.911248496875 0.38619428437500003 0.910440615625 0.40006506249999996 0.968017303125 0.399395096875 0.96821553125 0.37760631718750004 0.964441296875 0.3532765203125
1 0.9503775781250001 0.4761335375 0.9427037515625001 0.47419168593750005 0.93515179375 0.4478747046875 0.9196857578125 0.4460235265625 0.9136622875 0.4603116171875 0.9067612765625 0.516854709375 0.90646720625 0.5219037 0.9523416953125 0.5213699015625 0.9458860828125 0.5086840859375 0.9503775781250001 0.4761335375
1 0.9285065687499999 0.6325095640625 0.9410035359375 0.6323641484375 0.9600982109375 0.586454603125 0.9229811218749999 0.5868864984375 0.9225410453125 0.5944423265625 0.9221584109375 0.6153320718749999 0.9285065687499999 0.6325095640625
1 0.9410868453125 0.7155494874999999 0.9304639625 0.6973928078125 0.9160598671875 0.6995915593750001 0.9047232093750001 0.7159726156249999 0.90449114375 0.762388615625 0.9422225578125 0.761949571875 0.942263678125 0.7399095078125 0.9410868453125 0.7155494874999999
1 0.9336981796874999 0.8318242640625 0.9341212000000001 0.8245612781249999 0.8912469312500001 0.825060165625 0.893670640625 0.8446670203125001 0.8898465203124999 0.8880418875 0.8967756640625 0.8998852078124999 0.8973472156250001 0.89987855625 0.9131047640625001 0.889802396875 0.9336981796874999 0.8318242640625
1 0.8879892500000001 0.9319018515625 0.88543864375 0.9890192656250001 0.9042566328125 0.9888002984375 0.90758386875 0.931673846875 0.8879892500000001 0.9319018515625
1 0.613950096875 0.8864730796875 0.605565984375 0.8967263531249999 0.595761303125 0.93136986875 0.5888121890625 0.9924708265625 0.6230066328125 0.9920729390625 0.6260731140625 0.9394234718750001 0.613950096875 0.8864730796875
1 0.6834649046875 0.8387384359375 0.6835282859375 0.8376502421875 0.6607370218749999 0.8214875265625 0.621665290625 0.8297290937499999 0.5688954015625 0.82904530625 0.554138275 0.8383017703125001 0.5514249875 0.85001373125 0.5690369046875 0.8614891890624999 0.60933925625 0.8626323656249999 0.637256671875 0.8623075171875 0.6690842453125 0.8525381062499999 0.6834649046875 0.8387384359375
1 0.594543375 0.7425735687499999 0.6065564578125 0.742433784375 0.6578178296875 0.7373456265625 0.681368625 0.713876721875 0.6818356859375 0.7058576109375 0.6733230828125001 0.7026208578124999 0.6642455734375 0.7027264843750001 0.5700510296875 0.709814821875 0.545064896875 0.7217464078125 0.5450318625 0.7223135796875 0.5462561328125 0.7347503015625 0.594543375 0.7425735687499999
1 0.6327568734375 0.5833875921875 0.63381381875 0.5581427203125 0.6273837109375 0.5360812171875 0.60911570625 0.5362937859375 0.5995670859375 0.6113509328125 0.6104114 0.6674397578125 0.6109685 0.6674332749999999 0.6295242140624999 0.6388902296875 0.6327568734375 0.5833875921875
1 0.5869819390625 0.48897807968749996 0.6237185875 0.48595496718750003 0.65987740625 0.4966670921875 0.6627900765625 0.4966332015625 0.7174555921875 0.46961213593749995 0.7174891828125001 0.46903542031249995 0.692304571875 0.45920047343750003 0.6650382546875 0.45600957343750004 0.6541769828125 0.45613595625 0.5825484734375 0.4604776015625 0.558112896875 0.470911978125 0.5580688515625 0.47166820156249994 0.569067459375 0.48269742656250003 0.5869819390625 0.48897807968749996
1 0.6659717953125 0.41524303125 0.6594474890625001 0.335824046875 0.656146778125 0.30336416875 0.648239675 0.2831447484375 0.63359533125 0.31175115 0.6346537828125001 0.338143690625 0.6275648859375 0.3707244640625 0.6328710953125001 0.4133167203125 0.6475440515625001 0.4281071984375 0.65896133125 0.42797434531249995 0.66571105 0.419719840625 0.6659717953125 0.41524303125
1 0.2923153203125 0.3406327359375 0.25888730625 0.356595559375 0.2682935 0.369464321875 0.32121466875000004 0.36755070624999997 0.3533567921875 0.37366580312500003 0.3945806953125 0.3564805265625 0.3946052671875 0.35605865 0.35780981562499997 0.3320837109375 0.2923153203125 0.3406327359375
1 0.3764982859375 0.479281159375 0.36082160937499996 0.46542006875 0.3696324578125 0.45363715468750004 0.34185793750000004 0.4422799484375 0.32145709375 0.44381515625 0.2635631953125 0.4613604890625 0.25467670625 0.474442103125 0.26641798437499997 0.48209240781249996 0.3448827 0.495648065625 0.352815615625 0.4955557578125 0.37634734375 0.4818727359375 0.3764982859375 0.479281159375
1 0.32921215625 0.6209299578125 0.3295091390625 0.6158309546875 0.3209302234375 0.6011678390624999 0.324829815625 0.5787798921875 0.30052009687500003 0.5059416171875 0.291310809375 0.5080799203125 0.27194169218750003 0.5509593015625 0.27347366875 0.5692217609375 0.2987269453125 0.6481424828125 0.305311534375 0.6553755046874999 0.3086984359375 0.6553360953125 0.3192694046875 0.6519657343749999 0.32921215625 0.6209299578125
1 0.34203490625 0.711362853125 0.36046026875 0.7010254484375 0.3604958203125 0.7004150578125 0.3512239578125 0.69308643125 0.31501679375 0.687018634375 0.258181865625 0.686382146875 0.217077615625 0.6946473656250001 0.21406176562499998 0.7115541328125 0.223501359375 0.7203465359375001 0.24228400312499998 0.7201279796875 0.35588434375 0.7176908046875 0.34203490625 0.711362853125
1 0.2882535859375 0.866241753125 0.2897925375 0.8398189890625 0.2810637453125 0.7891419875000001 0.271384421875 0.7770677578125 0.259696109375 0.7772037640625 0.2588569796875 0.8584592437499999 0.2612141328125 0.884836671875 0.2673662515625 0.8915946375000001 0.27150639062500004 0.8915464640625 0.27786048750000003 0.8887052593749999 0.2882535859375 0.866241753125
1 0.24858773125 0.8835857796875001 0.23973009374999998 0.9019691359375 0.2377176203125 0.93652198125 0.24701383125 0.9964480109375 0.286962571875 0.995983165625 0.27786246718749996 0.9157434249999999 0.24858773125 0.8835857796875001
1 0 0.9868307484375001 0.014359674999999999 0.986663659375 0.015963796875 0.95912193125 0.0184028328125 0.904847121875 0.0082534734375 0.8785603640625 0 0.8818115671875001 0 0.9868307484375001
1 0 0.8634769046875 0.012928251562500001 0.863326471875 0.0194430546875 0.81895868125 0.02114631875 0.789714753125 0.0215748578125 0.7723111140625 0.01710744375 0.7602227328125 0.017008354687499998 0.760223884375 0 0.770067359375 0 0.8634769046875
1 0 0.7443050796875 0.0109039421875 0.739198315625 0.0182261140625 0.7248951156250001 0.0250279625 0.7230695093749999 0.025940529687500002 0.707401325 0.025903428125 0.7044943531250001 0.015047271875 0.6680601046875 0.014442940625000001 0.6497868515625 0 0.6499549109375 0 0.7443050796875
1 0.048650740625 0.612380040625 0.050328581250000004 0.58357263125 0.0512902203125 0.5393401359375 0.042791215625000004 0.52928331875 0.0421621765625 0.5252283515625 0.0196513546875 0.5254902890625 0.0189410703125 0.5376854109375 0.0044151046875 0.5642592921875 0.0006304078125 0.6069573296875 0.014734654687500001 0.6462651453125 0.018401865625 0.6462224734375 0.032384165625 0.641117271875 0.048650740625 0.612380040625
1 0.053558742187499994 0.5208981015624999 0.0539792421875 0.5208932078124999 0.054108456250000006 0.51867470625 0.050730779687500005 0.44875800625 0.043533965625 0.4163434625 0.0350349578125 0.4062866453125 0.0160174984375 0.465411075 0.030636796875 0.521164821875 0.0329101828125 0.52113836875 0.0482412953125 0.5137835453124999 0.053558742187499994 0.5208981015624999
1 0.0683174140625 0.381951953125 0.07181084374999999 0.321972075 0.0643821703125 0.27128962031250003 0.0489161359375 0.2694384421875 0.0438362234375 0.28980897968749997 0.04134325 0.3771771296875 0.0541041921875 0.4209595265625 0.05533178749999999 0.42094524218749996 0.059754854687500004 0.41758575000000003 0.0683174140625 0.381951953125