1 0.0989582046875 0.7224826390625 0.12092588281250001 0.6496857046875 0.1227983375 0.6081148203125 0.12260600625 0.6026071625 0.1175596546875 0.588383021875 0.1041461609375 0.59029873125 0.08772517656249999 0.6113715281250001 0.0800833171875 0.6381914515625 0.0749380125 0.7014098421875 0.077692203125 0.7453125 0.0778488453125 0.7453125 0.0989582046875 0.7224826390625
1 0.0946394515625 0.3765625 0.12636751562499998 0.3765625 0.15323813125000002 0.3759008046875 0.1692165140625 0.3713123765625 0.169148084375 0.36935280625 0.1642616390625 0.3624204140625 0.1410163625 0.3550674734375 0.10431832968750002 0.3464890421875 0.052465806250000004 0.342812571875 0.037225725 0.34526355 0.024286509375 0.35874394375 0.045872846875 0.37344982656250003 0.0946394515625 0.3765625
1 0.0495419640625 0.0875 0.037136321875 0.0875 0.030111165625000002 0.1006675046875 0.047908878125 0.116598878125 0.07461365156250001 0.1171875 0.10609834375 0.1171875 0.14339475625 0.10802044687500001 0.14692660625 0.099442015625 0.1331742859375 0.08963809375000001 0.0495419640625 0.0875
1 0.2454987203125 0.09805805625 0.276490846875 0.08743640312499999 0.276453553125 0.08636846249999999 0.250347153125 0.0723227625 0.1717602953125 0.071097271875 0.15852151406249998 0.0759992328125 0.1532023375 0.088254134375 0.19781997499999998 0.10418550625 0.2320729046875 0.109375 0.23881757656249997 0.109375 0.2454987203125 0.09805805625
1 0.2480312140625 0.370067225 0.298103546875 0.348390015625 0.29806737656250004 0.34735420625 0.2714803953125 0.328400559375 0.25615472499999997 0.328400559375 0.241085825 0.3357535 0.19119180625 0.3333025203125 0.17029018906249999 0.3382044796875 0.170846525 0.354135853125 0.226915621875 0.36884173593749997 0.2480312140625 0.370067225
1 0.3086169765625 0.6494552328125 0.3084249421875 0.643956071875 0.2827541890625 0.6358359046875 0.20965768749999997 0.6272574734374999 0.202422803125 0.639512375 0.1834796890625 0.6456398265625001 0.2085420125 0.6625 0.2940754953125 0.6625 0.3065130046875 0.6578947281249999 0.3086169765625 0.6494552328125
1 0.31726971875 0.9419814953125 0.31693845625 0.9324953718750001 0.3043850078125 0.9224586921875 0.2623250046875 0.9249096734375 0.22208735468750002 0.915625 0.19111955 0.915625 0.1918396328125 0.9362454578125 0.20362275156249998 0.9445175156250001 0.2440238171875 0.9494194765625 0.2668085578125 0.9578125 0.269141021875 0.9578125 0.3035819703125 0.9543214375 0.3167351625 0.9469684968750001 0.31726971875 0.9419814953125
1 0.074734909375 0.9629493453125001 0.0978090046875 0.9654003265625001 0.10752322343750001 0.975 0.1169820359375 0.975 0.12471451874999999 0.96785130625 0.15692145468750002 0.9588550093749999 0.1554720453125 0.9173493515625 0.141988625 0.9139297375 0.12491842500000001 0.9188316984375 0.10571854218750001 0.9176062078125 0.052549440625 0.9310866000000001 0.045519246875 0.9455474984375 0.04553635625 0.9460374671875 0.049488334375 0.9531454234375 0.074734909375 0.9629493453125001
1 0.39583863125 0.965625 0.39869685781249997 0.9553333468749999 0.4405428890625 0.9467549156249999 0.4483225734375 0.936335996875 0.44822640312499995 0.9335820203124999 0.4242329296875 0.9185686421874999 0.4010732453125 0.9136666796874999 0.351179225 0.9112157015625 0.3268710859375 0.9282850281249999 0.3275466359375 0.9476302640625001 0.34688713125000004 0.9528823671875 0.3545755765625 0.965625 0.39583863125 0.965625
1 0.5200322 1 0.5253424453125 0.9494334171875 0.5247941203125001 0.93373143125 0.5201763484375 0.8870360390625001 0.514806103125 0.8736260781249999 0.5001671171875001 0.8755417859374999 0.49245836093750006 0.9004460015625 0.48517231718750004 0.9023617093749999 0.48869366718749996 0.9330130515624999 0.4714485796875 0.9655801 0.472117559375 0.9847371890625001 0.4836347234375 1 0.5200322 1
1 0.5991087875 0.9765625 0.610941803125 0.9765625 0.6676474140625 0.9558982 0.6672622593749999 0.9448687874999999 0.6497641093750001 0.937515846875 0.6190699734375 0.93629035625 0.5745807203125 0.9240354546875 0.568851934375 0.924560665625 0.5700982609375 0.960250803125 0.5991087875 0.9765625
1 0.77425371875 0.965625 0.7865636968749999 0.965625 0.794326371875 0.956132203125 0.7933224234375 0.92738286875 0.7709426234375 0.918493809375 0.7425493515625 0.92829773125 0.69648675 0.92584675 0.6815034390625 0.935650671875 0.6800584765625 0.9491310640625 0.6976850109375 0.9601604765625 0.72075910625 0.96261145625 0.77425371875 0.965625
1 0.9222273812499999 0.949717921875 0.9213330093750001 0.9241064671875 0.9174722953125001 0.9223901984375 0.9059201937499999 0.909375 0.8905552999999999 0.909375 0.8067891359375 0.9346451 0.7977241312500001 0.9493509843749999 0.809475153125 0.9567039234375001 0.8503001749999999 0.9554784328125001 0.9064633578124999 0.965625 0.91177928125 0.965625 0.9184993765625 0.9518019625 0.9222273812499999 0.949717921875
1 0.9799662859374999 0.9765625 0.990784059375 0.967869971875 0.9928693781250001 0.9591535 0.9924666515625 0.9476209250000001 0.986727525 0.9218929609375 0.9854564625 0.8854944937499999 0.97471596875 0.85867456875 0.9638203546874999 0.8625059875 0.9581611890625 0.8759159484374999 0.9600799046875 0.9659542609375 0.9774157328124999 0.9765625 0.9799662859374999 0.9765625
1 1 0.6235686734375 0.955748021875 0.6110045859375 0.8944453390625 0.6110045859375 0.8679249812500001 0.6195830156250001 0.8724839140625 0.64041635 0.882276434375 0.6465438 0.970227859375 0.641641840625 1 0.6348665109375 1 0.6235686734375
1 0.8600325812499999 0.6515625 0.869678565625 0.6515625 0.8894502109375001 0.6375206375 0.8894176312500001 0.6365876828125 0.8761055656250001 0.6236595328125001 0.84319615625 0.6138556109375 0.7819790625 0.616306590625 0.7651228406249999 0.627336003125 0.767423703125 0.6383654140624999 0.78113323125 0.6469438453125 0.8308988640624999 0.64571835625 0.8600325812499999 0.6515625
1 0.7769588359374999 0.6377676171875 0.7766495859375 0.62891185625 0.7558953484375001 0.60795265625 0.7001686109375 0.6030506953125 0.6506597484375 0.6116291265625 0.649171990625 0.6238840296875 0.6725456515625 0.634913440625 0.73754939375 0.6390625 0.7736304125 0.6390625 0.7769588359374999 0.6377676171875
1 0.6402307953124999 0.6034165828125 0.5654753578125 0.6021910921875 0.5373388578125 0.6193479546875 0.591385840625 0.6328125 0.5916780390625 0.6328125 0.660992996875 0.628007253125 0.66037679375 0.6103615125 0.6402307953124999 0.6034165828125
1 0.494356478125 0.6392070578125 0.528924828125 0.6416580390625 0.5459522328124999 0.6355305875 0.556212490625 0.6253439234375 0.55616998125 0.6241266203125 0.5337304640625 0.6146972546875 0.45888943437499996 0.6110207828124999 0.4302821875 0.6146972546875 0.40617669999999995 0.624319015625 0.40619110156250005 0.6247314046875 0.4578596359375 0.65 0.459115296875 0.65 0.494356478125 0.6392070578125
1 0.35765233125 0.6546875 0.3854578203125 0.6502156921875 0.41044762500000004 0.6526666734375 0.43643276875000003 0.640600678125 0.43641970625 0.640226640625 0.41738294375 0.6318333390624999 0.386560425 0.6269313796875 0.30763120625 0.6159019671875 0.29832656874999997 0.623241390625 0.29862724531249996 0.6318516421875 0.31449100625000004 0.6477647125 0.35260915625 0.6546875 0.35765233125 0.6546875
1 0.3845881921875 0.31973761093749997 0.3239943046875 0.3125 0.32285248125 0.3125 0.2874433796875 0.3356689828125 0.32622152656250003 0.3515625 0.3265019375 0.3515625 0.3567512578125 0.34547290468749997 0.40660248125000004 0.3466983953125 0.4148464265625 0.33565771875 0.41478812343750004 0.333988159375 0.3845881921875 0.31973761093749997
1 0.5102111171875 0.342713790625 0.502163125 0.33168437968750003 0.5188819109375 0.31698645625 0.518881440625 0.31697298749999997 0.493473209375 0.302272615625 0.41352697968749996 0.316978496875 0.40228949687500004 0.3243314390625 0.41038028437499996 0.336586340625 0.464576465625 0.35251771249999997 0.47409090000000004 0.353125 0.48525802812499996 0.353125 0.5102111171875 0.342713790625
1 0.560115721875 0.390625 0.5628993546875 0.390625 0.587248271875 0.3222312015625 0.5840614140625 0.3011584046875 0.5928232671875 0.28667085625 0.5927229203125 0.2837972953125 0.583614453125 0.25326568437499997 0.5712257546874999 0.2494342671875 0.5641404062500001 0.257097103125 0.5385631546874999 0.331809746875 0.53707248125 0.3457106125 0.537231009375 0.3502502828125 0.5540504875 0.3892810109375 0.560115721875 0.390625
1 0.6908452203125 0.366014128125 0.697440959375 0.37942409062500004 0.6969725312499999 0.3607461046875 0.6932357921875 0.25373990625 0.6854051531249999 0.24532447343750002 0.6695406796875 0.24724018281250001 0.6635257015625 0.2855543578125 0.666624334375 0.3391942046875 0.6739559500000001 0.3736769640625 0.6812878390625 0.3828125 0.6818798187499999 0.3828125 0.6908452203125 0.366014128125
1 0.8562319078125 0.31519185156249996 0.8591930812499999 0.307999534375 0.8591239312500001 0.3060193703125 0.85184415625 0.29926047968749997 0.8268115546875 0.295584009375 0.7500548171875 0.2919075390625 0.750439971875 0.30293695 0.7622765874999999 0.312740871875 0.8022584374999999 0.321875 0.8400482312499999 0.321875 0.8562319078125 0.31519185156249996
1 0.9297968687499999 0.34090637031250004 0.940436828125 0.2630763421875 0.9404018593749999 0.2620749546875 0.9325794187499999 0.24512092968750002 0.9127039828125 0.23745809375000002 0.9056855328125 0.2470366390625 0.8924656625 0.321174571875 0.8936330328125001 0.354603684375 0.90088094375 0.3703125 0.9026068421875 0.3703125 0.9297968687499999 0.34090637031250004
1 1 0.0522539515625 0.9446862671874999 0.0522539515625 0.9448258125000001 0.05625 1 0.05625 1 0.0522539515625
1 0.9339697078125001 0.0634590875 0.9392025703125 0.0487552359375 0.9392024875 0.048752853125 0.9139139234375 0.0377237921875 0.83150010625 0.0366259578125 0.8322445625 0.057944381249999996 0.8535527328124999 0.0646845765625 0.8727601343750001 0.06875 0.9015293546875001 0.06875 0.9130680906249999 0.0683610484375 0.9339697078125001 0.0634590875
1 0.8217823624999999 0.0420913578125 0.8101642828125 0.037209298437499996 0.773723021875 0.035983809374999995 0.7202496 0.040749603125 0.7210637046875 0.0640625 0.8049966156249999 0.0640625 0.811020184375 0.0617191015625 0.8217858375 0.04219085625 0.8217823624999999 0.0420913578125
1 0.7092335249999999 0.040692825 0.70919968125 0.0397236671875 0.6997075171875 0.032627267187499996 0.680195721875 0.028125 0.6152591078125 0.028125 0.6160338015625 0.050309340625 0.6371738484375 0.052235110937499996 0.6720845578125 0.0644900125 0.6880922859374999 0.065625 0.68938915 0.065625 0.6910276703125 0.058362560937499995 0.70422365625 0.052235110937499996 0.7092335249999999 0.040692825
1 0.5518640671874999 0.11303879375 0.56789530625 0.11875 0.568009815625 0.11875 0.5825053546875 0.080692784375 0.582392271875 0.07745453125 0.579959196875 0.0402418578125 0.5668346203125 0.01533764375 0.5662994375 0.000011973437499999999 0.5458746 0.000011973437499999999 0.54450820625 0.007674809374999999 0.5362642640625 0.017253353125000002 0.5361547156250001 0.0843031609375 0.5518640671874999 0.11303879375
1 0.49751779375 0.0631513640625 0.497469590625 0.06177099375 0.44381245781249995 0.04479818125 0.3887704421875 0.059504064062499994 0.3986485515625 0.0680824953125 0.4295994578125 0.0766609265625 0.4875117984375 0.0828125 0.49727739531250004 0.0828125 0.49094493437500003 0.0778864171875 0.49751779375 0.0631513640625
1 0.40142275312500003 0.071963390625 0.353187671875 0.0621594671875 0.303479775 0.0609375 0.3033172921875 0.0609375 0.2633633328125 0.06828691875000001 0.259703096875 0.07318888125 0.30236223125 0.0878947625 0.3416497375 0.0890625 0.3914651171875 0.0890625 0.4030320890625 0.0868276859375 0.40280528281250005 0.08033276875 0.40142275312500003 0.071963390625