1 0.661256259375 0.11686364687499999 0.669011578125 0.1443543328125 0.68567718125 0.166261778125 0.6906656734375 0.16712055625 0.6997278875 0.16738424062499999 0.7030064031250001 0.15822385 0.7038942968749999 0.1327978828125 0.702708671875 0.1063847765625 0.6804147390625 0.031731009375 0.669399465625 0.019477534375 0.6581253874999999 0.01914949375 0.65603556875 0.0524441703125 0.661256259375 0.11686364687499999
1 0.3827845984375 0.1463065234375 0.3842475453125 0.1044132296875 0.383397946875 0.08083846875 0.37598232343750004 0.04362015625 0.369334909375 0.020056709375000002 0.360832259375 0.013966799999999998 0.35524568125 0.03133176875 0.3522354796875 0.081879234375 0.353928646875 0.1403535640625 0.3672294984375 0.1608377 0.3694830984375 0.1609032734375 0.3822638546875 0.14896804531250002 0.3827845984375 0.1463065234375
1 0.12178337187499999 0.09574931406250001 0.12192288281250001 0.0917542359375 0.12260217031250001 0.038963632812499996 0.10704446875 0.0209834328125 0.0930911203125 0.0283674390625 0.09218171875 0.12571608437499998 0.1012458125 0.1390215765625 0.10299752499999999 0.13907254687499998 0.1104987390625 0.1359865671875 0.12178337187499999 0.09574931406250001
1 0.108356790625 0.2562882296875 0.111111521875 0.177403053125 0.111190971875 0.17329060937500002 0.0972167484375 0.14561897031249998 0.08486775156250001 0.1783671875 0.072158184375 0.185787384375 0.0769503640625 0.22682436718750001 0.0914412140625 0.2716837421875 0.0923246453125 0.271709446875 0.10419854531249999 0.2665672515625 0.108356790625 0.2562882296875
1 0.36690486093749997 0.2217850421875 0.3743937859375 0.20742954687499998 0.3749954609375 0.190199828125 0.3565052265625 0.1630573796875 0.332282809375 0.21493513593750002 0.3327792578125 0.23637210312499998 0.34571904375 0.293159259375 0.3619214234375 0.29363070156250004 0.367626003125 0.272441078125 0.36690486093749997 0.2217850421875
1 0.6687279078125 0.28882892656250003 0.6719664421875 0.1960894640625 0.65705358125 0.172814465625 0.650155284375 0.192088765625 0.637445715625 0.19950896406250002 0.6435704906249999 0.273692259375 0.6511279734375 0.3004816640625 0.6537931734375 0.3005592140625 0.6651432796875001 0.2976899875 0.6687279078125 0.28882892656250003
1 0.990534734375 0.2553571640625 0.9916235515625 0.22417749531250003 0.9850270046875 0.22398555625 0.9418779781250001 0.23269040937500002 0.899163290625 0.22895744843750002 0.885153709375 0.23975521562500002 0.8866214625 0.2534934140625 0.8999795359375 0.26135236562499997 0.9253801125000001 0.2646671328125 0.9399605578125 0.26509137968749996 0.96046455625 0.25813211875 0.990534734375 0.2553571640625
1 0.9321339 0.05194472343749999 0.9230877375000001 0.06141901875 0.9240597609375 0.06923731093749999 0.9336703125 0.079254459375 0.9353426046875001 0.10267314375 0.94440964375 0.12825449375 0.95173645 0.1323626875 0.9669335828125 0.1250148703125 0.9825174734375001 0.07093825625 0.981953084375 0.05144681250000001 0.983776584375 0.045778756250000004 0.9839166984375 0.041766437499999996 0.9357686453125 0.040365471874999996 0.9321339 0.05194472343749999
1 0.9341640703125 0.3530291 0.91064403125 0.35732491718750004 0.8847875625 0.372758153125 0.8940808515625 0.385479009375 0.9365783703125 0.395430875 0.9398806125 0.4074210296875 0.9583120609375 0.4079573296875 0.9809345484374999 0.40792691249999996 0.9871230000000001 0.39784605625 0.9886266390625 0.35478749375 0.9848345953125 0.352013371875 0.9341640703125 0.3530291
1 0.9832142265625 0.4649890640625 0.9697406531249999 0.4645970234375 0.9370761640625 0.4817347515625 0.9060346265625 0.4783414453125 0.903828496875 0.48574752187500003 0.8782326328125001 0.49371807343749996 0.8757659015625 0.5085868375 0.8892108437499999 0.513958225 0.93658780625 0.5183754406250001 0.9524455859375 0.51883685625 0.9814454328125001 0.5156407125 0.9832142265625 0.4649890640625
1 0.9664079015624999 0.5879423859374999 0.9660892765625 0.5853795828125 0.9619005765624999 0.57746769375 0.9172046390625 0.5761671749999999 0.9242971671875001 0.60558608125 0.9244539187499999 0.636750675 0.931234721875 0.6542953078125 0.9425701999999999 0.6546251359374999 0.9661440359375 0.5954985078125 0.9664079015624999 0.5879423859374999
1 0.9430078953125 0.764526684375 0.9421508749999999 0.717761696875 0.9518148015625 0.692306809375 0.95200401875 0.6868883609374999 0.9053391625 0.6855305515625 0.9065097328125 0.7400946703125 0.9081820234375 0.7635133546875 0.9183267265625 0.7806108218750001 0.9238848078125 0.7807725453125001 0.9325141312499999 0.7798013640625 0.9430078953125 0.764526684375
1 0.9401858265625 0.8182255390625001 0.9331307734375001 0.8063352453125001 0.91786570625 0.8156285875 0.8886890375000001 0.9024172281249999 0.8884395890624999 0.90956046875 0.9441715078125 0.911182103125 0.944333384375 0.90654655625 0.9374926968749999 0.8596932390625 0.9401858265625 0.8182255390625001
1 0.9636704078125 0.9798612 0.963734846875 0.9780159328125 0.95331881875 0.9600633734375 0.8618356953124999 0.95864653125 0.8479998500000001 0.964469175 0.8437178937500001 0.9755499859375 0.870607778125 0.9862927609375 0.9075727578125001 0.9873683312500001 0.9373697328124999 0.9938808359375001 0.9425634765625001 0.9940319593750001 0.9541784984374999 0.9912145109375 0.9636704078125 0.9798612
1 0.624169615625 1 0.628433340625 0.988086871875 0.630607396875 0.9258300609375001 0.6164084796875 0.8689393546874999 0.6086060984375 0.8784498390625 0.5999884437499999 0.911306628125 0.592485615625 0.994065384375 0.592278375 1 0.624169615625 1
1 0.63828755 0.8469994703125 0.639683159375 0.8070344281249999 0.6321338984375 0.7783975484375001 0.61892788125 0.7643807781249999 0.60194345625 0.787256609375 0.608115296875 0.8244387281250001 0.6051050953125 0.8749861984375 0.6133359890625 0.8888582062499999 0.61439211875 0.8890738015625 0.6256492859375 0.8894013515625 0.6362675624999999 0.8739454312499999 0.63828755 0.8469994703125
1 0.627010984375 0.670926615625 0.6166322265625 0.6472546015625 0.6041264765625 0.6488382234375 0.5936535890625 0.699168546875 0.596658475 0.755733540625 0.6170742812500001 0.776537534375 0.6262688390625 0.77680506875 0.6298329296875 0.7683838328125 0.627010984375 0.670926615625
1 0.6751038515625 0.59893151875 0.64737140625 0.581207796875 0.5714524875 0.580243828125 0.54979110625 0.5870838140625 0.5491830328125 0.60449675 0.610783134375 0.610561190625 0.6238350296874999 0.6109409609374999 0.6750783796875 0.599660903125 0.6751038515625 0.59893151875
1 0.5828629390625 0.48624034062500004 0.6179692609375 0.4847717421875 0.6514446953124999 0.49600183593749997 0.6564837671875 0.4961484578125 0.707669178125 0.4725955375 0.707678821875 0.472319375 0.683040271875 0.46176421718749994 0.65398769375 0.45718373906250004 0.57798190625 0.45870733125 0.554553453125 0.46787445625 0.5545408078125 0.46823657812499997 0.5655703796875 0.47951195625 0.5828629390625 0.48624034062500004
1 0.65397948125 0.37875505781249996 0.6600416328125001 0.34777141562499997 0.654005671875 0.306698240625 0.6383800328125 0.2906635671875 0.629673565625 0.290410234375 0.6218711796874999 0.2999207171875 0.6302797015625 0.38001296562500003 0.6341677984375 0.41128613437499995 0.64180178125 0.430029575 0.6426632078125001 0.43005463906249997 0.6555838328125 0.40411926875 0.65397948125 0.37875505781249996
1 0.34506777187500004 0.3506544359375 0.3515876421875 0.323036696875 0.351760828125 0.3180773296875 0.3375949921875 0.2804101734375 0.337507265625 0.2804076203125 0.31264064999999996 0.316603365625 0.31792928125 0.37907731718750004 0.33150999375 0.4100523921875 0.332528853125 0.41008203749999994 0.344545134375 0.40127428125 0.34506777187500004 0.3506544359375
1 0.3369309015625 0.508113253125 0.3475070828125 0.4846782453125 0.34833315625 0.4610225875 0.3342448359375 0.4067649875 0.32207878437500004 0.39862098281249997 0.3142084625 0.4100769921875 0.29642963906249997 0.4913547703125 0.3097603765625 0.5157775015625 0.31160880468749996 0.5158312859375 0.32600863125 0.5000054406250001 0.3369309015625 0.508113253125
1 0.3120517921875 0.5858935125 0.382386834375 0.5608034796875 0.382497371875 0.5576380984375 0.38140475625 0.551805178125 0.341113365625 0.5344472328125 0.32351677031250003 0.5364253140625 0.24664230625 0.5628245296875 0.238599603125 0.5700607796875 0.2420563140625 0.5826118078125 0.27151996562499997 0.5913051140625 0.2762309078125 0.5914421890625 0.29073788125 0.5827832515625 0.3120517921875 0.5858935125
1 0.35361679218750003 0.6901693046874999 0.3703579171875 0.681318584375 0.37040895156250003 0.6798571421874999 0.36200696718750003 0.6729828062500001 0.32720468125 0.6657449390625 0.28910276874999996 0.6637647531249999 0.2708148515625 0.6632326296875 0.2336022984375 0.6692466109375 0.23109213281250002 0.68535915625 0.239741640625 0.69361024375 0.313254784375 0.6957492578125 0.36701830156250004 0.6967844734375 0.35361679218750003 0.6901693046874999
1 0.30101151875 0.759243275 0.29382058906249997 0.7512440312499999 0.28497824375 0.7548817515625 0.27552444375 0.7760291968749999 0.27464123281249997 0.801321025 0.2841367828125 0.8502848703125 0.29263850156250004 0.8609426750000001 0.3046377828125 0.86129181875 0.304797321875 0.8567232015625 0.3038596515625 0.784643675 0.30101151875 0.759243275
1 0.35159605625 0.9050606999999999 0.351634140625 0.903970121875 0.3356996625 0.8966055546874999 0.30098419375 0.8955954390624999 0.2256465734375 0.9093554749999999 0.21565834218750002 0.9165351156250001 0.222745503125 0.93666205 0.23823377968749998 0.9438203921874999 0.2444627734375 0.9440016375000001 0.3202389375 0.9332735937500001 0.35159605625 0.9050606999999999
1 0.0191424453125 0.9468300109375001 0.022436 0.9469258437500001 0.034719231249999996 0.9425397796875 0.040441687500000004 0.9212837625000001 0.042270815625 0.894633875 0.0426868453125 0.8827203265625 0.038816460937500005 0.860863909375 0.0310611421875 0.8333732218750001 0.011584034375 0.8328064968750001 0.0106098203125 0.8607043765625001 0.0092792203125 0.9223245312499999 0.0191424453125 0.9468300109375001
1 0 0.784937103125 0.020177270312500002 0.7873231828125 0.0655748703125 0.7886441171875 0.0696226796875 0.78862571875 0.0805316890625 0.784357225 0.080600459375 0.78238790625 0.07049135625 0.7637500968750001 0.06089403125 0.759735709375 0 0.7579638734375 0 0.784937103125
1 0 0.6803781234375 0.0534960625 0.6819347 0.067620628125 0.679085221875 0.07661315625000001 0.6726213015625 0.07671129843749999 0.669810871875 0.07220661874999999 0.6592979421875 0.0588051109375 0.6526827734375 0.05712018906250001 0.6451634796875 0.039567028125 0.6458977781249999 0.004113234375 0.6573166265625 0 0.6575717875 0 0.6803781234375
1 0.0653435875 0.5750418703125 0.0666312359375 0.5553596109375001 0.0674241546875 0.5326533734375001 0.053203723437499996 0.4948410484375 0.03683075 0.5002071484374999 0.0208862890625 0.52895574375 0.020995978125000002 0.597121509375 0.02936275 0.60710246875 0.031699990625 0.6203010812499999 0.05129274375 0.620871171875 0.0520225671875 0.5999717921875 0.0653435875 0.5750418703125
1 0.0731423015625 0.49637991875000004 0.0733828703125 0.49638691875 0.07345613281249999 0.49428892968750004 0.0686375375 0.426809565625 0.0610180984375 0.3954278296875 0.052651329687500005 0.38544687187500004 0.0357557171875 0.441432821875 0.051075550000000004 0.4957378421875 0.052682087499999995 0.49578458750000004 0.06770726406250001 0.489102565625 0.0731423015625 0.49637991875000004
1 0.0845909609375 0.3545876171875 0.08488097812499999 0.29861306718749997 0.07145026875 0.2553772265625 0.0663392671875 0.25912351562499997 0.0574498546875 0.2997624046875 0.056927215625000006 0.350382253125 0.0651789828125 0.39930990781250003 0.076080440625 0.4010560640625 0.080153859375 0.4011745875 0.08347241875 0.3866184875 0.0845909609375 0.3545876171875