1 0.30987654062500003 0 0.284527696875 0.0722260140625 0.2807598109375 0.11101597031249999 0.28056970625 0.1219070234375 0.28423448125 0.13395223750000002 0.29523050624999997 0.1336963015625 0.2986098296875 0.13313818125000002 0.31666605625 0.11098762031250001 0.32598738437499997 0.0831139203125 0.33470151875 0.0177202015625 0.3345184796875 0 0.30987654062500003 0
1 0.6119060125 0 0.6102408500000001 0.002368584375 0.6067806046875 0.044970278125 0.6057280578124999 0.10527062499999999 0.6057838109375 0.11309929375000001 0.61018078125 0.1294894828125 0.612465396875 0.12943630781249998 0.6194657234375 0.124633734375 0.6274554343750001 0.10074199218749999 0.6369492453125 0.0629868703125 0.641668521875 0.0095390203125 0.6403063671875 0 0.6119060125 0
1 0.8826017437499999 0 0.8755429890625 0.007668206249999999 0.8736919921874999 0.0545698890625 0.8734933687499999 0.065949009375 0.8826565656250001 0.10627671875 0.888902471875 0.1089453765625 0.8922762875 0.10886685 0.9017684390625 0.09595447812499999 0.9058741390625 0.00043988281250000006 0.9058818171875 0 0.8826017437499999 0
1 0.8354955484375 0.18482109375 0.8354877187499999 0.185269709375 0.860719746875 0.198627653125 0.94942095625 0.196563109375 0.9573174281249999 0.19351589687499998 0.9634666749999999 0.180751640625 0.9182986390625001 0.16539546562500002 0.8769068593749999 0.160048303125 0.868781328125 0.172858559375 0.8354955484375 0.18482109375
1 0.6194139390625 0.17656438593749998 0.5665877109374999 0.20011887499999997 0.566569078125 0.20118628125 0.5913830718749999 0.218953321875 0.611257590625 0.21849073593749999 0.624725696875 0.2117799265625 0.676065015625 0.21310921718750003 0.6978923046875 0.20755272812499997 0.6981788140625 0.1911385859375 0.64113103125 0.17732102968750002 0.6194139390625 0.17656438593749998
1 0.30790351875 0.2560587328125 0.3117402890625 0.26700206875 0.32487159062500004 0.2704505359375 0.3256265359375 0.2704329640625 0.33488151718750003 0.2427576703125 0.3450307546875 0.167453140625 0.332542475 0.15984188125 0.32657430781249996 0.140225975 0.30949607343749996 0.1648212875 0.30790351875 0.2560587328125
1 0.02206285625 0.2587561046875 0.053823604687500005 0.25801686562500004 0.056234585937500005 0.24064107968749998 0.064913321875 0.2182029453125 0.06503379687500001 0.21130097343749998 0.062354471875 0.17925870625 0.0550201875 0.16560104375 0.041165795312499996 0.16394802656250002 0.029560685937499998 0.178046509375 0.031327023437500004 0.22146599375 0.02206285625 0.2587561046875
1 0 0.0795985515625 0.0008848734375 0.0796345296875 0.0174654421875 0.07924861250000001 0.069664928125 0.06499444843749999 0.0778345375 0.0496589375 0.074014203125 0.042175178125000004 0.0484988171875 0.0326721484375 0.02482748125 0.030698878125000002 0.015122371875000002 0.0208278609375 0.007239275000000001 0.0197492296875 0 0.026290723437500003 0 0.0795985515625
1 0.01130471875 0.33662430625 0.023822745312499997 0.3402715640625 0.0319022140625 0.383544109375 0.0436322546875 0.392574478125 0.044732903125 0.39254886093749997 0.061218589062499995 0.3670579078125 0.066683046875 0.3432249421875 0.0694470953125 0.30167549375 0.0128740375 0.3029922453125 0.011327571875000001 0.33531499375 0.01130471875 0.33662430625
1 0.027458225000000003 0.4431093046875 0.0294315375 0.474671084375 0.0106808 0.5073575921875 0.0638953625 0.506119009375 0.0671033484375 0.48564715312500006 0.0643503546875 0.426446778125 0.0595413234375 0.4127303390625 0.044355310937499996 0.4150592796875 0.035068478125000004 0.4409566921875 0.027458225000000003 0.4431093046875
1 0 0.56167145625 0.0205067375 0.62114505 0.032267528125 0.620871315625 0.0399295171875 0.6034191765625 0.0417440828125 0.5717692343749999 0.046411796875 0.5558567390625 0 0.5569369859375 0 0.56167145625
1 0.012731178125000001 0.682021190625 0.0097919734375 0.70579538125 0.007423932812500001 0.7379127296875 0.0072757484375 0.746402221875 0.050178703125 0.74540364375 0.044731553125000004 0.728687934375 0.0480847140625 0.681198328125 0.0382596734375 0.6656231546875 0.0244052796875 0.6639701375 0.012731178125000001 0.682021190625
1 0.0114565578125 0.8418511343749999 0.0050450140625 0.874200890625 0.0049302234375 0.880777221875 0.0569684484375 0.87956601875 0.0336916078125 0.797215175 0.019652765625 0.788284503125 0.0183054890625 0.7883158609375001 0.0109298390625 0.7997204421874999 0.0114565578125 0.8418511343749999
1 0.0497211078125 0.963010515625 0.0503765359375 0.9254611078125 0.040758471875 0.8980282265625 0.0293258421875 0.9022452890625001 0.0230647703125 0.9156001171874999 0.021607434375 0.9990908109375001 0.054910856249999994 0.9983156640624999 0.055447804687500005 0.9964604125 0.0497211078125 0.963010515625
1 0.2571951265625 0.9241606156250001 0.30856981562499997 0.9377464046874999 0.3811650265625 0.9360567328125 0.40393828750000005 0.928295165625 0.4039984125 0.9248505578125 0.40096278593749995 0.90671720625 0.39119156093749996 0.9006340671874999 0.3001943125 0.9078005046875001 0.2664652390625 0.9161582375 0.2572088625 0.9233736796875001 0.2571951265625 0.9241606156250001
1 0.3502561140625 0.7628058328125 0.3342559296875 0.7394724609375001 0.320125565625 0.7536297203125 0.3095680828125 0.78705025 0.3095072578125 0.7905349609375001 0.310859496875 0.8506439921875 0.3219126671875 0.8681660625 0.3333107984375 0.8659252859375 0.34239065625 0.851885578125 0.34202493125 0.8005315671875 0.3502561140625 0.7628058328125
1 0.3228830109375 0.7400721375 0.322812690625 0.744100771875 0.3255403859375 0.7514894515625 0.3357604109375 0.751251578125 0.35690000624999996 0.73087920625 0.3629509015625 0.6734494015625 0.35500941875 0.62227171875 0.342417653125 0.6205893125 0.33064005937499996 0.64456921875 0.3228830109375 0.7400721375
1 0.3338458015625 0.5594102546874999 0.33372859843749997 0.5661248750000001 0.337230965625 0.6338727109375 0.354907734375 0.6334612796875 0.36286295 0.6115458203124999 0.365470925 0.5344413343750001 0.3483116 0.505208496875 0.3338458015625 0.5594102546874999
1 0.32829268125 0.46037177656250006 0.325146496875 0.49600367500000003 0.3311491625 0.513643296875 0.341733784375 0.5246420921875 0.34257539062500003 0.524622503125 0.3528207875 0.50128599375 0.357954015625 0.42412273125000005 0.3546835796875 0.39456662656249997 0.3450310203125 0.3691100296875 0.317584471875 0.42308686093750003 0.32829268125 0.46037177656250006
1 0.3403981453125 0.2591560953125 0.33122739375 0.27909726875 0.32562495 0.3108353734375 0.31515603593749997 0.3774375125 0.31485370156250003 0.39475819375 0.32019189375 0.40175613437499996 0.3291708515625 0.40154714687500004 0.3457787421875 0.3854345921875 0.35407891875 0.3437562890625 0.349580353125 0.31225328750000003 0.35255405624999997 0.28650281093749996 0.3404226375 0.259155525 0.3403981453125 0.2591560953125
1 0.63335050625 0.32217014375 0.6311909796874999 0.3735829296875 0.6418320453125 0.3817749546875 0.64435905 0.3817161375 0.659348215625 0.3511972671875 0.6680278484375 0.2877798296875 0.644693378125 0.2507887953125 0.62910486875 0.2871603921875 0.6289165796875 0.2979474359375 0.63335050625 0.32217014375
1 0.6231448328125 0.44965219218749997 0.623064025 0.45428166093750005 0.6336996375 0.48106791250000003 0.6452012593750001 0.47289828125 0.6590302890624999 0.48914335937500003 0.660778765625 0.4891026640625 0.6756422734374999 0.46428783281249997 0.6619395984375 0.3816365359375 0.6545708171875 0.3699551546875 0.6418065703125 0.3781541734375 0.6244265359375001 0.4338721859375 0.6231448328125 0.44965219218749997
1 0.58583546875 0.525192246875 0.5842242343749999 0.53191105625 0.584183346875 0.534253496875 0.6543662921875 0.5601984578125 0.6761495015625 0.5571672234375 0.6887055281250001 0.5649840562499999 0.6993774640625 0.5647356640625001 0.7255345765625 0.5572798859375 0.7297075375000001 0.5445616265625 0.7219346359375 0.5371698625 0.6453664375 0.5099234015625 0.6276239546875 0.5078121359375001 0.58583546875 0.525192246875
1 0.645039484375 0.6269756 0.6449504875 0.6320742046875 0.6452227890625 0.6828270046875 0.650914990625 0.7182531859375 0.6572728125 0.7265877765625001 0.6591350765625 0.72654443125 0.6687297437499999 0.7099366171875 0.6748014015625 0.7236236703125 0.678306278125 0.595135784375 0.6696403765625 0.5854600765625 0.6531917375 0.5878184046875 0.645039484375 0.6269756
1 0.664268996875 0.8404410984374999 0.6659514015625 0.8404019390625 0.6731512296875 0.8328588859374999 0.677387559375 0.8070790234375 0.6822393234375 0.7327781609375 0.6823236890625 0.7279448671875001 0.6711916484375 0.72820396875 0.6608836609375001 0.7402967796875 0.6486576203125 0.7899683859375 0.6482091703124999 0.8156600859375001 0.656668096875 0.8371935015625 0.664268996875 0.8404410984374999
1 0.667373909375 0.9684417765625 0.674638153125 0.9590122875 0.6921158843749999 0.8827840328125 0.6927343359375 0.8473529531249999 0.6857187875 0.8303480734375001 0.65486381875 0.8626739359375 0.6395605859375 0.9440248718750001 0.6468258796875 0.9616351078125 0.6653232828125 0.9684895062500001 0.667373909375 0.9684417765625
1 0.87031361875 0.8744711171875 0.87026950625 0.8769983437500001 0.8949263515625001 0.8874107499999999 0.9524228140625001 0.886837659375 0.983845796875 0.8861062828125 0.9842007671875 0.8657701078125 0.9586523218749999 0.8581610187500001 0.9350250640625 0.8536624968750001 0.8974536171875 0.8557990953125 0.87562633125 0.8613555843749999 0.87031361875 0.8744711171875
1 0.91760115 0.7602670093749999 0.9210044203125 0.80791380625 0.946068915625 0.8073304234374999 0.9475823390624999 0.7206264265625 0.943966940625 0.7108331671875 0.9239718984374999 0.6994456687499999 0.9187144171874999 0.7114209265625 0.9183182953125 0.7191817875 0.91760115 0.7602670093749999
1 0.9442455234375 0.597200475 0.9317227499999999 0.5915655 0.9239745125000001 0.6016232515625 0.9200979171875 0.617227321875 0.9187859921875001 0.6923874156250001 0.9402697109375 0.6918873765625 0.9430381578125001 0.6663704359375 0.956285353125 0.6305034359375 0.95785844375 0.612687484375 0.9503171828125 0.6108875265625 0.9442455234375 0.597200475
1 0.9048365125 0.507281415625 0.9040498953125 0.55234668125 0.916114203125 0.577507778125 0.91577075625 0.59718381875 0.9359912609375 0.59671318125 0.9387034921874999 0.5848839328125 0.94771435625 0.5747967953125 0.9514469734375 0.5055680578125 0.9368129 0.4762764453125 0.9205022484375001 0.4707296328125 0.9048365125 0.507281415625
1 0.9023736437500001 0.46942073124999995 0.9068536625 0.4638289140625 0.9213778703125 0.4705422296875 0.9234164874999999 0.47049478125000005 0.9417724796875 0.415604609375 0.927621353125 0.3586450109375 0.9186104890625 0.36873215 0.9092201671875 0.40055841875000003 0.902647684375 0.453720871875 0.9023736437500001 0.46942073124999995
1 0.8839863171875001 0.286213178125 0.8423521062500001 0.2947549046875 0.8397666734375001 0.29804530156250003 0.8397262640625 0.30036035625 0.8815251703125 0.31403695468750004 0.9664613296875 0.314584271875 0.9862902921875 0.31033640625 0.984578478125 0.29523089062499996 0.9353476781250001 0.28627984375 0.8839863171875001 0.286213178125